0.0 0
3.08586641718 0
13.65162592 0
15.8162944824 0.4649122807017544
45.1018107852 0.4649122807017544
45.3362895125 0.48936170212765956
45.4098514661 0.8936170212765957
45.446632443 0.8936170212765957
45.5201943966 0.3191489361702128
46.932288751 0.3204787234042553
46.9454572488 1
47.0098239583 0.9787234042553191
47.0466049351 0.7446808510638298
47.0925811562 0.3200752232013163
48.612822731 0.3829787234042553
48.6679941963 0.7446808510638298
48.7783371268 1
48.8518990804 1
48.9346562783 0.2978723404255319
50.1944047348 0.3191489361702128
50.3507238863 1
50.4978477936 0.2978723404255319
51.2994053812 0.4649122807017544
58.5741188849 0.4649122807017544
58.7441244449 0.0
65.9198722296 0.0
68.5649005871 0.4298245614035088
93.8099420163 0.4298245614035088
96.386397436 0
114.52698811 0
115.950862806 0.11907742156185105
155.268929982 0.11925919465570083
192.781288678 0.20759520954835886
195.623651895 0.4707410264854405
206.341729862 0.4569692921723433
209.361740781 0.1713781863272379
241.172603576 0.23066447706099957
245.671221866 0.3357128099423493
250.617617474 0.5211787131592669
252.517921158 0.9907277852460207
254.2 1
258.037210884 0
