0.0 0
98.5979615856 0
98.7482881922 1
98.981566094 1
99.05867617 0
99.3302656504 0
99.3949298125 0.996857636079236
99.668540048 1
99.7198672266 0
102.32744956 0.0
102.408279763 0.9864864864864866
102.631371122 0.9850728158474423
102.747766613 0.0
103.029055718 0.0
103.106652713 0.9826962101354259
103.410574274 0.9814669313188655
103.505337309 0
106.066654729 0.0
106.223890744 0.9121621621621622
106.466891858 0.9121621621621622
106.60983369 0.0
106.900822419 0.0
107.028129988 0.9256756756756757
107.282745126 0.9256756756756757
107.44400138 0.0
109.882379156 0.0
110.024640313 0.9256756756756757
110.464356615 0.9256756756756757
110.546264553 0.0
110.692836654 0.0
110.76181176 0.9121621621621622
111.179973341 0.9121621621621622
111.33516733 0.0
258.037210884 0
