0.0 0.0
0.07 0.0
0.14 0.0
0.21 0.0
0.28 0.0
0.35 0.0
0.42 0.0
0.49 0.0
0.56 0.0
0.63 0.0
0.7 0.0
0.77 0.0
0.84 0.0
0.91 0.0
0.98 0.0
1.05 0.0
1.12 0.0
1.19 0.0
1.26 0.0
1.33 0.0
1.4 0.0
1.47 0.0
1.54 0.0
1.61 0.0
1.68 0.0
1.75 0.0
1.82 0.0
1.89 0.0
1.96 0.0
2.03 0.0
2.1 0.0
2.17 0.0
2.24 0.0
2.31 0.0
2.38 0.0
2.45 0.0
2.52 0.0
2.59 0.0
2.66 0.0
2.73 0.0
2.8 0.0
2.87 0.0
2.94 0.0
3.01 0.0
3.08 0.0
3.15 0.0
3.22 0.0
3.29 0.0
3.36 0.0
3.43 0.0
3.5 0.0
3.57 0.0
3.64 0.0
3.71 0.0
3.78 0.0
3.85 0.0
3.92 0.0
3.99 0.145027739044
4.06 0.5518279568
4.13 0.17177570373
4.2 0.160115728183
4.27 0.159456088429
4.34 0.157869687135
4.41 0.15795181803
4.48 0.539332821813
4.55 0.236611305884
4.62 0.160277540197
4.69 0.159596473281
4.76 0.585279553939
4.83 0.181920287974
4.9 0.160503550628
4.97 0.164948804254
5.04 0.397522208671
5.11 0.544701496773
5.18 0.180796828793
5.25 0.162557809616
5.32 0.159352256393
5.39 0.179867869596
5.46 0.207303696741
5.53 0.257544915604
5.6 0.342015349723
5.67 0.650125787334
5.74 0.532679156924
5.81 0.357116685114
5.88 0.323059099921
5.95 0.605999195168
6.02 0.309692998833
6.09 0.176679980702
6.16 0.226889549215
6.23 0.544595694424
6.3 0.25886123527
6.37 0.210585968326
6.44 0.2325359772
6.51 0.711356140931
6.58 0.271477540178
6.65 0.210883628515
6.72 0.284484576367
6.79 0.663923175813
6.86 0.347697053902
6.93 0.281201995828
7.0 0.447073651597
7.07 0.602589991368
7.14 0.3185905246
7.21 0.423465718459
7.28 0.431640854644
7.35 0.322349051031
7.42 0.33544543774
7.49 0.563881843528
7.56 0.634556971697
7.63 0.397208580488
7.7 0.325020410235
7.77 0.263414126028
7.84 0.509204858274
7.91 0.466307634022
7.98 0.396152464647
8.05 0.422665996978
8.12 0.656186427143
8.19 0.337886809453
8.26 0.339364213924
8.33 0.351705681929
8.4 0.451400380361
8.47 0.34142258842
8.54 0.261804703251
8.61 0.532389893886
8.68 0.503050038344
8.75 0.309608992351
8.82 0.311062884218
8.89 0.41129823994
8.96 0.483204417786
9.03 0.287430072954
9.1 0.260425196556
9.17 0.561847834176
9.24 0.388937938009
9.31 0.282264803739
9.38 0.466657408427
9.45 0.431292843612
9.52 0.18073572575
9.59 0.335678428794
9.66 0.446303484822
9.73 0.750079117131
9.8 0.404817964115
9.87 0.413448217993
9.94 0.457483517014
10.01 0.453434258553
10.08 0.362791869187
10.15 0.291476117997
10.22 0.60168688671
10.29 0.63930496286
10.36 0.228304461806
10.43 0.21765920948
10.5 0.36453053988
10.57 0.408531509974
10.64 0.289941103709
10.71 0.427954719754
10.78 0.651135616833
10.85 0.443550856006
10.92 0.368813557409
10.99 0.341483641913
11.06 0.57958649131
11.13 0.62369809481
11.2 0.460914591004
11.27 0.447186354416
11.34 0.67931592818
11.41 0.522127379371
11.48 0.572291863841
11.55 0.477578491557
11.62 0.528844238575
11.69 0.316747239284
11.76 0.294004566791
11.83 0.352182898614
11.9 0.673402356551
11.97 0.233915352735
12.04 0.309027232452
12.11 0.329809161534
12.18 0.443569170305
12.25 0.322479058218
12.32 0.301552931901
12.39 0.586320528094
12.46 0.449741036655
12.53 0.369283574871
12.6 0.342101612156
12.67 0.405242324803
12.74 0.48397884726
12.81 0.439082215105
12.88 0.419856775564
12.95 0.716893668278
13.02 0.367349491903
13.09 0.300632296988
13.16 0.507298429649
13.23 0.632571401167
13.3 0.596980038962
13.37 0.494868043952
13.44 0.551730653615
13.51 0.610359639322
13.58 0.452480467866
13.65 0.584167454666
13.72 0.662040975344
13.79 0.443427746375
13.86 0.352421523716
13.93 0.427098615531
14.0 0.667639467286
14.07 0.52297627417
14.14 0.292147649585
14.21 0.262144672721
14.28 0.377264971799
14.35 0.532175510054
14.42 0.437718180911
14.49 0.488031014557
14.56 0.75958034294
14.63 0.423624999086
14.7 0.199306261868
14.77 0.171358833732
14.84 0.557830472354
14.91 0.331673441184
14.98 0.29394360511
15.05 0.226698847039
15.12 0.695775596681
15.19 0.301012386826
15.26 0.164805753941
15.33 0.164648522324
15.4 0.551220823283
15.47 0.417352415021
15.54 0.30899746789
15.61 0.300807426108
15.68 0.669569579023
15.75 0.360669185516
15.82 0.420995788857
15.89 0.432236991129
15.96 0.251671146643
16.03 0.186938945154
16.1 0.428192874138
16.17 0.61070369661
16.24 0.569232996977
16.31 0.405373633388
16.38 0.39378277767
16.45 0.370810531567
16.52 0.421326056864
16.59 0.336317238894
16.66 0.38772965624
16.73 0.742015547046
16.8 0.301448946846
16.87 0.172992370992
16.94 0.173995136799
17.01 0.4429835237
17.08 0.301447288401
17.15 0.364121899439
17.22 0.281179542704
17.29 0.646786433488
17.36 0.227299865588
17.43 0.190519370964
17.5 0.235772323861
17.57 0.566002852723
17.64 0.358453567744
17.71 0.263140192671
17.78 0.545022818215
17.85 0.455440051031
17.92 0.295927916504
17.99 0.435078135414
18.06 0.397570762622
18.13 0.24074722463
18.2 0.28523815724
18.27 0.317657009782
18.34 0.64113377832
18.41 0.351870802088
18.48 0.251455003812
18.55 0.21662070259
18.62 0.470565965794
18.69 0.386490334743
18.76 0.307240755419
18.83 0.263951497032
18.9 0.725920797551
18.97 0.423577998652
19.04 0.219731600601
19.11 0.219615363751
19.18 0.462387412165
19.25 0.292067984497
19.32 0.264223433843
19.39 0.484746466618
19.46 0.517171152863
19.53 0.212517092909
19.6 0.277316601305
19.67 0.387996869836
19.74 0.485364655461
19.81 0.370758501877
19.88 0.432619981059
19.95 0.667768732691
20.02 0.5062368663
20.09 0.493339234986
20.16 0.461243301123
20.23 0.446985723433
20.3 0.447049620182
20.37 0.391122520426
20.44 0.2856609819
20.51 0.602828081629
20.58 0.266316892165
20.65 0.231873046788
20.72 0.191788747032
20.79 0.3916501171
20.86 0.393966491936
20.93 0.314489296201
21.0 0.42226141958
21.07 0.697492727998
21.14 0.314879424146
21.21 0.271804943069
21.28 0.354471158589
21.35 0.570976086302
21.42 0.373928284871
21.49 0.245257833795
21.56 0.606048171745
21.63 0.511424823269
21.7 0.304669431899
21.77 0.396134564231
21.84 0.459617991963
21.91 0.465747312944
21.98 0.376093595521
22.05 0.470919849877
22.12 0.799985019786
22.19 0.300024598026
22.26 0.395266932506
22.33 0.602016223482
22.4 0.352231851875
22.47 0.227209672729
22.54 0.329773691516
22.61 0.591147414873
22.68 0.790279309807
22.75 0.256574703693
22.82 0.337624144192
22.89 0.528178239021
22.96 0.49517194444
23.03 0.272878201513
23.1 0.208225378018
23.17 0.719764205504
23.24 0.533685022478
23.31 0.303472884572
23.38 0.333865077091
23.45 0.418566171989
23.52 0.366740611044
23.59 0.336444239603
23.66 0.342848372713
23.73 0.669505401009
23.8 0.291873124551
23.87 0.327148064867
23.94 0.267621363718
24.01 0.55969093525
24.08 0.502853337787
24.15 0.343991838156
24.22 0.252385586477
24.29 0.697719606999
24.36 0.492029053605
24.43 0.43861575062
24.5 0.495867218892
24.57 0.382950507305
24.64 0.215364733982
24.71 0.336839434693
24.78 0.748069586595
24.85 0.439860474449
24.92 0.226583220811
24.99 0.445412203503
25.06 0.592612962486
25.13 0.423958646648
25.2 0.388628061
25.27 0.388991805395
25.34 0.702907543565
25.41 0.424423168509
25.48 0.25355395482
25.55 0.167970650498
25.62 0.371376260807
25.69 0.437405478134
25.76 0.335436453285
25.83 0.255956987026
25.9 0.596754419096
25.97 0.216049983443
26.04 0.18653519115
26.11 0.19424341982
26.18 0.503709758251
26.25 0.270553277965
26.32 0.257251258707
26.39 0.443717225099
26.46 0.427216722139
26.53 0.309708579176
26.6 0.387296064807
26.67 0.299956612001
26.74 0.347435098362
26.81 0.321812058933
26.88 0.499338534208
26.95 0.725010232807
27.02 0.39680156643
27.09 0.300087407605
27.16 0.35478861227
27.23 0.535886059638
27.3 0.509525797895
27.37 0.283998950872
27.44 0.215301313781
27.51 0.796237504961
27.58 0.478924129841
27.65 0.435503188335
27.72 0.579412927366
27.79 0.375273203233
27.86 0.245168439555
27.93 0.497514549805
28.0 0.644540962257
28.07 0.62861662158
28.14 0.327789498165
28.21 0.364351165551
28.28 0.407242513837
28.35 0.385467553929
28.42 0.324249565799
28.49 0.412673788519
28.56 0.625327023985
28.63 0.460273656114
28.7 0.355856006408
28.77 0.337144775026
28.84 0.362259222855
28.91 0.374078228368
28.98 0.337752829577
29.05 0.377598424078
29.12 0.716497740149
29.19 0.398403957577
29.26 0.321466247016
29.33 0.427217979817
29.4 0.500220807753
29.47 0.363399317488
29.54 0.371380555566
29.61 0.52755252014
29.68 0.556286983677
29.75 0.305089918997
29.82 0.275312038816
29.89 0.296962820868
29.96 0.320644199199
30.03 0.288633622765
30.1 0.397944671912
30.17 0.649176993841
30.24 0.349595366641
30.31 0.249715549073
30.38 0.336791513225
30.45 0.457303062801
30.52 0.373093785604
30.59 0.357353108187
30.66 0.360058535456
30.73 0.552970391909
30.8 0.333244272336
30.87 0.522219912706
30.94 0.421396552415
31.01 0.343337227656
31.08 0.217903448227
31.15 0.259164289048
31.22 0.633858298745
31.29 0.460009150242
31.36 0.333578975006
31.43 0.256043520523
31.5 0.386600015054
31.57 0.561161305177
31.64 0.467795795066
31.71 0.310641464427
31.78 0.650329921745
31.85 0.434559893357
31.92 0.267586446028
31.99 0.302213787071
32.06 0.425747869295
32.13 0.253666657639
32.2 0.235202726861
32.27 0.341656724938
32.34 0.710790997539
32.41 0.304553862507
32.48 0.278315209342
32.55 0.427348833714
32.62 0.475686541532
32.69 0.30227772754
32.76 0.314179596986
32.83 0.583661936581
32.9 0.436007100439
32.97 0.28987997152
33.04 0.357060328604
33.11 0.360612620608
33.18 0.259588200878
33.25 0.222864515994
33.32 0.248984943049
33.39 0.562147980575
33.46 0.287281269091
33.53 0.212016094012
33.6 0.213373928713
33.67 0.416303371616
33.74 0.336823594945
33.81 0.223115245701
33.88 0.237260293994
33.95 0.702761087465
34.02 0.318945514798
34.09 0.175293486097
34.16 0.177335475803
34.23 0.379942791358
34.3 0.314483841405
34.37 0.312438087409
34.44 0.523494370493
34.51 0.542862195804
34.58 0.302709600778
34.65 0.28038835099
34.72 0.422167924405
34.79 0.432693778926
34.86 0.4500299033
34.93 0.32395658802
35.0 0.532848853108
35.07 0.461791008988
35.14 0.299702970544
35.21 0.345325261079
35.28 0.560330976795
35.35 0.331925274092
35.42 0.270010699911
35.49 0.400234043831
35.56 0.737170124453
35.63 0.372347555516
35.7 0.254754882889
35.77 0.183014889054
35.84 0.521315296794
35.91 0.617906816706
35.98 0.571970969398
36.05 0.601408294261
36.12 0.720334337346
36.19 0.445475389074
36.26 0.325997800967
36.33 0.275045094826
36.4 0.571598960469
36.47 0.463015930581
36.54 0.295685565003
36.61 0.588532177549
36.68 0.611074688321
36.75 0.386745499113
36.82 0.188996108607
36.89 0.310252543153
36.96 0.499337655436
37.03 0.433682392576
37.1 0.402078346365
37.17 0.67116062775
37.24 0.4003210189
37.31 0.426772729723
37.38 0.618466586913
37.45 0.585749677787
37.52 0.451195418186
37.59 0.319570464207
37.66 0.393059525346
37.73 0.81266929906
37.8 0.382716716175
37.87 0.315669740002
37.94 0.29956038512
38.01 0.468104089412
38.08 0.455038555892
38.15 0.438199819144
38.22 0.624471916576
38.29 0.415416654663
38.36 0.192856649779
38.43 0.331336148834
38.5 0.39837293388
38.57 0.406795672335
38.64 0.341626153014
38.71 0.283600247982
38.78 0.668923708147
38.85 0.387813601514
38.92 0.260311562502
38.99 0.373167691313
39.06 0.456478450078
39.13 0.348561185114
39.2 0.250663154841
39.27 0.213267836355
39.34 0.814693838665
39.41 0.388353562198
39.48 0.415799927315
39.55 0.326588113951
39.62 0.226461658867
39.69 0.208929765171
39.76 0.245711348423
39.83 0.599165221799
39.9 0.442206979637
39.97 0.261593169962
40.04 0.264487375728
40.11 0.545488771176
40.18 0.656853627539
40.25 0.505700554776
40.32 0.517512821583
40.39 0.732132618132
40.46 0.353371792031
40.53 0.167316758464
40.6 0.199524166615
40.67 0.552512961429
40.74 0.430737260322
40.81 0.242055658669
40.88 0.240363759609
40.95 0.886211023828
41.02 0.337402071474
41.09 0.175655169824
41.16 0.170309414335
41.23 1.0
41.3 0.456350742563
41.37 0.328246683813
41.44 0.297444323569
41.51 0.508214909707
41.58 0.442661941396
41.65 0.555997945068
41.72 0.540965719304
41.79 0.322810729636
41.86 0.241949844662
41.93 0.422420257178
42.0 0.694281494092
42.07 0.450883857958
42.14 0.327105867801
42.21 0.270676821881
42.28 0.38250115482
42.35 0.523636969034
42.42 0.427494329431
42.49 0.473607625933
42.56 0.704846794235
42.63 0.443712289114
42.7 0.172756807746
42.77 0.16123206538
42.84 0.593956723726
42.91 0.487323664646
42.98 0.241115160313
43.05 0.361257611255
43.12 0.524630587164
43.19 0.197837604307
43.26 0.302374042653
43.33 0.61848402244
43.4 0.562308158919
43.47 0.349360497085
43.54 0.320803041169
43.61 0.385728317371
43.68 0.533737178956
43.75 0.27403222096
43.82 0.61700471615
43.89 0.432034541395
43.96 0.29155573645
44.03 0.358342953283
44.1 0.517981154369
44.17 0.701595425389
44.24 0.404255735388
44.31 0.293787645744
44.38 0.219387240188
44.45 0.394305044879
44.52 0.332850654079
44.59 0.270106196004
44.66 0.589387646376
44.73 0.497545741095
44.8 0.326885567199
44.87 0.213329499013
44.94 0.357126471103
45.01 0.436903510112
45.08 0.255738480401
45.15 0.240424416708
45.22 0.62821056499
45.29 0.400795444793
45.36 0.289353587346
45.43 0.277252901296
45.5 0.531940150835
45.57 0.537658273756
45.64 0.362894634455
45.71 0.308133636889
45.78 0.726553307601
45.85 0.457809415938
45.92 0.547609050248
45.99 0.57923533244
46.06 0.521596448319
46.13 0.32877578737
46.2 0.330197032071
46.27 0.518521043644
46.34 0.536628360756
46.41 0.295083653108
46.48 0.282679834584
46.55 0.395153811433
46.62 0.442438691153
46.69 0.341304458495
46.76 0.363377319052
46.83 0.642745843241
46.9 0.423189141501
46.97 0.316652359644
47.04 0.301422271829
47.11 0.546429644067
47.18 0.45531404568
47.25 0.395775547423
47.32 0.407872294303
47.39 0.722403015184
47.46 0.407433019273
47.53 0.3135081951
47.6 0.613678810569
47.67 0.771312166444
47.74 0.578850997392
47.81 0.578122167856
47.88 0.452402277599
47.95 0.703824803295
48.02 0.420884189239
48.09 0.569661193364
48.16 0.64804303895
48.23 0.57265574814
48.3 0.321286632227
48.37 0.260462664578
48.44 0.597918067139
48.51 0.616669743873
48.58 0.309261070216
48.65 0.277453350112
48.72 0.47048302025
48.79 0.686862835958
48.86 0.509915682465
48.93 0.562903249039
49.0 0.684680375418
49.07 0.413045081897
49.14 0.191274525757
49.21 0.167802318378
49.28 0.462685241405
49.35 0.460607134625
49.42 0.240835068268
49.49 0.22984233538
49.56 0.721893919347
49.63 0.25480326779
49.7 0.165018208264
49.77 0.161394434095
49.84 0.602338234242
49.91 0.496602129876
49.98 0.374350066081
50.05 0.55709910706
50.12 0.519232890883
50.19 0.430015622722
50.26 0.472223534469
50.33 0.49940072442
50.4 0.223330463126
50.47 0.211675438138
50.54 0.453972588483
50.61 0.684112308616
50.68 0.506521340544
50.75 0.428272612093
50.82 0.37036893792
50.89 0.409173386301
50.96 0.473014498839
51.03 0.378057282744
51.1 0.425942426116
51.17 0.799005260889
51.24 0.386734353433
51.31 0.180281253655
51.38 0.189922915323
51.45 0.562344401324
51.52 0.509015024668
51.59 0.314430132868
51.66 0.465515086989
51.73 0.383236536523
51.8 0.1936568959
51.87 0.300829124333
51.94 0.356650239574
52.01 0.407438045613
52.08 0.300815692098
52.15 0.292808736471
52.22 0.536883637341
52.29 0.38283694466
52.36 0.415455373076
52.43 0.510524258741
52.5 0.461991775503
52.57 0.259206076604
52.64 0.325416995621
52.71 0.410517013467
52.78 0.642528324688
52.85 0.285653224518
52.92 0.264636708602
52.99 0.284133963996
53.06 0.386363310716
53.13 0.332361469778
53.2 0.25987127171
53.27 0.535518370243
53.34 0.584046711743
53.41 0.193282728663
53.48 0.468274184904
53.55 0.595744451151
53.62 0.63821989565
53.69 0.449520390666
53.76 0.376168688957
53.83 0.710403038105
53.9 0.38240334594
53.97 0.283680885111
54.04 0.270710047608
54.11 0.528375054707
54.18 0.457730345442
54.25 0.425865570765
54.32 0.447710584652
54.39 0.797871510025
54.46 0.422482307486
54.53 0.549592905497
54.6 0.370545065313
54.67 0.495775176677
54.74 0.383946457168
54.81 0.372842691564
54.88 0.56532813249
54.95 0.488436558166
55.02 0.33609662788
55.09 0.282204097091
55.16 0.381390160204
55.23 0.48309234162
55.3 0.377654790789
55.37 0.446841256592
55.44 0.702920729511
55.51 0.455937381821
55.58 0.279780758413
55.65 0.41038691884
55.72 0.559381575594
55.79 0.430271304445
55.86 0.365472306116
55.93 0.446638362372
56.0 0.707855611925
56.07 0.290556921471
56.14 0.266263816111
56.21 0.381020277524
56.28 0.431340288533
56.35 0.352267125154
56.42 0.27530360669
56.49 0.598524791146
56.56 0.44168551979
56.63 0.332790641122
56.7 0.228624693163
56.77 0.277556842589
56.84 0.334217049153
56.91 0.340780264692
56.98 0.28413096772
57.05 0.695071429585
57.12 0.387571949532
57.19 0.273172740097
57.26 0.222838524467
57.33 0.575619422038
57.4 0.311012784037
57.47 0.250134250939
57.54 0.347793880539
57.61 0.780940044659
57.68 0.212695751688
57.75 0.17305048796
57.82 0.23813449246
57.89 0.506309827658
57.96 0.307882334451
58.03 0.281263697834
58.1 0.621377502454
58.17 0.656163206005
58.24 0.375415110998
58.31 0.412215297101
58.38 0.385502795146
58.45 0.459216061081
58.52 0.363982152898
58.59 0.449236866603
58.66 0.788957455191
58.73 0.557459694872
58.8 0.347958119012
58.87 0.362648773696
58.94 0.577467815304
59.01 0.577283184376
59.08 0.338079601444
59.15 0.331650204015
59.22 0.857705107938
59.29 0.546036068073
59.36 0.223239535772
59.43 0.213443412876
59.5 0.614280017114
59.57 0.556782951862
59.64 0.465993297576
59.71 0.605730257547
59.78 0.515108726982
59.85 0.182343509028
59.92 0.326554509318
59.99 0.390154466824
60.06 0.541344930371
60.13 0.379823819095
60.2 0.422506375335
60.27 0.674008366465
60.34 0.405621280836
60.41 0.256581470088
60.48 0.238793728533
60.55 0.429897954771
60.62 0.343569705729
60.69 0.322114631791
60.76 0.430416612167
60.83 0.741734318282
60.9 0.381086093581
60.97 0.410609726054
61.04 0.350873928276
61.11 0.495851417034
61.18 0.360522424834
61.25 0.263064912697
61.32 0.495129499627
61.39 0.726125323984
61.46 0.344939031498
61.53 0.272119396103
61.6 0.348865700596
61.67 0.558171607691
61.74 0.448348352759
61.81 0.340680485499
61.88 0.735133101337
61.95 0.418285272582
62.02 0.261192040613
62.09 0.266039029839
62.16 0.419105530795
62.23 0.310465281656
62.3 0.338738308505
62.37 0.473735122135
62.44 0.744588842337
62.51 0.315658093
62.58 0.238817943572
62.65 0.236714722579
62.72 0.565522757805
62.79 0.494147924893
62.86 0.372389630167
62.93 0.622090123537
63.0 0.409324298924
63.07 0.388052640498
63.14 0.321347121732
63.21 0.43183092288
63.28 0.367047773042
63.35 0.317116345206
63.42 0.280988964401
63.49 0.746186874602
63.56 0.335788435548
63.63 0.276189660556
63.7 0.309392142713
63.77 0.460410530252
63.84 0.558120550042
63.91 0.362321940622
63.98 0.377977515643
64.05 0.873191444378
64.12 0.393859261401
64.19 0.31047405917
64.26 0.293810745923
64.33 0.450699519953
64.4 0.406166297007
64.47 0.443599898164
64.54 0.681787086314
64.61 0.493612006849
64.68 0.345573517692
64.75 0.332262873939
64.82 0.373054052887
64.89 0.290838411098
64.96 0.275582436684
65.03 0.261522466012
65.1 0.719264309808
65.17 0.311493619279
65.24 0.267039012142
65.31 0.245622333089
65.38 0.448317552034
65.45 0.34165426496
65.52 0.334776151901
65.59 0.458183469504
65.66 0.653166739209
65.73 0.386446547726
65.8 0.351069336179
65.87 0.458624888271
65.94 0.476035214193
66.01 0.389847253819
66.08 0.331875787448
66.15 0.630697644483
66.22 0.611315321627
66.29 0.265921130172
66.36 0.176041679212
66.43 0.366049558485
66.5 0.412506926848
66.57 0.362572298709
66.64 0.243670533328
66.71 0.732728509785
66.78 0.422096494703
66.85 0.396365879352
66.92 0.424845621548
66.99 0.565593075562
67.06 0.382429174246
67.13 0.574414404693
67.2 0.447776320555
67.27 0.723762527275
67.34 0.363887416076
67.41 0.452864505618
67.48 0.316654625796
67.55 0.503732529074
67.62 0.476920223152
67.69 0.428381390315
67.76 0.56996230889
67.83 0.760780192583
67.9 0.397257444851
67.97 0.246990841294
68.04 0.336488752371
68.11 0.502033955431
68.18 0.477234737393
68.25 0.461704303525
68.32 0.786726713221
68.39 0.543223966971
68.46 0.428214585479
68.53 0.492069898266
68.6 0.611884120009
68.67 0.555303354105
68.74 0.450193929002
68.81 0.529317227538
68.88 0.728585982036
68.95 0.475555692007
69.02 0.349638706256
69.09 0.389574320193
69.16 0.529884838195
69.23 0.315625864089
69.3 0.303808557826
69.37 0.480529179163
69.44 0.753995501832
69.51 0.472677089902
69.58 0.585353956599
69.65 0.361015138795
69.72 0.420705008734
69.79 0.224637831856
69.86 0.32188119625
69.93 0.568147206929
70.0 0.516374101215
70.07 0.246146784839
70.14 0.322435460655
70.21 0.434383596914
70.28 0.483807179306
70.35 0.441219043646
70.42 0.430770153776
70.49 0.734527646667
70.56 0.42634620781
70.63 0.45254452055
70.7 0.411113460364
70.77 0.501018576409
70.84 0.418087774864
70.91 0.391536904215
70.98 0.399280748637
71.05 0.712180906674
71.12 0.327297480809
71.19 0.344929796382
71.26 0.351435199536
71.33 0.618907322191
71.4 0.593313282224
71.47 0.493797910029
71.54 0.7004466742
71.61 0.535233793986
71.68 0.335747571941
71.75 0.50863385349
71.82 0.520760695746
71.89 0.494582790035
71.96 0.420093758253
72.03 0.468065723673
72.1 0.71828804268
72.17 0.317586898967
72.24 0.258376876198
72.31 0.281039488666
72.38 0.611022810194
72.45 0.596263987318
72.52 0.387262088554
72.59 0.371828640172
72.66 0.755716702022
72.73 0.397402969715
72.8 0.329747965223
72.87 0.296750612835
72.94 0.508090721649
73.01 0.470792142361
73.08 0.321378645295
73.15 0.606491397604
73.22 0.551424873168
73.29 0.31014218664
73.36 0.225675630483
73.43 0.344436582556
73.5 0.583516101305
73.57 0.450485047225
73.64 0.354403707405
73.71 0.603374887405
73.78 0.388314461964
73.85 0.45558444792
73.92 0.510177129396
73.99 0.821005413664
74.06 0.403054259362
74.13 0.274630434144
74.2 0.231993275273
74.27 0.203213401251
74.34 0.503476908559
74.41 0.350481126126
74.48 0.428815143512
74.55 0.848946467427
74.62 0.691577474606
74.69 0.428556713259
74.76 0.372167451063
74.83 0.165704437052
74.9 0.163024806028
74.97 0.255904732907
75.04 0.314314642172
75.11 0.310967280283
75.18 0.284187319858
75.25 0.161299908586
75.32 0.712583222291
75.39 0.668612566174
75.46 0.48938776063
75.53 0.509023408703
75.6 0.771096526392
75.67 0.733249376498
75.74 0.44586711134
75.81 0.360219703328
75.88 0.17074135461
75.95 0.167817309959
76.02 0.178909734601
76.09 0.251295063013
76.16 0.300790933474
76.23 0.27850400387
76.3 0.159609538268
76.37 0.43943764396
76.44 0.715540919668
76.51 0.500978665898
76.58 0.525191650025
76.65 0.839760414574
76.72 0.808995174049
76.79 0.487522545373
76.86 0.371369797537
76.93 0.182460875312
77.0 0.162564525005
77.07 0.171163199942
77.14 0.241320211386
77.21 0.274201874881
77.28 0.217162920683
77.35 0.18035709616
77.42 0.174940292791
77.49 0.177181990988
77.56 0.173539195713
77.63 0.328945814368
77.7 0.275289926708
77.77 0.446435752331
77.84 0.168792006083
77.91 0.202185678622
77.98 0.164234728754
78.05 0.165662935133
78.12 0.169439278913
78.19 0.227162124338
78.26 0.290681414111
78.33 0.25125688527
78.4 0.157986120725
78.47 0.160731668362
78.54 0.779383616326
78.61 0.613414147305
78.68 0.579007184102
78.75 0.51445041923
78.82 0.849730994759
78.89 0.600838388305
78.96 0.31120091985
79.03 0.287404477821
79.1 0.169316733269
79.17 0.163916097548
79.24 0.247755780618
79.31 0.236100780404
79.38 0.290484416258
79.45 0.202412145198
79.52 0.16382604605
79.59 0.546307487531
79.66 0.694170719324
79.73 0.508666630358
79.8 0.581762841254
79.87 0.675272602521
79.94 0.756401711023
80.01 0.360507460943
80.08 0.329781623777
80.15 0.179912450859
80.22 0.16194710272
80.29 0.164534099852
80.36 0.196011770549
80.43 0.205947934367
80.5 0.269976027053
80.57 0.161848981971
80.64 0.234902957911
80.71 0.774362776061
80.78 0.587992396116
80.85 0.576137317249
80.92 0.597414385293
80.99 0.831644323678
81.06 0.435378085073
81.13 0.236139334139
81.2 0.263596173105
81.27 0.418801987354
81.34 0.405016691822
81.41 0.38286652997
81.48 0.391209097643
81.55 0.379060255493
81.62 0.340172558443
81.69 0.313702945746
81.76 0.286407273195
81.83 0.250647743548
81.9 0.243328363285
81.97 0.255236875254
82.04 0.240872499857
82.11 0.235922121625
82.18 0.222902953142
82.25 0.222298839218
82.32 0.222504190502
82.39 0.212133815885
82.46 0.215496689622
82.53 0.210659514074
82.6 0.212709373376
82.67 0.217897620354
82.74 0.222025657845
82.81 0.593427658061
82.88 0.725651492682
82.95 0.265909953888
83.02 0.292117316664
83.09 0.488095953299
83.16 0.747346577646
83.23 0.640949814851
83.3 0.513448625463
83.37 0.526292510349
83.44 0.430758840503
83.51 0.384020131162
83.58 0.372751440681
83.65 0.459609750747
83.72 0.344559125285
83.79 0.279232961651
83.86 0.237809081743
83.93 0.544558758328
84.0 0.304877135317
84.07 0.261763055599
84.14 0.355242591787
84.21 0.544548941736
84.28 0.522591507752
84.35 0.408041658215
84.42 0.424884769875
84.49 0.355961327837
84.56 0.344558983923
84.63 0.353416516112
84.7 0.432252911031
84.77 0.281600198852
84.84 0.222838486576
84.91 0.288383986057
84.98 0.485437211681
85.05 0.360600787067
85.12 0.224932660448
85.19 0.359745082152
85.26 0.435649615288
85.33 0.380766755568
85.4 0.330442977355
85.47 0.346231614131
85.54 0.438753882436
85.61 0.359454517715
85.68 0.246154658807
85.75 0.231476965639
85.82 0.459840421727
85.89 0.445860767571
85.96 0.255790004396
86.03 0.269495333172
86.1 0.495817551538
86.17 0.320165173964
86.24 0.235758677399
86.31 0.21846190392
86.38 0.457247738083
86.45 0.342619220273
86.52 0.261616644676
86.59 0.369703975987
86.66 0.391168213633
86.73 0.314285132643
86.8 0.242929857135
86.87 0.40202830885
86.94 0.408144060606
87.01 0.276713715912
87.08 0.234773825124
87.15 0.692113953723
87.22 0.496439039782
87.29 0.319553139437
87.36 0.260938741629
87.43 0.541048376297
87.5 0.344231655356
87.57 0.309550987598
87.64 0.681183478085
87.71 0.638599347176
87.78 0.343545989098
87.85 0.290713882025
87.92 0.386776310039
87.99 0.252795940741
88.06 0.197967563402
88.13 0.509331621438
88.2 0.777148933729
88.27 0.463542734466
88.34 0.395582131694
88.41 0.497115838171
88.48 0.33812151433
88.55 0.325943535729
88.62 0.518958523241
88.69 0.404972471978
88.76 0.904898480285
88.83 0.480414478341
88.9 0.275217696931
88.97 0.240363892227
89.04 0.485037692684
89.11 0.390064969113
89.18 0.294361579766
89.25 0.406882058642
89.32 0.745477874992
89.39 0.369119189208
89.46 0.209026785634
89.53 0.314205719674
89.6 0.65595221193
89.67 0.546550860623
89.74 0.532188834447
89.81 0.896725769102
89.88 0.662745149726
89.95 0.523559606531
90.02 0.499247019548
90.09 0.569860071176
90.16 0.484265328251
90.23 0.412837200684
90.3 0.344125726219
90.37 0.734633650128
90.44 0.424711947713
90.51 0.320780907201
90.58 0.287239217758
90.65 0.479926937911
90.72 0.303530562883
90.79 0.285915506501
90.86 0.448871245164
90.93 0.67327853137
91.0 0.252844045834
91.07 0.346896669334
91.14 0.222773251996
91.21 0.398181578819
91.28 0.285375448175
91.35 0.25449052858
91.42 0.701798823846
91.49 0.594591005893
91.56 0.329476095449
91.63 0.291930740197
91.7 0.371306731467
91.77 0.372957119864
91.84 0.306352925064
91.91 0.242168010271
91.98 0.831703838228
92.05 0.458541327732
92.12 0.27722933477
92.19 0.229260804282
92.26 0.442657053502
92.33 0.407891796328
92.4 0.38850975911
92.47 0.371635177809
92.54 0.746382243157
92.61 0.262550939168
92.68 0.297466410902
92.75 0.310863467193
92.82 0.387514689476
92.89 0.232835310407
92.96 0.310214378526
93.03 0.66297232748
93.1 0.619093427939
93.17 0.308415903274
93.24 0.320193654615
93.31 0.373696899798
93.38 0.440222134859
93.45 0.387817832151
93.52 0.357508726537
93.59 0.716856206085
93.66 0.432709193133
93.73 0.221525437164
93.8 0.189695807521
93.87 0.410095076322
93.94 0.41740919853
94.01 0.297647022507
94.08 0.270044377411
94.15 0.860621395208
94.22 0.389311433417
94.29 0.321604033444
94.36 0.349125736829
94.43 0.478359863763
94.5 0.272679016204
94.57 0.283422600592
94.64 0.361528326821
94.71 0.758768162722
94.78 0.310861066966
94.85 0.364171116476
94.92 0.384103720847
94.99 0.323141736511
95.06 0.241451850785
95.13 0.299587902474
95.2 0.692312457001
95.27 0.519541722984
95.34 0.337014875682
95.41 0.410996254387
95.48 0.449723152269
95.55 0.410536218196
95.62 0.385517687629
95.69 0.416144394114
95.76 0.729680695331
95.83 0.431196139391
95.9 0.513109590143
95.97 0.431411179021
96.04 0.595903221711
96.11 0.332268318534
96.18 0.272697996505
96.25 0.640361001462
96.32 0.601874452706
96.39 0.34053117157
96.46 0.311886173683
96.53 0.34893612911
96.6 0.370716623967
96.67 0.310982512323
96.74 0.223891713983
96.81 0.704508353506
96.88 0.449522037452
96.95 0.269597097252
97.02 0.230198806228
97.09 0.392999588169
97.16 0.289252840484
97.23 0.22556015436
97.3 0.18793458752
97.37 0.751458186626
97.44 0.259376883275
97.51 0.364186827979
97.58 0.206814282182
97.65 0.361587041296
97.72 0.294732121161
97.79 0.389662637465
97.86 0.69748435125
97.93 0.65564408372
98.0 0.339658908442
98.07 0.218741872092
98.14 0.32240988301
98.21 0.506655228607
98.28 0.395139832698
98.35 0.217242719845
98.42 0.769807974741
98.49 0.343772340545
98.56 0.223650048885
98.63 0.182512708261
98.7 0.39048452789
98.77 0.4688231213
98.84 0.388340406857
98.91 0.273595263088
98.98 0.870143616808
99.05 0.494133659064
99.12 0.262023180729
99.19 0.172992894174
99.26 0.498599547063
99.33 0.406641592928
99.4 0.456536287239
99.47 0.700880133016
99.54 0.801099086459
99.61 0.569762934127
99.68 0.564099140567
99.75 0.401917968367
99.82 0.321507989395
99.89 0.341881448544
99.96 0.495670420693
100.03 0.780670879695
100.1 0.582256872644
100.17 0.423691099322
100.24 0.428018508661
100.31 0.48163506437
100.38 0.395061624942
100.45 0.361134817865
100.52 0.382240685759
100.59 0.84555494253
100.66 0.466564077931
100.73 0.33655012502
100.8 0.214881495598
100.87 0.376866690078
100.94 0.235825733645
101.01 0.307148963866
101.08 0.427372717938
101.15 0.750659100542
101.22 0.281853991872
101.29 0.220992248704
101.36 0.316308980015
101.43 0.478577426036
101.5 0.460725053237
101.57 0.339805787168
101.64 0.669386973787
101.71 0.581835600043
101.78 0.472884004903
101.85 0.406771933844
101.92 0.409065685048
101.99 0.362776597798
102.06 0.40394889546
102.13 0.293170261349
102.2 0.807813424477
102.27 0.433656446226
102.34 0.353124262626
102.41 0.251378240273
102.48 0.453469738774
102.55 0.34458428759
102.62 0.254063315891
102.69 0.63859199639
102.76 0.561523523744
102.83 0.26533219874
102.9 0.305350810684
102.97 0.269747988015
103.04 0.21750518108
103.11 0.20229147077
103.18 0.275836022763
103.25 0.720276995679
103.32 0.437201211106
103.39 0.218165378993
103.46 0.174462931829
103.53 0.321006014085
103.6 0.246247863973
103.67 0.306179849326
103.74 0.255202116413
103.81 0.820569005207
103.88 0.533360837378
103.95 0.376286644002
104.02 0.32699006815
104.09 0.748114616716
104.16 0.597274305023
104.23 0.731912960214
104.3 0.848371979618
104.37 0.740451708176
104.44 0.439671905809
104.51 0.405253101778
104.58 0.482592718446
104.65 0.59660011526
104.72 0.465207430955
104.79 0.461177138221
104.86 0.817584966544
104.93 0.455684487975
105.0 0.373345885203
105.07 0.251019589255
105.14 0.366710362648
105.21 0.561881631177
105.28 0.526968272575
105.35 0.265258623845
105.42 0.804528175562
105.49 0.395527027032
105.56 0.306444025842
105.63 0.465316590999
105.7 0.541855697768
105.77 0.284242115565
105.84 0.406689068454
105.91 0.466174637847
105.98 0.769459578973
106.05 0.280227403174
106.12 0.474023099806
106.19 0.324230974607
106.26 0.531564587472
106.33 0.415222188197
106.4 0.505376264748
106.47 0.65907792227
106.54 0.703671682813
106.61 0.280116239299
106.68 0.231850707336
106.75 0.422873792208
106.82 0.414100794056
106.89 0.370533867169
106.96 0.414092010712
107.03 0.840154391334
107.1 0.646874210089
107.17 0.458533704425
107.24 0.458186394371
107.31 0.56913018216
107.38 0.491208161452
107.45 0.411991444979
107.52 0.483031753016
107.59 0.843228778792
107.66 0.445362693541
107.73 0.328897696159
107.8 0.325965548738
107.87 0.529237805825
107.94 0.475047460369
108.01 0.41590219126
108.08 0.682215389087
108.15 0.619054557963
108.22 0.40919895083
108.29 0.456141586184
108.36 0.389580175755
108.43 0.401549767449
108.5 0.327816407812
108.57 0.309360246074
108.64 0.746503840077
108.71 0.404743173804
108.78 0.260327084551
108.85 0.314031498473
108.92 0.363670277886
108.99 0.294020026175
109.06 0.225748326606
109.13 0.353199303598
109.2 0.799111545615
109.27 0.362036093571
109.34 0.340815473848
109.41 0.254145054764
109.48 0.387198765994
109.55 0.269884894214
109.62 0.329124321584
109.69 0.610686014794
109.76 0.675200378573
109.83 0.283444403745
109.9 0.441900874205
109.97 0.476924924507
110.04 0.446902192042
110.11 0.340305624571
110.18 0.329177693477
110.25 0.748500700563
110.32 0.450986817051
110.39 0.273888073275
110.46 0.308678695323
110.53 0.510852294115
110.6 0.531112585556
110.67 0.366291665154
110.74 0.299632641129
110.81 0.8142838123
110.88 0.485317325669
110.95 0.316134906004
111.02 0.236640021166
111.09 0.454788792396
111.16 0.356697155484
111.23 0.283796499681
111.3 0.588831347535
111.37 0.551337251044
111.44 0.414378633065
111.51 0.481789429414
111.58 0.348131856378
111.65 0.400612475224
111.72 0.383764496073
111.79 0.305551272617
111.86 0.674976957822
111.93 0.430020427548
112.0 0.299437083121
112.07 0.284055869913
112.14 0.417166236406
112.21 0.289632717551
112.28 0.274602706934
112.35 0.332015700124
112.42 0.731404093179
112.49 0.372028379268
112.56 0.350127986741
112.63 0.408364174669
112.7 0.493933462366
112.77 0.466740130999
112.84 0.444877308507
112.91 0.464616294578
112.98 0.795130401424
113.05 0.359141354421
113.12 0.257813108527
113.19 0.403110592555
113.26 0.478551309178
113.33 0.446238395974
113.4 0.470071067292
113.47 0.811484984583
113.54 0.446267296338
113.61 0.292505638974
113.68 0.436129322555
113.75 0.541585423773
113.82 0.425466876619
113.89 0.335748860223
113.96 0.3518543284
114.03 0.726695075462
114.1 0.336591723122
114.17 0.283045496829
114.24 0.210080569742
114.31 0.421422424441
114.38 0.225604544712
114.45 0.181143907132
114.52 0.419432543121
114.59 0.681554324062
114.66 0.446628953832
114.73 0.447095934213
114.8 0.383682225274
114.87 0.31264796954
114.94 0.290481734766
115.01 0.442160901694
115.08 0.65765279232
115.15 0.562602264674
115.22 0.313717619628
115.29 0.187039262103
115.36 0.399288752308
115.43 0.413710695258
115.5 0.340312474034
115.57 0.34406993224
115.64 0.793082720835
115.71 0.542177370427
115.78 0.49257520941
115.85 0.524800140529
115.92 0.580274369799
115.99 0.466513983579
116.06 0.404141426589
116.13 0.346264179686
116.2 0.783577394092
116.27 0.450062661223
116.34 0.36123090272
116.41 0.463168718791
116.48 0.625821572727
116.55 0.365708357568
116.62 0.360032626996
116.69 0.605790037331
116.76 0.611019024043
116.83 0.361730174677
116.9 0.448694016028
116.97 0.40284785297
117.04 0.346944780256
117.11 0.270264781483
117.18 0.317723561791
117.25 0.72136978238
117.32 0.389094867959
117.39 0.293505351669
117.46 0.297443580329
117.53 0.414083307522
117.6 0.317490464352
117.67 0.299842623815
117.74 0.39917053057
117.81 0.835469524534
117.88 0.468009591592
117.95 0.398017091142
118.02 0.332041640645
118.09 0.45367058107
118.16 0.400869605536
118.23 0.346008407608
118.3 0.630362739243
118.37 0.524869107338
118.44 0.408815342991
118.51 0.297265801779
118.58 0.380369998217
118.65 0.433691646638
118.72 0.398383610299
118.79 0.202987159104
118.86 0.73002579607
118.93 0.690407554204
119.0 0.546541146044
119.07 0.4136647237
119.14 0.476314284647
119.21 0.494058000183
119.28 0.540074121745
119.35 0.443609745361
119.42 0.820204962059
119.49 0.41645087991
119.56 0.386118701806
119.63 0.37504575733
119.7 0.526687132708
119.77 0.413417009215
119.84 0.332299095942
119.91 0.682963547226
119.98 0.563556072849
120.05 0.341311653346
120.12 0.327706084817
120.19 0.433688694082
120.26 0.367439388924
120.33 0.313748984341
120.4 0.26499557239
120.47 0.732989879478
120.54 0.360839346589
120.61 0.279623767255
120.68 0.257579566602
120.75 0.438721643324
120.82 0.314021431219
120.89 0.212567553051
120.96 0.209075772413
121.03 0.447398855374
121.1 0.257001936783
121.17 0.220886912702
121.24 0.311069834237
121.31 0.576703103325
121.38 0.31461405699
121.45 0.22937945739
121.52 0.277386212255
121.59 0.56006821535
121.66 0.423840491947
121.73 0.550927089147
121.8 0.689156858225
121.87 0.81153621274
121.94 0.401916391533
122.01 0.241714040956
122.08 0.186506334506
122.15 0.166499951214
122.22 0.170732103463
122.29 0.21406049706
122.36 0.247453346207
122.43 0.250514056597
122.5 0.161569016714
122.57 0.300242276886
122.64 0.700900321444
122.71 0.481691684657
122.78 0.512996355398
122.85 0.579595672506
122.92 0.776512980001
122.99 0.444839834655
123.06 0.355057405615
123.13 0.179179341137
123.2 0.165497995684
123.27 0.16787564407
123.34 0.268430938225
123.41 0.246313314239
123.48 0.242130293045
123.55 0.162131735105
123.62 0.24624699686
123.69 0.7316887219
123.76 0.546706480431
123.83 0.513551314949
123.9 0.419351333261
123.97 0.931595509739
124.04 0.525745704573
124.11 0.364929754294
124.18 0.200451594155
124.25 0.165500987588
124.32 0.164137228829
124.39 0.217983589863
124.46 0.216384856621
124.53 0.296115775424
124.6 0.171298992739
124.67 0.165310074099
124.74 0.168635621176
124.81 0.163415238555
124.88 0.219446055218
124.95 0.35784434004
125.02 0.484313769987
125.09 0.183815431014
125.16 0.224730002316
125.23 0.167622327597
125.3 0.163437452677
125.37 0.161483818134
125.44 0.191565987911
125.51 0.184424555248
125.58 0.262802546189
125.65 0.161006062236
125.72 0.162621822952
125.79 0.365703465303
125.86 0.804284770409
125.93 0.499978491228
126.0 0.536850220704
126.07 0.622500273775
126.14 0.760780626868
126.21 0.359610309488
126.28 0.335550113571
126.35 0.245956983295
126.42 0.163447171628
126.49 0.163300021838
126.56 0.312418346381
126.63 0.195216018842
126.7 0.350261911237
126.77 0.166743121737
126.84 0.163951168258
126.91 0.703654253115
126.98 0.655697701902
127.05 0.363113253294
127.12 0.485229859479
127.19 0.783763552304
127.26 0.590193079144
127.33 0.364194884114
127.4 0.259522696691
127.47 0.162526962257
127.54 0.164842751244
127.61 0.296214537399
127.68 0.224382928349
127.75 0.332021481363
127.82 0.208167035164
127.89 0.263372089268
127.96 0.648176032211
128.03 0.567936189537
128.1 0.420317565196
128.17 0.527834674311
128.24 0.779293895643
128.31 0.648082968407
128.38 0.345772899741
128.45 0.217309005163
128.52 0.395117405806
128.59 0.461076241254
128.66 0.463971164027
128.73 0.446866375178
128.8 0.410627912108
128.87 0.374622352652
128.94 0.31408302684
129.01 0.291455791121
129.08 0.256939689735
129.15 0.248743910434
129.22 0.252957698834
129.29 0.243049289916
129.36 0.262176403224
129.43 0.267854618549
129.5 0.24910133292
129.57 0.237558950999
129.64 0.239689290038
129.71 0.234905805539
129.78 0.24691074775
129.85 0.235784966222
129.92 0.24918104027
129.99 0.248894359625
130.06 0.246061721791
130.13 0.234890639078
130.2 0.247559183531
130.27 0.260560425365
130.34 0.268230859571
130.41 0.496829115263
130.48 0.606320325699
130.55 0.60292511375
130.62 0.462130254164
130.69 0.457865450378
130.76 0.392298418807
130.83 0.359008750268
130.9 0.340837497059
130.97 0.440258292739
131.04 0.343288373495
131.11 0.315412742308
131.18 0.263561121341
131.25 0.465893879801
131.32 0.318352744751
131.39 0.303061097749
131.46 0.433083752393
131.53 0.503781606207
131.6 0.448192848081
131.67 0.38500238064
131.74 0.35422098704
131.81 0.434885668408
131.88 0.285379425236
131.95 0.227858778884
132.02 0.27228187266
132.09 0.305863936046
132.16 0.196879838016
132.23 0.265017011211
132.3 0.490634580104
132.37 0.359954760256
132.44 0.230673654748
132.51 0.384619081756
132.58 0.450249606395
132.65 0.349012053225
132.72 0.280259129306
132.79 0.362082605799
132.86 0.490903884972
132.93 0.32734669056
133.0 0.233599301007
133.07 0.294561260568
133.14 0.53227505316
133.21 0.283164254865
133.28 0.248288715502
133.35 0.335317201213
133.42 0.387792707736
133.49 0.250651821165
133.56 0.29242423966
133.63 0.360522366541
133.7 0.35055076768
133.77 0.282436193343
133.84 0.259062331143
133.91 0.337142677924
133.98 0.287760875802
134.05 0.287843407464
134.12 0.251434888249
134.19 0.368948416056
134.26 0.264820935849
134.33 0.284535922567
134.4 0.512454605109
134.47 0.78212400209
134.54 0.30239175216
134.61 0.267585194179
134.68 0.45996815256
134.75 0.465707924158
134.82 0.317172296578
134.89 0.303362446448
134.96 0.726098477002
135.03 0.388196148414
135.1 0.318444890436
135.17 0.363623139005
135.24 0.393317473221
135.31 0.282273694926
135.38 0.215147965955
135.45 0.193896689783
135.52 0.761104001692
135.59 0.386286268827
135.66 0.35103282271
135.73 0.296894473425
135.8 0.438194786974
135.87 0.283802259059
135.94 0.482098595244
136.01 0.584867921594
136.08 0.511991247657
136.15 0.245814374553
136.22 0.400833698317
136.29 0.381358706594
136.36 0.49072140361
136.43 0.288413776851
136.5 0.397941872376
136.57 0.668780225006
136.64 0.332340393834
136.71 0.288156167077
136.78 0.397708933786
136.85 0.464855336478
136.92 0.469648442287
136.99 0.293437750381
137.06 0.315886407474
137.13 0.709439901544
137.2 0.229619464044
137.27 0.300313826089
137.34 0.421369722921
137.41 0.51490845596
137.48 0.31700973258
137.55 0.259062597834
137.62 0.565936493082
137.69 0.647671682907
137.76 0.427002679324
137.83 0.259447887435
137.9 0.342836257907
137.97 0.401459313727
138.04 0.271644611706
138.11 0.4859057995
138.18 0.714840244341
138.25 0.469618556767
138.32 0.344334614449
138.39 0.239507011245
138.46 0.495358637493
138.53 0.490001861655
138.6 0.265152011219
138.67 0.322013629896
138.74 0.696137248346
138.81 0.291430496199
138.88 0.303165224166
138.95 0.235842893737
139.02 0.610401205363
139.09 0.463392897355
139.16 0.22483710752
139.23 0.514751514352
139.3 0.541362756463
139.37 0.25070541603
139.44 0.515335515629
139.51 0.393971369628
139.58 0.304259022256
139.65 0.263020139066
139.72 0.303444166375
139.79 0.567906736844
139.86 0.547176713578
139.93 0.348747872338
140.0 0.242467126336
140.07 0.42747731653
140.14 0.33620535801
140.21 0.286561062593
140.28 0.37528248207
140.35 0.798945223157
140.42 0.363671717731
140.49 0.264974158345
140.56 0.197518751586
140.63 0.403474062971
140.7 0.375870438547
140.77 0.328828659397
140.84 0.279694689805
140.91 0.761072644266
140.98 0.232106198149
141.05 0.217139670398
141.12 0.243109693439
141.19 0.399205327302
141.26 0.218000038777
141.33 0.196854812701
141.4 0.661827623304
141.47 0.460786761073
141.54 0.371028541242
141.61 0.430432903689
141.68 0.46136279074
141.75 0.395705378314
141.82 0.412719691582
141.89 0.406716674706
141.96 0.844985500007
142.03 0.542193762504
142.1 0.351403689089
142.17 0.324240657125
142.24 0.585495934316
142.31 0.347093712364
142.38 0.30562371225
142.45 0.369007627481
142.52 0.640413405686
142.59 0.388618318732
142.66 0.6729229903
142.73 0.445434360788
142.8 0.476094601955
142.87 0.502103449794
142.94 0.452238556479
143.01 0.725368641907
143.08 0.495609992396
143.15 0.33147595804
143.22 0.223371605084
143.29 0.477283495371
143.36 0.502941901348
143.43 0.286066882556
143.5 0.286603198451
143.57 0.728429159929
143.64 0.297291280325
143.71 0.367344577778
143.78 0.386725025047
143.85 0.467075413687
143.92 0.273230865808
143.99 0.232934974471
144.06 0.517413886186
144.13 0.617429374134
144.2 0.338886842761
144.27 0.371525753988
144.34 0.296002639777
144.41 0.349728432768
144.48 0.364063437083
144.55 0.407969961821
144.62 0.695560268498
144.69 0.38044115394
144.76 0.346079210657
144.83 0.221915381485
144.9 0.554640027299
144.97 0.406222765732
145.04 0.343042713848
145.11 0.293904614175
145.18 0.759601133248
145.25 0.307564442112
145.32 0.437579995174
145.39 0.340638122297
145.46 0.495220295822
145.53 0.397705720368
145.6 0.265420295954
145.67 0.6484884989
145.74 0.621429549632
145.81 0.291067473183
145.88 0.423381381163
145.95 0.382306297788
146.02 0.433967937959
146.09 0.344432841583
146.16 0.301334005564
146.23 0.691445256646
146.3 0.641242527396
146.37 0.40476692104
146.44 0.3974291813
146.51 0.38809348516
146.58 0.27963018972
146.65 0.306731582344
146.72 0.424058253876
146.79 0.770125528978
146.86 0.379930755248
146.93 0.437219117352
147.0 0.284418164262
147.07 0.482875545904
147.14 0.393925045396
147.21 0.384714585135
147.28 0.385595131742
147.35 0.657795860121
147.42 0.326426108112
147.49 0.31297877676
147.56 0.298711054578
147.63 0.558075898828
147.7 0.438670227171
147.77 0.322722001396
147.84 0.61212373464
147.91 0.496509031096
147.98 0.235393998853
148.05 0.389679274374
148.12 0.437688932245
148.19 0.332631640303
148.26 0.240928926319
148.33 0.225045004763
148.4 0.766410687551
148.47 0.48853547899
148.54 0.317642853253
148.61 0.319042181129
148.68 0.408430427925
148.75 0.267458935252
148.82 0.282454490154
148.89 0.364634095022
148.96 0.761404881129
149.03 0.362956874216
149.1 0.276321321815
149.17 0.201083815653
149.24 0.488646836691
149.31 0.39649178269
149.38 0.347899078095
149.45 0.605251845849
149.52 0.544397389344
149.59 0.202728105113
149.66 0.2107810425
149.73 0.331051811579
149.8 0.433731109748
149.87 0.298936390264
149.94 0.248731964678
150.01 0.74980300069
150.08 0.696649748512
150.15 0.623481790215
150.22 0.490248966976
150.29 0.532297947855
150.36 0.41271648545
150.43 0.377933785462
150.5 0.353335689529
150.57 0.798004363382
150.64 0.4278518379
150.71 0.445972240402
150.78 0.427229925572
150.85 0.679380498217
150.92 0.39218539246
150.99 0.408878929329
151.06 0.494811811315
151.13 0.663746236686
151.2 0.402101150706
151.27 0.335716250948
151.34 0.399800044345
151.41 0.345678589917
151.48 0.280480689043
151.55 0.257933210224
151.62 0.717939155791
151.69 0.338577111486
151.76 0.261183529791
151.83 0.435630422217
151.9 0.597850696109
151.97 0.310748151376
152.04 0.268636019902
152.11 0.256811990963
152.18 0.80946987975
152.25 0.505341884814
152.32 0.359607383164
152.39 0.303616326908
152.46 0.484134493299
152.53 0.465042616836
152.6 0.338900167154
152.67 0.606703857757
152.74 0.794966674475
152.81 0.286871577913
152.88 0.36184084306
152.95 0.430803946405
153.02 0.490930765473
153.09 0.36053353991
153.16 0.425354919954
153.23 0.760543220096
153.3 0.547553786737
153.37 0.581900097213
153.44 0.534432663264
153.51 0.444898074039
153.58 0.551816547343
153.65 0.459871697543
153.72 0.349077417508
153.79 0.815797021977
153.86 0.486057711853
153.93 0.349223800741
154.0 0.206627541036
154.07 0.422350258577
154.14 0.436723345908
154.21 0.423451978727
154.28 0.669994700439
154.35 0.649725797619
154.42 0.445934202563
154.49 0.397481043396
154.56 0.58303658932
154.63 0.501530651034
154.7 0.323533503955
154.77 0.473520169944
154.84 0.880353221404
154.91 0.429510412134
154.98 0.298489255839
155.05 0.397764155034
155.12 0.490505186454
155.19 0.600104412928
155.26 0.402890092298
155.33 0.485964212306
155.4 0.721909524465
155.47 0.393163988406
155.54 0.688892072545
155.61 0.367276004448
155.68 0.461396612515
155.75 0.385452305858
155.82 0.390573449955
155.89 0.756470666173
155.96 0.606567030253
156.03 0.383622244378
156.1 0.359382905847
156.17 0.505967784403
156.24 0.412597194031
156.31 0.369325849176
156.38 0.361217766323
156.45 0.87061876991
156.52 0.430450203684
156.59 0.396473461104
156.66 0.44734908455
156.73 0.599395704784
156.8 0.329725016606
156.87 0.32330010339
156.94 0.45456916654
157.01 0.671678527333
157.08 0.307648652621
157.15 0.280786884829
157.22 0.372537418269
157.29 0.505340402706
157.36 0.359975283872
157.43 0.323623351426
157.5 0.689646814913
157.57 0.501223075153
157.64 0.377395843184
157.71 0.352393796506
157.78 0.419433674011
157.85 0.335423276083
157.92 0.401335523522
157.99 0.3648181197
158.06 0.866809385486
158.13 0.61984546404
158.2 0.445277700445
158.27 0.322439643199
158.34 0.558806431985
158.41 0.587785612275
158.48 0.4795901702
158.55 0.545366696251
158.62 0.852548690562
158.69 0.44442443802
158.76 0.462171256217
158.83 0.299583052471
158.9 0.506221835371
158.97 0.406630690623
159.04 0.382834924797
159.11 0.60313276179
159.18 0.63326884413
159.25 0.42745210759
159.32 0.334049180464
159.39 0.44415510109
159.46 0.449139612967
159.53 0.358675137683
159.6 0.423651059108
159.67 0.700927697438
159.74 0.379471571597
159.81 0.434456481034
159.88 0.306015041037
159.95 0.462834061298
160.02 0.323738214012
160.09 0.29646940593
160.16 0.262260160503
160.23 0.879307722232
160.3 0.393421098315
160.37 0.334613248345
160.44 0.289334263115
160.51 0.510796301938
160.58 0.417447035257
160.65 0.368455238664
160.72 0.600635137038
160.79 0.632535396307
160.86 0.394926394676
160.93 0.350309831249
161.0 0.320072117446
161.07 0.376113393385
161.14 0.341742888272
161.21 0.226612769687
161.28 0.813429166866
161.35 0.495222355033
161.42 0.452263740644
161.49 0.452618875118
161.56 0.484125414117
161.63 0.303819001071
161.7 0.356838729519
161.77 0.359059737965
161.84 0.873609681354
161.91 0.525715941469
161.98 0.521589906353
162.05 0.423350616871
162.12 0.424162024703
162.19 0.35306978899
162.26 0.422923565947
162.33 0.647396449609
162.4 0.653895339943
162.47 0.340608592366
162.54 0.315777480604
162.61 0.39048836359
162.68 0.43319220563
162.75 0.376734855396
162.82 0.34754806933
162.89 0.816254666685
162.96 0.555832759329
163.03 0.342059356797
163.1 0.259748730439
163.17 0.549265910659
163.24 0.521072554727
163.31 0.457142404995
163.38 0.377705556971
163.45 0.806387829638
163.52 0.306826679127
163.59 0.309072006082
163.66 0.426085986496
163.73 0.526367135981
163.8 0.439808322344
163.87 0.440383429519
163.94 0.492229990628
164.01 0.555045296929
164.08 0.260568474213
164.15 0.499873163969
164.22 0.380018705272
164.29 0.407315352779
164.36 0.394017996985
164.43 0.509819660275
164.5 0.860351221769
164.57 0.390566001528
164.64 0.258476992035
164.71 0.399129715055
164.78 0.532712757186
164.85 0.656003526069
164.92 0.530583981865
164.99 0.31265195243
165.06 0.645769780758
165.13 0.34352111826
165.2 0.413917732675
165.27 0.401512834268
165.34 0.502320956689
165.41 0.386875861888
165.48 0.379915021885
165.55 0.588399981449
165.62 0.627623533919
165.69 0.441265031235
165.76 0.449492804817
165.83 0.516671864875
165.9 0.447216008221
165.97 0.306304457096
166.04 0.372773901092
166.11 0.73322684905
166.18 0.514724275348
166.25 0.464883063688
166.32 0.385487264353
166.39 0.372109412791
166.46 0.438670164506
166.53 0.379261717155
166.6 0.244301642881
166.67 0.707041013992
166.74 0.335522489831
166.81 0.281143368793
166.88 0.265831794225
166.95 0.518158695374
167.02 0.366192283813
167.09 0.342862169281
167.16 0.682080488178
167.23 0.624985356722
167.3 0.257849807078
167.37 0.385963065968
167.44 0.280149683625
167.51 0.416503463386
167.58 0.427378625965
167.65 0.426079172008
167.72 0.799401942459
167.79 0.524454257203
167.86 0.366280399973
167.93 0.275621388271
168.0 0.405103806794
168.07 0.438806238568
168.14 0.378632818375
168.21 0.410108760676
168.28 0.65577913182
168.35 0.337938754617
168.42 0.587464279174
168.49 0.511888935619
168.56 0.410365510624
168.63 0.287694950446
168.7 0.300973572229
168.77 0.577385924869
168.84 0.640407179961
168.91 0.293653980652
168.98 0.254721852445
169.05 0.365348004386
169.12 0.592322680772
169.19 0.473903056403
169.26 0.315411094065
169.33 0.649281588061
169.4 0.353701879328
169.47 0.193457964167
169.54 0.177592295703
169.61 0.418035994379
169.68 0.32157551053
169.75 0.228327139359
169.82 0.226687641608
169.89 0.709535753225
169.96 0.34767222824
170.03 0.368846880777
170.1 0.364065366591
170.17 0.47748246791
170.24 0.328269182114
170.31 0.452847234769
170.38 0.558055792009
170.45 0.487314476164
170.52 0.276113736441
170.59 0.626161008814
170.66 0.405306163259
170.73 0.481168178715
170.8 0.310673646703
170.87 0.335511336865
170.94 0.736292695081
171.01 0.421956672382
171.08 0.295266246685
171.15 0.348166785727
171.22 0.43801249215
171.29 0.341689318182
171.36 0.277979748859
171.43 0.226996925483
171.5 0.740579577456
171.57 0.40039097961
171.64 0.406622895351
171.71 0.418184343554
171.78 0.42307615013
171.85 0.346677520025
171.92 0.498138551947
171.99 0.650180511632
172.06 0.519318254142
172.13 0.331602982066
172.2 0.508178090198
172.27 0.642756701827
172.34 0.638930233092
172.41 0.560713168107
172.48 0.516900368802
172.55 0.720197464666
172.62 0.60621141486
172.69 0.558312091642
172.76 0.644242952307
172.83 0.588382515317
172.9 0.363233013975
172.97 0.231611725188
173.04 0.246339614721
173.11 0.825812990787
173.18 0.315771711024
173.25 0.30267888895
173.32 0.26510086613
173.39 0.490117412102
173.46 0.256943592472
173.53 0.328126168234
173.6 0.677140697468
173.67 0.547421921452
173.74 0.300703362357
173.81 0.286429310979
173.88 0.44885830405
173.95 0.544227921962
174.02 0.483925419988
174.09 0.432749476721
174.16 0.770265090437
174.23 0.459050694633
174.3 0.338078807197
174.37 0.277254435867
174.44 0.458267945247
174.51 0.474042209809
174.58 0.403133258449
174.65 0.329720200121
174.72 0.672701363526
174.79 0.254948209721
174.86 0.516246494255
174.93 0.277980850603
175.0 0.424142732533
175.07 0.275968259668
175.14 0.379655854222
175.21 0.62529450215
175.28 0.434035788452
175.35 0.225245596398
175.42 0.330171195021
175.49 0.458143633317
175.56 0.407052346502
175.63 0.350910578734
175.7 0.225181438787
175.77 0.730659533194
175.84 0.327838731233
175.91 0.245002976923
175.98 0.360543710634
176.05 0.568067211027
176.12 0.338212380477
176.19 0.329424352854
176.26 0.445589984968
176.33 0.701129756607
176.4 0.329524086869
176.47 0.312994053978
176.54 0.331987465762
176.61 0.565612615478
176.68 0.385001507698
176.75 0.396193360316
176.82 0.639380857829
176.89 0.481733253613
176.96 0.315431987843
177.03 0.229191031568
177.1 0.422659844119
177.17 0.486753920455
177.24 0.358815314136
177.31 0.311220767263
177.38 0.752012732295
177.45 0.397814354314
177.52 0.25036056158
177.59 0.264786010873
177.66 0.496503279004
177.73 0.462738002675
177.8 0.384380933202
177.87 0.403594020392
177.94 0.727327014238
178.01 0.241875335616
178.08 0.187360797773
178.15 0.228318224855
178.22 0.266780804861
178.29 0.211963424554
178.36 0.245190691566
178.43 0.49783761276
178.5 0.461165731679
178.57 0.292388004541
178.64 0.379133890139
178.71 0.414188464273
178.78 0.352333414843
178.85 0.273587051019
178.92 0.254230368473
178.99 0.61395451167
179.06 0.319892563865
179.13 0.523419261027
179.2 0.408115221451
179.27 0.437498404949
179.34 0.418794898888
179.41 0.399959358491
179.48 0.415787557476
179.55 0.803941861499
179.62 0.411375389672
179.69 0.43964914956
179.76 0.407857887113
179.83 0.603756685237
179.9 0.416056199258
179.97 0.341803928649
180.04 0.662814145682
180.11 0.514879702788
180.18 0.314245242535
180.25 0.356612733662
180.32 0.458841325483
180.39 0.494606120473
180.46 0.323976301358
180.53 0.243354187219
180.6 0.799027272441
180.67 0.544188211105
180.74 0.463671959065
180.81 0.534355020953
180.88 0.435602980644
180.95 0.240599021188
181.02 0.524105779824
181.09 0.484190121143
181.16 0.669912076966
181.23 0.361709155569
181.3 0.654474948819
181.37 0.481753535311
181.44 0.446391526658
181.51 0.350481126126
181.58 0.281553603556
181.65 0.643453503563
181.72 0.465700184264
181.79 0.301230068601
181.86 0.267651383312
181.93 0.415641611442
182.0 0.332289993442
182.07 0.288658241485
182.14 0.277119042379
182.21 0.775076350239
182.28 0.489220119286
182.35 0.433092723733
182.42 0.40818614983
182.49 0.601719439149
182.56 0.513915505288
182.63 0.519498935698
182.7 0.476771726786
182.77 0.684824582853
182.84 0.365747943094
182.91 0.280654739736
182.98 0.368485262631
183.05 0.399673821851
183.12 0.308698749677
183.19 0.243349241032
183.26 0.44767066394
183.33 0.3912993896
183.4 0.343646619374
183.47 0.41528855804
183.54 0.385505839514
183.61 0.369890419837
183.68 0.330748196729
183.75 0.380457202087
183.82 0.700931773597
183.89 0.34721969877
183.96 0.370343045492
184.03 0.412401028315
184.1 0.519246853587
184.17 0.437618371114
184.24 0.399407708541
184.31 0.524288146058
184.38 0.659307303511
184.45 0.352596915156
184.52 0.319386962712
184.59 0.36533007628
184.66 0.378245685249
184.73 0.255250422618
184.8 0.199620153828
184.87 0.506274665136
184.94 0.435771057731
185.01 0.257208758515
185.08 0.220554001093
185.15 0.633624797625
185.22 0.558046865847
185.29 0.283197573861
185.36 0.357791347054
185.43 0.600689856964
185.5 0.450935288684
185.57 0.682348235158
185.64 0.698958125506
185.71 0.311835752888
185.78 0.203381071742
185.85 0.167669338233
185.92 0.172108704236
185.99 0.815211200492
186.06 0.486644149789
186.13 0.363483495935
186.2 0.377610799746
186.27 0.325193195963
186.34 0.262876514564
186.41 0.262194676718
186.48 0.295816076426
186.55 0.322311553862
186.62 0.342011755941
186.69 0.320075341066
186.76 0.27740375854
186.83 0.255244750679
186.9 0.250816244719
186.97 0.249750271481
187.04 0.255433580183
187.11 0.244991057399
187.18 0.225385048558
187.25 0.226865421616
187.32 0.231347574905
187.39 0.213632016493
187.46 0.19432724705
187.53 0.180759239812
187.6 0.0403716245422
187.67 0.0
187.74 0.0
187.81 0.0
187.88 0.0
187.95 0.0
188.02 0.0
188.09 0.0
188.16 0.0
188.23 0.0
188.3 0.0
188.37 0.0
188.44 0.0
188.51 0.0
188.58 0.0
188.65 0.0
188.72 0.0
188.79 0.0
188.86 0.0
188.93 0.0
189.0 0.0
189.07 0.0
189.14 0.0
189.21 0.0
189.28 0.0
189.35 0.0
189.42 0.0
189.49 0.0
189.56 0.0
189.63 0.0
189.7 0.0
189.77 0.0
189.84 0.0
189.91 0.0
189.98 0.0
190.05 0.0
190.12 0.0
190.19 0.0
190.26 0.0
190.33 0.0
190.4 0.0
190.47 0.0
190.54 0.0
190.61 0.0
190.68 0.0
190.75 0.0
190.82 0.0
190.89 0.0
190.96 0.0
191.03 0.0
191.1 0.0
191.17 0.0
191.24 0.0
191.31 0.0
191.38 0.0
191.45 0.0
191.52 0.0
191.59 0.0
191.66 0.0
191.73 0.0
191.8 0.0
191.87 0.0
191.94 0.0
192.01 0.0
192.08 0.0
192.15 0.0
192.22 0.0
192.29 0.0
192.36 0.0
192.43 0.0
192.5 0.0
192.57 0.0
192.64 0.0
192.71 0.0
192.78 0.0
192.85 0.0
192.92 0.0
192.99 0.0
193.06 0.0
193.13 0.0
193.2 0.0
193.27 0.0
193.34 0.0
193.41 0.0
193.48 0.0
193.55 0.0
193.62 0.0
193.69 0.0
193.76 0.0
193.83 0.0
193.9 0.0
193.97 0.0
194.04 0.0
194.11 0.0
194.18 0.0
194.25 0.0
194.32 0.0
194.39 0.0
194.46 0.0
194.53 0.0
194.6 0.0
194.67 0.0
194.74 0.0
194.81 0.0
194.88 0.0
194.95 0.0
195.02 0.0
195.09 0.0
195.16 0.0
195.23 0.0
195.3 0.0
195.37 0.0
195.44 0.0
195.51 0.0
195.58 0.0
195.65 0.0
195.72 0.0
195.79 0.0
195.86 0.0
195.93 0.0
196.0 0.0
196.07 0.0
196.14 0.0
196.21 0.0
196.28 0.0
196.35 0.0
196.42 0.0
196.49 0.0
196.56 0.0
