0.0 0.0
0.07 0.0
0.14 0.0
0.21 0.0
0.28 0.0
0.35 0.0
0.42 0.0
0.49 0.0
0.56 0.0
0.63 0.0
0.7 0.0
0.77 0.0
0.84 0.0
0.91 0.0
0.98 0.0
1.05 0.0
1.12 0.0
1.19 0.0
1.26 0.0
1.33 0.0
1.4 0.0
1.47 0.0
1.54 0.0
1.61 0.0
1.68 0.0
1.75 0.0
1.82 0.0
1.89 0.0
1.96 0.0
2.03 0.0
2.1 0.0
2.17 0.0
2.24 0.0
2.31 0.0
2.38 0.0
2.45 0.0
2.52 0.0
2.59 0.0
2.66 0.0
2.73 0.0
2.8 0.0
2.87 0.0
2.94 0.0
3.01 0.0
3.08 0.0
3.15 0.0
3.22 0.0
3.29 0.0
3.36 0.0
3.43 0.0
3.5 0.0
3.57 0.0
3.64 0.0
3.71 0.0
3.78 0.0
3.85 0.0
3.92 0.0
3.99 0.26282027345
4.06 0.427681907487
4.13 0.421134904581
4.2 0.441680986055
4.27 0.469173435071
4.34 0.459046321818
4.41 0.300749173683
4.48 0.327917348218
4.55 0.349049130727
4.62 0.3276007936
4.69 0.275221717404
4.76 0.318884352538
4.83 0.327015108867
4.9 0.269299970188
4.97 0.343070101319
5.04 0.309904603593
5.11 0.264418349323
5.18 0.282556861533
5.25 0.328642320894
5.32 0.318394731905
5.39 0.257097871086
5.46 0.244968559114
5.53 0.242637735272
5.6 0.24515060356
5.67 0.228210661297
5.74 0.213728748359
5.81 0.227403219871
5.88 0.238940897718
5.95 0.149659422945
6.02 0.176958456937
6.09 0.363201039334
6.16 0.574502547613
6.23 0.447277378466
6.3 0.462999177782
6.37 0.238418505433
6.44 0.27562365569
6.51 0.466275635454
6.58 0.437724884771
6.65 0.520590122627
6.72 0.412143461179
6.79 0.39469830857
6.86 0.205757307276
6.93 0.295282756038
7.0 0.575553844561
7.07 0.3290244036
7.14 0.208185732017
7.21 0.437597369537
7.28 0.423884645411
7.35 0.481247070123
7.42 0.343089778657
7.49 0.134813603705
7.56 0.570077949624
7.63 0.520262356111
7.7 0.453061662551
7.77 0.502692715133
7.84 0.26568800766
7.91 0.181261632548
7.98 0.442906397825
8.05 0.448521895892
8.12 0.308175862808
8.19 0.266558307881
8.26 0.286965362254
8.33 0.31916861915
8.4 0.31350871475
8.47 0.228061195044
8.54 0.289029198154
8.61 0.207997389301
8.68 0.178215541559
8.75 0.195945837864
8.82 0.211588541999
8.89 0.226802497544
8.96 0.234324293258
9.03 0.285768067177
9.1 0.207826789338
9.17 0.132802540674
9.24 0.403020106252
9.31 0.24339576218
9.38 0.18570498623
9.45 0.323054448266
9.52 0.292991339039
9.59 0.203337837054
9.66 0.219889620059
9.73 0.31599857452
9.8 0.26271085528
9.87 0.299777199065
9.94 0.507514261701
10.01 0.277965975098
10.08 0.217837701419
10.15 0.426778568249
10.22 0.390584998346
10.29 0.349709535
10.36 0.364335072396
10.43 0.316967742902
10.5 0.327321748194
10.57 0.280441898248
10.64 0.30690662508
10.71 0.318191090752
10.78 0.281106820537
10.85 0.381606069969
10.92 0.294892638283
10.99 0.223135698226
11.06 0.291016019096
11.13 0.32252230589
11.2 0.174657925652
11.27 0.16295508859
11.34 0.378645658271
11.41 0.313906455639
11.48 0.194782315423
11.55 0.24399082965
11.62 0.31957515588
11.69 0.30685686712
11.76 0.272719664315
11.83 0.510184490001
11.9 0.323379258562
11.97 0.242955559325
12.04 0.414327591312
12.11 0.406085623518
12.18 0.329632173033
12.25 0.336413994342
12.32 0.392605556059
12.39 0.335664465478
12.46 0.333802091605
12.53 0.262703852734
12.6 0.302891712413
12.67 0.327909427288
12.74 0.327353904691
12.81 0.418700924973
12.88 0.304276530724
12.95 0.250633641246
13.02 0.459016446609
13.09 0.274216733115
13.16 0.2479789744
13.23 0.256253163902
13.3 0.285454899169
13.37 0.19801141163
13.44 0.16663990998
13.51 0.240077190332
13.58 0.281829039148
13.65 0.202985874097
13.72 0.314354838094
13.79 0.385194957681
13.86 0.237930230315
13.93 0.157341809862
14.0 0.235068590047
14.07 0.208891691419
14.14 0.199758786381
14.21 0.405112417505
14.28 0.462809129806
14.35 0.355519747958
14.42 0.268575486592
14.49 0.259643493638
14.56 0.309270598797
14.63 0.290147669762
14.7 0.420230531754
14.77 0.337113528313
14.84 0.313891364789
14.91 0.400712502864
14.98 0.331952479472
15.05 0.199185605806
15.12 0.192100679593
15.19 0.291868457012
15.26 0.3139589318
15.33 0.272386121215
15.4 0.249046959861
15.47 0.331053176778
15.54 0.209728974362
15.61 0.118044021212
15.68 0.559267668118
15.75 0.404797335563
15.82 0.300241007118
15.89 0.270651026731
15.96 0.339425245412
16.03 0.352726664817
16.1 0.29940115922
16.17 0.407877520895
16.24 0.393324465225
16.31 0.348952429736
16.38 0.353487297981
16.45 0.338225662525
16.52 0.349495323188
16.59 0.41516991287
16.66 0.423511023797
16.73 0.302097335956
16.8 0.294101737559
16.87 0.501125505672
16.94 0.306533869682
17.01 0.308714752321
17.08 0.392966058361
17.15 0.355544554119
17.22 0.330627905006
17.29 0.335591781599
17.36 0.382855487983
17.43 0.349690076118
17.5 0.237706790097
17.57 0.535874445983
17.64 0.333098831927
17.71 0.276764296773
17.78 0.210093741445
17.85 0.560333688563
17.92 0.268883470346
17.99 0.289593081853
18.06 0.464715486142
18.13 0.381378667114
18.2 0.275765436858
18.27 0.281902722925
18.34 0.275906866975
18.41 0.329121721919
18.48 0.454954130088
18.55 0.494665913402
18.62 0.383010571053
18.69 0.31277004782
18.76 0.567741616561
18.83 0.366171096786
18.9 0.269039119662
18.97 0.31737619248
19.04 0.39742260526
19.11 0.255706858843
19.18 0.228334550814
19.25 0.295058712622
19.32 0.322527198868
19.39 0.247099568587
19.46 0.318422073677
19.53 0.467397937106
19.6 0.301634977755
19.67 0.292164070291
19.74 0.363914908797
19.81 0.320054405833
19.88 0.304984717072
19.95 0.357450111624
20.02 0.432505928802
20.09 0.345550964182
20.16 0.331255263742
20.23 0.332431587049
20.3 0.373552948101
20.37 0.344044033345
20.44 0.436288229364
20.51 0.33313683348
20.58 0.29153255111
20.65 0.374884627275
20.72 0.418801352757
20.79 0.273090168856
20.86 0.306604795045
20.93 0.447008996101
21.0 0.272639783345
21.07 0.347298920395
21.14 0.313520884159
21.21 0.307729109535
21.28 0.265883121423
21.35 0.224409886535
21.42 0.558228257999
21.49 0.379160312216
21.56 0.285285901217
21.63 0.242836498662
21.7 0.276944282733
21.77 0.214198961192
21.84 0.217531744632
21.91 0.450233804702
21.98 0.38439372323
22.05 0.294718476727
22.12 0.264007711925
22.19 0.268750316557
22.26 0.271786631371
22.33 0.391532596106
22.4 0.413825856699
22.47 0.327009149694
22.54 0.316723698268
22.61 0.518536122678
22.68 0.285643809218
22.75 0.343356830723
22.82 0.407799176725
22.89 0.556360149929
22.96 0.393900430298
23.03 0.304326334332
23.1 0.287968298925
23.17 0.342581656653
23.24 0.287296051297
23.31 0.287391655661
23.38 0.517361840467
23.45 0.365269629096
23.52 0.297346274579
23.59 0.469097836273
23.66 0.329793267446
23.73 0.263007960798
23.8 0.354621540804
23.87 0.513033578289
23.94 0.415718825272
24.01 0.332320862491
24.08 0.321323319681
24.15 0.322389962888
24.22 0.442283666877
24.29 0.575619969328
24.36 0.408342314717
24.43 0.376102561549
24.5 0.427271136408
24.57 0.621677143535
24.64 0.401743082364
24.71 0.334075284348
24.78 0.456370791886
24.85 0.475085652826
24.92 0.404641508004
24.99 0.429707158199
25.06 0.411297067211
25.13 0.3496624572
25.2 0.314210202869
25.27 0.439712970801
25.34 0.412781268847
25.41 0.325933624785
25.48 0.220188781888
25.55 0.307378708375
25.62 0.27503820463
25.69 0.28463033558
25.76 0.528698285612
25.83 0.530712740687
25.9 0.387163527227
25.97 0.406941578466
26.04 0.484709831589
26.11 0.530763628967
26.18 0.374556243431
26.25 0.54229532373
26.32 0.395688726956
26.39 0.289351284815
26.46 0.46978642897
26.53 0.537962906542
26.6 0.426661892125
26.67 0.351475151366
26.74 0.592735828403
26.81 0.512218501774
26.88 0.421758225686
26.95 0.465113895441
27.02 0.368582247205
27.09 0.262636048792
27.16 0.38036204271
27.23 0.495441165725
27.3 0.423576691001
27.37 0.416691711753
27.44 0.460488950528
27.51 0.390326109576
27.58 0.358922590545
27.65 0.547514364473
27.72 0.505823386612
27.79 0.411589710141
27.86 0.465256438487
27.93 0.486146442435
28.0 0.354216157218
28.07 0.379033747972
28.14 0.538386661077
28.21 0.453427305632
28.28 0.426476642572
28.35 0.512878324585
28.42 0.477259837236
28.49 0.384361418921
28.56 0.396403806078
28.63 0.55040921113
28.7 0.451425983997
28.77 0.417875359311
28.84 0.489960703862
28.91 0.527401694157
28.98 0.39748696825
29.05 0.383608745813
29.12 0.576128167411
29.19 0.487401307718
29.26 0.564713625897
29.33 0.457580870439
29.4 0.363425670734
29.47 0.484509954182
29.54 0.510024993251
29.61 0.534939016545
29.68 0.496397720178
29.75 0.492475555644
29.82 0.402591829353
29.89 0.401952144702
29.96 0.57679972924
30.03 0.532189520256
30.1 0.341175915479
30.17 0.517556130402
30.24 0.54141109341
30.31 0.565093141474
30.38 0.454258928283
30.45 0.350158798886
30.52 0.606444579022
30.59 0.608590565225
30.66 0.541517990098
30.73 0.445145945123
30.8 0.410384275678
30.87 0.399897214413
30.94 0.238132935693
31.01 0.624234019284
31.08 0.395325906412
31.15 0.301610025957
31.22 0.20197781621
31.29 0.346447245445
31.36 0.301190591632
31.43 0.260754530136
31.5 0.335906345115
31.57 0.229242117881
31.64 0.206885377903
31.71 0.163655511601
31.78 0.22550629844
31.85 0.24525074333
31.92 0.139363246528
31.99 0.321823089277
32.06 0.17984808891
32.13 0.176525997856
32.2 0.398924209467
32.27 0.283783813364
32.34 0.202966264144
32.41 0.210759698412
32.48 0.465448363446
32.55 0.258575840751
32.62 0.207173285447
32.69 0.303235745745
32.76 0.303078371605
32.83 0.340338648839
32.9 0.324590557643
32.97 0.409901343492
33.04 0.274809262801
33.11 0.261185586099
33.18 0.479188040253
33.25 0.369683252119
33.32 0.340744819302
33.39 0.367992872632
33.46 0.359883710836
33.53 0.343250523105
33.6 0.273373177987
33.67 0.296293221288
33.74 0.295634473368
33.81 0.292605741475
33.88 0.412764994423
33.95 0.342475027328
34.02 0.285380701315
34.09 0.272816913076
34.16 0.443898442132
34.23 0.259769019944
34.3 0.234828514573
34.37 0.344359981503
34.44 0.290694885598
34.51 0.209005054838
34.58 0.16299473128
34.65 0.310851611196
34.72 0.256845237113
34.79 0.126754617218
34.86 0.413290971125
34.93 0.306517427884
35.0 0.229452029045
35.07 0.253367277199
35.14 0.399764523621
35.21 0.302113334322
35.28 0.296589680133
35.35 0.364433944904
35.42 0.25046231527
35.49 0.21778900422
35.56 0.174787459159
35.63 0.253585579897
35.7 0.191865081922
35.77 0.181024267666
35.84 0.354324550492
35.91 0.194923898785
35.98 0.194966935693
36.05 0.414879178441
36.12 0.354040561026
36.19 0.21892245908
36.26 0.229053546928
36.33 0.463233819029
36.4 0.2681421939
36.47 0.212400602518
36.54 0.372308745859
36.61 0.311061992965
36.68 0.35338342381
36.75 0.33858083711
36.82 0.497756592227
36.89 0.247229798761
36.96 0.225595931675
37.03 0.481837752171
37.1 0.357358076461
37.17 0.331959440717
37.24 0.395475604163
37.31 0.399603095547
37.38 0.368068919211
37.45 0.310287348188
37.52 0.341490048605
37.59 0.350970598562
37.66 0.310756228549
37.73 0.462882306026
37.8 0.342932821865
37.87 0.294324475674
37.94 0.478512914658
38.01 0.385501274214
38.08 0.258562044334
38.15 0.290790247595
38.22 0.360642601787
38.29 0.268519272769
38.36 0.279162085513
38.43 0.261989347467
38.5 0.287441687506
38.57 0.272466483658
38.64 0.223369300449
38.71 0.495723530357
38.78 0.28272466939
38.85 0.204900489372
38.92 0.331855863255
38.99 0.270409357941
39.06 0.211508416489
39.13 0.238497400634
39.2 0.459175524923
39.27 0.330360385597
39.34 0.305667808158
39.41 0.22263775453
39.48 0.298610884519
39.55 0.379429584708
39.62 0.423063929254
39.69 0.410069679556
39.76 0.309433035464
39.83 0.301110671535
39.9 0.444499686144
39.97 0.247177720386
40.04 0.237904807912
40.11 0.334054936427
40.18 0.456443329041
40.25 0.334409330657
40.32 0.227659281755
40.39 0.331747843856
40.46 0.251282895571
40.53 0.241027237841
40.6 0.465558957582
40.67 0.408113675031
40.74 0.324165463027
40.81 0.241383859018
40.88 0.493805530645
40.95 0.387311452332
41.02 0.329412110732
41.09 0.387655020495
41.16 0.398030135587
41.23 0.387108250265
41.3 0.352110364734
41.37 0.39926271619
41.44 0.344720158838
41.51 0.326074322368
41.58 0.458101267276
41.65 0.325506183669
41.72 0.326161978631
41.79 0.516767971788
41.86 0.394119015576
41.93 0.29919246641
42.0 0.325285760535
42.07 0.41693174484
42.14 0.285013611642
42.21 0.264346230603
42.28 0.275795226206
42.35 0.205567794028
42.42 0.22361535466
42.49 0.315092197549
42.56 0.52262850678
42.63 0.30000360311
42.7 0.241636592982
42.77 0.457221589752
42.84 0.322755713567
42.91 0.27056828301
42.98 0.431643234325
43.05 0.488082447916
43.12 0.339313988299
43.19 0.303839221051
43.26 0.331840321365
43.33 0.299167998257
43.4 0.412956928076
43.47 0.460669989642
43.54 0.379807035278
43.61 0.302669200361
43.68 0.332793172936
43.75 0.49169958709
43.82 0.250828081165
43.89 0.315627196155
43.96 0.401410718492
44.03 0.312295343054
44.1 0.24280218695
44.17 0.343724075814
44.24 0.372766003494
44.31 0.248604105103
44.38 0.169042003715
44.45 0.475574774597
44.52 0.36012076488
44.59 0.251626088772
44.66 0.272129113775
44.73 0.470287385402
44.8 0.306612880089
44.87 0.327429520879
44.94 0.39222189308
45.01 0.359956614258
45.08 0.330482231845
45.15 0.317887931505
45.22 0.455063130909
45.29 0.355934129538
45.36 0.31310359418
45.43 0.478731839032
45.5 0.293178192776
45.57 0.315067382692
45.64 0.47058273349
45.71 0.306091711592
45.78 0.323116527793
45.85 0.327103467232
45.92 0.493908524471
45.99 0.337290084189
46.06 0.286825182009
46.13 0.369108556482
46.2 0.332772034878
46.27 0.240646629985
46.34 0.522678820118
46.41 0.431351626072
46.48 0.314007151874
46.55 0.237107771945
46.62 0.318090969459
46.69 0.298519943809
46.76 0.295930086647
46.83 0.445175160617
46.9 0.489688801205
46.97 0.402704943884
47.04 0.217269583371
47.11 0.349465018675
47.18 0.314933866984
47.25 0.44984185996
47.32 0.465669765828
47.39 0.273605311882
47.46 0.299339988296
47.53 0.457344671743
47.6 0.410620520022
47.67 0.294902378592
47.74 0.434960496525
47.81 0.438607759795
47.88 0.435497041712
47.95 0.382545628333
48.02 0.293933219992
48.09 0.372926333854
48.16 0.386188245339
48.23 0.308067483662
48.3 0.433612085364
48.37 0.395719746613
48.44 0.310851238408
48.51 0.384030547288
48.58 0.41116256356
48.65 0.334371993167
48.72 0.278783983922
48.79 0.562276415097
48.86 0.471341129927
48.93 0.298043319675
49.0 0.398629948224
49.07 0.439983889863
49.14 0.451491061045
49.21 0.439194374867
49.28 0.541808872338
49.35 0.393289181873
49.42 0.37289377305
49.49 0.519661743556
49.56 0.398369130303
49.63 0.386394867709
49.7 0.443622317079
49.77 0.518071581005
49.84 0.427977769654
49.91 0.42948565474
49.98 0.454739836763
50.05 0.409739815428
50.12 0.323896291612
50.19 0.23366149249
50.26 0.500081322127
50.33 0.301348574405
50.4 0.201196594931
50.47 0.381123057357
50.54 0.312156857202
50.61 0.282584518491
50.68 0.436704568353
50.75 0.561701823796
50.82 0.432222929452
50.89 0.323821628587
50.96 0.507284811228
51.03 0.409776569282
51.1 0.541240233691
51.17 0.535246666638
51.24 0.58529756872
51.31 0.521125254915
51.38 0.529221366957
51.45 0.461733828787
51.52 0.38793653304
51.59 0.311679141874
51.66 0.420469244323
51.73 0.595505438941
51.8 0.48446383498
51.87 0.420445689121
51.94 0.450181355712
52.01 0.418303257989
52.08 0.237886841269
52.15 0.480148263897
52.22 0.497504028898
52.29 0.42383905985
52.36 0.468332949195
52.43 0.478291620961
52.5 0.37714852426
52.57 0.346886754893
52.64 0.561182205141
52.71 0.471311605769
52.78 0.410463586054
52.85 0.460655974769
52.92 0.419218253645
52.99 0.378413270055
53.06 0.449531913363
53.13 0.592020005878
53.2 0.493153112513
53.27 0.495127028251
53.34 0.557652194023
53.41 0.376371291704
53.48 0.354817046919
53.55 0.403876724176
53.62 0.539798196225
53.69 0.452325514928
53.76 0.453216832568
53.83 0.51078060845
53.9 0.425757169333
53.97 0.384777791603
54.04 0.448558081326
54.11 0.567199957766
54.18 0.481501815837
54.25 0.52550025471
54.32 0.398162442722
54.39 0.357664197362
54.46 0.529361367872
54.53 0.457201821119
54.6 0.459009208218
54.67 0.4834749447
54.74 0.448044059925
54.81 0.367035436747
54.88 0.435006172293
54.95 0.567587382318
55.02 0.458595889573
55.09 0.330570677157
55.16 0.546057831749
55.23 0.517338204839
55.3 0.564499885776
55.37 0.439081283159
55.44 0.314458187318
55.51 0.582369271132
55.58 0.621146433621
55.65 0.53173189092
55.72 0.536609524149
55.79 0.401111876195
55.86 0.263965389075
55.93 0.362884396682
56.0 0.599660354698
56.07 0.386868355207
56.14 0.27929454046
56.21 0.328553708208
56.28 0.394682049362
56.35 0.318274780029
56.42 0.347193022518
56.49 0.345730772986
56.56 0.273607962698
56.63 0.250708258623
56.7 0.235732327675
56.77 0.249795902916
56.84 0.2777960555
56.91 0.30691458731
56.98 0.323772740104
57.05 0.217116490315
57.12 0.172285131097
57.19 0.43328631973
57.26 0.228896780334
57.33 0.191128703889
57.4 0.311138856852
57.47 0.388517120467
57.54 0.257985964056
57.61 0.235220628863
57.68 0.351198048152
57.75 0.314156930051
57.82 0.327534216706
57.89 0.383700714679
57.96 0.350260624353
58.03 0.226352072907
58.1 0.315942082465
58.17 0.494722372851
58.24 0.336290700415
58.31 0.334958840824
58.38 0.400573505107
58.45 0.311429030469
58.52 0.308204544661
58.59 0.245268194808
58.66 0.326327194361
58.73 0.364738395323
58.8 0.28145715866
58.87 0.467509406153
58.94 0.354669359832
59.01 0.290341113044
59.08 0.425821680134
59.15 0.365359213423
59.22 0.278151475712
59.29 0.208169742346
59.36 0.319689355083
59.43 0.228184410717
59.5 0.181041840871
59.57 0.202059742623
59.64 0.335564381137
59.71 0.225917937909
59.78 0.218644873308
59.85 0.482555022374
59.92 0.284007786135
59.99 0.205218040627
60.06 0.365276362104
60.13 0.332085941925
60.2 0.326658853958
60.27 0.348933071931
60.34 0.379129261041
60.41 0.239458954577
60.48 0.225273060311
60.55 0.26925768103
60.62 0.27273661367
60.69 0.290961861585
60.76 0.355032156465
60.83 0.460023533944
60.9 0.332580169696
60.97 0.307657191882
61.04 0.546267766824
61.11 0.27721063161
61.18 0.309210697308
61.25 0.383355036949
61.32 0.395131186087
61.39 0.252963597786
61.46 0.289375298666
61.53 0.393816636684
61.6 0.270749803597
61.67 0.200136060883
61.74 0.472497137917
61.81 0.469479976581
61.88 0.351912926208
61.95 0.333188536894
62.02 0.380178823384
62.09 0.400368058704
62.16 0.347400913237
62.23 0.304739833393
62.3 0.24704823144
62.37 0.375814975711
62.44 0.19119271148
62.51 0.299233601338
62.58 0.305926021997
62.65 0.222848240636
62.72 0.412096456198
62.79 0.351292754782
62.86 0.380960212036
62.93 0.463911045496
63.0 0.268904912721
63.07 0.214038978622
63.14 0.244412094223
63.21 0.441680639352
63.28 0.236956640645
63.35 0.195073650878
63.42 0.316993497879
63.49 0.298919344311
63.56 0.317354626204
63.63 0.359493222467
63.7 0.324576089556
63.77 0.25100079613
63.84 0.349226312626
63.91 0.502332960581
63.98 0.3413110082
64.05 0.348290914707
64.12 0.342184309202
64.19 0.311701650444
64.26 0.314525934745
64.33 0.249231148654
64.4 0.27889298257
64.47 0.302596141521
64.54 0.312745975279
64.61 0.418307982506
64.68 0.294052198054
64.75 0.258912584611
64.82 0.347072378321
64.89 0.369812513914
64.96 0.22337070574
65.03 0.154245449008
65.1 0.326898542515
65.17 0.245763898515
65.24 0.162829505767
65.31 0.242674595636
65.38 0.300769937866
65.45 0.218639445601
65.52 0.150159757701
65.59 0.430840501114
65.66 0.301448957629
65.73 0.254478608232
65.8 0.357735141201
65.87 0.324917860076
65.94 0.261181531079
66.01 0.281245768299
66.08 0.464531235399
66.15 0.347829681391
66.22 0.255698409706
66.29 0.286755143512
66.36 0.337930747001
66.43 0.378596216583
66.5 0.383991232826
66.57 0.399004414316
66.64 0.263932535909
66.71 0.213619691021
66.78 0.520642350987
66.85 0.320274672462
66.92 0.239292378116
66.99 0.277909476522
67.06 0.414126835734
67.13 0.331014363352
67.2 0.284988675059
67.27 0.276067747279
67.34 0.248027231427
67.41 0.202886926597
67.48 0.46475674497
67.55 0.430598413889
67.62 0.381636017997
67.69 0.214592590544
67.76 0.466955398619
67.83 0.276966598932
67.9 0.297173524836
67.97 0.382509901548
68.04 0.33657699182
68.11 0.347814379693
68.18 0.301261594161
68.25 0.33260478892
68.32 0.369021572977
68.39 0.296363498892
68.46 0.46881945819
68.53 0.33154746976
68.6 0.277767897507
68.67 0.429988443594
68.74 0.468076755802
68.81 0.277418720135
68.88 0.320113090056
68.95 0.38213139239
69.02 0.277200223978
69.09 0.281481090998
69.16 0.30881887538
69.23 0.299188601587
69.3 0.242060074719
69.37 0.239318176567
69.44 0.504734980411
69.51 0.322739556522
69.58 0.286320121649
69.65 0.364493474692
69.72 0.351337987117
69.79 0.28155178595
69.86 0.321712038666
69.93 0.454375327261
70.0 0.296573681767
70.07 0.254350911495
70.14 0.367549248387
70.21 0.239078928182
70.28 0.476315656518
70.35 0.417867340565
70.42 0.405443572805
70.49 0.225047582259
70.56 0.325130163387
70.63 0.447376581375
70.7 0.203266998639
70.77 0.345700401089
70.84 0.382574900343
70.91 0.32903740988
70.98 0.218023733502
71.05 0.232579786691
71.12 0.350614146933
71.19 0.265603968419
71.26 0.252721109515
71.33 0.489302450456
71.4 0.345453781718
71.47 0.271575526851
71.54 0.247912501843
71.61 0.495303164605
71.68 0.340287638833
71.75 0.297642786679
71.82 0.345929547245
71.89 0.334666280495
71.96 0.318792903185
72.03 0.326767195063
72.1 0.375985037685
72.17 0.329104571498
72.24 0.307689600527
72.31 0.384658312504
72.38 0.355286600037
72.45 0.330670172427
72.52 0.375131392284
72.59 0.30719535754
72.66 0.350522936686
72.73 0.247118131908
72.8 0.426231629559
72.87 0.25146580732
72.94 0.213451740788
73.01 0.304144543121
73.08 0.287277695564
73.15 0.303085499137
73.22 0.295490633714
73.29 0.533548020604
73.36 0.457841348177
73.43 0.347805599068
73.5 0.341928716834
73.57 0.330765306187
73.64 0.289934332861
73.71 0.267222335697
73.78 0.488748715721
73.85 0.413439413569
73.92 0.231060600585
73.99 0.268345293803
74.06 0.274639171481
74.13 0.34441095673
74.2 0.434718891859
74.27 0.417074957384
74.34 0.36546719913
74.41 0.416185238494
74.48 0.50051830792
74.55 0.37804448273
74.62 0.471152553539
74.69 0.384735074228
74.76 0.483940813412
74.83 0.471049649921
74.9 0.35760886171
74.97 0.351866308145
75.04 0.505784002592
75.11 0.465732450728
75.18 0.39639587754
75.25 0.376989656794
75.32 0.295032667456
75.39 0.284414696739
75.46 0.411279473356
75.53 0.280527364516
75.6 0.296355193218
75.67 0.441894249051
75.74 0.451739070491
75.81 0.364341314149
75.88 0.322149614616
75.95 0.413790554871
76.02 0.438972561657
76.09 0.446804975639
76.16 0.50826720978
76.23 0.347913827142
76.3 0.377966420052
76.37 0.453995991014
76.44 0.414000944247
76.51 0.318973841222
76.58 0.332344852431
76.65 0.458229053135
76.72 0.410565842999
76.79 0.41977731175
76.86 0.42864457762
76.93 0.413418466796
77.0 0.381271783468
77.07 0.356842985603
77.14 0.4607029178
77.21 0.307010674233
77.28 0.219671182592
77.35 0.421309158519
77.42 0.279359907695
77.49 0.202468914953
77.56 0.290633276675
77.63 0.552437162653
77.7 0.4074424686
77.77 0.286130851854
77.84 0.403276352901
77.91 0.503345227821
77.98 0.293848292798
78.05 0.459441646649
78.12 0.511210987309
78.19 0.513087382575
78.26 0.422594294622
78.33 0.470797664794
78.4 0.479194047248
78.47 0.485452479634
78.54 0.42299474067
78.61 0.468775062725
78.68 0.447940958501
78.75 0.382504155396
78.82 0.4030683698
78.89 0.35506149912
78.96 0.280067923409
79.03 0.248549253098
79.1 0.423886006141
79.17 0.342537827435
79.24 0.36795993578
79.31 0.563074690068
79.38 0.390076729618
79.45 0.239586024204
79.52 0.411454886958
79.59 0.522217603105
79.66 0.345565062741
79.73 0.247909294562
79.8 0.418359414209
79.87 0.354783089518
79.94 0.438167066772
80.01 0.57881407237
80.08 0.534495080375
80.15 0.489341976853
80.22 0.500944233973
80.29 0.551739762159
80.36 0.49091778761
80.43 0.467096783089
80.5 0.612399885853
80.57 0.530169314681
80.64 0.541518004227
80.71 0.584469757636
80.78 0.549273098933
80.85 0.496297892333
80.92 0.468012381944
80.99 0.623139369156
81.06 0.560716536408
81.13 0.535748568625
81.2 0.618813489343
81.27 0.544906676523
81.34 0.513079650756
81.41 0.478707646938
81.48 0.533195858754
81.55 0.484466933577
81.62 0.542875551411
81.69 0.589798598031
81.76 0.539725369969
81.83 0.475757686346
81.9 0.568814636291
81.97 0.57816803076
82.04 0.600221789734
82.11 0.559203136667
82.18 0.580920061573
82.25 0.562069198222
82.32 0.615187439123
82.39 0.614909406657
82.46 0.555191249777
82.53 0.619812706829
82.6 0.590221285285
82.67 0.481466369458
82.74 0.535064556981
82.81 0.638765082636
82.88 0.520844718357
82.95 0.499852610709
83.02 0.572090694004
83.09 0.577397955082
83.16 0.646216484454
83.23 0.524937047029
83.3 0.423292191804
83.37 0.638802478815
83.44 0.610468167977
83.51 0.569480700855
83.58 0.556676218727
83.65 0.480814390412
83.72 0.438598160775
83.79 0.323500196207
83.86 1.0
83.93 0.350025248399
84.0 0.288424634916
84.07 0.238549432275
84.14 0.319199481215
84.21 0.331428448224
84.28 0.217840690244
84.35 0.290484154952
84.42 0.216777795568
84.49 0.196651670104
84.56 0.174255623273
84.63 0.208685679856
84.7 0.221774209053
84.77 0.195247534201
84.84 0.308538263829
84.91 0.202475537102
84.98 0.162100273743
85.05 0.387946064675
85.12 0.230242299399
85.19 0.208291452739
85.26 0.254956378989
85.33 0.328336336936
85.4 0.222501732557
85.47 0.182001502616
85.54 0.321169917961
85.61 0.232982134719
85.68 0.314019435401
85.75 0.483562478149
85.82 0.30721581958
85.89 0.225176089783
85.96 0.37703489239
86.03 0.40864494793
86.1 0.338663218912
86.17 0.336787676819
86.24 0.35540544333
86.31 0.308514573858
86.38 0.297733398075
86.45 0.283017160162
86.52 0.315426754675
86.59 0.29526077024
86.66 0.322739854317
86.73 0.345411241499
86.8 0.232240816972
86.87 0.166888541102
86.94 0.403586984211
87.01 0.163708689864
87.08 0.175218577073
87.15 0.305274062513
87.22 0.361162411728
87.29 0.206082052361
87.36 0.220263198199
87.43 0.318066788234
87.5 0.280319247734
87.57 0.30103227737
87.64 0.454884468726
87.71 0.37918442497
87.78 0.242819812323
87.85 0.297054078343
87.92 0.477810990713
87.99 0.320080212979
88.06 0.322939506747
88.13 0.391805113918
88.2 0.337700645508
88.27 0.334833444939
88.34 0.246580987869
88.41 0.305135222349
88.48 0.333073441043
88.55 0.256258500314
88.62 0.435468062064
88.69 0.336236561381
88.76 0.247414446202
88.83 0.423767355219
88.9 0.320927024296
88.97 0.239467392845
89.04 0.2030398588
89.11 0.323963653209
89.18 0.194968030146
89.25 0.179748051304
89.32 0.209004798342
89.39 0.289419594141
89.46 0.217829430525
89.53 0.145273781846
89.6 0.449889964828
89.67 0.258690560553
89.74 0.172214377456
89.81 0.211223246709
89.88 0.205321720253
89.95 0.204077762552
90.02 0.323539591096
90.09 0.485949164763
90.16 0.371456560091
90.23 0.284022143364
90.3 0.224121798575
90.37 0.311335009639
90.44 0.270121050438
90.51 0.387585248275
90.58 0.374465885271
90.65 0.323167254133
90.72 0.276831959426
90.79 0.436403151319
90.86 0.201442515461
90.93 0.205509427164
91.0 0.248786084338
91.07 0.306734748074
91.14 0.290216573593
91.21 0.213000003241
91.28 0.342351774702
91.35 0.224762314662
91.42 0.135803224346
91.49 0.51130297139
91.56 0.424114433892
91.63 0.314951194562
91.7 0.222519748108
91.77 0.343473411204
91.84 0.361004708273
91.91 0.301503868323
91.98 0.371707322517
92.05 0.39649062547
92.12 0.358462119108
92.19 0.347364434355
92.26 0.337489113857
92.33 0.327302486031
92.4 0.341866431893
92.47 0.475642954588
92.54 0.310421597517
92.61 0.30671750527
92.68 0.484407297278
92.75 0.314559879103
92.82 0.29390668792
92.89 0.350808574897
92.96 0.382621583617
93.03 0.337365942744
93.1 0.31883102103
93.17 0.379715825031
93.24 0.35052401375
93.31 0.267925663846
93.38 0.420029353393
93.45 0.448018431021
93.52 0.273705052779
93.59 0.230049688641
93.66 0.532884279715
93.73 0.285158082753
93.8 0.286883920574
93.87 0.421882547768
93.94 0.405140920028
94.01 0.297084724125
94.08 0.225823595373
94.15 0.319345964076
94.22 0.265383513766
94.29 0.452217920485
94.36 0.500892193637
94.43 0.384125615837
94.5 0.287902832787
94.57 0.509600821367
94.64 0.444151836897
94.71 0.287022460768
94.78 0.292828618706
94.85 0.396561674733
94.92 0.265023867899
94.99 0.21693321882
95.06 0.281035447394
95.13 0.33579279802
95.2 0.242655784515
95.27 0.253507630252
95.34 0.483413453156
95.41 0.303612180115
95.48 0.292027641837
95.55 0.33617912051
95.62 0.33314112978
95.69 0.302939136916
95.76 0.277490659525
95.83 0.468006305391
95.9 0.341348392424
95.97 0.353512060669
96.04 0.304719703928
96.11 0.357912020957
96.18 0.339928286413
96.25 0.408857057783
96.32 0.369198185369
96.39 0.287971197542
96.46 0.381187683363
96.53 0.403093110751
96.6 0.287235661814
96.67 0.293273265673
96.74 0.366605377421
96.81 0.381719768137
96.88 0.323450605621
96.95 0.289764850175
97.02 0.329694152571
97.09 0.263282157786
97.16 0.239692363341
97.23 0.526718765011
97.3 0.390939700154
97.37 0.290474309219
97.44 0.23875176704
97.51 0.277764564152
97.58 0.21407261649
97.65 0.218019620878
97.72 0.389121418516
97.79 0.410330610508
97.86 0.31102823337
97.93 0.269997363074
98.0 0.260428474315
98.07 0.264232079222
98.14 0.343074681286
98.21 0.434501146712
98.28 0.332448564662
98.35 0.300259560658
98.42 0.475069918564
98.49 0.359796604518
98.56 0.289610962635
98.63 0.415796042384
98.7 0.516907183654
98.77 0.432906332462
98.84 0.315019160445
98.91 0.269947593158
98.98 0.344303761159
99.05 0.294913647006
99.12 0.289630893207
99.19 0.484787547563
99.26 0.382346942109
99.33 0.298810517386
99.4 0.430023110704
99.47 0.37498013817
99.54 0.263596975625
99.61 0.278812745114
99.68 0.503283314581
99.75 0.442573441622
99.82 0.341920074239
99.89 0.329578400266
99.96 0.299895310912
100.03 0.403942872853
100.1 0.538507896518
100.17 0.466183159032
100.24 0.35821280436
100.31 0.378519753742
100.38 0.63003939904
100.45 0.436339129598
100.52 0.325155884673
100.59 0.398539696574
100.66 0.493900062292
100.73 0.394157362746
100.8 0.428824551626
100.87 0.416927296382
100.94 0.351149549846
101.01 0.332244225755
101.08 0.347960810386
101.15 0.446694311944
101.22 0.368437044648
101.29 0.224600850722
101.36 0.286583276287
101.43 0.278590544988
101.5 0.257440962124
101.57 0.466901091124
101.64 0.546380133605
101.71 0.419331261665
101.78 0.344455602169
101.85 0.504527007092
101.92 0.516986358174
101.99 0.400317955127
102.06 0.507106647907
102.13 0.423533646486
102.2 0.314726221893
102.27 0.361305972062
102.34 0.571225301977
102.41 0.456794252973
102.48 0.262033993992
102.55 0.581937241355
102.62 0.535720692125
102.69 0.404582768352
102.76 0.431405940088
102.83 0.437481431381
102.9 0.268138739905
102.97 0.318185198963
103.04 0.489847828437
103.11 0.433483122451
103.18 0.363291838754
103.25 0.495453731832
103.32 0.386402226739
103.39 0.364747720457
103.46 0.476792516498
103.53 0.527255104784
103.6 0.427574657574
103.67 0.409165987093
103.74 0.528269307697
103.81 0.353024403966
103.88 0.385031368958
103.95 0.484089221077
104.02 0.475381371529
104.09 0.431792064773
104.16 0.423223181463
104.23 0.541224914603
104.3 0.39749417947
104.37 0.380808995963
104.44 0.498352273764
104.51 0.491579621084
104.58 0.412327781479
104.65 0.450569087841
104.72 0.519836490921
104.79 0.440414942567
104.86 0.38012730256
104.93 0.514080783265
105.0 0.488576333331
105.07 0.582549198403
105.14 0.445953700647
105.21 0.394321634008
105.28 0.453373983905
105.35 0.465603074815
105.42 0.549257265768
105.49 0.50602375636
105.56 0.493425512945
105.63 0.406301848168
105.7 0.379219675717
105.77 0.552914265
105.84 0.540295237839
105.91 0.364954323264
105.98 0.46221341675
106.05 0.502167078614
106.12 0.599238142396
106.19 0.455109640288
106.26 0.385855919506
106.33 0.523358351785
106.4 0.641340923839
106.47 0.544141888348
106.54 0.44633021327
106.61 0.417858867518
106.68 0.390434078981
106.75 0.283640043268
106.82 0.556090225331
106.89 0.456348851736
106.96 0.305538986536
107.03 0.214284716562
107.1 0.30256866498
107.17 0.334157876998
107.24 0.247961647909
107.31 0.31461287695
107.38 0.269588492887
107.45 0.197828011887
107.52 0.180177767187
107.59 0.204512166
107.66 0.234383003564
107.73 0.17639225065
107.8 0.301914500287
107.87 0.195920862154
107.94 0.173783616058
108.01 0.345245386703
108.08 0.327129221123
108.15 0.209375522426
108.22 0.198878510005
108.29 0.4221217592
108.36 0.314860993994
108.43 0.194438900506
108.5 0.271583122814
108.57 0.306230921283
108.64 0.354226074683
108.71 0.219494574547
108.78 0.457459445888
108.85 0.277738716792
108.92 0.25445114256
108.99 0.438695135651
109.06 0.394979247261
109.13 0.334197819656
109.2 0.343291185255
109.27 0.381073754785
109.34 0.338642489508
109.41 0.283736858378
109.48 0.279828265283
109.55 0.297380281975
109.62 0.29058235905
109.69 0.305783009433
109.76 0.426309610723
109.83 0.28910854983
109.9 0.255193911245
109.97 0.441994825733
110.04 0.272989328071
110.11 0.231275943803
110.18 0.286919970152
110.25 0.329027619576
110.32 0.234255487243
110.39 0.160100871478
110.46 0.277745412847
110.53 0.278632079875
110.6 0.150800845469
110.67 0.349870053384
110.74 0.350835277604
110.81 0.24724478636
110.88 0.147720696003
110.95 0.430674043119
111.02 0.271327471757
111.09 0.318868549805
111.16 0.344955706514
111.23 0.273178381583
111.3 0.217666564555
111.37 0.179289798119
111.44 0.235775122217
111.51 0.211111176636
111.58 0.169262059496
111.65 0.345341692082
111.72 0.206972324456
111.79 0.192608999403
111.86 0.364475943874
111.93 0.38529415733
112.0 0.224243994787
112.07 0.205728674331
112.14 0.435149308758
112.21 0.316433179034
112.28 0.205086186706
112.35 0.31388664788
112.42 0.34001487322
112.49 0.359392894673
112.56 0.241600063018
112.63 0.546281573022
112.7 0.242476782149
112.77 0.216050018829
112.84 0.437053449016
112.91 0.388850437503
112.98 0.325480838433
113.05 0.372655798448
113.12 0.403236726514
113.19 0.368234232758
113.26 0.325060974804
113.33 0.316839511437
113.4 0.350566965884
113.47 0.3147326658
113.54 0.422610934227
113.61 0.374044255518
113.68 0.296547843103
113.75 0.363732934996
113.82 0.492780759247
113.89 0.247956391925
113.96 0.271280232018
114.03 0.362499133866
114.1 0.273677927289
114.17 0.269585126926
114.24 0.248239266287
114.31 0.285063221791
114.38 0.277622726468
114.45 0.249815415053
114.52 0.465459799234
114.59 0.303320430572
114.66 0.22183034571
114.73 0.282745620511
114.8 0.310516739971
114.87 0.198035565684
114.94 0.199962067788
115.01 0.443778065299
115.08 0.339137751956
115.15 0.320971409979
115.22 0.226998672068
115.29 0.288483420214
115.36 0.307061175596
115.43 0.396385892691
115.5 0.459151515419
115.57 0.320888892322
115.64 0.312862931809
115.71 0.414932920777
115.78 0.279093106691
115.85 0.233731824436
115.92 0.255984080522
115.99 0.475854973146
116.06 0.347352819237
116.13 0.240890524634
116.2 0.299709261441
116.27 0.27921186195
116.34 0.22588271216
116.41 0.359322464912
116.48 0.496082776265
116.55 0.304806255956
116.62 0.272925097676
116.69 0.462096929737
116.76 0.381653030389
116.83 0.337885896148
116.9 0.359270370234
116.97 0.38674539929
117.04 0.399266511454
117.11 0.357152087722
117.18 0.38277046732
117.25 0.351944455596
117.32 0.332575638637
117.39 0.440482861715
117.46 0.323941710885
117.53 0.312569475919
117.6 0.457036309767
117.67 0.453328361392
117.74 0.308553524227
117.81 0.316742519171
117.88 0.413907629867
117.95 0.290635206912
118.02 0.259758988361
118.09 0.261150570111
118.16 0.22696132697
118.23 0.205155319861
118.3 0.314411426878
118.37 0.507895490146
118.44 0.301805261446
118.51 0.259617710402
118.58 0.343797099876
118.65 0.420319030321
118.72 0.27120322032
118.79 0.327571591148
118.86 0.525788850227
118.93 0.366583366626
119.0 0.31769505121
119.07 0.311868808368
119.14 0.284306758853
119.21 0.398145894413
119.28 0.389077120867
119.35 0.463845645656
119.42 0.269446052004
119.49 0.337613757645
119.56 0.486881064126
119.63 0.262970580921
119.7 0.29370687681
119.77 0.379161300159
119.84 0.34910081023
119.91 0.238050285441
119.98 0.32188842282
120.05 0.364769082405
120.12 0.280090967794
120.19 0.1840077857
120.26 0.400179582306
120.33 0.410642985118
120.4 0.262919614388
120.47 0.236331551242
120.54 0.470100324077
120.61 0.309515897651
120.68 0.296397548674
120.75 0.37956865637
120.82 0.376852312129
120.89 0.32661602029
120.96 0.307453143162
121.03 0.452438969642
121.1 0.333513850399
121.17 0.332015809959
121.24 0.454334151033
121.31 0.332050491198
121.38 0.284236132373
121.45 0.451318488457
121.52 0.326173016634
121.59 0.3256858251
121.66 0.315367766136
121.73 0.488346915464
121.8 0.324369578044
121.87 0.27129228296
121.94 0.359021351108
122.01 0.355852555263
122.08 0.256636486699
122.15 0.408591221897
122.22 0.504355949567
122.29 0.338340694252
122.36 0.247277746037
122.43 0.297839009025
122.5 0.30352562374
122.57 0.28339193818
122.64 0.3434906464
122.71 0.542997912824
122.78 0.414058661177
122.85 0.237996043156
122.92 0.309822736957
122.99 0.314677129082
123.06 0.411833927583
123.13 0.45520861496
123.2 0.354998895732
123.27 0.263614935746
123.34 0.371427609788
123.41 0.472424654018
123.48 0.305341492581
123.55 0.384692538356
123.62 0.434422236295
123.69 0.452031476489
123.76 0.390389434629
123.83 0.307782912734
123.9 0.328162973125
123.97 0.408462385059
124.04 0.288397180112
124.11 0.405500043123
124.18 0.400810605885
124.25 0.330837036902
124.32 0.329298027821
124.39 0.444406153308
124.46 0.345562964043
124.53 0.286213102147
124.6 0.494826426352
124.67 0.482302494911
124.74 0.357545912706
124.81 0.313742001787
124.88 0.480029457556
124.95 0.38291875978
125.02 0.490411225229
125.09 0.515351186091
125.16 0.406020897522
125.23 0.382011938289
125.3 0.449571120227
125.37 0.456726232748
125.44 0.370917296703
125.51 0.408864650486
125.58 0.517996952759
125.65 0.438610378005
125.72 0.416102538247
125.79 0.432367930943
125.86 0.431452290788
125.93 0.342464486014
126.0 0.252777986313
126.07 0.479224643036
126.14 0.320162155695
126.21 0.207892570662
126.28 0.293077950843
126.35 0.369620828062
126.42 0.286374385671
126.49 0.295209238548
126.56 0.598731341996
126.63 0.453817290791
126.7 0.324199855166
126.77 0.480119664645
126.84 0.411186198102
126.91 0.510271144192
126.98 0.489292060214
127.05 0.626210217398
127.12 0.478149718066
127.19 0.544095051829
127.26 0.480778566897
127.33 0.380020491733
127.4 0.345765450966
127.47 0.369503280288
127.54 0.558983637352
127.61 0.530628617759
127.68 0.42189829942
127.75 0.409568699213
127.82 0.455961959738
127.89 0.266444835778
127.96 0.404612422931
128.03 0.509542067586
128.1 0.432567217106
128.17 0.391168199637
128.24 0.519952146497
128.31 0.391859417066
128.38 0.348378405769
128.45 0.513215372761
128.52 0.485880821745
128.59 0.41774719197
128.66 0.423435015257
128.73 0.453344180428
128.8 0.365576990088
128.87 0.437568638776
128.94 0.559158140177
129.01 0.503686861399
129.08 0.481515983955
129.15 0.525991070873
129.22 0.437856807163
129.29 0.343613913155
129.36 0.394732991984
129.43 0.519610879187
129.5 0.45014161412
129.57 0.446580524655
129.64 0.493524425667
129.71 0.43780506897
129.78 0.380389770312
129.85 0.395207352219
129.92 0.546421438081
129.99 0.530990087354
130.06 0.469686553304
130.13 0.469651496016
130.2 0.319177481288
130.27 0.510262591804
130.34 0.443267034896
130.41 0.468652094852
130.48 0.463938838309
130.55 0.461629585089
130.62 0.387476952816
130.69 0.372824688803
130.76 0.557668835801
130.83 0.484029851055
130.9 0.340520363971
130.97 0.482137925853
131.04 0.538678528
131.11 0.543131627425
131.18 0.476754931208
131.25 0.335129836399
131.32 0.47155360822
131.39 0.654381526411
131.46 0.539217652271
131.53 0.52791347557
131.6 0.431670310907
131.67 0.301287737142
131.74 0.190812922018
131.81 0.644937886813
131.88 0.385173593559
131.95 0.316314120545
132.02 0.271173101657
132.09 0.392684656674
132.16 0.338303299159
132.23 0.306022445842
132.3 0.375287119853
132.37 0.274977817321
132.44 0.25922471468
132.51 0.19992802344
132.58 0.271741659879
132.65 0.246974700908
132.72 0.27097419263
132.79 0.369172833611
132.86 0.212994379902
132.93 0.199438815808
133.0 0.389830813436
133.07 0.27477994623
133.14 0.189598048302
133.21 0.193441892576
133.28 0.437315333132
133.35 0.273300882112
133.42 0.202501219261
133.49 0.349620714726
133.56 0.291053643513
133.63 0.350085502026
133.7 0.313814892167
133.77 0.391360915818
133.84 0.248952434735
133.91 0.276657576153
133.98 0.487509744466
134.05 0.341305377253
134.12 0.329900470624
134.19 0.385302695588
134.26 0.325962335982
134.33 0.307339853648
134.4 0.263525502491
134.47 0.295484032215
134.54 0.351358637182
134.61 0.309234716593
134.68 0.416110842833
134.75 0.39148740181
134.82 0.291313707163
134.89 0.32249979732
134.96 0.449815519172
135.03 0.277072846773
135.1 0.239274601671
135.17 0.288658488199
135.24 0.2429356744
135.31 0.186738629547
135.38 0.155947540342
135.45 0.337245522437
135.52 0.24413305099
135.59 0.208722062009
135.66 0.453937892601
135.73 0.315822544676
135.8 0.219320930329
135.87 0.296558289861
135.94 0.368323511681
136.01 0.307650526258
136.08 0.335522806036
136.15 0.391223297269
136.22 0.247781290247
136.29 0.227753834052
136.36 0.26019967921
136.43 0.262516905528
136.5 0.291173329112
136.57 0.239940681451
136.64 0.477189595499
136.71 0.378919073817
136.78 0.292716793173
136.85 0.531890725781
136.92 0.302438022891
136.99 0.289489584817
137.06 0.357048762408
137.13 0.412596448598
137.2 0.269420540479
137.27 0.277057666802
137.34 0.360656985101
137.41 0.315391109403
137.48 0.21180995525
137.55 0.402622709893
137.62 0.485666766438
137.69 0.357314080955
137.76 0.281424245718
137.83 0.423615528338
137.9 0.372805019073
137.97 0.364409544135
138.04 0.327360426851
138.11 0.241634761647
138.18 0.351356384151
138.25 0.224579615935
138.32 0.236755872025
138.39 0.341974509982
138.46 0.217757227032
138.53 0.391928273075
138.6 0.320292432604
138.67 0.408489789868
138.74 0.412088938488
138.81 0.335691126885
138.88 0.223191970739
138.95 0.160441505157
139.02 0.458175032567
139.09 0.256964773814
139.16 0.190298514787
139.23 0.272281291707
139.3 0.312380319156
139.37 0.319630039403
139.44 0.254204805769
139.51 0.408818454118
139.58 0.240302356459
139.65 0.339382300886
139.72 0.47554106065
139.79 0.358227578938
139.86 0.342975592496
139.93 0.306712517736
140.0 0.350450109344
140.07 0.30312443429
140.14 0.271315120845
140.21 0.261353166806
140.28 0.277697418837
140.35 0.319194861035
140.42 0.37362306159
140.49 0.350247417007
140.56 0.255056777428
140.63 0.249829408188
140.7 0.433475318901
140.77 0.227493800834
140.84 0.179171798217
140.91 0.301974328957
140.98 0.2547284501
141.05 0.174493869586
141.12 0.183870797521
141.19 0.317717100044
141.26 0.2280808626
141.33 0.162968189426
141.4 0.385403116851
141.47 0.327656631374
141.54 0.262422640158
141.61 0.299793836496
141.68 0.365470223821
141.75 0.254522460274
141.82 0.257569263147
141.89 0.458840454805
141.96 0.341757289782
142.03 0.278399438424
142.1 0.267634535979
142.17 0.337202644209
142.24 0.33295144481
142.31 0.357428221469
142.38 0.445803972465
142.45 0.271825721943
142.52 0.227075704416
142.59 0.476745202854
142.66 0.345934393489
142.73 0.268126998713
142.8 0.220314404924
142.87 0.386677069314
142.94 0.362092838416
143.01 0.300761493076
143.08 0.27639602896
143.15 0.242875526197
143.22 0.223305474361
143.29 0.311028706148
143.36 0.491941772131
143.43 0.425214624759
143.5 0.232297140566
143.57 0.431868492835
143.64 0.305758572799
143.71 0.286880385065
143.78 0.331444701998
143.85 0.369704279319
143.92 0.339055587523
143.99 0.317432877993
144.06 0.300996260397
144.13 0.368723266495
144.2 0.295645712437
144.27 0.421559976374
144.34 0.385989273274
144.41 0.274840672635
144.48 0.326494785936
144.55 0.537122238075
144.62 0.265722896487
144.69 0.300812444393
144.76 0.387939678371
144.83 0.283826153603
144.9 0.265208642501
144.97 0.272323815624
145.04 0.336973504574
145.11 0.251781601146
145.18 0.215319030463
145.25 0.477980326675
145.32 0.337971377633
145.39 0.299480432644
145.46 0.280496042716
145.53 0.404279061335
145.6 0.286567788739
145.67 0.258114843281
145.74 0.454797855836
145.81 0.345112799161
145.88 0.240580287849
145.95 0.341176615407
146.02 0.274179473878
146.09 0.430301775714
146.16 0.391528011792
146.23 0.457926982907
146.3 0.222797282798
146.37 0.315313685791
146.44 0.429130511674
146.51 0.245226001292
146.58 0.304502575023
146.65 0.30642771857
146.72 0.415050881552
146.79 0.216090241894
146.86 0.224847417925
146.93 0.323250268479
147.0 0.298663634565
147.07 0.232414799199
147.14 0.316365419652
147.21 0.493857253622
147.28 0.276095621605
147.35 0.262187808714
147.42 0.469609288371
147.49 0.343680296591
147.56 0.29635419332
147.63 0.326915053871
147.7 0.332961937217
147.77 0.328092269478
147.84 0.270413272759
147.91 0.400084231178
147.98 0.317021841723
148.05 0.318050492072
148.12 0.371416600043
148.19 0.328775430122
148.26 0.360406960643
148.33 0.316367623774
148.4 0.361571021072
148.47 0.316876145738
148.54 0.28944667181
148.61 0.37673017678
148.68 0.313575467713
148.75 0.215782739612
148.82 0.282625133907
148.89 0.285078070274
148.96 0.284085871636
149.03 0.25414085578
149.1 0.541646581309
149.17 0.435291653998
149.24 0.37524113216
149.31 0.316779942522
149.38 0.349480394278
149.45 0.286157901265
149.52 0.261948948333
149.59 0.445965029925
149.66 0.432396357387
149.73 0.278332399621
149.8 0.22155745511
149.87 0.291908024709
149.94 0.319581107446
150.01 0.398774733433
150.08 0.447781509573
150.15 0.328000172365
150.22 0.429415903171
150.29 0.456656824621
150.36 0.42541077972
150.43 0.447138629596
150.5 0.344728750352
150.57 0.492255845481
150.64 0.478554308255
150.71 0.362043842334
150.78 0.293309094621
150.85 0.496750718899
150.92 0.496483654877
150.99 0.328474523906
151.06 0.435145665652
151.13 0.3141938991
151.2 0.282172248651
151.27 0.399381550789
151.34 0.265405475653
151.41 0.304765385131
151.48 0.357830084763
151.55 0.48104249863
151.62 0.369346513694
151.69 0.332222541013
151.76 0.388814910698
151.83 0.429544650887
151.9 0.431564318474
151.97 0.517170520882
152.04 0.340817042358
152.11 0.379666261616
152.18 0.35813932165
152.25 0.494418837556
152.32 0.3337513294
152.39 0.287991436779
152.46 0.441925174153
152.53 0.418469093222
152.6 0.399609305782
152.67 0.428914191381
152.74 0.427040906667
152.81 0.382509696134
152.88 0.365341901061
152.95 0.421555259465
153.02 0.340680598688
153.09 0.238803708472
153.16 0.314953547582
153.23 0.382731600639
153.3 0.200859380468
153.37 0.246765328819
153.44 0.508232835031
153.51 0.437745095749
153.58 0.325769708922
153.65 0.345277693186
153.72 0.488816556616
153.79 0.344169483573
153.86 0.389368883452
153.93 0.509444049339
154.0 0.517304569144
154.07 0.443954124487
154.14 0.415840229174
154.21 0.498490117291
154.28 0.488118584442
154.35 0.41801613406
154.42 0.449992215252
154.49 0.441853722757
154.56 0.406796942155
154.63 0.409093614052
154.7 0.329531746336
154.77 0.315874178532
154.84 0.224927457574
154.91 0.400779173227
154.98 0.375186496437
155.05 0.329194663381
155.12 0.525960231632
155.19 0.447666539796
155.26 0.251626342007
155.33 0.348697743798
155.4 0.518499694878
155.47 0.376974523557
155.54 0.257280324186
155.61 0.375130784737
155.68 0.384977614667
155.75 0.271857801275
155.82 0.635099524496
155.89 0.497140032388
155.96 0.508743738273
156.03 0.485068402566
156.1 0.526140066521
156.17 0.484271529626
156.24 0.522797089557
156.31 0.584235280503
156.38 0.519261783328
156.45 0.514551413447
156.52 0.535803699949
156.59 0.579579071393
156.66 0.519575067628
156.73 0.463681693926
156.8 0.580622344161
156.87 0.578749808283
156.94 0.502383006555
157.01 0.601295655029
157.08 0.576612594009
157.15 0.483269620023
157.22 0.453973549828
157.29 0.548176416404
157.36 0.492172398571
157.43 0.521982094555
157.5 0.574667041678
157.57 0.5286326934
157.64 0.507990271768
157.71 0.514450040107
157.78 0.584567809576
157.85 0.57604092741
157.92 0.560384364908
157.99 0.590916722936
158.06 0.553298895272
158.13 0.578630588941
158.2 0.587659386136
158.27 0.599600414082
158.34 0.572520720726
158.41 0.604137450584
158.48 0.514886705281
158.55 0.475916083208
158.62 0.635053067285
158.69 0.531409202146
158.76 0.4656491375
158.83 0.583329690408
158.9 0.542791724105
158.97 0.655707735492
159.04 0.53643637662
159.11 0.425349859857
159.18 0.557748595044
159.25 0.646183935605
159.32 0.570845297319
159.39 0.554637303107
159.46 0.479048632756
159.53 0.432616645752
159.6 0.302685701937
159.67 0.571990219486
159.74 0.315823248952
159.81 0.243967498338
159.88 0.192427358176
159.95 0.345768526738
160.02 0.259787984311
160.09 0.195992871102
160.16 0.277159415103
160.23 0.240664362956
160.3 0.209932455748
160.37 0.158758147779
160.44 0.235421172506
160.51 0.240809456829
160.58 0.174103414909
160.65 0.318405827511
160.72 0.209677637215
160.79 0.179439715412
160.86 0.337040583591
160.93 0.357222541394
161.0 0.208468540082
161.07 0.138603285034
161.14 0.399730317333
161.21 0.286232363223
161.28 0.204433200154
161.35 0.26108636254
161.42 0.289016121229
161.49 0.347053012908
161.56 0.269739974151
161.63 0.448078530317
161.7 0.285534498646
161.77 0.279222260888
161.84 0.486723440012
161.91 0.434910537498
161.98 0.393343861069
162.05 0.31964731916
162.12 0.339045853735
162.19 0.28377005716
162.26 0.267077252693
162.33 0.310564013403
162.4 0.289988686004
162.47 0.317263209457
162.54 0.369050628704
162.61 0.317863184033
162.68 0.291386334526
162.75 0.308616984048
162.82 0.461427005784
162.89 0.296206098667
162.96 0.2847197634
163.03 0.3211409807
163.1 0.272081602324
163.17 0.208236049703
163.24 0.164720935368
163.31 0.324706336033
163.38 0.24812404871
163.45 0.178727187116
163.52 0.349321890905
163.59 0.313336645372
163.66 0.239404063445
163.73 0.273509652089
163.8 0.390432993222
163.87 0.28785641253
163.94 0.185640609111
164.01 0.302816217951
164.08 0.201868500203
164.15 0.191411075042
164.22 0.123752549992
164.29 0.242271951987
164.36 0.217413242608
164.43 0.216585533687
164.5 0.362244610954
164.57 0.210841112921
164.64 0.19423951218
164.71 0.371969450086
164.78 0.313779089303
164.85 0.213282138549
164.92 0.180587126455
164.99 0.426843164911
165.06 0.227976216769
165.13 0.181606126703
165.2 0.301990401228
165.27 0.264319708313
165.34 0.36083121078
165.41 0.227156515726
165.48 0.51806950839
165.55 0.282584159832
165.62 0.305364001151
165.69 0.482560149024
165.76 0.360297623986
165.83 0.342667402241
165.9 0.333654389303
165.97 0.347614293612
166.04 0.301750070346
166.11 0.258876725231
166.18 0.302407293422
166.25 0.315940150053
166.32 0.320402676776
166.39 0.416276887827
166.46 0.392707316315
166.53 0.421671791038
166.6 0.429043328189
166.67 0.499405174897
166.74 0.288186064722
166.81 0.310389038887
166.88 0.392169762536
166.95 0.308914828621
167.02 0.205811002877
167.09 0.227698447319
167.16 0.306426763233
167.23 0.244017221519
167.3 0.215976883909
167.37 0.496037617835
167.44 0.356856050573
167.51 0.294188829749
167.58 0.247391049679
167.65 0.474282639209
167.72 0.31786103534
167.79 0.302062822091
167.86 0.466942489069
167.93 0.36064972932
168.0 0.362502969343
168.07 0.285154667884
168.14 0.3445456571
168.21 0.432468265258
168.28 0.330819450656
168.35 0.482983362311
168.42 0.371616366591
168.49 0.360835733144
168.56 0.452122862805
168.63 0.380717707463
168.7 0.278030502201
168.77 0.263803690376
168.84 0.439530998087
168.91 0.282445973949
168.98 0.249692854747
169.05 0.347518325155
169.12 0.315761912827
169.19 0.41403038037
169.26 0.379072722251
169.33 0.466110029546
169.4 0.311831517612
169.47 0.325869309616
169.54 0.492626511962
169.61 0.398830819007
169.68 0.378899491035
169.75 0.397192601583
169.82 0.380845150965
169.89 0.319414075596
169.96 0.298041181849
170.03 0.389610760916
170.1 0.345617292188
170.17 0.305107324112
170.24 0.447463600746
170.31 0.386065918705
170.38 0.355382187011
170.45 0.377198433291
170.52 0.414898902513
170.59 0.358469167301
170.66 0.344409331896
170.73 0.41189612123
170.8 0.397739292473
170.87 0.242327345241
170.94 0.289171324939
171.01 0.298049500565
171.08 0.263244505111
171.15 0.197850809558
171.22 0.389866591303
171.29 0.15000045441
171.36 0.128608706068
171.43 0.364482509507
171.5 0.337253805287
171.57 0.283364038856
171.64 0.269995385015
171.71 0.360365302942
171.78 0.300896096717
171.85 0.21585472791
171.92 0.429412000308
171.99 0.410306024976
172.06 0.289994797336
172.13 0.272647933599
172.2 0.275555610468
172.27 0.296077641138
172.34 0.30864555939
172.41 0.290236033561
172.48 0.203383336754
172.55 0.169903558092
172.62 0.416706960195
172.69 0.356442430871
172.76 0.214551290416
172.83 0.245666839953
172.9 0.365998617667
172.97 0.42871766798
173.04 0.411771025313
173.11 0.339903932379
173.18 0.270542849739
173.25 0.272438020261
173.32 0.494601413469
173.39 0.461405164537
173.46 0.357749563641
173.53 0.298408378033
173.6 0.212329755408
173.67 0.118491689609
173.74 0.0840988303123
173.81 0.0674842417674
173.88 0.0535730868259
173.95 0.0495741736106
174.02 0.043727197017
174.09 0.0350244795535
174.16 0.0284663375683
174.23 0.0253734165805
174.3 0.0206239409112
174.37 0.0182072301905
174.44 0.0150012544479
174.51 0.0116537366434
174.58 0.00948820787097
174.65 0.00579556445443
174.72 0.00409372200809
174.79 0.00205581606747
174.86 0.00200913387994
174.93 0.0013411238621
175.0 0.00082330937005
175.07 0.0
175.14 0.0
175.21 0.0
175.28 0.0
175.35 0.0
175.42 0.0
175.49 0.0
175.56 0.0
175.63 0.0
175.7 0.0
175.77 0.0
175.84 0.0
175.91 0.0
175.98 0.0
176.05 0.0
176.12 0.0
176.19 0.0
176.26 0.0
176.33 0.0
176.4 0.0
176.47 0.0
176.54 0.0
176.61 0.0
176.68 0.0
176.75 0.0
176.82 0.0
176.89 0.0
176.96 0.0
177.03 0.0
177.1 0.0
177.17 0.0
177.24 0.0
177.31 0.0
177.38 0.0
177.45 0.0
177.52 0.0
177.59 0.0
177.66 0.0
177.73 0.0
177.8 0.0
177.87 0.0
177.94 0.0
178.01 0.0
178.08 0.0
178.15 0.0
178.22 0.0
178.29 0.0
178.36 0.0
178.43 0.0
178.5 0.0
178.57 0.0
178.64 0.0
178.71 0.0
178.78 0.0
178.85 0.0
178.92 0.0
178.99 0.0
179.06 0.0
179.13 0.0
179.2 0.0
179.27 0.0
179.34 0.0
179.41 0.0
179.48 0.0
179.55 0.0
179.62 0.0
179.69 0.0
179.76 0.0
179.83 0.0
179.9 0.0
179.97 0.0
180.04 0.0
180.11 0.0
180.18 0.0
180.25 0.0
180.32 0.0
180.39 0.0
180.46 0.0
180.53 0.0
180.6 0.0
180.67 0.0
180.74 0.0
180.81 0.0
180.88 0.0
180.95 0.0
181.02 0.0
181.09 0.0
181.16 0.0
181.23 0.0
181.3 0.0
181.37 0.0
181.44 0.0
181.51 0.0
181.58 0.0
181.65 0.0
181.72 0.0
181.79 0.0
181.86 0.0
181.93 0.0
182.0 0.0
182.07 0.0
182.14 0.0
182.21 0.0
182.28 0.0
182.35 0.0
182.42 0.0
182.49 0.0
182.56 0.0
182.63 0.0
182.7 0.0
182.77 0.0
182.84 0.0
182.91 0.0
182.98 0.0
183.05 0.0
183.12 0.0
183.19 0.0
183.26 0.0
183.33 0.0
183.4 0.0
183.47 0.0
183.54 0.0
183.61 0.0
183.68 0.0
183.75 0.0
183.82 0.0
183.89 0.0
183.96 0.0
