0.0 0.0
0.07 0.0
0.14 0.0
0.21 0.0
0.28 0.0
0.35 0.0
0.42 0.0
0.49 0.0
0.56 0.0
0.63 0.0
0.7 0.0
0.77 0.0
0.84 0.0
0.91 0.0
0.98 0.0
1.05 0.0
1.12 0.0
1.19 0.0
1.26 0.0
1.33 0.0
1.4 0.0
1.47 0.0
1.54 0.0
1.61 0.0
1.68 0.0
1.75 0.0
1.82 0.0
1.89 0.0
1.96 0.0
2.03 0.0
2.1 0.0
2.17 0.0
2.24 0.0
2.31 0.0
2.38 0.0
2.45 0.0
2.52 0.0
2.59 0.0
2.66 0.0
2.73 0.0
2.8 0.0
2.87 0.0
2.94 0.0
3.01 0.0
3.08 0.0
3.15 0.0
3.22 0.0
3.29 0.0
3.36 0.0
3.43 0.0
3.5 0.0
3.57 0.0
3.64 0.0
3.71 0.0
3.78 0.0
3.85 0.0
3.92 0.0
3.99 0.135208008002
4.06 0.191387486258
4.13 0.191380615504
4.2 0.179831668896
4.27 0.168230289567
4.34 0.147933152493
4.41 0.107287736884
4.48 0.0696221612436
4.55 0.157295910814
4.62 0.153718867023
4.69 0.134582942983
4.76 0.123913684655
4.83 0.114186513483
4.9 0.11896450541
4.97 0.11586095691
5.04 0.0936100015977
5.11 0.0762401629784
5.18 0.0722958207495
5.25 0.122535041089
5.32 0.11188408189
5.39 0.125648730589
5.46 0.101026124566
5.53 0.0940773203335
5.6 0.0819837748781
5.67 0.067376745896
5.74 0.0455332696546
5.81 0.062123981663
5.88 0.0737608441277
5.95 0.0665095985217
6.02 0.0556120718743
6.09 0.0577223412488
6.16 0.0569397967456
6.23 0.0658419814556
6.3 0.0731491333663
6.37 0.0733938707719
6.44 0.0717584371649
6.51 0.0771942949988
6.58 0.0821939694248
6.65 0.0828979257184
6.72 0.082095249454
6.79 0.0802386436365
6.86 0.0760093678275
6.93 0.0722452621058
7.0 0.0672686037327
7.07 0.0769679370207
7.14 0.0787826435457
7.21 0.0753861665241
7.28 0.0693499602512
7.35 0.057447630262
7.42 0.058467844555
7.49 0.0643603750183
7.56 0.0793540506354
7.63 0.0827200722812
7.7 0.079817157554
7.77 0.0709618092359
7.84 0.0684801526454
7.91 0.0686974173981
7.98 0.17326060328
8.05 0.191419647342
8.12 0.154146420868
8.19 0.15959580651
8.26 0.113206451329
8.33 0.120980802822
8.4 0.10952537099
8.47 0.109834642968
8.54 0.112542947649
8.61 0.131862390098
8.68 0.14853883046
8.75 0.137548463809
8.82 0.131548196563
8.89 0.131478743023
8.96 0.125506040386
9.03 0.1220431586
9.1 0.11839684518
9.17 0.121667997326
9.24 0.114032765317
9.31 0.124337679437
9.38 0.147489366573
9.45 0.146819692814
9.52 0.147844405152
9.59 0.139431599412
9.66 0.135500208651
9.73 0.121857052488
9.8 0.123394184456
9.87 0.122817126641
9.94 0.111940343064
10.01 0.110445671187
10.08 0.104547618218
10.15 0.0986210487074
10.22 0.0981196766781
10.29 0.0964156689361
10.36 0.0862122321544
10.43 0.0853768353026
10.5 0.079555392854
10.57 0.0806455191686
10.64 0.0774537375006
10.71 0.0715038967935
10.78 0.0744826112794
10.85 0.0700862058484
10.92 0.0757112120942
10.99 0.0749540550576
11.06 0.0671491769557
11.13 0.0752113243031
11.2 0.064967903751
11.27 0.0624275731272
11.34 0.0493098359832
11.41 0.0723491743199
11.48 0.075730193765
11.55 0.0484242871638
11.62 0.0701986336523
11.69 0.0678661015537
11.76 0.0555985570179
11.83 0.0388431981838
11.9 0.043670926337
11.97 0.14702374966
12.04 0.179585922571
12.11 0.185603685954
12.18 0.179220762421
12.25 0.169658115035
12.32 0.131775108864
12.39 0.106150191361
12.46 0.103632699355
12.53 0.0918084900278
12.6 0.135888160794
12.67 0.123714158232
12.74 0.108104800933
12.81 0.0946687490969
12.88 0.0859188684641
12.95 0.0787500744904
13.02 0.075830239966
13.09 0.070508566155
13.16 0.0605293620155
13.23 0.0521243245661
13.3 0.0699135601963
13.37 0.0741213197324
13.44 0.106389947633
13.51 0.114080254463
13.58 0.128799015755
13.65 0.100100060966
13.72 0.0928576132914
13.79 0.0851755358238
13.86 0.0811215257488
13.93 0.0753274782443
14.0 0.0620188131566
14.07 0.056550435483
14.14 0.0755199474125
14.21 0.0960852705245
14.28 0.087817311407
14.35 0.0722962092935
14.42 0.0659054332852
14.49 0.0929600542188
14.56 0.083988299406
14.63 0.088161701289
14.7 0.0882981048496
14.77 0.081266434538
14.84 0.0682854894986
14.91 0.0787927288534
14.98 0.0652285248363
15.05 0.0584089451662
15.12 0.0669663928949
15.19 0.0645585285856
15.26 0.0549392055784
15.33 0.0617426723278
15.4 0.0601715233297
15.47 0.0446009725133
15.54 0.0444333248325
15.61 0.048884390637
15.68 0.0523552764297
15.75 0.0504766349854
15.82 0.0481682288804
15.89 0.050923230078
15.96 0.0534937389161
16.03 0.139676048
16.1 0.174629553967
16.17 0.155358941141
16.24 0.131061508907
16.31 0.1071919025
16.38 0.104187555765
16.45 0.112042743842
16.52 0.109497579731
16.59 0.0867673359369
16.66 0.140216010222
16.73 0.13418705159
16.8 0.118744731958
16.87 0.104720187456
16.94 0.0971331439715
17.01 0.110533362983
17.08 0.0915511534346
17.15 0.0770348766805
17.22 0.0733657997612
17.29 0.081959733069
17.36 0.0685459538712
17.43 0.136215484527
17.5 0.157216472988
17.57 0.141533788366
17.64 0.143698992685
17.71 0.140030401446
17.78 0.117567668918
17.85 0.11715483053
17.92 0.137773017647
17.99 0.143466504777
18.06 0.147422720912
18.13 0.134268578488
18.2 0.125306384448
18.27 0.103321975518
18.34 0.0931192199835
18.41 0.0902562164985
18.48 0.0920462983983
18.55 0.0874222566793
18.62 0.0874493511494
18.69 0.0822249001194
18.76 0.0664870292944
18.83 0.070033840475
18.9 0.073303754461
18.97 0.059515708936
19.04 0.0410185901272
19.11 0.0412757790736
19.18 0.0417538009021
19.25 0.0444856306292
19.32 0.300338341806
19.39 0.203206605659
19.46 0.232989766647
19.53 0.256057912932
19.6 0.264428473575
19.67 0.254890702074
19.74 0.301760358541
19.81 0.263352382766
19.88 0.268865657997
19.95 0.224695224642
20.02 0.199305214382
20.09 0.21522315205
20.16 0.253652644097
20.23 0.225805403714
20.3 0.239846289083
20.37 0.219756618976
20.44 0.188026461288
20.51 0.14533661509
20.58 0.120653944046
20.65 0.188638558004
20.72 0.185857947869
20.79 0.204433416581
20.86 0.210028699209
20.93 0.191128595489
21.0 0.148369912241
21.07 0.10189318128
21.14 0.0991194043398
21.21 0.0923683729018
21.28 0.0979125568099
21.35 0.0675276240167
21.42 0.0517389678972
21.49 0.184207614894
21.56 0.0639399405949
21.63 0.0539977077146
21.7 0.0349131155206
21.77 0.0454762145548
21.84 0.027486131452
21.91 0.0219570968755
21.98 0.0253894080174
22.05 0.0253754592869
22.12 0.0265064759746
22.19 0.0250943243722
22.26 0.0220893650325
22.33 0.0188875550432
22.4 0.022350878474
22.47 0.0234111037355
22.54 0.239500188312
22.61 0.342712300416
22.68 0.454236400152
22.75 0.496813295307
22.82 0.470195413399
22.89 0.393407684393
22.96 0.339746503724
23.03 0.287073283014
23.1 0.252832899094
23.17 0.228236136429
23.24 0.177827475926
23.31 0.127917089461
23.38 0.147355400479
23.45 0.200879537784
23.52 0.204048587037
23.59 0.203808004462
23.66 0.156001048996
23.73 0.119718888243
23.8 0.0957721649122
23.87 0.0625901788017
23.94 0.147253818234
24.01 0.133134404232
24.08 0.129706383911
24.15 0.140154438945
24.22 0.168352083872
24.29 0.11493494382
24.36 0.0989858811857
24.43 0.102316141239
24.5 0.0971436502019
24.57 0.0761253598753
24.64 0.0691512148018
24.71 0.0701162325306
24.78 0.0646455261831
24.85 0.0512945408803
24.92 0.0404576776115
24.99 0.0474946010383
25.06 0.0575436848207
25.13 0.0698104108237
25.2 0.0424180402255
25.27 0.0419317411141
25.34 0.0410240310387
25.41 0.0381430845906
25.48 0.126714307397
25.55 0.190139745764
25.62 0.178384084669
25.69 0.194988473427
25.76 0.292783052729
25.83 0.281970025341
25.9 0.252917285676
25.97 0.231918919887
26.04 0.216123736228
26.11 0.212844532154
26.18 0.19482703727
26.25 0.159255689317
26.32 0.200246038769
26.39 0.180443219059
26.46 0.196279980815
26.53 0.209786667365
26.6 0.166030581243
26.67 0.246078838308
26.74 0.219921880996
26.81 0.181936237035
26.88 0.151518503355
26.95 0.12330362132
27.02 0.0788680791962
27.09 0.0678505325947
27.16 0.16941500822
27.23 0.144136201849
27.3 0.127195309358
27.37 0.143881469796
27.44 0.162742177742
27.51 0.147686331196
27.58 0.149827522199
27.65 0.136394624045
27.72 0.123545413562
27.79 0.105069374562
27.86 0.0893433115894
27.93 0.0791298685039
28.0 0.0943442513738
28.07 0.10823834222
28.14 0.105721315171
28.21 0.101751450781
28.28 0.079315753146
28.35 0.0561950847741
28.42 0.0714438887591
28.49 0.0669976577375
28.56 0.0554420501895
28.63 0.0392926516653
28.7 0.108572817753
28.77 0.181447986137
28.84 0.143892881334
28.91 0.138652869116
28.98 0.159463757232
29.05 0.201126500252
29.12 0.186258732326
29.19 0.196225506942
29.26 0.18247857067
29.33 0.164145413555
29.4 0.157328856757
29.47 0.159599435511
29.54 0.189836353753
29.61 0.174541692507
29.68 0.163669928919
29.75 0.162530887502
29.82 0.139322001504
29.89 0.155866791494
29.96 0.152224245656
30.03 0.122021660459
30.1 0.104819767404
30.17 0.083073462138
30.24 0.0432359033806
30.31 0.0358760234554
30.38 0.0563463993592
30.45 0.15607124336
30.52 0.133120912688
30.59 0.123152363721
30.66 0.15540156701
30.73 0.111301482142
30.8 0.0943943334035
30.87 0.0972809927439
30.94 0.0927629238174
31.01 0.07116271499
31.08 0.0624584830996
31.15 0.051509686773
31.22 0.0388471198881
31.29 0.0381455971753
31.36 0.0364463154238
31.43 0.0321959636917
31.5 0.039916676682
31.57 0.0250506649752
31.64 0.0422317372509
31.71 0.0411540016053
31.78 0.0387144683677
31.85 0.025221551818
31.92 0.0283777376728
31.99 0.0581701589599
32.06 0.15818451618
32.13 0.132818164365
32.2 0.113377831623
32.27 0.16746659981
32.34 0.134519840843
32.41 0.156353786099
32.48 0.136849079383
32.55 0.099216124604
32.62 0.0675431113815
32.69 0.0867943319757
32.76 0.123201346171
32.83 0.107317521374
32.9 0.0633104384026
32.97 0.0360334964633
33.04 0.0374518518187
33.11 0.0255230697523
33.18 0.131491096133
33.25 0.121661502165
33.32 0.129109155481
33.39 0.134820786322
33.46 0.126370307354
33.53 0.087854899156
33.6 0.0499339879243
33.67 0.0325571788251
33.74 0.1408970204
33.81 0.118610497768
33.88 0.112343513182
33.95 0.118925460621
34.02 0.117607257669
34.09 0.110909784434
34.16 0.104634189712
34.23 0.106835226856
34.3 0.0956956113781
34.37 0.0854437697818
34.44 0.0901981602503
34.51 0.0925223839824
34.58 0.117001992853
34.65 0.123055879174
34.72 0.111367024338
34.79 0.112350826875
34.86 0.0915159332139
34.93 0.0747696857371
35.0 0.0534524030124
35.07 0.0467073020514
35.14 0.0558885351947
35.21 0.0617859496564
35.28 0.0396517764318
35.35 0.0297616732082
35.42 0.0375109169862
35.49 0.0395538840599
35.56 0.0462360564307
35.63 0.0475519371849
35.7 0.0366377031445
35.77 0.0357635671582
35.84 0.0323998897281
35.91 0.0315821755149
35.98 0.0338510381992
36.05 0.0253319164532
36.12 0.0337721352689
36.19 0.0403841158664
36.26 0.0396406614824
36.33 0.047191741332
36.4 0.0538049328917
36.47 0.0513538184519
36.54 0.0598255352366
36.61 0.0451486253165
36.68 0.0413252122348
36.75 0.038185891781
36.82 0.0241940199459
36.89 0.0371074321483
36.96 0.0447040933926
37.03 0.0355668408427
37.1 0.0360660085321
37.17 0.0328974099909
37.24 0.0310147043761
37.31 0.0343246707754
37.38 0.0294082807611
37.45 0.026193190337
37.52 0.0289311629451
37.59 0.020726592195
37.66 0.0145562864276
37.73 0.0147891227297
37.8 0.0117494767698
37.87 0.0107912844643
37.94 0.00852136494024
38.01 0.00642723050393
38.08 0.00552204078408
38.15 0.133972707393
38.22 0.39437211542
38.29 0.675561294195
38.36 0.610601185933
38.43 0.62083618026
38.5 0.61540767886
38.57 0.624747296794
38.64 0.642382261019
38.71 0.692521699368
38.78 0.688256919701
38.85 0.643158214521
38.92 0.639898765321
38.99 0.643508853486
39.06 0.6148978288
39.13 0.622989780064
39.2 0.618224971435
39.27 0.597015522629
39.34 0.632624516613
39.41 0.601233305306
39.48 0.678347239039
39.55 0.628313989773
39.62 0.534944753365
39.69 0.43022368521
39.76 0.361295670818
39.83 0.489796076243
39.9 0.542555286927
39.97 0.643547513616
40.04 0.679964405896
40.11 0.739535201309
40.18 0.688312550139
40.25 0.661799208592
40.32 0.658484977274
40.39 0.710851243024
40.46 0.737953397139
40.53 0.778194379862
40.6 0.677866059643
40.67 0.732310073632
40.74 0.766068532151
40.81 0.789180907699
40.88 0.754548085248
40.95 0.757522705775
41.02 0.839271195228
41.09 0.830002267698
41.16 0.833039771486
41.23 0.74658006269
41.3 0.660950343509
41.37 0.563661298838
41.44 0.452502126126
41.51 0.408884932837
41.58 0.367028200147
41.65 0.248782240859
41.72 0.187553583783
41.79 0.234528717001
41.86 0.26923476705
41.93 0.223855555101
42.0 0.153475678613
42.07 0.146187472109
42.14 0.15667181845
42.21 0.174048536889
42.28 0.18361662389
42.35 0.170848800429
42.42 0.146824039327
42.49 0.177936169822
42.56 0.158536572035
42.63 0.157631963836
42.7 0.170324724477
42.77 0.129035225914
42.84 0.211713665703
42.91 0.339894891278
42.98 0.26678316434
43.05 0.199770080109
43.12 0.130967640556
43.19 0.148906935775
43.26 0.192297762019
43.33 0.122950670518
43.4 0.182675605231
43.47 0.15969077185
43.54 0.173631008774
43.61 0.120181600141
43.68 0.281032468609
43.75 0.307544500763
43.82 0.285678747998
43.89 0.171890523224
43.96 0.126122023836
44.03 0.166837821605
44.1 0.205395327252
44.17 0.187004923355
44.24 0.135824308764
44.31 0.111515248703
44.38 0.0874627131784
44.45 0.408263845213
44.52 0.221585994333
44.59 0.192101508432
44.66 0.148883058449
44.73 0.0898447341294
44.8 0.120628903679
44.87 0.259151541904
44.94 0.221882955941
45.01 0.164064648203
45.08 0.106866293541
45.15 0.0847772458196
45.22 0.226773713706
45.29 0.299288267904
45.36 0.281396764896
45.43 0.251970989293
45.5 0.0924613437161
45.57 0.117568359231
45.64 0.333708402652
45.71 0.209837033031
45.78 0.202937794065
45.85 0.105848687674
45.92 0.0719525162005
45.99 0.252141477231
46.06 0.194787778782
46.13 0.244900073445
46.2 0.211955215753
46.27 0.10837783082
46.34 0.16424360381
46.41 0.384399508758
46.48 0.35185386969
46.55 0.289871188538
46.62 0.151624347928
46.69 0.103805132603
46.76 0.277086309289
46.83 0.178818612879
46.9 0.10418883537
46.97 0.182410263336
47.04 0.110927724807
47.11 0.110610143168
47.18 0.27267474028
47.25 0.281578700636
47.32 0.15601983251
47.39 0.164459322158
47.46 0.112192338472
47.53 0.169211648162
47.6 0.246050023883
47.67 0.233617368859
47.74 0.15704562759
47.81 0.121596032497
47.88 0.0835311579334
47.95 0.332974532353
48.02 0.227402254899
48.09 0.187936400669
48.16 0.197189699663
48.23 0.227804153182
48.3 0.201652977406
48.37 0.261902359778
48.44 0.191540066201
48.51 0.158814980666
48.58 0.152411545893
48.65 0.0805772144242
48.72 0.204200932559
48.79 0.145539068545
48.86 0.136426022287
48.93 0.158576171147
49.0 0.099913562424
49.07 0.0711415108474
49.14 0.278104684474
49.21 0.24730397849
49.28 0.191816232933
49.35 0.152583319912
49.42 0.0790156702344
49.49 0.134880778815
49.56 0.235896200288
49.63 0.244960761431
49.7 0.165774257455
49.77 0.145257166903
49.84 0.0649009330077
49.91 0.231255596232
49.98 0.189310298817
50.05 0.145533877596
50.12 0.223012343334
50.19 0.181434701817
50.26 0.13756639123
50.33 0.308291035006
50.4 0.294562526082
50.47 0.198094987814
50.54 0.144641420464
50.61 0.110241317752
50.68 0.188176577863
50.75 0.163544658439
50.82 0.176006484054
50.89 0.162428433623
50.96 0.179702221569
51.03 0.130814628034
51.1 0.270645899372
51.17 0.231021559329
51.24 0.172371088721
51.31 0.148611053024
51.38 0.112947910249
51.45 0.242541018036
51.52 0.25689155227
51.59 0.200305593502
51.66 0.175216910789
51.73 0.141332764754
51.8 0.103586597312
51.87 0.262323952062
51.94 0.202813630937
52.01 0.217660448569
52.08 0.149749722734
52.15 0.117623485858
52.22 0.186547794834
52.29 0.206574063622
52.36 0.169569398778
52.43 0.176313222725
52.5 0.144966428475
52.57 0.163076350212
52.64 0.257738434483
52.71 0.211960107522
52.78 0.244133614664
52.85 0.234594930084
52.92 0.151109330233
52.99 0.207799322958
53.06 0.282407617869
53.13 0.227280623782
53.2 0.164880257803
53.27 0.148044216507
53.34 0.119320148822
53.41 0.232081744441
53.48 0.202283545504
53.55 0.146016572314
53.62 0.210451577574
53.69 0.126382063401
53.76 0.153094498792
53.83 0.234969818081
53.9 0.213659231265
53.97 0.130239497397
54.04 0.128520234122
54.11 0.1041361488
54.18 0.161890895916
54.25 0.301844063875
54.32 0.174417701633
54.39 0.152832592921
54.46 0.133044286626
54.53 0.0975883530851
54.6 0.298071486599
54.67 0.291110112967
54.74 0.132496967971
54.81 0.190924346961
54.88 0.124977663252
54.95 0.101208020156
55.02 0.38724156713
55.09 0.242362138842
55.16 0.206869823334
55.23 0.212508897464
55.3 0.161550936731
55.37 0.269144277737
55.44 0.248575088612
55.51 0.188921809188
55.58 0.172502153687
55.65 0.173601081818
55.72 0.129075958279
55.79 0.244554685005
55.86 0.194936294555
55.93 0.195016183092
56.0 0.244859777544
56.07 0.153423447935
56.14 0.148677855398
56.21 0.389088110952
56.28 0.355751517994
56.35 0.238976463345
56.42 0.308541842765
56.49 0.209143296741
56.56 0.253726848235
56.63 0.297741884702
56.7 0.188034966517
56.77 0.33310724086
56.84 0.248338628489
56.91 0.146164115432
56.98 0.30426384224
57.05 0.306517380748
57.12 0.352244817508
57.19 0.377194677326
57.26 0.230155354821
57.33 0.165140915152
57.4 0.423367557793
57.47 0.337358882559
57.54 0.383565531387
57.61 0.302968543958
57.68 0.188576863688
57.75 0.32785339777
57.82 0.31898514461
57.89 0.240706775517
57.96 0.336776686896
58.03 0.249092853313
58.1 0.138544182991
58.17 0.327736892844
58.24 0.235080642494
58.31 0.248424999235
58.38 0.283783362896
58.45 0.136046488598
58.52 0.253082534745
58.59 0.339586274644
58.66 0.277894089727
58.73 0.263210307758
58.8 0.190576872039
58.87 0.149144005911
58.94 0.408247131344
59.01 0.391523943956
59.08 0.260746135649
59.15 0.340716426174
59.22 0.344774269883
59.29 0.309834616806
59.36 0.527752857859
59.43 0.386026327049
59.5 0.424089532169
59.57 0.356885311476
59.64 0.218708213223
59.71 0.284946756957
59.78 0.267471973892
59.85 0.26835402711
59.92 0.327354933345
59.99 0.261480441116
60.06 0.163551485158
60.13 0.357882240326
60.2 0.322501175333
60.27 0.253633762153
60.34 0.370997352207
60.41 0.217927616621
60.48 0.235361374618
60.55 0.307943637793
60.62 0.240349441939
60.69 0.300884904095
60.76 0.253483152128
60.83 0.144032520171
60.9 0.293865844628
60.97 0.367171567712
61.04 0.43853813621
61.11 0.292931743347
61.18 0.295323927315
61.25 0.218028379038
61.32 0.26812813409
61.39 0.283422075234
61.46 0.250709011251
61.53 0.233872981612
61.6 0.215514588561
61.67 0.23463522987
61.74 0.242561582376
61.81 0.217814037431
61.88 0.198164184914
61.95 0.279393903337
62.02 0.203192447114
62.09 0.209237864471
62.16 0.243505425751
62.23 0.20894118909
62.3 0.176782462163
62.37 0.148033626092
62.44 0.226862872903
62.51 0.339393695388
62.58 0.285914563137
62.65 0.295806912145
62.72 0.284574768793
62.79 0.170065237941
62.86 0.293257321222
62.93 0.298818829013
63.0 0.329096834491
63.07 0.274301254211
63.14 0.250864169832
63.21 0.24262573488
63.28 0.242892855012
63.35 0.236141946613
63.42 0.286234718233
63.49 0.246879643085
63.56 0.184081702022
63.63 0.240977941687
63.7 0.27729614249
63.77 0.276532193704
63.84 0.220267602289
63.91 0.304682392225
63.98 0.224711904837
64.05 0.294942852401
64.12 0.354548002876
64.19 0.321481941466
64.26 0.361945739941
64.33 0.299449340125
64.4 0.252875809896
64.47 0.319892464846
64.54 0.34909676647
64.61 0.261587145666
64.68 0.260340464603
64.75 0.208016152542
64.82 0.267102987878
64.89 0.292088785428
64.96 0.312411255573
65.03 0.28554091589
65.1 0.193783256487
65.17 0.207955438653
65.24 0.267531107702
65.31 0.311723698428
65.38 0.273291291005
65.45 0.242658458058
65.52 0.242803365552
65.59 0.325215337963
65.66 0.353650502443
65.73 0.393797397935
65.8 0.426470697028
65.87 0.464104514374
65.94 0.365921532218
66.01 0.36262198916
66.08 0.304644911973
66.15 0.297630837525
66.22 0.330955190052
66.29 0.319296170216
66.36 0.320604261958
66.43 0.389354817932
66.5 0.32760204864
66.57 0.333134476501
66.64 0.337494292742
66.71 0.350625082375
66.78 0.442955175919
66.85 0.427677139177
66.92 0.42242699114
66.99 0.427812103829
67.06 0.384155523833
67.13 0.400698407367
67.2 0.466797801829
67.27 0.510098654229
67.34 0.527428534981
67.41 0.476076547867
67.48 0.422930333088
67.55 0.445910866581
67.62 0.682914008074
67.69 0.564449202658
67.76 0.513108542897
67.83 0.572376904707
67.9 0.568733043
67.97 0.628358853656
68.04 0.664070552777
68.11 0.669418803
68.18 0.587581665932
68.25 0.535112407522
68.32 0.554466207624
68.39 0.532311638429
68.46 0.495258510488
68.53 0.483210274447
68.6 0.47672238963
68.67 0.443264359827
68.74 0.554720356861
68.81 0.626460400352
68.88 0.618806105077
68.95 0.565092749422
69.02 0.476187484957
69.09 0.393198757795
69.16 0.464509713987
69.23 0.423257721578
69.3 0.432259038116
69.37 0.472033303051
69.44 0.479976032688
69.51 0.557688328105
69.58 0.587596032995
69.65 0.602223183377
69.72 0.564816855966
69.79 0.575064523304
69.86 0.573672946403
69.93 0.586510711674
70.0 0.574778864442
70.07 0.464078935226
70.14 0.439440689011
70.21 0.414121638546
70.28 0.421168175847
70.35 0.545994015521
70.42 0.533233605479
70.49 0.497413743473
70.56 0.518070708578
70.63 0.490986862658
70.7 0.623868372651
70.77 0.761454215689
70.84 0.74549120821
70.91 0.602284047503
70.98 0.528403276672
71.05 0.532474158623
71.12 0.737056580542
71.19 0.7629118917
71.26 0.77288275898
71.33 0.634677053526
71.4 0.555901885567
71.47 0.632391023672
71.54 0.886101185236
71.61 0.827550803569
71.68 0.774456574685
71.75 0.762693654292
71.82 0.798331746338
71.89 0.85360816539
71.96 0.90546510432
72.03 0.811404439573
72.1 0.802043673188
72.17 0.683622721441
72.24 0.747701988743
72.31 0.666012345577
72.38 0.755983842195
72.45 0.4521009065
72.52 0.579173978612
72.59 0.324786549843
72.66 0.370124998343
72.73 0.247586549723
72.8 0.210239459734
72.87 0.278494534007
72.94 0.202566523413
73.01 0.376632722217
73.08 0.301299316086
73.15 0.20809080221
73.22 0.212580860998
73.29 0.173950924268
73.36 0.0800405017256
73.43 0.316277613131
73.5 0.208738093243
73.57 0.19789734842
73.64 0.248936027879
73.71 0.138811477968
73.78 0.311781772808
73.85 0.263244317017
73.92 0.150230378891
73.99 0.227488216379
74.06 0.140669666454
74.13 0.0895986109168
74.2 0.29446264566
74.27 0.215879392547
74.34 0.198331499742
74.41 0.218586247959
74.48 0.0990578576711
74.55 0.0633617637731
74.62 0.360131977578
74.69 0.173841382051
74.76 0.160801194409
74.83 0.159143337926
74.9 0.080216089951
74.97 0.31480524109
75.04 0.19006314172
75.11 0.158367500988
75.18 0.312284459411
75.25 0.251098638019
75.32 0.0889438300501
75.39 0.438128977334
75.46 0.372426419721
75.53 0.235783146928
75.6 0.239600053192
75.67 0.140133312512
75.74 0.287746308613
75.81 0.235188056785
75.88 0.18830293238
75.95 0.208399718023
76.02 0.168277805911
76.09 0.0976774177368
76.16 0.313458522892
76.23 0.243066709036
76.3 0.204170049784
76.37 0.188524612288
76.44 0.142250109426
76.51 0.256653786639
76.58 0.268377549566
76.65 0.16145415948
76.72 0.205915298884
76.79 0.104725480721
76.86 0.138333871881
76.93 0.302688678287
77.0 0.204255670641
77.07 0.1817271602
77.14 0.218225515915
77.21 0.141889184405
77.28 0.107103951675
77.35 0.112546535206
77.42 0.149424226452
77.49 0.135246648705
77.56 0.172971719502
77.63 0.077208523481
77.7 0.109296427899
77.77 0.136291645632
77.84 0.120423025857
77.91 0.124981560348
77.98 0.0849328836045
78.05 0.0474393306508
78.12 0.042577151594
78.19 0.0343708505279
78.26 0.0479774939137
78.33 0.034700299597
78.4 0.0462704322157
78.47 0.052885746521
78.54 0.0609070190369
78.61 0.0492663514311
78.68 0.0401193606727
78.75 0.039464438635
78.82 0.0421630478479
78.89 0.047824770209
78.96 0.0577827339417
79.03 0.0585015960793
79.1 0.0508366676498
79.17 0.0534805543222
79.24 0.0439690289693
79.31 0.0560143871947
79.38 0.0506070484922
79.45 0.0506698410921
79.52 0.0603132538288
79.59 0.0656435559075
79.66 0.0881002245582
79.73 0.0786561880073
79.8 0.0938079829105
79.87 0.122765202913
79.94 0.140912819896
80.01 0.171811356084
80.08 0.221581805828
80.15 0.169969390605
80.22 0.434995512239
80.29 0.253568851988
80.36 0.236269974459
80.43 0.228783105395
80.5 0.223892819064
80.57 0.239896349095
80.64 0.333304687278
80.71 0.225198951248
80.78 0.429044701467
80.85 0.234130281941
80.92 0.271989449641
80.99 0.307525767761
81.06 0.272740683972
81.13 0.278516048985
81.2 0.282797093104
81.27 0.285464775508
81.34 0.665055083187
81.41 0.283819768176
81.48 0.219684077806
81.55 0.226341286223
81.62 0.462989687021
81.69 0.582975655246
81.76 0.40005297746
81.83 0.396615278507
81.9 0.25507097355
81.97 0.591775496164
82.04 0.451248218144
82.11 0.471182787951
82.18 0.369594309372
82.25 0.313132688577
82.32 0.34424533195
82.39 0.260322238003
82.46 0.140903376981
82.53 0.699205152639
82.6 0.28936065205
82.67 0.33114686659
82.74 0.307867290188
82.81 0.756770081752
82.88 0.31814014295
82.95 0.330742552858
83.02 0.285694231477
83.09 0.559477656229
83.16 0.488273898039
83.23 0.454155178909
83.3 0.380941845119
83.37 0.29964284282
83.44 0.241860190473
83.51 0.198823340787
83.58 0.263407855197
83.65 0.47216346789
83.72 0.58284101956
83.79 0.184660139168
83.86 0.20816877393
83.93 0.156060770803
84.0 0.728761885711
84.07 0.468803925863
84.14 0.394511582003
84.21 0.263741569184
84.28 0.556652109683
84.35 0.446495083967
84.42 0.441601983282
84.49 0.403133410181
84.56 0.392672372596
84.63 0.265210023406
84.7 0.316478981252
84.77 0.226763861524
84.84 0.68658283503
84.91 0.449281558526
84.98 0.383686650921
85.05 0.356991784195
85.12 0.655001721535
85.19 0.533828799234
85.26 0.522846219005
85.33 0.731229335836
85.4 0.593059588837
85.47 0.686418825416
85.54 0.568748828248
85.61 0.509614590541
85.68 0.469050095701
85.75 0.698530005589
85.82 0.579071336937
85.89 0.529322150912
85.96 0.454514820439
86.03 0.733595168748
86.1 0.452979607878
86.17 0.343396861887
86.24 0.346806989756
86.31 0.709557333139
86.38 0.481083117654
86.45 0.437569928535
86.52 0.330762184693
86.59 0.517190296311
86.66 0.474422470622
86.73 0.447643464688
86.8 0.416780127998
86.87 0.364089920143
86.94 0.303480387248
87.01 0.322424993506
87.08 0.404310231029
87.15 0.632532655739
87.22 0.589360379033
87.29 0.403822245636
87.36 0.427548827693
87.43 0.517827808986
87.5 0.671431415719
87.57 0.50941220832
87.64 0.469364324206
87.71 0.481132704937
87.78 0.636202027952
87.85 0.525552955264
87.92 0.438735639614
87.99 0.363987836676
88.06 0.372368759788
88.13 0.293998057093
88.2 0.345535562323
88.27 0.469677687552
88.34 0.71400042343
88.41 0.381438628443
88.48 0.283092588606
88.55 0.333464299868
88.62 0.737546621333
88.69 0.511588206392
88.76 0.45277182619
88.83 0.4050341546
88.9 0.471074096646
88.97 0.588575930664
89.04 0.249150572823
89.11 0.520202026678
89.18 0.467543635398
89.25 0.634816161353
89.32 0.377093501757
89.39 0.296206172215
89.46 0.405377108164
89.53 0.717806028244
89.6 0.419862904935
89.67 0.414141902412
89.74 0.328739642083
89.81 0.86221504369
89.88 0.56019623991
89.95 0.619454037208
90.02 0.588836995985
90.09 0.844795954525
90.16 0.71713988635
90.23 0.76265237667
90.3 0.696845194513
90.37 0.788857247936
90.44 0.617150248301
90.51 0.679868313778
90.58 0.625654364477
90.65 0.759153103851
90.72 0.479761277929
90.79 0.327260743798
90.86 0.297382673161
90.93 0.588813832285
91.0 0.7660404987
91.07 0.522006193299
91.14 0.53585020341
91.21 0.53888336716
91.28 0.579601834226
91.35 0.346594665988
91.42 0.555392132644
91.49 0.599879886018
91.56 0.581240597656
91.63 0.406997292713
91.7 0.426036293151
91.77 0.290626831548
91.84 0.747442683527
91.91 0.503029848175
91.98 0.499022142186
92.05 0.53818782155
92.12 0.713880508383
92.19 0.431734144926
92.26 0.35726608203
92.33 0.425505105549
92.4 0.606770975921
92.47 0.65152419423
92.54 0.631284359628
92.61 0.637564983405
92.68 0.603229118677
92.75 0.567624173321
92.82 0.548867685834
92.89 0.567433010956
92.96 0.592430665575
93.03 0.648784157158
93.1 0.502985971193
93.17 0.47985143957
93.24 0.395336901318
93.31 0.810538586051
93.38 0.658153278535
93.45 0.601707484434
93.52 0.589106728428
93.59 0.62297848768
93.66 0.548579439269
93.73 0.55000446981
93.8 0.66068144255
93.87 0.636839553579
93.94 0.443678205839
94.01 0.518786854793
94.08 0.489320697809
94.15 0.822796287471
94.22 0.565233471002
94.29 0.56303815193
94.36 0.557647839227
94.43 0.737985334162
94.5 0.451179453622
94.57 0.360737321398
94.64 0.264994928024
94.71 0.409016947145
94.78 0.704642247338
94.85 0.598673147281
94.92 0.625597734185
94.99 0.591072917907
95.06 0.662586887057
95.13 0.649723714892
95.2 0.605375837366
95.27 0.640035475831
95.34 0.779721098851
95.41 0.386256952536
95.48 0.203154924123
95.55 0.16503119032
95.62 0.831105373974
95.69 0.479248752096
95.76 0.47726175997
95.83 0.512771357917
95.9 0.574884580796
95.97 0.49363595064
96.04 0.492138198903
96.11 0.650839986334
96.18 0.509954348978
96.25 0.46576376573
96.32 0.436004075392
96.39 0.405875621804
96.46 0.612355703103
96.53 0.647734091027
96.6 0.535178820057
96.67 0.557231308376
96.74 0.529592924653
96.81 0.668879000081
96.88 0.225500359095
96.95 0.230244511428
97.02 0.228573753989
97.09 0.603074800646
97.16 0.498616136993
97.23 0.517519698755
97.3 0.452297650947
97.37 0.579787352342
97.44 0.591064066874
97.51 0.691400756332
97.58 0.682396836549
97.65 0.796068603022
97.72 0.435654774313
97.79 0.250596014878
97.86 0.491468953838
97.93 0.781626197553
98.0 0.59782147691
98.07 0.634172009756
98.14 0.549892029055
98.21 0.618486745201
98.28 0.632624879254
98.35 0.5688836064
98.42 0.578618378788
98.49 0.54594869445
98.56 0.580296543172
98.63 0.585006428513
98.7 0.644883236019
98.77 0.592607819633
98.84 0.803063928925
98.91 0.510371735921
98.98 0.544142679655
99.05 0.420904270269
99.12 0.610400618212
99.19 0.464066803586
99.26 0.447878987124
99.33 0.348403036655
99.4 0.801720506875
99.47 0.593169883534
99.54 0.623378607726
99.61 0.572515522968
99.68 0.678507359327
99.75 0.693312501727
99.82 0.657432419281
99.89 0.556697425573
99.96 0.753456200124
100.03 0.696120043142
100.1 0.662688966638
100.17 0.648774259646
100.24 0.762977839278
100.31 0.668392327967
100.38 0.56781121971
100.45 0.575072928807
100.52 0.587874436445
100.59 0.686549022633
100.66 0.641944756562
100.73 0.795391998933
100.8 0.716734399215
100.87 0.75928530207
100.94 0.593103959269
101.01 0.68268481761
101.08 0.577188508283
101.15 0.812680331377
101.22 0.572108065915
101.29 0.598569203983
101.36 0.623121547
101.43 0.767291903164
101.5 0.451408454995
101.57 0.429749190066
101.64 0.457048561356
101.71 0.604259330207
101.78 0.586187300579
101.85 0.560875882414
101.92 0.539026691985
101.99 0.528124177728
102.06 0.574402988248
102.13 0.615094638005
102.2 0.578756253636
102.27 0.571792704158
102.34 0.695300603794
102.41 0.57497260933
102.48 0.524794234985
102.55 0.435079676055
102.62 0.798276934433
102.69 0.638435899657
102.76 0.640793297278
102.83 0.59962025572
102.9 0.672027110696
102.97 0.627833468311
103.04 0.582693258858
103.11 0.613547861078
103.18 0.580548320995
103.25 0.667775994827
103.32 0.807790333863
103.39 0.711335199215
103.46 0.926319774872
103.53 0.630150439221
103.6 0.598355020384
103.67 0.676913995972
103.74 0.779277469644
103.81 0.514972997304
103.88 0.394030410377
103.95 0.391378710085
104.02 0.493274589155
104.09 0.649947552514
104.16 0.550430670227
104.23 0.542960048779
104.3 0.548280176185
104.37 0.610978776902
104.44 0.598130848614
104.51 0.563911067888
104.58 0.579427314497
104.65 0.68018039752
104.72 0.41981878317
104.79 0.182027954147
104.86 0.2232491389
104.93 0.667310503543
105.0 0.565284133257
105.07 0.565060786495
105.14 0.577248948896
105.21 0.646409848806
105.28 0.550621144869
105.35 0.570382881229
105.42 0.663478045157
105.49 0.541985686567
105.56 0.529528975487
105.63 0.519204586245
105.7 0.496944709962
105.77 0.589761651761
105.84 0.718097072326
105.91 0.547948434706
105.98 0.584193253789
106.05 0.480018883913
106.12 0.771367799924
106.19 0.417772600247
106.26 0.345823548564
106.33 0.238008501747
106.4 0.71035406209
106.47 0.637866206046
106.54 0.562845523459
106.61 0.552058572556
106.68 0.525625655736
106.75 0.561753754899
106.82 0.600570489349
106.89 0.569315339683
106.96 0.749187057107
107.03 0.510819104217
107.1 0.400857815324
107.17 0.545467746885
107.24 0.680087889073
107.31 0.568911462416
107.38 0.537750962075
107.45 0.605366279183
107.52 0.588689932072
107.59 0.613240509803
107.66 0.627036286059
107.73 0.615843999553
107.8 0.597651732386
107.87 0.678734980073
107.94 0.650281112379
108.01 0.739179335132
108.08 0.600132253133
108.15 0.807260785916
108.22 0.580146368316
108.29 0.498331734423
108.36 0.48396466764
108.43 0.627164882475
108.5 0.395574898779
108.57 0.479315531158
108.64 0.407705624013
108.71 0.681261636537
108.78 0.632272515154
108.85 0.670334906921
108.92 0.72312691072
108.99 0.688155801118
109.06 0.644367876405
109.13 0.61765571947
109.2 0.539059527841
109.27 0.723719251267
109.34 0.698631918097
109.41 0.555853368075
109.48 0.405697311181
109.55 0.3635171661
109.62 0.723671118433
109.69 0.432129368023
109.76 0.480993749938
109.83 0.421954525491
109.9 0.639058608804
109.97 0.553487103879
110.04 0.446609207118
110.11 0.281203832066
110.18 0.461628893168
110.25 0.401766153546
110.32 0.365110460813
110.39 0.49010066497
110.46 0.714536947037
110.53 0.566157537485
110.6 0.37808847623
110.67 0.42761335579
110.74 0.650446796617
110.81 0.515500167361
110.88 0.461718382628
110.95 0.428986406912
111.02 0.569561196096
111.09 0.557810421589
111.16 0.4599785848
111.23 0.410950212699
111.3 0.32363461524
111.37 0.547097879457
111.44 0.460113180336
111.51 0.522860690975
111.58 0.471271438156
111.65 0.812555945483
111.72 0.603151457792
111.79 0.572131109166
111.86 0.507826806231
111.93 0.841351348555
112.0 0.591308521938
112.07 0.545644860794
112.14 0.426755718678
112.21 0.609903807689
112.28 0.480993966227
112.35 0.475818456203
112.42 0.371173761556
112.49 0.464397691564
112.56 0.492354607564
112.63 0.51101625534
112.7 0.472654353116
112.77 0.670714766987
112.84 0.480397381485
112.91 0.31166625867
112.98 0.38996874469
113.05 0.589482133189
113.12 0.712418283817
113.19 0.452815883197
113.26 0.441000219248
113.33 0.362518833312
113.4 0.618255688431
113.47 0.583456161166
113.54 0.497378625568
113.61 0.405735751136
113.68 0.52754555667
113.75 0.613976422548
113.82 0.503976033175
113.89 0.42082330158
113.96 0.792777842354
114.03 0.46924508911
114.1 0.440456833953
114.17 0.325589455348
114.24 0.772361094592
114.31 0.560762167234
114.38 0.450346956604
114.45 0.446460950375
114.52 0.569171565443
114.59 0.684887206887
114.66 0.617853497445
114.73 0.342922567491
114.8 0.305601020387
114.87 0.562398683584
114.94 0.482387545425
115.01 0.389406614736
115.08 0.333753908928
115.15 0.840888316755
115.22 0.515753649598
115.29 0.473553815697
115.36 0.248552972686
115.43 0.81074513735
115.5 0.426071254343
115.57 0.417025742218
115.64 0.380848422298
115.71 0.646795877656
115.78 0.554929984134
115.85 0.432882596879
115.92 0.223783837645
115.99 0.460285504792
116.06 0.560857044504
116.13 0.541987701815
116.2 0.276327688737
116.27 0.772316173722
116.34 0.509107825521
116.41 0.445817719627
116.48 0.331760051229
116.55 0.676904968799
116.62 0.582968083818
116.69 0.420514380587
116.76 0.386899446345
116.83 0.412363371926
116.9 0.5441652709
116.97 0.549248110584
117.04 0.506518309109
117.11 0.225310206944
117.18 0.637099238273
117.25 0.567103659023
117.32 0.370919274285
117.39 0.218371267845
117.46 0.822324997815
117.53 0.584360338081
117.6 0.607691686679
117.67 0.484202652151
117.74 0.829879885397
117.81 0.48502046091
117.88 0.484418827685
117.95 0.398851011338
118.02 0.543170082728
118.09 0.587290997442
118.16 0.416094206623
118.23 0.355856648941
118.3 0.378037172877
118.37 0.52933753337
118.44 0.452540673579
118.51 0.525440221805
118.58 0.688732496292
118.65 0.741172718807
118.72 0.465934563208
118.79 0.467168661921
118.86 0.401501710482
118.93 0.704936618652
119.0 0.506592506771
119.07 0.47704813458
119.14 0.444781575029
119.21 0.611120455595
119.28 0.529300133417
119.35 0.389201920678
119.42 0.303087277831
119.49 0.467366584952
119.56 0.400954393122
119.63 0.415362087363
119.7 0.461936432239
119.77 0.687574017313
119.84 0.452018711306
119.91 0.394040557852
119.98 0.433098888977
120.05 0.706841010204
120.12 0.604827643192
120.19 0.43075882042
120.26 0.479349751525
120.33 0.586130251955
120.4 0.58737729307
120.47 0.479176845549
120.54 0.406024408263
120.61 0.405482187305
120.68 0.580553315081
120.75 0.48478089114
120.82 0.501154353937
120.89 0.604853651033
120.96 0.703079393755
121.03 0.530424407571
121.1 0.389177478668
121.17 0.486035644853
121.24 0.746892449496
121.31 0.594787865039
121.38 0.63994689945
121.45 0.472394062293
121.52 0.523969339183
121.59 0.595308839114
121.66 0.527084484427
121.73 0.337814432296
121.8 0.415940762816
121.87 0.671576727299
121.94 0.643922257853
122.01 0.466200313074
122.08 0.487812254636
122.15 0.708209299072
122.22 0.544519367907
122.29 0.560133743899
122.36 0.490523075788
122.43 0.765263230625
122.5 0.656869008428
122.57 0.488054870591
122.64 0.407002592454
122.71 0.613647970742
122.78 0.553633739099
122.85 0.410052780908
122.92 0.492363505222
122.99 0.593168469234
123.06 0.513279175891
123.13 0.545097899599
123.2 0.544187266377
123.27 0.7420110401
123.34 0.650329624691
123.41 0.376933777784
123.48 0.505736798133
123.55 0.820174309501
123.62 0.46490023052
123.69 0.451287464976
123.76 0.435173648018
123.83 0.563437033817
123.9 0.652318648902
123.97 0.537117622363
124.04 0.456033707676
124.11 0.374453251857
124.18 0.603125148181
124.25 0.534532299636
124.32 0.421129532553
124.39 0.459676070898
124.46 0.795750492963
124.53 0.580101005801
124.6 0.482125633079
124.67 0.424247158004
124.74 0.686463036545
124.81 0.548439132136
124.88 0.437176500511
124.95 0.393400783851
125.02 0.65024771184
125.09 0.528855310085
125.16 0.471312960561
125.23 0.3749483489
125.3 0.516181787554
125.37 0.642581699372
125.44 0.531809374043
125.51 0.54510911816
125.58 0.669514607595
125.65 0.535742642767
125.72 0.474805932491
125.79 0.398177127057
125.86 0.50025969376
125.93 0.645124010275
126.0 0.497742068354
126.07 0.431702273955
126.14 0.37994250082
126.21 0.58763473716
126.28 0.510731513442
126.35 0.419363090967
126.42 0.247044543759
126.49 0.548782987122
126.56 0.487884027784
126.63 0.527409348677
126.7 0.488769159566
126.77 0.768648921664
126.84 0.480595810918
126.91 0.540088168358
126.98 0.505829640727
127.05 0.854842397503
127.12 0.462246393235
127.19 0.465355531589
127.26 0.459159676462
127.33 0.612288099033
127.4 0.628718658375
127.47 0.54457958705
127.54 0.400523870801
127.61 0.485750754012
127.68 0.514173863266
127.75 0.494041563404
127.82 0.467203481941
127.89 0.554136177034
127.96 0.68836851343
128.03 0.276573616382
128.1 0.406151563181
128.17 0.455358953056
128.24 0.806156261455
128.31 0.620616468975
128.38 0.531758157465
128.45 0.394948343046
128.52 0.612193270978
128.59 0.474510579455
128.66 0.774344187031
128.73 0.632383175082
128.8 0.566813996862
128.87 0.429541357867
128.94 0.479591574851
129.01 0.512128858927
129.08 0.657747132171
129.15 0.655305516337
129.22 0.644978764748
129.29 0.571970266187
129.36 0.519232168986
129.43 0.385720024843
129.5 0.382106507129
129.57 0.503899646715
129.64 0.585355575469
129.71 0.653810284956
129.78 0.556513904574
129.85 0.593628849868
129.92 0.593383837892
129.99 0.655544113452
130.06 0.592451367201
130.13 0.528840588152
130.2 0.516133915045
130.27 0.757017108977
130.34 0.220109247286
130.41 0.355776615347
130.48 0.374569787866
130.55 0.84921759071
130.62 0.629495457607
130.69 0.582230053508
130.76 0.352801171107
130.83 0.618880033349
130.9 0.45635623289
130.97 0.549072264625
131.04 0.730216602311
131.11 0.571592772354
131.18 0.313176196442
131.25 0.39202637412
131.32 0.453502748734
131.39 0.568473258579
131.46 0.674275302838
131.53 0.549216714932
131.6 0.635705402636
131.67 0.618621527238
131.74 0.629895683856
131.81 0.518475707443
131.88 0.576303728781
131.95 0.504973082473
132.02 0.756975546422
132.09 0.648979122074
132.16 0.651851089269
132.23 0.56467511122
132.3 0.562946516412
132.37 0.468627568321
132.44 0.444517865019
132.51 0.421206857995
132.58 0.732801825311
132.65 0.337570000545
132.72 0.34469750006
132.79 0.237157105948
132.86 0.78935425273
132.93 0.554040091392
133.0 0.482804450574
133.07 0.447681455227
133.14 0.620450124212
133.21 0.481094784336
133.28 0.439637930795
133.35 0.676439938587
133.42 0.665582909884
133.49 0.471194898869
133.56 0.232556586684
133.63 0.188718282057
133.7 0.265764381184
133.77 0.782934097613
133.84 0.572587886703
133.91 0.611638247495
133.98 0.569952006628
134.05 0.45258481218
134.12 0.502040204526
134.19 0.571303544067
134.26 0.58175273624
134.33 0.628134516107
134.4 0.582211017441
134.47 0.49487514187
134.54 0.506894265603
134.61 0.656763855463
134.68 0.57021741069
134.75 0.616993916318
134.82 0.683692882131
134.89 0.765293432152
134.96 0.683708533979
135.03 0.552319912448
135.1 0.64390692461
135.17 0.738862283207
135.24 0.678936818333
135.31 0.570785960686
135.38 0.664486332443
135.45 0.643753735948
135.52 0.788758775338
135.59 0.69118526852
135.66 0.714127939694
135.73 0.742112785534
135.8 0.737633501072
135.87 0.742162058097
135.94 0.717613483957
136.01 0.745417634808
136.08 0.849753733544
136.15 0.763517791138
136.22 0.699474051007
136.29 0.694114663818
136.36 0.746215324758
136.43 0.654370351741
136.5 0.702442712564
136.57 0.680575747541
136.64 0.756688768553
136.71 0.738118703194
136.78 0.68116369236
136.85 0.619071016984
136.92 0.694715857988
136.99 0.680812315161
137.06 0.665458272731
137.13 0.743586073243
137.2 0.67723073188
137.27 0.760853882792
137.34 0.6158180215
137.41 0.511351269655
137.48 0.357565342524
137.55 0.81561772291
137.62 0.728440394023
137.69 0.736049559909
137.76 0.634707556822
137.83 0.621487894219
137.9 0.525402634056
137.97 0.592678112428
138.04 0.718771845078
138.11 0.683736132262
138.18 0.566626839091
138.25 0.451516538876
138.32 0.502754437809
138.39 0.676419639752
138.46 0.654943337615
138.53 0.636499984233
138.6 0.646043655128
138.67 0.64694643199
138.74 0.575424587052
138.81 0.491251391201
138.88 0.46677746155
138.95 0.563336663829
139.02 0.773657168667
139.09 0.661235635845
139.16 0.739037497135
139.23 0.733121506384
139.3 0.58154741015
139.37 0.569759093224
139.44 0.59175754543
139.51 0.527132087546
139.58 0.720334233704
139.65 0.357707295788
139.72 0.380156076995
139.79 0.427158857711
139.86 0.797916708791
139.93 0.597696352782
140.0 0.644092883076
140.07 0.612231567172
140.14 0.685722888671
140.21 0.615762082816
140.28 0.565370930107
140.35 0.749536350415
140.42 0.639719956065
140.49 0.615502012168
140.56 0.598655793609
140.63 0.492622024284
140.7 0.599141901039
140.77 0.725969361522
140.84 0.709891891562
140.91 0.754098406411
140.98 0.699476786357
141.05 0.627830809375
141.12 0.481260820854
141.19 0.446651076623
141.26 0.446856128141
141.33 0.712455590519
141.4 0.59573181073
141.47 0.56879937135
141.54 0.546857962587
141.61 0.642778469723
141.68 0.677123928899
141.75 0.648672506442
141.82 0.549845550124
141.89 0.720096040675
141.96 0.465290472482
142.03 0.418629065251
142.1 0.354286416907
142.17 0.792453410683
142.24 0.692137886514
142.31 0.599929741397
142.38 0.611988144341
142.45 0.629258487196
142.52 0.611119359901
142.59 0.450443930717
142.66 0.631885249438
142.73 0.670727026846
142.8 0.721665550017
142.87 0.609644201999
142.94 0.522379208514
143.01 0.624495888088
143.08 0.757808008472
143.15 0.598803494735
143.22 0.633207947845
143.29 0.604588011254
143.36 0.726390474602
143.43 0.349014150354
143.5 0.288105675572
143.57 0.200423014097
143.64 0.628477696322
143.71 0.486136225949
143.78 0.508455943192
143.85 0.512331097387
143.92 0.546309452397
143.99 0.56973024642
144.06 0.56970504934
144.13 0.590499846554
144.2 0.701588476507
144.27 0.595213978681
144.34 0.343108140003
144.41 0.25027491303
144.48 0.365677527866
144.55 0.71373353772
144.62 0.520208723882
144.69 0.517537407296
144.76 0.422484825918
144.83 0.625779944496
144.9 0.616317585504
144.97 0.575407790294
145.04 0.437178970356
145.11 0.568004820837
145.18 0.538233222919
145.25 0.668499689157
145.32 0.559467614957
145.39 0.705499669455
145.46 0.50090934196
145.53 0.460511388746
145.6 0.389401514448
145.67 0.531473138405
145.74 0.353795913749
145.81 0.242438653522
145.88 0.238312624222
145.95 0.504349129984
146.02 0.651489063374
146.09 0.57673741126
146.16 0.526072518924
146.23 0.540613863244
146.3 0.56292738321
146.37 0.659860230146
146.44 0.579985796022
146.51 0.624412305792
146.58 0.884628719944
146.65 0.6747693275
146.72 0.714628826043
146.79 0.512585023859
146.86 0.814519261031
146.93 0.651292983337
147.0 0.675022918528
147.07 0.637258959656
147.14 0.711309776779
147.21 0.70769219101
147.28 0.682185902474
147.35 0.556109904267
147.42 0.806891565481
147.49 0.762942520626
147.56 0.791660786053
147.63 0.733345986399
147.7 0.777250833076
147.77 0.684978409826
147.84 0.667183186732
147.91 0.56427566206
147.98 0.542272245556
148.05 0.623826649498
148.12 0.569315145411
148.19 0.563447339299
148.26 0.618992669671
148.33 0.736691837429
148.4 0.606900974981
148.47 0.679365066377
148.54 0.713826571996
148.61 0.634806612236
148.68 0.570721703275
148.75 0.577509672298
148.82 0.508718203934
148.89 0.741196101387
148.96 0.372727009035
149.03 0.419911809676
149.1 0.27694555274
149.17 0.750249693932
149.24 0.588920069288
149.31 0.605011841553
149.38 0.574752819041
149.45 0.704755448344
149.52 0.531166180855
149.59 0.557835166663
149.66 0.770910491377
149.73 0.709453937689
149.8 0.661279314669
149.87 0.766472480652
149.94 0.735292792712
150.01 0.618792740458
150.08 0.801063688743
150.15 0.665414404816
150.22 0.628839082415
150.29 0.598730794262
150.36 0.73185695359
150.43 0.497146755446
150.5 0.563112423416
150.57 0.458275171531
150.64 0.679785572033
150.71 0.653466889747
150.78 0.58250405864
150.85 0.572832951781
150.92 0.6084724387
150.99 0.639309990313
151.06 0.588861509228
151.13 0.633002567359
151.2 0.738225265278
151.27 0.616670119269
151.34 0.357081575424
151.41 0.37113240752
151.48 0.614397310272
151.55 0.706550938777
151.62 0.613933839418
151.69 0.635084814938
151.76 0.628153439496
151.83 0.584004256909
151.9 0.435698990623
151.97 0.6352559103
152.04 0.546711600643
152.11 0.607130687389
152.18 0.572028218823
152.25 0.574339729395
152.32 0.61471001957
152.39 0.782171809205
152.46 0.59237493023
152.53 0.643354953788
152.6 0.549946471844
152.67 0.721351127241
152.74 0.339086864762
152.81 0.319990166831
152.88 0.261442681113
152.95 0.446117612152
153.02 0.592905093371
153.09 0.534931514375
153.16 0.529868626427
153.23 0.55062322617
153.3 0.731554574383
153.37 0.743762591384
153.44 0.687170990957
153.51 0.820825914668
153.58 1.0
153.65 0.499538250395
153.72 0.373035202156
153.79 0.539328035074
153.86 0.795424539495
153.93 0.540747909637
154.0 0.550520699763
154.07 0.552233317641
154.14 0.558993336102
154.21 0.410970594424
154.28 0.539411955403
154.35 0.482185420938
154.42 0.539987319166
154.49 0.531532687958
154.56 0.49974291337
154.63 0.538541079301
154.7 0.702556978181
154.77 0.515688347004
154.84 0.566116214533
154.91 0.53272667468
154.98 0.599617866174
155.05 0.417586167758
155.12 0.265727163847
155.19 0.265896838432
155.26 0.292834810679
155.33 0.514510382541
155.4 0.458967450781
155.47 0.449250980111
155.54 0.455267176367
155.61 0.564125830418
155.68 0.648942573033
155.75 0.586974963503
155.82 0.482673607078
155.89 0.559871261688
155.96 0.33411189267
156.03 0.247293538312
156.1 0.265606558486
156.17 0.551979958443
156.24 0.399050334423
156.31 0.425165247385
156.38 0.419611867935
156.45 0.436600603148
156.52 0.320942506369
156.59 0.314209175701
156.66 0.383063377089
156.73 0.358933605488
156.8 0.367860078085
156.87 0.325831129732
156.94 0.355997598466
157.01 0.400133490257
157.08 0.373691559216
157.15 0.349171291804
157.22 0.339948182681
157.29 0.259266186999
157.36 0.353766203082
157.43 0.156723831543
157.5 0.16142057762
157.57 0.0956123140149
157.64 0.282347507518
157.71 0.260923416631
157.78 0.239971174903
157.85 0.246691710816
157.92 0.213464265054
157.99 0.205518227613
158.06 0.210263703586
158.13 0.200044267857
158.2 0.306953321963
158.27 0.147898319521
158.34 0.0906077283924
158.41 0.107881891931
158.48 0.142604010865
158.55 0.106428792969
158.62 0.0853438168314
158.69 0.0722104576272
158.76 0.0324047983343
158.83 0.0125670252042
158.9 0.00210965158952
158.97 0.0185561736151
159.04 0.0460019379333
159.11 0.0431325752777
159.18 0.0454470491452
159.25 0.0436290697843
159.32 0.0344063155313
159.39 0.0150221494184
159.46 0.0062625059694
159.53 0.0128589966118
159.6 0.0619441077969
159.67 0.0466343231223
159.74 0.0344873826519
159.81 0.0108048174527
159.88 0.00584331618202
159.95 0.0279080682457
160.02 0.0362426743197
160.09 0.0292553938679
160.16 0.0114200523085
160.23 0.00962977354634
160.3 0.00616607452298
160.37 0.0399028419245
160.44 0.04029814273
160.51 0.03286249672
160.58 0.0286514967268
160.65 0.0525076439691
160.72 0.0469374004133
160.79 0.0355476778514
160.86 0.0138111341062
160.93 0.00935712702342
161.0 0.00626387493951
161.07 0.005839697542
161.14 0.0150104801462
161.21 0.0336890386534
161.28 0.0260831067487
161.35 0.0186189493781
161.42 0.00784271063356
161.49 0.0087866213558
161.56 0.0286924648088
161.63 0.0418160521307
161.7 0.0237306824912
161.77 0.0214481948631
161.84 0.0299517567161
161.91 0.0496551557805
161.98 0.0331336059037
162.05 0.0200991713035
162.12 0.0149112952178
162.19 0.0752219833609
162.26 0.254047191127
162.33 0.246555737244
162.4 0.212360249586
162.47 0.212521544572
162.54 0.194799976474
162.61 0.133010803197
162.68 0.0243951536458
162.75 0.14030830756
162.82 0.32049020486
162.89 0.320063240306
162.96 0.285694726223
163.03 0.16601639032
163.1 0.022657134055
163.17 0.041980386826
163.24 0.104275931398
163.31 0.0576180029315
163.38 0.0426490063357
163.45 0.0304865538926
163.52 0.022182205037
163.59 0.166198923123
163.66 0.131191360321
163.73 0.0931335546677
163.8 0.0714561745212
163.87 0.204537830017
163.94 0.196543680464
164.01 0.120284302688
164.08 0.0561027278593
164.15 0.0237933429861
164.22 0.0429721428595
164.29 0.111879750919
164.36 0.136758618563
164.43 0.255926294939
164.5 0.22279992243
164.57 0.182928685972
164.64 0.145733569798
164.71 0.0553200693832
164.78 0.145776836766
164.85 0.116745575814
164.92 0.0831169130163
164.99 0.0748532460152
165.06 0.254785268062
165.13 0.222786130412
165.2 0.189354221129
165.27 0.21421678417
165.34 0.197026768906
165.41 0.297554908252
165.48 0.495077151089
165.55 0.418128220347
165.62 0.389406364773
165.69 0.271050955223
165.76 0.50129122375
165.83 0.388443078655
165.9 0.327465712427
165.97 0.648219894098
166.04 0.64003643683
166.11 0.375785639256
166.18 0.326649176798
166.25 0.302062226165
166.32 0.31916545494
166.39 0.352944190277
166.46 0.253069952394
166.53 0.309179377457
166.6 0.493004953848
166.67 0.357393451942
166.74 0.289616657233
166.81 0.21126728431
166.88 0.277294782586
166.95 0.669406554797
167.02 0.481676173122
167.09 0.309188192226
167.16 0.346311088426
167.23 0.244039869352
167.3 0.371707784234
167.37 0.39460237179
167.44 0.315644294141
167.51 0.594888285537
167.58 0.569289304643
167.65 0.422516778484
167.72 0.48507041731
167.79 0.401849105105
167.86 0.377514065695
167.93 0.343149804874
168.0 0.256808038617
168.07 0.451219876447
168.14 0.451548093832
168.21 0.398240686383
168.28 0.415725899266
168.35 0.343256365663
168.42 0.560651788352
168.49 0.446897899214
168.56 0.283452767622
168.63 0.389356931612
168.7 0.416108585342
168.77 0.379582298492
168.84 0.37577274607
168.91 0.198014193969
168.98 0.470953908323
169.05 0.610179803462
169.12 0.396948105319
169.19 0.291484135807
169.26 0.377886337496
169.33 0.304933436995
169.4 0.385123195317
169.47 0.295054280351
169.54 0.271116203421
169.61 0.487365589606
169.68 0.364840790537
169.75 0.360433645749
169.82 0.345065904553
169.89 0.314415203761
169.96 0.502299757115
170.03 0.512991233685
170.1 0.318910352475
170.17 0.422914275858
170.24 0.320171765833
170.31 0.335471366769
170.38 0.39457289684
170.45 0.262814732381
170.52 0.549626319338
170.59 0.540716767833
170.66 0.458955422753
170.73 0.379663464043
170.8 0.401899336076
170.87 0.388194091873
170.94 0.362526728526
171.01 0.324954930577
171.08 0.380240021932
171.15 0.537409488864
171.22 0.404279832639
171.29 0.324147972557
171.36 0.284635616083
171.43 0.52485963601
171.5 0.435745799817
171.57 0.389148805414
171.64 0.463933254529
171.71 0.435600657901
171.78 0.336626286685
171.85 0.448446196643
171.92 0.534709239995
171.99 0.403828885854
172.06 0.631729703609
172.13 0.537709051126
172.2 0.529953239659
172.27 0.481173073367
172.34 0.42857865327
172.41 0.458593286771
172.48 0.507170608474
172.55 0.437815338121
172.62 0.455166408769
172.69 0.492435094459
172.76 0.393177000624
172.83 0.49394872858
172.9 0.388925572625
172.97 0.542209910143
173.04 0.454639996373
173.11 0.196505043646
173.18 0.388410978443
173.25 0.357341708239
173.32 0.363077634738
173.39 0.385474305716
173.46 0.310905922048
173.53 0.68898042494
173.6 0.53818406951
173.67 0.496054418316
173.74 0.45376108259
173.81 0.430114054923
173.88 0.387175351457
173.95 0.591100114694
174.02 0.49596364148
174.09 0.426810842714
174.16 0.489863783925
174.23 0.419542562042
174.3 0.361988145636
174.37 0.272188788268
174.44 0.370588325436
174.51 0.619851776775
174.58 0.477001248972
174.65 0.404498522054
174.72 0.394321726441
174.79 0.286701667852
174.86 0.461056923984
174.93 0.229567634063
175.0 0.50794703859
175.07 0.629866719194
175.14 0.492024074457
175.21 0.387112553677
175.28 0.33650969887
175.35 0.322464083625
175.42 0.340272386406
175.49 0.291982047204
175.56 0.279868923015
175.63 0.470996394317
175.7 0.4604228564
175.77 0.325302847143
175.84 0.28469538581
175.91 0.236257482769
175.98 0.585518415565
176.05 0.504166080418
176.12 0.314533406624
176.19 0.339509263923
176.26 0.348788594072
176.33 0.404748857084
176.4 0.302866491574
176.47 0.172702919565
176.54 0.677531132103
176.61 0.479744523911
176.68 0.373893251124
176.75 0.313104879186
176.82 0.316545040212
176.89 0.35593841544
176.96 0.354086044753
177.03 0.294395115413
177.1 0.494613219162
177.17 0.460972581438
177.24 0.376801624895
177.31 0.335631904094
177.38 0.287265620077
177.45 0.528949941278
177.52 0.57728031217
177.59 0.364630572678
177.66 0.366572576587
177.73 0.441104992734
177.8 0.437174772786
177.87 0.435379275877
177.94 0.237409133734
178.01 0.416736384416
178.08 0.622184012285
178.15 0.460005405994
178.22 0.321700228089
178.29 0.272858801355
178.36 0.305345503475
178.43 0.415318903285
178.5 0.279170901084
178.57 0.304891114189
178.64 0.544608932485
178.71 0.427248869115
178.78 0.41907227224
178.85 0.328682207506
178.92 0.276859485058
178.99 0.662280956557
179.06 0.507708063292
179.13 0.356567946126
179.2 0.598583011542
179.27 0.439394754041
179.34 0.485600456118
179.41 0.383385812939
179.48 0.312292164239
179.55 0.63735308315
179.62 0.471001555476
179.69 0.500251375033
179.76 0.439865949151
179.83 0.420893679854
179.9 0.42789096402
179.97 0.386588864974
180.04 0.337100451566
180.11 0.502703844196
180.18 0.319598667282
180.25 0.223045987361
180.32 0.23174032433
180.39 0.184954546747
180.46 0.479770884033
180.53 0.636885893929
180.6 0.336158690788
180.67 0.564473499611
180.74 0.423107808342
180.81 0.397261084007
180.88 0.512511813098
180.95 0.306176770104
181.02 0.622306917826
181.09 0.606375789088
181.16 0.485795138692
181.23 0.402324202492
181.3 0.353020307347
181.37 0.376762635797
181.44 0.444073083131
181.51 0.345909990544
181.58 0.325791249573
181.65 0.555050497539
181.72 0.408923515259
181.79 0.354020676106
181.86 0.287218756487
181.93 0.246430414959
182.0 0.535691762927
182.07 0.452099408015
182.14 0.325809649723
182.21 0.395088195582
182.28 0.275833275531
182.35 0.379467861915
182.42 0.243514956735
182.49 0.290962367807
182.56 0.554489455508
182.63 0.302867241464
182.7 0.235204095882
182.77 0.21436328081
182.84 0.157188263397
182.91 0.463831576443
182.98 0.497752329802
183.05 0.425299143542
183.12 0.479787411401
183.19 0.452491500742
183.26 0.230977690118
183.33 0.448530282751
183.4 0.340334848743
183.47 0.562188564156
183.54 0.611141206436
183.61 0.417789672872
183.68 0.386971880017
183.75 0.329817720943
183.82 0.367249479855
183.89 0.527294855114
183.96 0.370047459202
184.03 0.592989869792
184.1 0.513690392755
184.17 0.436180225711
184.24 0.38956307753
184.31 0.335413275552
184.38 0.357594042976
184.45 0.30830986385
184.52 0.258253199625
184.59 0.391469558153
184.66 0.448861354639
184.73 0.379381746313
184.8 0.4244917646
184.87 0.278633108233
184.94 0.416192698647
185.01 0.588169839991
185.08 0.418770063993
185.15 0.421342387331
185.22 0.357369636784
185.29 0.25646576112
185.36 0.427265274739
185.43 0.295782963587
185.5 0.307738256012
185.57 0.698594628232
185.64 0.617669993282
185.71 0.48888679645
185.78 0.407089672941
185.85 0.385273195328
185.92 0.506610318924
185.99 0.512422220027
186.06 0.328117471717
186.13 0.517561723676
186.2 0.464814963239
186.27 0.336032537019
186.34 0.366774127324
186.41 0.253312025683
186.48 0.504823669163
186.55 0.558306721824
186.62 0.391462833751
186.69 0.576931220905
186.76 0.468117501971
186.83 0.385499809746
186.9 0.455087169101
186.97 0.387317852569
187.04 0.615151392631
187.11 0.616295819268
187.18 0.444275901817
187.25 0.372578532117
187.32 0.343240326566
187.39 0.371036683224
187.46 0.343712337618
187.53 0.278122837251
187.6 0.421141582599
187.67 0.501974855306
187.74 0.403034352177
187.81 0.528667737867
187.88 0.452241954456
187.95 0.409127519004
188.02 0.556533204851
188.09 0.302188597519
188.16 0.391216448919
188.23 0.333842259954
188.3 0.223642713275
188.37 0.396777788341
188.44 0.232517376116
188.51 0.4729852126
188.58 0.669351483862
188.65 0.449633003072
188.72 0.398810220691
188.79 0.333207897075
188.86 0.349329977069
188.93 0.423077754462
189.0 0.301184064863
189.07 0.403146826606
189.14 0.443096153938
189.21 0.368273520011
189.28 0.535519491573
189.35 0.45691369125
189.42 0.28437863695
189.49 0.562913898142
189.56 0.551551283001
189.63 0.542325601717
189.7 0.514210892807
189.77 0.392236487072
189.84 0.554628194218
189.91 0.325449137854
189.98 0.356241649444
190.05 0.661228043694
190.12 0.611274974373
190.19 0.584030676608
190.26 0.53898684809
190.33 0.450099836128
190.4 0.514252136755
190.47 0.434516629138
190.54 0.406609115215
190.61 0.539385323301
190.68 0.400107630062
190.75 0.368039440368
190.82 0.429527844306
190.89 0.297651083259
190.96 0.52550001614
191.03 0.578244489349
191.1 0.425504717005
191.17 0.521227994013
191.24 0.454209430016
191.31 0.306448043771
191.38 0.41953869862
191.45 0.243558512521
191.52 0.608887402423
191.59 0.720690619235
191.66 0.581582377817
191.73 0.567313717579
191.8 0.514936432721
191.87 0.504584708112
191.94 0.487849247913
192.01 0.406113292889
192.08 0.463299681691
192.15 0.417146369596
192.22 0.475290013016
192.29 0.464082788288
192.36 0.390224442922
192.43 0.49657869113
192.5 0.491359880464
192.57 0.255722727658
192.64 0.398609976757
192.71 0.485586034658
192.78 0.342817520729
192.85 0.440488561163
192.92 0.249684354605
192.99 0.506710038748
193.06 0.663016568828
193.13 0.572092082509
193.2 0.487890215995
193.27 0.45408890366
193.34 0.429064484833
193.41 0.488944284129
193.48 0.381917086736
193.55 0.44136584047
193.62 0.511536246399
193.69 0.42478424759
193.76 0.521791596548
193.83 0.524118928632
193.9 0.435683544703
193.97 0.578180844542
194.04 0.394900578034
194.11 0.326292269322
194.18 0.384551175623
194.25 0.293412504411
194.32 0.393041291263
194.39 0.271118284722
194.46 0.452001654224
194.53 0.693517081812
194.6 0.493486564528
194.67 0.381487942451
194.74 0.347518744128
194.81 0.304520396564
194.88 0.419913507613
194.95 0.299958248613
195.02 0.283683799785
195.09 0.597408167089
195.16 0.463315956505
195.23 0.522199767227
195.3 0.43141760847
195.37 0.305543151935
195.44 0.606630405873
195.51 0.541858861911
195.58 0.359388380728
195.65 0.450795436135
195.72 0.412157483742
195.79 0.508887820237
195.86 0.434666674479
195.93 0.129683143798
196.0 0.603216498767
196.07 0.546034026489
196.14 0.411004472872
196.21 0.494186293463
196.28 0.259199716183
196.35 0.325495926326
196.42 0.51258975503
196.49 0.264991915513
196.56 0.434905626464
196.63 0.536154881502
196.7 0.396209945495
196.77 0.447946435777
196.84 0.362810308678
196.91 0.29493776895
196.98 0.691438184777
197.05 0.500697731818
197.12 0.504554572638
197.19 0.635259157233
197.26 0.400185411396
197.33 0.479369670882
197.4 0.403919320771
197.47 0.421351534953
197.54 0.712993799112
197.61 0.591026687644
197.68 0.500625430251
197.75 0.434909461394
197.82 0.411339687935
197.89 0.446351555805
197.96 0.362263225739
198.03 0.335568220433
198.1 0.51468816345
198.17 0.463548367999
198.24 0.407349483264
198.31 0.558571488674
198.38 0.398526104348
198.45 0.551264066077
198.52 0.542397539348
198.59 0.315936341962
198.66 0.607040075037
198.73 0.551047954005
198.8 0.369542860962
198.87 0.520415299788
198.94 0.414245913057
199.01 0.573997230427
199.08 0.602096902683
199.15 0.430777742514
199.22 0.393099267212
199.29 0.341744663901
199.36 0.380133823784
199.43 0.366404163474
199.5 0.294673467057
199.57 0.411071241573
199.64 0.478839031127
199.71 0.391005656015
199.78 0.424452019136
199.85 0.279611035985
199.92 0.306591275345
199.99 0.515214695
200.06 0.282992313164
200.13 0.340907082136
200.2 0.382158206797
200.27 0.276227696932
200.34 0.359717614802
200.41 0.252003817378
200.48 0.410844638812
200.55 0.531837749413
200.62 0.433020406969
200.69 0.355477288801
200.76 0.327820084005
200.83 0.315798788311
200.9 0.414593852936
200.97 0.337486304276
201.04 0.264379080564
201.11 0.481298803623
201.18 0.504363595478
201.25 0.339772616473
201.32 0.350913424781
201.39 0.267366468648
201.46 0.562550908657
201.53 0.606445496477
201.6 0.583428487765
201.67 0.463589957751
201.74 0.414219249871
201.81 0.236982138098
201.88 0.412195751443
201.95 0.4946429907
202.02 0.674538126968
202.09 0.570849255803
202.16 0.490089613483
202.23 0.464153452789
202.3 0.259523039208
202.37 0.0720827963072
202.44 0.105440132336
202.51 0.102727856735
202.58 0.0767202984864
202.65 0.0991041889558
202.72 0.131185999708
202.79 0.0840721562726
202.86 0.177361167405
202.93 0.16094011444
203.0 0.147795199936
203.07 0.218532630178
203.14 0.204706135632
203.21 0.177758114342
203.28 0.0963712246803
203.35 0.0550303528261
203.42 0.257835386579
203.49 0.305611404874
203.56 0.427180370099
203.63 0.552818664395
203.7 0.497106217352
203.77 0.429665548193
203.84 0.252527186179
203.91 0.0961665150801
203.98 0.147104776631
204.05 0.135826577861
204.12 0.140895718778
204.19 0.170255602495
204.26 0.0968522434783
204.33 0.112274546617
204.4 0.163864000183
204.47 0.167531296276
204.54 0.15880482024
204.61 0.23238335174
204.68 0.130672402789
204.75 0.0377155022523
204.82 0.0334084451101
204.89 0.0292929492382
204.96 0.263235205659
205.03 0.409145768917
205.1 0.543228093646
205.17 0.610078710782
205.24 0.421851181847
205.31 0.282407303148
205.38 0.423809961791
205.45 0.21973106055
205.52 0.338098376384
205.59 0.234751512031
205.66 0.163405080474
205.73 0.23087272495
205.8 0.0929650314677
205.87 0.150908364902
205.94 0.2083269243
206.01 0.157005906734
206.08 0.144897332396
206.15 0.124055351692
206.22 0.181950575604
206.29 0.0873604807697
206.36 0.0674440132279
206.43 0.160103662043
206.5 0.324198081785
206.57 0.42595345427
206.64 0.491523107809
206.71 0.390241937765
206.78 0.487752787973
206.85 0.580610234191
206.92 0.344862223299
206.99 0.479172390244
207.06 0.531259549279
207.13 0.490188797116
207.2 0.661577908162
207.27 0.462136809574
207.34 0.616880642783
207.41 0.465532479719
207.48 0.370843719309
207.55 0.420751211122
207.62 0.567554350665
207.69 0.50456941761
207.76 0.460187090476
207.83 0.313541056118
207.9 0.540278857995
207.97 0.42351945908
208.04 0.404703247196
208.11 0.809172491162
208.18 0.559419796843
208.25 0.481748147017
208.32 0.450192229307
208.39 0.399474390076
208.46 0.529194154149
208.53 0.448201647034
208.6 0.398341363321
208.67 0.512678757514
208.74 0.406503389795
208.81 0.446909016754
208.88 0.302819394858
208.95 0.225589774731
209.02 0.695963044158
209.09 0.607464722573
209.16 0.457733994461
209.23 0.599529113653
209.3 0.457845573944
209.37 0.521382922057
209.44 0.459311810875
209.51 0.23190729983
209.58 0.7040428327
209.65 0.65063758339
209.72 0.522377786443
209.79 0.488605626566
209.86 0.485329028328
209.93 0.497563774567
210.0 0.445242375291
210.07 0.378230485186
210.14 0.462096056486
210.21 0.354277609909
210.28 0.327335218621
210.35 0.355842987733
210.42 0.232299681375
210.49 0.473045321656
210.56 0.550250196708
210.63 0.303660959198
210.7 0.48595085548
210.77 0.445709376716
210.84 0.333200123605
210.91 0.466943591318
210.98 0.201269432647
211.05 0.557814964964
211.12 0.615350862067
211.19 0.495502588664
211.26 0.415406117172
211.33 0.419883060008
211.4 0.33442665866
211.47 0.406928696561
211.54 0.377376834536
211.61 0.423548721626
211.68 0.55520861553
211.75 0.509629444579
211.82 0.32316505331
211.89 0.279094606579
211.96 0.242363935211
212.03 0.620167273228
212.1 0.421373536906
212.17 0.357946347499
212.24 0.438994622338
212.31 0.321539443391
212.38 0.373277568148
212.45 0.353136711251
212.52 0.193684495071
212.59 0.632309183348
212.66 0.435266714673
212.73 0.402529983178
212.8 0.339066891009
212.87 0.306309630143
212.94 0.374955864637
213.01 0.335032196752
213.08 0.258932847309
213.15 0.469141020184
213.22 0.526935295178
213.29 0.361059493037
213.36 0.42608971666
213.43 0.284092739781
213.5 0.360511774182
213.57 0.489209794393
213.64 0.263854920428
213.71 0.343749975878
213.78 0.386803214351
213.85 0.274101725198
213.92 0.488205228063
213.99 0.426636407169
214.06 0.586972790246
214.13 0.584330456455
214.2 0.439051275943
214.27 0.404587040153
214.34 0.552909197743
214.41 0.42483005434
214.48 0.50790392445
214.55 0.42489769597
214.62 0.371970410207
214.69 0.618353345086
214.76 0.520565982342
214.83 0.52331817048
214.9 0.545649322574
214.97 0.409824152538
215.04 0.594409824654
215.11 0.549116109227
215.18 0.328852999803
215.25 0.58136093233
215.32 0.410864836625
215.39 0.376661435621
215.46 0.535137925798
215.53 0.425081518738
215.6 0.693365604039
215.67 0.512271009053
215.74 0.380523284773
215.81 0.412323219786
215.88 0.382418989775
215.95 0.381015665893
216.02 0.501095021969
216.09 0.324047588323
216.16 0.407993287762
216.23 0.56980217369
216.3 0.473484173066
216.37 0.483743337422
216.44 0.450862816145
216.51 0.481604328741
216.58 0.647967617643
216.65 0.39914915412
216.72 0.443592627722
216.79 0.497301578583
216.86 0.388666999167
216.93 0.43251334277
217.0 0.454837160448
217.07 0.545804491516
217.14 0.639785625186
217.21 0.437229383943
217.28 0.351203098598
217.35 0.464810168605
217.42 0.436712687738
217.49 0.539392719884
217.56 0.360753903162
217.63 0.313832219354
217.7 0.520321378336
217.77 0.605693496714
217.84 0.579210600181
217.91 0.484214370639
217.98 0.324689468233
218.05 0.524295185154
218.12 0.54998183194
218.19 0.488184372315
218.26 0.564895999794
218.33 0.404756857205
218.4 0.289954279973
218.47 0.503037064732
218.54 0.467760902741
218.61 0.688331169169
218.68 0.567509346906
218.75 0.451325100645
218.82 0.459196186649
218.89 0.389829876465
218.96 0.328273442354
219.03 0.482926608815
219.1 0.40263599094
219.17 0.47597838999
219.24 0.573650355159
219.31 0.469933182447
219.38 0.455042301332
219.45 0.430026092441
219.52 0.462116673927
219.59 0.587259017678
219.66 0.469834467657
219.73 0.513304328936
219.8 0.544103765676
219.87 0.44045296535
219.94 0.418753853936
220.01 0.489196543747
220.08 0.516242090882
220.15 0.612754182199
220.22 0.441485066499
220.29 0.324291820621
220.36 0.36263328802
220.43 0.279952283841
220.5 0.374165228057
220.57 0.352232011097
220.64 0.295838208071
220.71 0.535007468257
220.78 0.473804293193
220.85 0.453685373492
220.92 0.293658345281
220.99 0.235612954284
221.06 0.488086817976
221.13 0.494116916337
221.2 0.404919929132
221.27 0.499161051856
221.34 0.401839903087
221.41 0.321020516943
221.48 0.395779715877
221.55 0.322548220243
221.62 0.618544697838
221.69 0.63411556467
221.76 0.518600809553
221.83 0.520224288955
221.9 0.537551622153
221.97 0.509190852198
222.04 0.571955423805
222.11 0.446334901513
222.18 0.511553878527
222.25 0.503691482958
222.32 0.366861540663
222.39 0.472792376905
222.46 0.448365089373
222.53 0.487591517595
222.6 0.545554048989
222.67 0.351484296975
222.74 0.549937144197
222.81 0.527220648386
222.88 0.419298588773
222.95 0.523438740872
223.02 0.362731669958
223.09 0.640878495916
223.16 0.586165896984
223.23 0.474765847699
223.3 0.446064732605
223.37 0.402360831832
223.44 0.390691462479
223.51 0.425927652357
223.58 0.355854811127
223.65 0.393695982764
223.72 0.464965522753
223.79 0.355520459928
223.86 0.332140960363
223.93 0.318143277205
224.0 0.305954195249
224.07 0.541197578113
224.14 0.356431964783
224.21 0.380425072499
224.28 0.435434612317
224.35 0.341173962666
224.42 0.368288591634
224.49 0.251916201995
224.56 0.317953856812
224.63 0.655266787564
224.7 0.470999614051
224.77 0.516287529811
224.84 0.392900581339
224.91 0.388886902134
224.98 0.429841714054
225.05 0.343630867707
225.12 0.348743371432
225.19 0.604197369092
225.26 0.447370000927
225.33 0.427067661248
225.4 0.395037796242
225.47 0.323259779048
225.54 0.56100805732
225.61 0.531021876899
225.68 0.372805373185
225.75 0.519863752479
225.82 0.385827357539
225.89 0.461810468857
225.96 0.478382583853
226.03 0.383687868359
226.1 0.689943411878
226.17 0.550220416104
226.24 0.492375237957
226.31 0.470149547072
226.38 0.403803763892
226.45 0.305035706963
226.52 0.343199854525
226.59 0.235046065961
226.66 0.311405228318
226.73 0.385147174959
226.8 0.278014559097
226.87 0.362054125592
226.94 0.22969381503
227.01 0.225978379628
227.08 0.528548080554
227.15 0.269194875235
227.22 0.342133608126
227.29 0.461695449464
227.36 0.327773211349
227.43 0.347321589119
227.5 0.246233686053
227.57 0.28940411847
227.64 0.645476123117
227.71 0.521226929402
227.78 0.472569385013
227.85 0.483901720918
227.92 0.516003293019
227.99 0.579542582558
228.06 0.399981734027
228.13 0.326744630408
228.2 0.527153552013
228.27 0.432446366846
228.34 0.503748900699
228.41 0.351345564741
228.48 0.374538725067
228.55 0.50629242904
228.62 0.368180295348
228.69 0.337886492966
228.76 0.596514181683
228.83 0.446188078496
228.9 0.422470289191
228.97 0.350953289398
229.04 0.274486918678
229.11 0.636454841893
229.18 0.52945945978
229.25 0.461367438008
229.32 0.577360540036
229.39 0.397661758377
229.46 0.400655198681
229.53 0.391796821015
229.6 0.335026047396
229.67 0.455550489719
229.74 0.457194064618
229.81 0.415666922168
229.88 0.436337040784
229.95 0.265325568628
230.02 0.380837001694
230.09 0.475526050921
230.16 0.327752939712
230.23 0.470694831052
230.3 0.298497784152
230.37 0.215764488422
230.44 0.4703604138
230.51 0.19955620346
230.58 0.490939062677
230.65 0.593787483328
230.72 0.417463922742
230.79 0.476526623018
230.86 0.34984923378
230.93 0.346889230279
231.0 0.491687640662
231.07 0.335886568799
231.14 0.446712372033
231.21 0.575320532372
231.28 0.408468484876
231.35 0.464538568561
231.42 0.330365900871
231.49 0.35419086357
231.56 0.665262160315
231.63 0.464035796478
231.7 0.378302512182
231.77 0.436947100234
231.84 0.44635151695
231.91 0.40928038906
231.98 0.239190141836
232.05 0.391528720457
232.12 0.656140624371
232.19 0.470645491142
232.26 0.364011272356
232.33 0.323152939803
232.4 0.281453743583
232.47 0.351261811486
232.54 0.281903761748
232.61 0.236995579131
232.68 0.452892106469
232.75 0.479414985477
232.82 0.434440237497
232.89 0.405210975805
232.96 0.330383786847
233.03 0.515853434179
233.1 0.551599986995
233.17 0.425405370183
233.24 0.473329127163
233.31 0.510954997489
233.38 0.43936888737
233.45 0.48278702826
233.52 0.313992987216
233.59 0.603519661537
233.66 0.578307502124
233.73 0.53333527709
233.8 0.486161002107
233.87 0.465527499879
233.94 0.470950828464
234.01 0.451033927048
234.08 0.349945834891
234.15 0.47231725491
234.22 0.492879178262
234.29 0.315616704925
234.36 0.476846157739
234.43 0.426512466805
234.5 0.425197266003
234.57 0.567674352487
234.64 0.31391447542
234.71 0.42221226099
234.78 0.489407269303
234.85 0.38061804548
234.92 0.419298859459
234.99 0.395814465959
235.06 0.507087276142
235.13 0.691217055307
235.2 0.543841051633
235.27 0.45946780871
235.34 0.446968676394
235.41 0.375233614038
235.48 0.505446336866
235.55 0.364847491626
235.62 0.381421729368
235.69 0.555623471756
235.76 0.546195606407
235.83 0.525759601108
235.9 0.427389255252
235.97 0.316487425609
236.04 0.596573802469
236.11 0.460406553092
236.18 0.339000995237
236.25 0.536603802678
236.32 0.354340951651
236.39 0.37875440831
236.46 0.381558775321
236.53 0.166001038946
236.6 0.764293225286
236.67 0.538861673452
236.74 0.218002852991
236.81 0.384706832835
236.88 0.319552170218
236.95 0.514944313689
237.02 0.480433890376
237.09 0.318138103094
237.16 0.599612330717
237.23 0.445084572021
237.3 0.407322535146
237.37 0.552526401579
237.44 0.356995585451
237.51 0.561967160114
237.58 0.730613761652
237.65 0.37085003315
237.72 0.528990887342
237.79 0.431589943287
237.86 0.32500755498
237.93 0.581419302004
238.0 0.320451127692
238.07 0.596414143253
238.14 0.73356279008
238.21 0.475543145563
238.28 0.292632080063
238.35 0.306845811831
238.42 0.266578257877
238.49 0.610307778207
238.56 0.3894114547
238.63 0.320483779636
238.7 0.645351654334
238.77 0.3796977673
238.84 0.585523940661
238.91 0.763990871982
238.98 0.40123017649
239.05 0.306066705943
239.12 0.349007954372
239.19 0.338332891196
239.26 0.468290568546
239.33 0.297199422847
239.4 0.450245720163
239.47 0.466738331281
239.54 0.357093833988
239.61 0.744944623903
239.68 0.657356850059
239.75 0.221140786342
239.82 0.35870640955
239.89 0.570486213217
239.96 0.452374656488
240.03 0.520776790788
240.1 0.34999269589
240.17 0.481905166723
240.24 0.415251905343
240.31 0.283713655508
240.38 0.55921713228
240.45 0.441831487172
240.52 0.586076748148
240.59 0.65540518047
240.66 0.470741747743
240.73 0.42051886827
240.8 0.43868486209
240.87 0.294069702021
240.94 0.50384449548
241.01 0.469298644724
241.08 0.595867885323
241.15 0.749443796638
241.22 0.456765064094
241.29 0.260066079993
241.36 0.343668276726
241.43 0.297451111306
241.5 0.559616897456
241.57 0.373914191057
241.64 0.302273038496
241.71 0.591906328004
241.78 0.40304355549
241.85 0.687172984188
241.92 0.70756232535
241.99 0.422020812397
242.06 0.296202188343
242.13 0.298747176315
242.2 0.293296608204
242.27 0.526959886129
242.34 0.317269035017
242.41 0.440701197061
242.48 0.594758044285
242.55 0.441940090407
242.62 0.762169667706
242.69 0.59180448932
242.76 0.364822492704
242.83 0.416709923273
242.9 0.475884601938
242.97 0.465513847738
243.04 0.562389885652
243.11 0.419409288852
243.18 0.502630134804
243.25 0.397504883726
243.32 0.240866511146
243.39 0.549992788882
243.46 0.382295694395
243.53 0.537052853369
243.6 0.61513099666
243.67 0.367190785099
243.74 0.38166828516
243.81 0.365949043726
243.88 0.289870024201
243.95 0.543823376766
244.02 0.31626237832
244.09 0.636262289835
244.16 0.723078271484
244.23 0.532929887091
244.3 0.365580921575
244.37 0.350070450026
244.44 0.334937138162
244.51 0.381798557496
244.58 0.233004080609
244.65 0.484824275965
244.72 0.453366819197
244.79 0.351269024158
244.86 0.746695830678
244.93 0.594602782092
245.0 0.341666797088
245.07 0.439364535677
245.14 0.48441948562
245.21 0.46454275059
245.28 0.491666155472
245.35 0.361886349692
245.42 0.470519244122
245.49 0.558377205005
245.56 0.581636713108
245.63 0.724702645833
245.7 0.477333672993
245.77 0.294828180108
245.84 0.404790079014
245.91 0.356019404852
245.98 0.480593078159
246.05 0.399901301529
246.12 0.245452099958
246.19 0.567190932487
246.26 0.489499968137
246.33 0.461961305533
246.4 0.570524166198
246.47 0.360035024187
246.54 0.656555185304
246.61 0.677874882182
246.68 0.397654610462
246.75 0.448350253467
246.82 0.444266708866
246.89 0.356184712203
246.96 0.467147965475
247.03 0.364393997287
247.1 0.718023790333
247.17 0.656236040423
247.24 0.39818465704
247.31 0.292340067211
247.38 0.33240485558
247.45 0.39886965368
247.52 0.489907965266
247.59 0.335257141725
247.66 0.458294405755
247.73 0.492310423633
247.8 0.559011731071
247.87 0.688457715368
247.94 0.444504321669
248.01 0.27230869943
248.08 0.341283328743
248.15 0.315018300501
248.22 0.483813046105
248.29 0.344274261643
248.36 0.237330502785
248.43 0.532840488291
248.5 0.359048504432
248.57 0.555158068542
248.64 0.640338737033
248.71 0.386191920627
248.78 0.238609647997
248.85 0.41543752189
248.92 0.299938483379
248.99 0.497991189832
249.06 0.351084448909
249.13 0.382299344119
249.2 0.549929619394
249.27 0.441530708766
249.34 0.450132897339
249.41 0.378697816873
249.48 0.332973852401
249.55 0.714382973516
249.62 0.483432522924
249.69 0.348323543138
249.76 0.362959417628
249.83 0.292733253041
249.9 0.42587217086
249.97 0.406109437238
250.04 0.448393219961
250.11 0.794802613911
250.18 0.545282925559
250.25 0.249853386798
250.32 0.257460367771
250.39 0.253703108195
250.46 0.494244940298
250.53 0.448746529518
250.6 0.276012350291
250.67 0.466824013009
250.74 0.365959546071
250.81 0.458009324528
250.88 0.839295613925
250.95 0.402901937669
251.02 0.326508034295
251.09 0.44991641615
251.16 0.274588984013
251.23 0.462846831039
251.3 0.448636839655
251.37 0.255967549249
251.44 0.624710765885
251.51 0.360121345718
251.58 0.694743930293
251.65 0.66033137086
251.72 0.358423417395
251.79 0.253659178113
251.86 0.384371275854
251.93 0.384518312569
252.0 0.458284764683
252.07 0.302727460161
252.14 0.422102749856
252.21 0.496181726061
252.28 0.293816876424
252.35 0.543781243052
252.42 0.535478845982
252.49 0.384626865294
252.56 0.780429937848
252.63 0.558454218316
252.7 0.448384754881
252.77 0.587112322881
252.84 0.428916611453
252.91 0.45681167254
252.98 0.445571784211
253.05 0.374433066995
253.12 0.726498264485
253.19 0.480658183891
253.26 0.311977214338
253.33 0.367737808461
253.4 0.306425218105
253.47 0.505922105139
253.54 0.40348297547
253.61 0.262892334984
253.68 0.483495043543
253.75 0.314072125863
253.82 0.555586570435
253.89 0.677050219507
253.96 0.502331296529
254.03 0.279944468925
254.1 0.450036952868
254.17 0.345664979862
254.24 0.583993425597
254.31 0.410123508872
254.38 0.383276880736
254.45 0.517565750288
254.52 0.373899886161
254.59 0.684015328342
254.66 0.703756326811
254.73 0.233039861628
254.8 0.477644341139
254.87 0.329120161379
254.94 0.470180906461
255.01 0.580277214402
255.08 0.425302907238
255.15 0.508689847991
255.22 0.503923805087
255.29 0.289956648796
255.36 0.626081694262
255.43 0.419524213698
255.5 0.563432713207
255.57 0.751148081541
255.64 0.445883669795
255.71 0.554509311403
255.78 0.44777013522
255.85 0.34222008637
255.92 0.502330094632
255.99 0.345547393489
256.06 0.549347726797
256.13 0.747341741084
256.2 0.444919873389
256.27 0.36930847696
256.34 0.388490755597
256.41 0.310429609813
256.48 0.551638262467
256.55 0.293549708372
256.62 0.306044582246
256.69 0.511215717006
256.76 0.331915032374
256.83 0.663662764167
256.9 0.597337597133
256.97 0.265895482414
257.04 0.258043318504
257.11 0.31512450383
257.18 0.345389928252
257.25 0.400803118686
257.32 0.247179896956
257.39 0.393960339053
257.46 0.442876140884
257.53 0.259302207621
257.6 0.668920350231
257.67 0.620103164759
257.74 0.254354497073
257.81 0.361970263545
257.88 0.276507323001
257.95 0.400650308207
258.02 0.487087566928
258.09 0.268258102066
258.16 0.508227237113
258.23 0.427806920652
258.3 0.293293388469
258.37 0.544315860203
258.44 0.377693360631
258.51 0.501413619004
258.58 0.689892822151
258.65 0.377869681909
258.72 0.465727842245
258.79 0.332435182736
258.86 0.249599358009
258.93 0.543396681603
259.0 0.34907170797
259.07 0.506055633474
259.14 0.761297126045
259.21 0.468846681248
259.28 0.363649442028
259.35 0.351797276958
259.42 0.294108661331
259.49 0.579227496666
259.56 0.437143330508
259.63 0.381672980067
259.7 0.595192235757
259.77 0.388822548882
259.84 0.751315075173
259.91 0.628887852461
259.98 0.540724211042
260.05 0.325633855569
260.12 0.398281901838
260.19 0.393082188111
260.26 0.537305329277
260.33 0.354188696789
260.4 0.449979127156
260.47 0.472512837611
260.54 0.244256442496
260.61 0.745972973012
260.68 0.66243012897
260.75 0.325805414593
260.82 0.400758331217
260.89 0.251085387373
260.96 0.519178189859
261.03 0.482555378312
261.1 0.315876542447
261.17 0.588451399714
261.24 0.405413867019
261.31 0.369974486749
261.38 0.568664225377
261.45 0.398868164261
261.52 0.586850384632
261.59 0.665146310734
261.66 0.373735037293
261.73 0.445951631325
261.8 0.360709509417
261.87 0.274858453541
261.94 0.595435927979
262.01 0.357609674102
262.08 0.671020580923
262.15 0.701121416801
262.22 0.465840244146
262.29 0.40944347912
262.36 0.387544972093
262.43 0.457047319311
262.5 0.474492390414
262.57 0.319319921913
262.64 0.412132473163
262.71 0.429620999031
262.78 0.236062464752
262.85 0.759431831088
262.92 0.651531371933
262.99 0.370306631018
263.06 0.37382282493
263.13 0.291209002602
263.2 0.352180205227
263.27 0.464925142668
263.34 0.334628822002
263.41 0.48372385712
263.48 0.476381558812
263.55 0.201047077968
263.62 0.767354794195
263.69 0.617821099349
263.76 0.220344273681
263.83 0.341021232486
263.9 0.304279883927
263.97 0.499676160211
264.04 0.375805688128
264.11 0.237975061058
264.18 0.571283550887
264.25 0.348798592604
264.32 0.280432375314
264.39 0.514215078721
264.46 0.316920406119
264.53 0.573521940063
264.6 0.606595640249
264.67 0.387511567668
264.74 0.461889452086
264.81 0.339457189958
264.88 0.352946270283
264.95 0.524818294926
265.02 0.305885469582
265.09 0.718119830645
265.16 0.650129950621
265.23 0.34009816715
265.3 0.327363785673
265.37 0.317001402007
265.44 0.318545312774
265.51 0.548638253178
265.58 0.3924365458
265.65 0.436453859136
265.72 0.468275991669
265.79 0.278510346453
265.86 0.84960922366
265.93 0.690738365183
266.0 0.374317379306
266.07 0.362933218105
266.14 0.381873112618
266.21 0.420700311854
266.28 0.488651068085
266.35 0.310239423988
266.42 0.512175982841
266.49 0.398640257288
266.56 0.422207395123
266.63 0.75096701355
266.7 0.4888314626
266.77 0.356961362493
266.84 0.291512464552
266.91 0.211091334738
266.98 0.527352868622
267.05 0.488668777922
267.12 0.410082223479
267.19 0.83925474816
267.26 0.564993517868
267.33 0.642080901093
267.4 0.734418059663
267.47 0.555986097304
267.54 0.9481741161
267.61 0.846351161562
267.68 0.543516095428
267.75 0.700194807944
267.82 0.401915187377
267.89 0.459295314591
267.96 0.485277392122
268.03 0.272270562539
268.1 0.753098663207
268.17 0.650468369877
268.24 0.286150941666
268.31 0.353236103403
268.38 0.301095393935
268.45 0.396318639391
268.52 0.317832954863
268.59 0.248703494641
268.66 0.599251110403
268.73 0.555643293977
268.8 0.486071218648
268.87 0.560917624994
268.94 0.376690906685
269.01 0.552678587798
269.08 0.72030414615
269.15 0.404271041183
269.22 0.541746020956
269.29 0.454721142497
269.36 0.358930817037
269.43 0.561993980013
269.5 0.33384730714
269.57 0.572802690677
269.64 0.665106585993
269.71 0.420604768878
269.78 0.424067113178
269.85 0.373241617464
269.92 0.397151878528
269.99 0.537178176949
270.06 0.384357004632
270.13 0.425469539524
270.2 0.630170955641
270.27 0.432022717869
270.34 0.477484395696
270.41 0.511822431091
270.48 0.324030250193
270.55 0.690144653075
270.62 0.66726599712
270.69 0.440865463114
270.76 0.523416244173
270.83 0.437243419449
270.9 0.48407930885
270.97 0.529030925509
271.04 0.342191435133
271.11 0.760987422783
271.18 0.624300249695
271.25 0.409872723131
271.32 0.386206797978
271.39 0.328152710069
271.46 0.390197516821
271.53 0.331399505686
271.6 0.275603291142
271.67 0.513719896198
271.74 0.544383277772
271.81 0.429021847307
271.88 0.55271973202
271.95 0.400341255109
272.02 0.452042665045
272.09 0.667272461198
272.16 0.327258167751
272.23 0.443771342432
272.3 0.400871841763
272.37 0.304629203138
272.44 0.546070624746
272.51 0.296459220577
272.58 0.494393997442
272.65 0.733479727138
272.72 0.548880690403
272.79 0.461755654361
272.86 0.391165141681
272.93 0.360057945694
273.0 0.321640739409
273.07 0.282030118855
273.14 0.2593355175
273.21 0.355675573178
273.28 0.186932139993
273.35 0.107732755783
273.42 0.041755167282
273.49 0.0334851760793
273.56 0.0303835599376
273.63 0.0269846247275
273.7 0.0245205005386
273.77 0.016987019143
273.84 0.02546471303
273.91 0.0203349100294
273.98 0.00811168671059
274.05 0.00302156182586
274.12 0.000617892496904
274.19 0.0
274.26 0.0
274.33 0.0
274.4 0.0
274.47 0.0
274.54 0.0
274.61 0.0
274.68 0.0
274.75 0.0
274.82 0.0
274.89 0.0
274.96 0.0
275.03 0.0
275.1 0.0
275.17 0.0
275.24 0.0
275.31 0.0
275.38 0.0
275.45 0.0
275.52 0.0
275.59 0.0
275.66 0.0
275.73 0.0
275.8 0.0
275.87 0.0
275.94 0.0
276.01 0.0
276.08 0.0
276.15 0.0
276.22 0.0
276.29 0.0
276.36 0.0
276.43 0.0
276.5 0.0
276.57 0.0
276.64 0.0
276.71 0.0
276.78 0.0
276.85 0.0
276.92 0.0
276.99 0.0
277.06 0.0
277.13 0.0
277.2 0.0
277.27 0.0
277.34 0.0
277.41 0.0
277.48 0.0
277.55 0.0
277.62 0.0
277.69 0.0
277.76 0.0
277.83 0.0
277.9 0.0
277.97 0.0
278.04 0.0
278.11 0.0
278.18 0.0
278.25 0.0
278.32 0.0
278.39 0.0
278.46 0.0
278.53 0.0
278.6 0.0
278.67 0.0
278.74 0.0
278.81 0.0
278.88 0.0
278.95 0.0
279.02 0.0
279.09 0.0
279.16 0.0
279.23 0.0
279.3 0.0
279.37 0.0
279.44 0.0
279.51 0.0
279.58 0.0
279.65 0.0
279.72 0.0
279.79 0.0
279.86 0.0
279.93 0.0
280.0 0.0
280.07 0.0
280.14 0.0
280.21 0.0
280.28 0.0
280.35 0.0
280.42 0.0
280.49 0.0
280.56 0.0
280.63 0.0
280.7 0.0
280.77 0.0
280.84 0.0
280.91 0.0
280.98 0.0
281.05 0.0
281.12 0.0
281.19 0.0
281.26 0.0
281.33 0.0
281.4 0.0
281.47 0.0
281.54 0.0
281.61 0.0
281.68 0.0
281.75 0.0
281.82 0.0
281.89 0.0
281.96 0.0
282.03 0.0
282.1 0.0
282.17 0.0
282.24 0.0
282.31 0.0
282.38 0.0
282.45 0.0
282.52 0.0
282.59 0.0
282.66 0.0
282.73 0.0
282.8 0.0
282.87 0.0
282.94 0.0
283.01 0.0
283.08 0.0
