0.0 0.0
0.07 0.0
0.14 0.0
0.21 0.0
0.28 0.0
0.35 0.0
0.42 0.0
0.49 0.0
0.56 0.0
0.63 0.0
0.7 0.0
0.77 0.0
0.84 0.0
0.91 0.0
0.98 0.0
1.05 0.0
1.12 0.0
1.19 0.0
1.26 0.0
1.33 0.0
1.4 0.0
1.47 0.0
1.54 0.0
1.61 0.0
1.68 0.0
1.75 0.0
1.82 0.0
1.89 0.0
1.96 0.0
2.03 0.0
2.1 0.0
2.17 0.0
2.24 0.0
2.31 0.0
2.38 0.0
2.45 0.0
2.52 0.0
2.59 0.0
2.66 0.0
2.73 0.0
2.8 0.0
2.87 0.0
2.94 0.0
3.01 0.0
3.08 0.0
3.15 0.0
3.22 0.0
3.29 0.0
3.36 0.0
3.43 0.0
3.5 0.0
3.57 0.0
3.64 0.0
3.71 0.0
3.78 0.0
3.85 0.0
3.92 0.0
3.99 0.178120230221
4.06 0.285479624018
4.13 0.238126442912
4.2 0.223981291196
4.27 0.21977306593
4.34 0.214241525924
4.41 0.257513069749
4.48 0.228168304429
4.55 0.204953168806
4.62 0.301280953648
4.69 0.253083794459
4.76 0.172095993232
4.83 0.137447110896
4.9 0.208173936293
4.97 0.137212979816
5.04 0.246422068218
5.11 0.363047237277
5.18 0.277976860418
5.25 0.25877870943
5.32 0.182337026316
5.39 0.291696862443
5.46 0.371984212757
5.53 0.259484801617
5.6 0.233407624974
5.67 0.195970638631
5.74 0.154960677916
5.81 0.127660941946
5.88 0.198366040054
5.95 0.227347895426
6.02 0.249706671484
6.09 0.363286981706
6.16 0.264982822114
6.23 0.174064357091
6.3 0.166941772164
6.37 0.192840167855
6.44 0.343375294559
6.51 0.287642306076
6.58 0.257395386322
6.65 0.267299025058
6.72 0.204414482861
6.79 0.160225370236
6.86 0.114844089957
6.93 0.29526989965
7.0 0.308424007747
7.07 0.298076227491
7.14 0.419180126555
7.21 0.357409975023
7.28 0.305007474041
7.35 0.259356451432
7.42 0.262429571103
7.49 0.293227809628
7.56 0.275144209884
7.63 0.243928204198
7.7 0.197251960777
7.77 0.170985742761
7.84 0.138554994545
7.91 0.139452177954
7.98 0.295318783256
8.05 0.250154355558
8.12 0.342256200971
8.19 0.294241820499
8.26 0.242956923195
8.33 0.204640681248
8.4 0.171468172344
8.47 0.255146092534
8.54 0.270537927011
8.61 0.222964440138
8.68 0.228424626388
8.75 0.247770835721
8.82 0.208720936137
8.89 0.167565634385
8.96 0.250188175283
9.03 0.20349321372
9.1 0.304429618934
9.17 0.365248122219
9.24 0.337365097923
9.31 0.29305914108
9.38 0.251799344476
9.45 0.277798767868
9.52 0.27643749321
9.59 0.181488415125
9.66 0.134347170032
9.73 0.136468068951
9.8 0.0980624616616
9.87 0.0862574045283
9.94 0.147924189464
10.01 0.252722153798
10.08 0.221354385236
10.15 0.326627300274
10.22 0.249356296618
10.29 0.187860579169
10.36 0.201638717049
10.43 0.202574959309
10.5 0.197372351738
10.57 0.191326328814
10.64 0.118978003987
10.71 0.193045244971
10.78 0.170257011465
10.85 0.130554768201
10.92 0.122763278821
10.99 0.147578026005
11.06 0.141022971534
11.13 0.182609001418
11.2 0.313158829314
11.27 0.239449423923
11.34 0.213561856968
11.41 0.208689569808
11.48 0.216463474886
11.55 0.217591477221
11.62 0.199049698398
11.69 0.261019675354
11.76 0.268344793238
11.83 0.225566692049
11.9 0.22752445059
11.97 0.189555265769
12.04 0.202156824906
12.11 0.183744946222
12.18 0.190999460193
12.25 0.224159602974
12.32 0.18780250196
12.39 0.191391897469
12.46 0.182741543462
12.53 0.209548495875
12.6 0.236988801536
12.67 0.191064010905
12.74 0.224493033069
12.81 0.225542931667
12.88 0.234631530387
12.95 0.246300766834
13.02 0.203234210758
13.09 0.180845844536
13.16 0.152090056292
13.23 0.123205137301
13.3 0.242808726611
13.37 0.18493506263
13.44 0.189393736785
13.51 0.188271703868
13.58 0.195767561095
13.65 0.197006122654
13.72 0.185788358592
13.79 0.219562097591
13.86 0.24706278724
13.93 0.230156259153
14.0 0.176648017927
14.07 0.187246557064
14.14 0.207084055854
14.21 0.16694863944
14.28 0.275032801677
14.35 0.375332290145
14.42 0.274971609199
14.49 0.187542972572
14.56 0.165379863593
14.63 0.327446611741
14.7 0.339545048707
14.77 0.259398142412
14.84 0.305524277701
14.91 0.306203975981
14.98 0.29416954096
15.05 0.285014316545
15.12 0.131915598818
15.19 0.10078475684
15.26 0.106855014907
15.33 0.188350697084
15.4 0.364361714483
15.47 0.364464324255
15.54 0.289550917099
15.61 0.285009362276
15.68 0.311216363656
15.75 0.315142458129
15.82 0.236630038764
15.89 0.188301612402
15.96 0.243123500003
16.03 0.204875538433
16.1 0.169398434487
16.17 0.201594445605
16.24 0.23413244089
16.31 0.107704738992
16.38 0.138517957617
16.45 0.338094259297
16.52 0.265270395901
16.59 0.225974263024
16.66 0.211638848125
16.73 0.198981633059
16.8 0.210379878834
16.87 0.0997683107257
16.94 0.130836306941
17.01 0.155002722174
17.08 0.136176832524
17.15 0.110546796772
17.22 0.078639891243
17.29 0.156496853056
17.36 0.155075603542
17.43 0.128271495504
17.5 0.249090649798
17.57 0.198622909384
17.64 0.189913981065
17.71 0.173671724325
17.78 0.177048428393
17.85 0.177797376121
17.92 0.141319181779
17.99 0.160605197028
18.06 0.174196886568
18.13 0.163607687652
18.2 0.238589876477
18.27 0.269082078606
18.34 0.3098899141
18.41 0.31899007883
18.48 0.230730993406
18.55 0.367463300254
18.62 0.339461781248
18.69 0.233850384102
18.76 0.216893049628
18.83 0.341445465917
18.9 0.197374625004
18.97 0.104607157969
19.04 0.290877098556
19.11 0.307108618721
19.18 0.301212268328
19.25 0.198084509693
19.32 0.102056143919
19.39 0.074290448377
19.46 0.0671558017334
19.53 0.240462932106
19.6 0.408008960267
19.67 0.34668436197
19.74 0.354917128946
19.81 0.33728002777
19.88 0.351861195615
19.95 0.353242098839
20.02 0.213741908605
20.09 0.269350469264
20.16 0.2593540497
20.23 0.18658333438
20.3 0.167067557246
20.37 0.191255111901
20.44 0.251661043863
20.51 0.154509414984
20.58 0.186815679522
20.65 0.229972762708
20.72 0.209617736945
20.79 0.190843945311
20.86 0.199043160662
20.93 0.181593684954
21.0 0.244657030446
21.07 0.170032755409
21.14 0.182763262372
21.21 0.230351230846
21.28 0.2042367394
21.35 0.198383621563
21.42 0.167554316926
21.49 0.158166472285
21.56 0.125839174447
21.63 0.226418052663
21.7 0.238683782767
21.77 0.197071190017
21.84 0.188478120089
21.91 0.154157431516
21.98 0.129102178889
22.05 0.214659488576
22.12 0.188530121757
22.19 0.233603035122
22.26 0.239679702459
22.33 0.222628442146
22.4 0.194087166192
22.47 0.103507523988
22.54 0.142751486238
22.61 0.136103252978
22.68 0.308328499838
22.75 0.314928074304
22.82 0.187742707233
22.89 0.181814013063
22.96 0.185417183618
23.03 0.405941621348
23.1 0.275953313995
23.17 0.202342272059
23.24 0.28732399432
23.31 0.203663164122
23.38 0.162921374838
23.45 0.150728192373
23.52 0.336331297905
23.59 0.30415164509
23.66 0.264571423729
23.73 0.361458161217
23.8 0.439906866286
23.87 0.397084249291
23.94 0.295878710557
24.01 0.291706930164
24.08 0.340588450064
24.15 0.233721092773
24.22 0.168170750536
24.29 0.180375785265
24.36 0.140027340888
24.43 0.118118311321
24.5 0.109562070264
24.57 0.0878319989876
24.64 0.145099274738
24.71 0.124094293063
24.78 0.288731443655
24.85 0.270157224705
24.92 0.19996797515
24.99 0.207032724437
25.06 0.435451958101
25.13 0.418861927904
25.2 0.322906091617
25.27 0.219174762596
25.34 0.374991552923
25.41 0.3001949844
25.48 0.30223132842
25.55 0.275282133482
25.62 0.323454381693
25.69 0.444112195511
25.76 0.279946535455
25.83 0.357871071089
25.9 0.278370617251
25.97 0.336555009383
26.04 0.289012341467
26.11 0.270361163791
26.18 0.259053583365
26.25 0.266441500932
26.32 0.259693186699
26.39 0.265523516017
26.46 0.210244971364
26.53 0.179612735745
26.6 0.173806845437
26.67 0.273751102515
26.74 0.294557276709
26.81 0.331479269068
26.88 0.342636186947
26.95 0.303668145899
27.02 0.292582449121
27.09 0.302358303196
27.16 0.265515868179
27.23 0.358669310159
27.3 0.244068597948
27.37 0.199872398819
27.44 0.183353889941
27.51 0.177199844972
27.58 0.145367152934
27.65 0.141786828148
27.72 0.271949744145
27.79 0.283323620728
27.86 0.305968459716
27.93 0.356310225144
28.0 0.315544195132
28.07 0.245678409884
28.14 0.169383490693
28.21 0.159362281634
28.28 0.242171617168
28.35 0.234238858523
28.42 0.28819571938
28.49 0.225197909031
28.56 0.221656891647
28.63 0.115856164083
28.7 0.140191123589
28.77 0.23747399311
28.84 0.250971808476
28.91 0.266902666816
28.98 0.325697713044
29.05 0.203205223819
29.12 0.150429524543
29.19 0.19880801862
29.26 0.264798614924
29.33 0.282185151313
29.4 0.302678057387
29.47 0.274845381474
29.54 0.289017491225
29.61 0.175938163959
29.68 0.127094599788
29.75 0.250892124065
29.82 0.332165181129
29.89 0.272456142166
29.96 0.274377753257
30.03 0.20404389296
30.1 0.171446789955
30.17 0.17550676418
30.24 0.148711608176
30.31 0.154194992077
30.38 0.161682750443
30.45 0.151286709355
30.52 0.133447277694
30.59 0.163479165715
30.66 0.143549753234
30.73 0.0911761372577
30.8 0.0511123036016
30.87 0.0503607544638
30.94 0.0286256409485
31.01 0.384588447311
31.08 0.321889067411
31.15 0.193956516209
31.22 0.200223575193
31.29 0.195328869549
31.36 0.365255909692
31.43 0.161449349656
31.5 0.173409417587
31.57 0.456765936446
31.64 0.424236809413
31.71 0.276135185082
31.78 0.284446062777
31.85 0.329306355915
31.92 0.219569837588
31.99 0.13561445043
32.06 0.470834207632
32.13 0.43104358206
32.2 0.501255941295
32.27 0.323910086432
32.34 0.329630705511
32.41 0.371905560252
32.48 0.139533429076
32.55 0.258941559366
32.62 0.467675470436
32.69 0.290930957376
32.76 0.157740847833
32.83 0.124935933648
32.9 0.271792941824
32.97 0.275112289202
33.04 0.237078895776
33.11 0.458848230329
33.18 0.409310814421
33.25 0.296887912381
33.32 0.224538073905
33.39 0.256316033005
33.46 0.41685866773
33.53 0.45366754414
33.6 0.440501183025
33.67 0.362071954319
33.74 0.361991247776
33.81 0.291395626715
33.88 0.302483584192
33.95 0.399795056655
34.02 0.558601851397
34.09 0.421210336387
34.16 0.273531542402
34.23 0.213931382847
34.3 0.247996391784
34.37 0.322740200419
34.44 0.383980309447
34.51 0.364178486138
34.58 0.317182422898
34.65 0.351632617839
34.72 0.373496043839
34.79 0.323275797626
34.86 0.220479239106
34.93 0.171942279649
35.0 0.312799510792
35.07 0.380885366138
35.14 0.455443680144
35.21 0.410508144401
35.28 0.395801360433
35.35 0.376612383499
35.42 0.397686864569
35.49 0.378432430688
35.56 0.340965364059
35.63 0.186789285614
35.7 0.319859354683
35.77 0.303985415974
35.84 0.358127464263
35.91 0.33731810219
35.98 0.219115406325
36.05 0.144451902083
36.12 0.112518652915
36.19 0.261915839424
36.26 0.444661245205
36.33 0.266188459011
36.4 0.262902027916
36.47 0.223948409822
36.54 0.330117925989
36.61 0.31097864115
36.68 0.289343096145
36.75 0.307865398605
36.82 0.30859422625
36.89 0.202650067864
36.96 0.200394578448
37.03 0.26205599719
37.1 0.249248169846
37.17 0.161094371007
37.24 0.237291450375
37.31 0.200204410217
37.38 0.189359728552
37.45 0.187587753686
37.52 0.176208481587
37.59 0.204975166987
37.66 0.20097273796
37.73 0.165390959032
37.8 0.182849981621
37.87 0.175608900588
37.94 0.137522452643
38.01 0.118606389161
38.08 0.20226005466
38.15 0.177044811833
38.22 0.155693644357
38.29 0.286000676788
38.36 0.214591497244
38.43 0.166426919212
38.5 0.162684911843
38.57 0.139103195254
38.64 0.197998617086
38.71 0.18698594969
38.78 0.167988516396
38.85 0.394119756286
38.92 0.275729353966
38.99 0.27755320343
39.06 0.117191574052
39.13 0.20797299937
39.2 0.330573834595
39.27 0.356433566603
39.34 0.431230845872
39.41 0.419319891946
39.48 0.368447919242
39.55 0.290691292539
39.62 0.285517613261
39.69 0.231329777085
39.76 0.196863028352
39.83 0.365058613068
39.9 0.371140430163
39.97 0.378766135865
40.04 0.318313505593
40.11 0.165446927745
40.18 0.109760342941
40.25 0.101828944346
40.32 0.183245920957
40.39 0.367636928656
40.46 0.333459765858
40.53 0.30019242907
40.6 0.274337852405
40.67 0.320741928026
40.74 0.297448057514
40.81 0.297326838514
40.88 0.260833761818
40.95 0.26126846258
41.02 0.185728091898
41.09 0.167384768673
41.16 0.187134502344
41.23 0.184247071396
41.3 0.198928737724
41.37 0.31054057936
41.44 0.299533406623
41.51 0.223728636066
41.58 0.210417439395
41.65 0.171946229938
41.72 0.176527615796
41.79 0.18851337806
41.86 0.181150964923
41.93 0.195288341733
42.0 0.15639708347
42.07 0.185480950975
42.14 0.197032256839
42.21 0.138327888527
42.28 0.163795709685
42.35 0.15458548842
42.42 0.366412530329
42.49 0.377732182247
42.56 0.288983538846
42.63 0.245850129469
42.7 0.199086969913
42.77 0.312412693845
42.84 0.321170335415
42.91 0.272776045767
42.98 0.279297524875
43.05 0.236002100582
43.12 0.165242992847
43.19 0.144964842029
43.26 0.156521761241
43.33 0.240023190501
43.4 0.176006657978
43.47 0.341165364028
43.54 0.305206928034
43.61 0.270143689833
43.68 0.250591319812
43.75 0.254621935667
43.82 0.317651887322
43.89 0.26197037408
43.96 0.231031765543
44.03 0.21234564268
44.1 0.182534163756
44.17 0.157237436615
44.24 0.128377541707
44.31 0.249429060692
44.38 0.236254332616
44.45 0.275996434842
44.52 0.43853185987
44.59 0.417905763844
44.66 0.326219891276
44.73 0.292474907422
44.8 0.313246415699
44.87 0.3178766712
44.94 0.250613354298
45.01 0.180515518539
45.08 0.141581304198
45.15 0.136735373244
45.22 0.144529606463
45.29 0.156578113952
45.36 0.223017921942
45.43 0.217669033587
45.5 0.35648116277
45.57 0.324758675281
45.64 0.296243385498
45.71 0.255605870441
45.78 0.225532320764
45.85 0.253485134897
45.92 0.29566447335
45.99 0.26333207323
46.06 0.22613859589
46.13 0.207787510326
46.2 0.180594346984
46.27 0.166926882828
46.34 0.178260227406
46.41 0.207429579781
46.48 0.190741349503
46.55 0.427960997892
46.62 0.347115556484
46.69 0.283439868702
46.76 0.22487884464
46.83 0.293835321925
46.9 0.311653132421
46.97 0.295403614633
47.04 0.249758220732
47.11 0.195635742363
47.18 0.163562241873
47.25 0.158690520237
47.32 0.153706551185
47.39 0.164111218956
47.46 0.185444754653
47.53 0.121808132704
47.6 0.407888974249
47.67 0.198615388615
47.74 0.199275881424
47.81 0.166992193158
47.88 0.167818440322
47.95 0.229557821769
48.02 0.198037780663
48.09 0.208922354802
48.16 0.416116267512
48.23 0.310600351745
48.3 0.328322551001
48.37 0.295467833013
48.44 0.118935637171
48.51 0.086409009615
48.58 0.0922301983914
48.65 0.419899995184
48.72 0.404357929634
48.79 0.326406116199
48.86 0.317388182832
48.93 0.332147647095
49.0 0.334529230187
49.07 0.253952542489
49.14 0.216329456894
49.21 0.255052515784
49.28 0.245283283227
49.35 0.160172202612
49.42 0.187428248022
49.49 0.236210848716
49.56 0.238786706719
49.63 0.180228134656
49.7 0.340266422607
49.77 0.2496604996
49.84 0.206665826498
49.91 0.209178503614
49.98 0.171659097399
50.05 0.220573328318
50.12 0.183859806219
50.19 0.140296873765
50.26 0.199918503678
50.33 0.186334400536
50.4 0.152673029041
50.47 0.135522156931
50.54 0.1225909602
50.61 0.156244292878
50.68 0.198070931534
50.75 0.267126865621
50.82 0.211019135872
50.89 0.200922841996
50.96 0.147999298019
51.03 0.0777896239751
51.1 0.130004218822
51.17 0.132745290791
51.24 0.227340824283
51.31 0.205832272207
51.38 0.180653683706
51.45 0.170903124608
51.52 0.114976208906
51.59 0.1953681965
51.66 0.174792489351
51.73 0.249575616558
51.8 0.311872823792
51.87 0.260724446747
51.94 0.257848724238
52.01 0.236303940931
52.08 0.398356877729
52.15 0.339218773537
52.22 0.155110194055
52.29 0.326978958391
52.36 0.408227823599
52.43 0.36868708558
52.5 0.373146262423
52.57 0.210008432967
52.64 0.175067155229
52.71 0.155904615489
52.78 0.265746421798
52.85 0.352126091196
52.92 0.296003001538
52.99 0.282778480829
53.06 0.281001213778
53.13 0.296991972966
53.2 0.325633067379
53.27 0.298744559438
53.34 0.325040415095
53.41 0.283409376492
53.48 0.251660469961
53.55 0.208168864731
53.62 0.214164226488
53.69 0.200812055168
53.76 0.147186383255
53.83 0.312662829951
53.9 0.275189648682
53.97 0.218741014148
54.04 0.198572447897
54.11 0.187841713012
54.18 0.205210352316
54.25 0.190375049204
54.32 0.167833755547
54.39 0.264409190982
54.46 0.23564463642
54.53 0.201069534705
54.6 0.187206083706
54.67 0.126738974626
54.74 0.079516278733
54.81 0.0612803715357
54.88 0.291917186362
54.95 0.276421087432
55.02 0.213479949559
55.09 0.207955941494
55.16 0.135929667863
55.23 0.138912835723
55.3 0.164494059083
55.37 0.198558616998
55.44 0.238658501755
55.51 0.18569809679
55.58 0.158234733114
55.65 0.152487484143
55.72 0.104877204704
55.79 0.096765638575
55.86 0.0699703541065
55.93 0.294499565345
56.0 0.235415536407
56.07 0.199087341343
56.14 0.182706427919
56.21 0.352645013127
56.28 0.408220748267
56.35 0.26775408468
56.42 0.434884476518
56.49 0.391532234527
56.56 0.34516284856
56.63 0.209008632803
56.7 0.189234281389
56.77 0.251948561795
56.84 0.272357937895
56.91 0.270793205893
56.98 0.426829137427
57.05 0.411550726098
57.12 0.314389618759
57.19 0.275099511155
57.26 0.218800040879
57.33 0.255956648854
57.4 0.207042402575
57.47 0.190681831255
57.54 0.21767576402
57.61 0.197406595955
57.68 0.17372859229
57.75 0.147283008248
57.82 0.236188709503
57.89 0.168196731123
57.96 0.26070743914
58.03 0.214709581425
58.1 0.279106782742
58.17 0.274499861735
58.24 0.377955205322
58.31 0.49242565434
58.38 0.353742179749
58.45 0.376266179546
58.52 0.4538713017
58.59 0.417956469693
58.66 0.36939608498
58.73 0.268276202869
58.8 0.220135079417
58.87 0.319550450172
58.94 0.303128894431
59.01 0.503219239176
59.08 0.484048000143
59.15 0.269133446328
59.22 0.207963188578
59.29 0.194415521931
59.36 0.191064096083
59.43 0.190020063573
59.5 0.139997500775
59.57 0.169933596031
59.64 0.147442458059
59.71 0.136807539678
59.78 0.104686783733
59.85 0.0919085549317
59.92 0.115986016747
59.99 0.0995191995452
60.06 0.264348083682
60.13 0.260788120549
60.2 0.216296847809
60.27 0.203460576707
60.34 0.335468935407
60.41 0.45604875999
60.48 0.242703818438
60.55 0.248179736027
60.62 0.379301270878
60.69 0.505294179853
60.76 0.322254789618
60.83 0.23391287938
60.9 0.287972080513
60.97 0.244492760417
61.04 0.277809510029
61.11 0.399435460258
61.18 0.416715840133
61.25 0.489985332167
61.32 0.332034148544
61.39 0.36694789993
61.46 0.289834426096
61.53 0.209485013375
61.6 0.208484671425
61.67 0.296203071325
61.74 0.283861251028
61.81 0.204638350731
61.88 0.228344045517
61.95 0.252591179861
62.02 0.277934168252
62.09 0.373397923349
62.16 0.583532673408
62.23 0.417398162164
62.3 0.333939284039
62.37 0.218138435175
62.44 0.256860988584
62.51 0.309676499346
62.58 0.287047422417
62.65 0.294008266113
62.72 0.239828890455
62.79 0.189288849557
62.86 0.199548496057
62.93 0.305521500351
63.0 0.371038747571
63.07 0.354635817812
63.14 0.516625999611
63.21 0.407041168756
63.28 0.261706940483
63.35 0.250547528713
63.42 0.341408826951
63.49 0.341671776012
63.56 0.267499015252
63.63 0.309539141272
63.7 0.252897596066
63.77 0.139972478089
63.84 0.135789457035
63.91 0.142584483541
63.98 0.148264918308
64.05 0.148480081298
64.12 0.141658445846
64.19 0.350472500728
64.26 0.210397479893
64.33 0.224240835943
64.4 0.196830364809
64.47 0.271520042335
64.54 0.243076299005
64.61 0.212867517903
64.68 0.204128836045
64.75 0.373960657324
64.82 0.240835676584
64.89 0.199680076012
64.96 0.207523930112
65.03 0.266264158224
65.1 0.290489165922
65.17 0.350517298599
65.24 0.449441372915
65.31 0.426247795621
65.38 0.422035188592
65.45 0.277679527504
65.52 0.269934525585
65.59 0.234520504781
65.66 0.187183454372
65.73 0.239536007725
65.8 0.196898769462
65.87 0.154520380562
65.94 0.108250209827
66.01 0.119017733088
66.08 0.256108045884
66.15 0.206802271356
66.22 0.411597974572
66.29 0.459199628724
66.36 0.346120954951
66.43 0.401590004357
66.5 0.383489068862
66.57 0.406095122686
66.64 0.41236914669
66.71 0.351687620274
66.78 0.268110166451
66.85 0.210419997518
66.92 0.159300864343
66.99 0.164317200911
67.06 0.437017205358
67.13 0.395977454799
67.2 0.387782612833
67.27 0.356806271983
67.34 0.285145523673
67.41 0.260485822195
67.48 0.224296575654
67.55 0.441642068134
67.62 0.438275359177
67.69 0.185402485582
67.76 0.269429058933
67.83 0.263140184689
67.9 0.245621434399
67.97 0.222177184799
68.04 0.311037942963
68.11 0.428041196162
68.18 0.355474991037
68.25 0.48212057044
68.32 0.510350545738
68.39 0.415594092073
68.46 0.392949025479
68.53 0.379093049169
68.6 0.294930153841
68.67 0.237949597307
68.74 0.225758939453
68.81 0.463344821116
68.88 0.471432161877
68.95 0.408967350118
69.02 0.308855380995
69.09 0.254483193805
69.16 0.182572968469
69.23 0.154128207196
69.3 0.478144042407
69.37 0.404903535916
69.44 0.331300393162
69.51 0.263796755136
69.58 0.226875061598
69.65 0.281985212785
69.72 0.294074019088
69.79 0.255418541001
69.86 0.300034788935
69.93 0.234119963059
70.0 0.212814974449
70.07 0.193379947145
70.14 0.251002473835
70.21 0.188734543982
70.28 0.131100590918
70.35 0.347211583837
70.42 0.249094195144
70.49 0.221460653459
70.56 0.226884491185
70.63 0.207135980721
70.7 0.240788497928
70.77 0.209293060602
70.84 0.160034692336
70.91 0.15064900646
70.98 0.128617695268
71.05 0.119094207278
71.12 0.112037170062
71.19 0.187098603446
71.26 0.141727150715
71.33 0.179007640539
71.4 0.251666208981
71.47 0.209306852403
71.54 0.198502592431
71.61 0.194175119819
71.68 0.215457241714
71.75 0.21184407884
71.82 0.191519507587
71.89 0.158156403167
71.96 0.150985079856
72.03 0.117589575804
72.1 0.0919216639152
72.17 0.0899501987511
72.24 0.120519961434
72.31 0.0969944579203
72.38 0.196720845871
72.45 0.266389511831
72.52 0.202412107977
72.59 0.195006079682
72.66 0.32461982171
72.73 0.425419999899
72.8 0.259556514236
72.87 0.370493308852
72.94 0.355231934453
73.01 0.386227486359
73.08 0.331739883423
73.15 0.23224821023
73.22 0.159929611014
73.29 0.143509404152
73.36 0.114922692193
73.43 0.510885193423
73.5 0.391929080098
73.57 0.312563944258
73.64 0.312269577202
73.71 0.342370637872
73.78 0.368960378842
73.85 0.358747785326
73.92 0.262041861885
73.99 0.325299922141
74.06 0.272604855401
74.13 0.206412223243
74.2 0.218841611773
74.27 0.231428882006
74.34 0.280488923137
74.41 0.213421269124
74.48 0.308826930256
74.55 0.182144950663
74.62 0.148523722987
74.69 0.0792513985123
74.76 0.0579725133689
74.83 0.0480050765558
74.9 0.0443178691504
74.97 0.0637547117164
75.04 0.212786364526
75.11 0.196192864386
75.18 0.164354281125
75.25 0.151715531461
75.32 0.159225699934
75.39 0.178809568937
75.46 0.175747874245
75.53 0.195861968676
75.6 0.154400855341
75.67 0.128042098068
75.74 0.138060975213
75.81 0.141340707992
75.88 0.221777332876
75.95 0.203953529223
76.02 0.425252141236
76.09 0.238235523395
76.16 0.198651741328
76.23 0.183603436784
76.3 0.167479804615
76.37 0.154801119189
76.44 0.177194605847
76.51 0.281067747315
76.58 0.364941687861
76.65 0.285610764122
76.72 0.259316451438
76.79 0.201127005896
76.86 0.224002022883
76.93 0.238416812203
77.0 0.248817663735
77.07 0.327284864926
77.14 0.390106129886
77.21 0.311849924961
77.28 0.394567884401
77.35 0.305399491014
77.42 0.333543517852
77.49 0.235902465046
77.56 0.237326162371
77.63 0.436146454954
77.7 0.373371505703
77.77 0.263887814258
77.84 0.263005950262
77.91 0.256520254155
77.98 0.236373043762
78.05 0.36389934913
78.12 0.385924869637
78.19 0.394134127575
78.26 0.220206998697
78.33 0.266072287836
78.4 0.302385733199
78.47 0.269620778514
78.54 0.368412671046
78.61 0.414152702926
78.68 0.356086994013
78.75 0.246954699566
78.82 0.248019279444
78.89 0.299277907117
78.96 0.313020024616
79.03 0.248209591499
79.1 0.351772117922
79.17 0.409199693864
79.24 0.304493791234
79.31 0.26113029462
79.38 0.236111228541
79.45 0.226036048953
79.52 0.419200456092
79.59 0.385179606891
79.66 0.399975689175
79.73 0.374940172634
79.8 0.403677306967
79.87 0.216626517519
79.94 0.286543852015
80.01 0.320980553975
80.08 0.289977000953
80.15 0.315054838231
80.22 0.35610280634
80.29 0.379397147425
80.36 0.365517467984
80.43 0.356235735175
80.5 0.274506353391
80.57 0.180312186867
80.64 0.173893458563
80.71 0.261316992908
80.78 0.289240039539
80.85 0.2661823332
80.92 0.255484574643
80.99 0.256778466779
81.06 0.291044811997
81.13 0.322813464389
81.2 0.339483953974
81.27 0.366120838691
81.34 0.35472061428
81.41 0.344123245289
81.48 0.316672500476
81.55 0.281239896977
81.62 0.291599657962
81.69 0.281816456266
81.76 0.283046911982
81.83 0.430671556705
81.9 0.345070134758
81.97 0.370337379253
82.04 0.419906868045
82.11 0.286844649287
82.18 0.24736097612
82.25 0.243771433993
82.32 0.240842285534
82.39 0.180596107788
82.46 0.180501056487
82.53 0.230234115735
82.6 0.214153481534
82.67 0.263539049389
82.74 0.294418386833
82.81 0.314186221458
82.88 0.249783619039
82.95 0.259173963155
83.02 0.192197243988
83.09 0.216280395951
83.16 0.224920809305
83.23 0.222253287559
83.3 0.291204712831
83.37 0.318212297762
83.44 0.294670434549
83.51 0.306416399323
83.58 0.309409780125
83.65 0.222076543888
83.72 0.175550157317
83.79 0.386676152071
83.86 0.331885784398
83.93 0.361406954075
84.0 0.374732016554
84.07 0.270435547638
84.14 0.381937012974
84.21 0.307506729389
84.28 0.372595548274
84.35 0.355104014345
84.42 0.313031529187
84.49 0.352933201311
84.56 0.273300194257
84.63 0.287114127705
84.7 0.325457739612
84.77 0.27103595109
84.84 0.356985568192
84.91 0.455304240104
84.98 0.435452597632
85.05 0.374310494593
85.12 0.432443408691
85.19 0.325479068939
85.26 0.327440904837
85.33 0.308183119703
85.4 0.434526530613
85.47 0.406624053692
85.54 0.317833113293
85.61 0.319126766653
85.68 0.329412629723
85.75 0.261500575927
85.82 0.341452147477
85.89 0.422484386315
85.96 0.486943866474
86.03 0.479639744189
86.1 0.446903374293
86.17 0.362380893739
86.24 0.319264651153
86.31 0.263617086101
86.38 0.303018180212
86.45 0.274695054052
86.52 0.229036283068
86.59 0.217673680658
86.66 0.270660630336
86.73 0.491847342625
86.8 0.378246225313
86.87 0.481527038452
86.94 0.586155299538
87.01 0.55114806077
87.08 0.447154764325
87.15 0.41778855378
87.22 0.428948684673
87.29 0.493112302281
87.36 0.3836218818
87.43 0.362487485916
87.5 0.424947364352
87.57 0.32248171411
87.64 0.410319072309
87.71 0.440704546813
87.78 0.729298434112
87.85 0.441457669644
87.92 0.613507375094
87.99 0.914277202662
88.06 0.764461528473
88.13 0.662823912729
88.2 0.582864553706
88.27 0.400314012099
88.34 0.426659251257
88.41 0.346214938041
88.48 0.443187587684
88.55 0.429576955188
88.62 0.347860051235
88.69 0.268603004465
88.76 0.348602535234
88.83 0.426051462482
88.9 0.342207913608
88.97 0.502387980493
89.04 0.405430696343
89.11 0.302851500074
89.18 0.231165935737
89.25 0.307279538194
89.32 0.506701252172
89.39 0.432920735991
89.46 0.4028974565
89.53 0.390378058908
89.6 0.377187986285
89.67 0.362088374061
89.74 0.294488078926
89.81 0.227280250391
89.88 0.340452118312
89.95 0.33907160886
90.02 0.459511958494
90.09 0.332233390292
90.16 0.274676464374
90.23 0.231838446977
90.3 0.201527624419
90.37 0.237856708961
90.44 0.192791700362
90.51 0.188835769967
90.58 0.163481034038
90.65 0.125153894935
90.72 0.0996213792401
90.79 0.173924366888
90.86 0.25723126291
90.93 0.138630439621
91.0 0.297460987764
91.07 0.427049980791
91.14 0.448988573992
91.21 0.432772598054
91.28 0.4125096326
91.35 0.407694818028
91.42 0.52993517017
91.49 0.540192502909
91.56 0.493314088188
91.63 0.426902853816
91.7 0.336213213723
91.77 0.379062210663
91.84 0.364085907782
91.91 0.376497448099
91.98 0.409381888906
92.05 0.453401435126
92.12 0.34773588453
92.19 0.254741533497
92.26 0.268265663179
92.33 0.425585015582
92.4 0.492431143413
92.47 0.510954568543
92.54 0.380974582071
92.61 0.221015861237
92.68 0.1519762673
92.75 0.114474099092
92.82 0.104275252694
92.89 0.102854641315
92.96 0.0931529881641
93.03 0.208048574308
93.1 0.328905488841
93.17 0.211626691456
93.24 0.234428490553
93.31 0.187412842034
93.38 0.179763290773
93.45 0.317683661386
93.52 0.341540497669
93.59 0.332497971693
93.66 0.270316033588
93.73 0.246140089627
93.8 0.247724089935
93.87 0.202980689888
93.94 0.15121043624
94.01 0.29058306104
94.08 0.407640474672
94.15 0.546608518094
94.22 0.407623419589
94.29 0.389706931457
94.36 0.362624994796
94.43 0.35289055662
94.5 0.3456375172
94.57 0.198926257797
94.64 0.211046169311
94.71 0.281298602546
94.78 0.266054947896
94.85 0.164236462251
94.92 0.212921259429
94.99 0.32653774782
95.06 0.224801404172
95.13 0.181711498243
95.2 0.27146133118
95.27 0.183284792695
95.34 0.160057303517
95.41 0.138664017777
95.48 0.148048384096
95.55 0.131006073024
95.62 0.119107067711
95.69 0.153724620023
95.76 0.176825085553
95.83 0.15280259266
95.9 0.154889019755
95.97 0.115081195274
96.04 0.262498024629
96.11 0.248230503316
96.18 0.292037056482
96.25 0.181598690888
96.32 0.125043816058
96.39 0.107390637248
96.46 0.0898220426588
96.53 0.200650431232
96.6 0.208989399405
96.67 0.181516793254
96.74 0.195831455521
96.81 0.196588566342
96.88 0.159460504058
96.95 0.168364052189
97.02 0.242109806104
97.09 0.25498604648
97.16 0.132415753735
97.23 0.444721922427
97.3 0.444668617961
97.37 0.373488881932
97.44 0.247837021566
97.51 0.20181803141
97.58 0.19792944723
97.65 0.259951643686
97.72 0.330489103756
97.79 0.406943872115
97.86 0.148620118978
97.93 0.128816156453
98.0 0.216205281811
98.07 0.419047134885
98.14 0.226245049828
98.21 0.219131940568
98.28 0.386652973969
98.35 0.455753139007
98.42 0.330777967775
98.49 0.386751060947
98.56 0.377020163928
98.63 0.399102169799
98.7 0.295795941598
98.77 0.34024616987
98.84 0.352068990039
98.91 0.109705675631
98.98 0.13332271582
99.05 0.355932066997
99.12 0.245873565896
99.19 0.183481592218
99.26 0.210620389862
99.33 0.267249224046
99.4 0.20740786506
99.47 0.168791281054
99.54 0.148337045644
99.61 0.164056060129
99.68 0.181796173228
99.75 0.0972445144332
99.82 0.205661006438
99.89 0.26801521848
99.96 0.22728938814
100.03 0.198376685867
100.1 0.166253334097
100.17 0.141821780317
100.24 0.0800985547006
100.31 0.251407506236
100.38 0.233730409256
100.45 0.185424987847
100.52 0.182474047868
100.59 0.153493178322
100.66 0.19056471754
100.73 0.227910066671
100.8 0.226280513063
100.87 0.264319317366
100.94 0.205234756418
101.01 0.132276738187
101.08 0.0994081683542
101.15 0.0738857301556
101.22 0.174072781302
101.29 0.219950271794
101.36 0.308729227276
101.43 0.263971169687
101.5 0.245462012515
101.57 0.257902341489
101.64 0.336136211711
101.71 0.423102016602
101.78 0.284950131677
101.85 0.386654920489
101.92 0.530462629418
101.99 0.475017210533
102.06 0.441660544708
102.13 0.322757508243
102.2 0.329182555055
102.27 0.397275178535
102.34 0.293521650258
102.41 0.527729709372
102.48 0.466691208914
102.55 0.355980425573
102.62 0.310422834493
102.69 0.348379089064
102.76 0.402242480691
102.83 0.361874756836
102.9 0.302126802848
102.97 0.458436023454
103.04 0.449423802576
103.11 0.443394436775
103.18 0.372579702435
103.25 0.251654975303
103.32 0.225131140906
103.39 0.210685017374
103.46 0.485360824065
103.53 0.474821144097
103.6 0.488116989238
103.67 0.460112250237
103.74 0.443305548986
103.81 0.345499321313
103.88 0.354057743478
103.95 0.317053681733
104.02 0.304479372469
104.09 0.588607316187
104.16 0.507011639611
104.23 0.537406747571
104.3 0.479343595384
104.37 0.293541907184
104.44 0.345021813883
104.51 0.288636920176
104.58 0.321015066292
104.65 0.290523954717
104.72 0.317314692653
104.79 0.342780063207
104.86 0.303798724668
104.93 0.244215431688
105.0 0.23076427693
105.07 0.195269104147
105.14 0.208870108773
105.21 0.182617622515
105.28 0.162216039474
105.35 0.139654424658
105.42 0.127041214333
105.49 0.117751910485
105.56 0.11850420807
105.63 0.119852383518
105.7 0.112906934639
105.77 0.111105887656
105.84 0.106731026935
105.91 0.0987958107046
105.98 0.0523282009173
106.05 0.0796788019218
106.12 0.336376446261
106.19 0.255403996564
106.26 0.175700620185
106.33 0.180649722246
106.4 0.162013588902
106.47 0.159848699207
106.54 0.288327683333
106.61 0.184692539454
106.68 0.16553820749
106.75 0.394770395016
106.82 0.300184723981
106.89 0.305331122666
106.96 0.164226186473
107.03 0.107389747769
107.1 0.0848989142029
107.17 0.225528813119
107.24 0.25034018252
107.31 0.352192168124
107.38 0.209804877878
107.45 0.174319839841
107.52 0.259348932058
107.59 0.334332813266
107.66 0.33785267866
107.73 0.216701892778
107.8 0.239379146757
107.87 0.260823120194
107.94 0.264449428356
108.01 0.155227739244
108.08 0.125251575573
108.15 0.0747131055748
108.22 0.259154143288
108.29 0.229545346731
108.36 0.206582776871
108.43 0.199624873898
108.5 0.180427927964
108.57 0.221086067189
108.64 0.214873136521
108.71 0.166084449113
108.78 0.127200079071
108.85 0.122036924122
108.92 0.104317112633
108.99 0.0893857975276
109.06 0.106207565452
109.13 0.115969257691
109.2 0.103100302101
109.27 0.315721454058
109.34 0.203164927798
109.41 0.17186412285
109.48 0.170296775475
109.55 0.180279760704
109.62 0.252476720617
109.69 0.221785396828
109.76 0.224731839147
109.83 0.220272681853
109.9 0.186827404718
109.97 0.176819663505
110.04 0.142827689535
110.11 0.132867579398
110.18 0.130011729817
110.25 0.219568945317
110.32 0.266053191281
110.39 0.222538609025
110.46 0.234162769726
110.53 0.237331288391
110.6 0.434922383375
110.67 0.338695506147
110.74 0.170165949551
110.81 0.367228673467
110.88 0.348846461747
110.95 0.389291800614
111.02 0.350269399455
111.09 0.234316533578
111.16 0.191308736134
111.23 0.116530670714
111.3 0.232584360424
111.37 0.344270517486
111.44 0.347312540325
111.51 0.24649617419
111.58 0.240299305797
111.65 0.367201061937
111.72 0.332075100852
111.79 0.310770422234
111.86 0.275549115217
111.93 0.18881478135
112.0 0.243641596689
112.07 0.238030837258
112.14 0.129197066817
112.21 0.120378210427
112.28 0.0923480326254
112.35 0.265852649527
112.42 0.217275321438
112.49 0.214567728484
112.56 0.175245038326
112.63 0.200425444882
112.7 0.299745095481
112.77 0.260191192625
112.84 0.225501268615
112.91 0.220028234499
112.98 0.155234480847
113.05 0.113028399396
113.12 0.0806880540142
113.19 0.123557345581
113.26 0.0905206001133
113.33 0.177802285706
113.4 0.35458481035
113.47 0.218287508669
113.54 0.188222197488
113.61 0.188432618456
113.68 0.210147025418
113.75 0.194237906934
113.82 0.18291033489
113.89 0.236301603432
113.96 0.234636992929
114.03 0.178922175217
114.1 0.152380956198
114.17 0.131775170159
114.24 0.174207944306
114.31 0.149394364475
114.38 0.282200219383
114.45 0.31984526825
114.52 0.220117556555
114.59 0.188586144927
114.66 0.193448612917
114.73 0.443222683678
114.8 0.254859986317
114.87 0.164109590806
114.94 0.407076622216
115.01 0.371903405676
115.08 0.301796418204
115.15 0.313036354991
115.22 0.137829791839
115.29 0.121891985235
115.36 0.0877715717124
115.43 0.277238237341
115.5 0.293685407825
115.57 0.278708218259
115.64 0.30917409909
115.71 0.283854298575
115.78 0.294312170275
115.85 0.341124418701
115.92 0.27088465739
115.99 0.253899353919
116.06 0.232093010924
116.13 0.226344105876
116.2 0.2132007553
116.27 0.209913040955
116.34 0.168741083477
116.41 0.200853380302
116.48 0.326875579227
116.55 0.216138146445
116.62 0.243721649737
116.69 0.271134991778
116.76 0.261200649982
116.83 0.231820977175
116.9 0.210781363097
116.97 0.241842038221
117.04 0.32618127507
117.11 0.237662325133
117.18 0.224524506917
117.25 0.155441722314
117.32 0.173624905928
117.39 0.131867987292
117.46 0.269800439171
117.53 0.305915558796
117.6 0.252165030378
117.67 0.221241188298
117.74 0.24491987478
117.81 0.29036269523
117.88 0.432721973193
117.95 0.288834804666
118.02 0.25905623644
118.09 0.237641194089
118.16 0.196400862678
118.23 0.149889492512
118.3 0.110200805065
118.37 0.268052221895
118.44 0.226903050143
118.51 0.345698874448
118.58 0.532511470818
118.65 0.436378615778
118.72 0.325349393612
118.79 0.21939479747
118.86 0.237758924992
118.93 0.294924254239
119.0 0.237035140983
119.07 0.231838001539
119.14 0.145838551309
119.21 0.103878038486
119.28 0.101827549387
119.35 0.260452242643
119.42 0.309076116839
119.49 0.227705275807
119.56 0.42076215521
119.63 0.436424999908
119.7 0.395010378222
119.77 0.372857568759
119.84 0.309751680511
119.91 0.338087449272
119.98 0.252862455389
120.05 0.236420690197
120.12 0.200603428516
120.19 0.172996340783
120.26 0.126777030893
120.33 0.114741330775
120.4 0.256997774152
120.47 0.205579936842
120.54 0.261421335557
120.61 0.311808482532
120.68 0.30869549971
120.75 0.283652564333
120.82 0.208680490706
120.89 0.23198269746
120.96 0.261830658959
121.03 0.269351932644
121.1 0.282156841606
121.17 0.253229192746
121.24 0.245407430383
121.31 0.186136335916
121.38 0.144425597542
121.45 0.333796019383
121.52 0.235348430365
121.59 0.250599480112
121.66 0.281433271239
121.73 0.309087601861
121.8 0.310684975065
121.87 0.24025102402
121.94 0.252314768538
122.01 0.273841322427
122.08 0.269801938857
122.15 0.172814405463
122.22 0.122912533842
122.29 0.158925426295
122.36 0.12351434482
122.43 0.0746696845107
122.5 0.289498654314
122.57 0.484365711466
122.64 0.309343007812
122.71 0.245946070248
122.78 0.215098141023
122.85 0.307235425934
122.92 0.196838198362
122.99 0.213312497236
123.06 0.207862927475
123.13 0.198168599605
123.2 0.179523059015
123.27 0.147055574087
123.34 0.15031401943
123.41 0.137538769054
123.48 0.125098752864
123.55 0.129006557875
123.62 0.128591897604
123.69 0.131232786666
123.76 0.129544326414
123.83 0.132758391396
123.9 0.126863667757
123.97 0.11783876937
124.04 0.116240577902
124.11 0.114897180781
124.18 0.111440193266
124.25 0.108568936301
124.32 0.109247714382
124.39 0.10428262545
124.46 0.0952063467733
124.53 0.0954105693201
124.6 0.0961581123146
124.67 0.0912628118234
124.74 0.0907123294694
124.81 0.440599997504
124.88 0.435445149472
124.95 0.280669061348
125.02 0.178587974334
125.09 0.677507580034
125.16 0.291911089875
125.23 0.151767739789
125.3 0.636627629772
125.37 0.27491432512
125.44 0.185171295225
125.51 0.814008868278
125.58 0.668395050578
125.65 0.601322533059
125.72 0.536117728714
125.79 0.528801980375
125.86 0.446067838573
125.93 0.714475254157
126.0 0.617492102525
126.07 0.509236731769
126.14 0.733299902447
126.21 0.709378149606
126.28 0.651509106164
126.35 0.594918100641
126.42 0.595419138054
126.49 0.573210665681
126.56 0.809427050946
126.63 0.444474111254
126.7 0.383594469949
126.77 0.575008583431
126.84 0.69963647412
126.91 0.628246307349
126.98 0.594218440066
127.05 0.536073855231
127.12 0.509220767239
127.19 0.567908194968
127.26 0.706900364617
127.33 0.434062404456
127.4 0.438921899605
127.47 0.392057197092
127.54 0.231509279955
127.61 0.260249510007
127.68 0.693225871208
127.75 0.497104433187
127.82 0.429799394586
127.89 0.702201087274
127.96 0.622760503565
128.03 0.497891871449
128.1 0.516115926383
128.17 0.507631818247
128.24 0.56150876988
128.31 0.786591409782
128.38 0.512138930571
128.45 0.494560153759
128.52 0.647090149939
128.59 0.777952888489
128.66 0.691904554653
128.73 0.642960360742
128.8 0.537735724689
128.87 0.531966082368
128.94 0.727833582008
129.01 0.634114195832
129.08 0.480995110867
129.15 0.402347090044
129.22 0.300281786034
129.29 0.22646185214
129.36 0.288554049282
129.43 0.702996212471
129.5 0.446456519654
129.57 0.459089283143
129.64 0.751480001512
129.71 0.558325257152
129.78 0.493352148644
129.85 0.505733635205
129.92 0.493886531021
129.99 0.477409147599
130.06 0.843694280057
130.13 0.515749243483
130.2 0.397865114908
130.27 0.695264496872
130.34 0.671772947134
130.41 0.623694888672
130.48 0.577798804313
130.55 0.547833400956
130.62 0.552442267087
130.69 0.794607155218
130.76 0.568127023391
130.83 0.545917949188
130.9 0.606477992694
130.97 0.584586107578
131.04 0.562028655297
131.11 0.641669019746
131.18 0.648694718561
131.25 0.572880740438
131.32 0.527698738211
131.39 0.694548804742
131.46 0.500658418523
131.53 0.506971164857
131.6 0.484939941635
131.67 0.534015691763
131.74 0.480414789797
131.81 0.787135970193
131.88 0.5832035008
131.95 0.519882360195
132.02 0.75835980354
132.09 0.640103701275
132.16 0.665507699222
132.23 0.689557549508
132.3 0.669412879084
132.37 0.630803511442
132.44 0.812528638112
132.51 0.541911135606
132.58 0.478779927247
132.65 0.383397615969
132.72 0.300764338496
132.79 0.227702973217
132.86 0.535567705761
132.93 0.590574010005
133.0 0.473292939353
133.07 0.559819915856
133.14 0.669644601452
133.21 0.562785669769
133.28 0.491200157082
133.35 0.512853093692
133.42 0.520365228233
133.49 0.593067128372
133.56 0.68217563208
133.63 0.431688008405
133.7 0.394056844895
133.77 0.737072496978
133.84 0.594097711188
133.91 0.546986779572
133.98 0.520595864236
134.05 0.456771749473
134.12 0.469476401521
134.19 0.738890759625
134.26 0.45588691124
134.33 0.409982575818
134.4 0.397325691688
134.47 0.278260196267
134.54 0.194182195151
134.61 0.62396390769
134.68 0.496172824035
134.75 0.389932645308
134.82 0.622802267155
134.89 0.481203604865
134.96 0.419785572246
135.03 0.45600814141
135.1 0.581695797345
135.17 0.363719321231
135.24 0.673108182558
135.31 0.559421594338
135.38 0.483582706633
135.45 0.578970033619
135.52 0.691823937477
135.59 0.640051311421
135.66 0.622499175672
135.73 0.47953643205
135.8 0.442224834223
135.87 0.402481123395
135.94 0.90625448662
136.01 0.510646173702
136.08 0.461981331838
136.15 0.448217214762
136.22 0.432098661136
136.29 0.373611592239
136.36 0.645637319057
136.43 0.56117171764
136.5 0.538469795647
136.57 0.673680492738
136.64 0.628001875355
136.71 0.512229255209
136.78 0.523467893386
136.85 0.483518080517
136.92 0.447659194882
136.99 0.650782946955
137.06 0.725577811924
137.13 0.566523122227
137.2 0.649052805497
137.27 0.688639845261
137.34 0.585803000495
137.41 0.563987758527
137.48 0.490883540502
137.55 0.435546117131
137.62 0.415981597422
137.69 0.804108798626
137.76 0.551871929957
137.83 0.495211074553
137.9 0.512250493773
137.97 0.496789978165
138.04 0.503212424963
138.11 0.733356059667
138.18 0.62421264744
138.25 0.501601583913
138.32 0.693265115773
138.39 0.598826165374
138.46 0.580790942359
138.53 0.607697325044
138.6 0.677461983449
138.67 0.503079120508
138.74 0.729086637734
138.81 0.676464159128
138.88 0.570277363065
138.95 0.678023577998
139.02 0.693364458074
139.09 0.680316167178
139.16 0.659643903456
139.23 0.523147375388
139.3 0.512579884212
139.37 0.668444439665
139.44 0.695031267837
139.51 0.546832913786
139.58 0.528973345285
139.65 0.539050394592
139.72 0.512518719661
139.79 0.512600858865
139.86 0.520109797148
139.93 0.523835531392
140.0 0.521932202781
140.07 0.48781201826
140.14 0.455368631632
140.21 0.512227870025
140.28 0.549920590461
140.35 0.506492614349
140.42 0.397479500223
140.49 0.640195258895
140.56 0.58863549743
140.63 0.493442146535
140.7 0.622041567701
140.77 0.500052633518
140.84 0.427903276753
140.91 0.623523069946
140.98 0.589903071062
141.05 0.478438984761
141.12 0.667056181837
141.19 0.727950673381
141.26 0.566577714134
141.33 0.453975622008
141.4 0.439624126681
141.47 0.444001302559
141.54 0.433183278713
141.61 0.721086094418
141.68 0.395504112697
141.75 0.445757816979
141.82 0.66182303039
141.89 0.498087097279
141.96 0.473925830408
142.03 0.518942872805
142.1 0.633769314228
142.17 0.534055651263
142.24 0.747957758124
142.31 0.510524080585
142.38 0.498802320234
142.45 0.713842784802
142.52 0.542697723487
142.59 0.405600030953
142.66 0.513299870135
142.73 0.364668118121
142.8 0.322221707169
142.87 0.715149396339
142.94 0.619758124649
143.01 0.523569384677
143.08 0.539593142534
143.15 0.475071306733
143.22 0.384893838591
143.29 0.472699855596
143.36 0.627558757363
143.43 0.441079565954
143.5 0.504711271336
143.57 0.652807449882
143.64 0.474819021637
143.71 0.435038497299
143.78 0.562972791153
143.85 0.44519082412
143.92 0.496544836823
143.99 0.780333879526
144.06 0.508456300418
144.13 0.490890911861
144.2 0.735518300477
144.27 0.603095928018
144.34 0.574543828914
144.41 0.570225822194
144.48 0.565945923407
144.55 0.52459805309
144.62 0.70854428672
144.69 0.424412004526
144.76 0.458493084117
144.83 0.358368734908
144.9 0.211222889244
144.97 0.179329063375
145.04 0.588625686637
145.11 0.397553602006
145.18 0.285776190333
145.25 0.509029645297
145.32 0.4871294393
145.39 0.375120700428
145.46 0.42177881776
145.53 0.616787394126
145.6 0.524085047516
145.67 0.654895512109
145.74 0.506947401683
145.81 0.422028747205
145.88 0.427236606468
145.95 0.735886255456
146.02 0.569834455922
146.09 0.48772294336
146.16 0.478373078187
146.23 0.431440314525
146.3 0.487589897232
146.37 0.785654519613
146.44 0.585964826902
146.51 0.5767142775
146.58 0.488659749747
146.65 0.419098195409
146.72 0.372256335872
146.79 0.644887664774
146.86 0.5146219491
146.93 0.461786943822
147.0 0.620617820108
147.07 0.504879340848
147.14 0.383780513346
147.21 0.494202848782
147.28 0.575443285589
147.35 0.385939825998
147.42 0.603282521579
147.49 0.66322337088
147.56 0.470249953029
147.63 0.619252384311
147.7 0.683303553427
147.77 0.619924082872
147.84 0.507503049155
147.91 0.524910822712
147.98 0.482486330348
148.05 0.468452117664
148.12 0.784371344503
148.19 0.571950569531
148.26 0.586258800185
148.33 0.498226748168
148.4 0.42419966357
148.47 0.482009229258
148.54 0.78409979529
148.61 0.66772763045
148.68 0.652220390001
148.75 0.709575080385
148.82 0.488867139228
148.89 0.434129048305
148.96 0.415227067066
149.03 0.463170195716
149.1 0.2559350235
149.17 0.668432302544
149.24 0.560045400705
149.31 0.505052424672
149.38 0.660952602545
149.45 0.620609401482
149.52 0.572894812906
149.59 0.502512370615
149.66 0.566734529022
149.73 0.510043906116
149.8 0.551571716362
149.87 0.783870171644
149.94 0.510059842719
150.01 0.388232990476
150.08 0.403564774694
150.15 0.348744592043
150.22 0.392424748525
150.29 0.751286856252
150.36 0.566909450449
150.43 0.423615594682
150.5 0.679020406717
150.57 0.423419077224
150.64 0.331539967236
150.71 0.479990581248
150.78 0.481872373872
150.85 0.360346029855
150.92 0.737635594006
150.99 0.465469892344
151.06 0.40788967103
151.13 0.653465957074
151.2 0.60597966421
151.27 0.518170636664
151.34 0.446883701043
151.41 0.399183870547
151.48 0.393118596073
151.55 0.71523334103
151.62 0.635226958346
151.69 0.498974954431
151.76 0.513097490777
151.83 0.492375399513
151.9 0.508761391482
151.97 0.490700637507
152.04 0.777583256487
152.11 0.603905638147
152.18 0.5115969981
152.25 0.67180302323
152.32 0.456900383118
152.39 0.442307044641
152.46 0.805083502095
152.53 0.598147038203
152.6 0.502161599184
152.67 0.744059578191
152.74 0.602450881691
152.81 0.548653205337
152.88 0.783530904784
152.95 0.688060843747
153.02 0.662255490002
153.09 0.747056688658
153.16 0.654047904898
153.23 0.535201715454
153.3 0.70849622836
153.37 0.610199798991
153.44 0.587846334669
153.51 0.570391382456
153.58 0.55120822553
153.65 0.451181037515
153.72 0.584158402555
153.79 0.707617763093
153.86 0.710414756298
153.93 0.609659958261
154.0 0.746182376152
154.07 0.616474306135
154.14 0.645535061167
154.21 0.662498904053
154.28 0.638657387184
154.35 0.620724025495
154.42 0.832486889519
154.49 0.672704786685
154.56 0.647400339096
154.63 0.815258923236
154.7 0.678034128859
154.77 0.61843700498
154.84 0.666780639047
154.91 0.585689663921
154.98 0.613722381693
155.05 0.819113356755
155.12 0.684564527884
155.19 0.647784181806
155.26 0.702930797415
155.33 0.522081400551
155.4 0.515240075093
155.47 0.645913441335
155.54 0.685027365205
155.61 0.685942921858
155.68 0.722197871105
155.75 0.657239834856
155.82 0.63413680841
155.89 0.602517225324
155.96 0.715423200666
156.03 0.649612618298
156.1 0.782264283466
156.17 0.683832043185
156.24 0.578338716257
156.31 0.61969934228
156.38 0.792596396616
156.45 0.688712716855
156.52 0.712910195408
156.59 0.679158401529
156.66 0.595837886854
156.73 0.599453450062
156.8 0.770665306032
156.87 0.61205102819
156.94 0.593628058256
157.01 0.482263599112
157.08 0.452128063827
157.15 0.388267678735
157.22 0.723299588448
157.29 0.5736581026
157.36 0.55643913443
157.43 0.690413324001
157.5 0.603016789582
157.57 0.596155557683
157.64 0.735416574597
157.71 0.607746668051
157.78 0.64824014487
157.85 0.800621788075
157.92 0.528812152823
157.99 0.512881619834
158.06 0.739654877357
158.13 0.692323831275
158.2 0.658656491757
158.27 0.660936748327
158.34 0.559572910379
158.41 0.566962218716
158.48 0.634757232804
158.55 0.762923451497
158.62 0.572341946974
158.69 0.586446981403
158.76 0.619989647338
158.83 0.591105816107
158.9 0.553627874663
158.97 0.716120148123
159.04 0.618659979182
159.11 0.571068278251
159.18 0.65590750385
159.25 0.624078094644
159.32 0.613571210873
159.39 0.612164861866
159.46 0.627373811501
159.53 0.558108142057
159.6 0.71936375719
159.67 0.701880087534
159.74 0.657712052892
159.81 0.737974353989
159.88 0.612438998526
159.95 0.508171880998
160.02 0.572899258902
160.09 0.577726986968
160.16 0.590249512395
160.23 0.69073091803
160.3 0.736192629771
160.37 0.630693882192
160.44 0.683725781944
160.51 0.64849796093
160.58 0.587317675952
160.65 0.56306848757
160.72 0.804117080409
160.79 0.671879986145
160.86 0.643571820535
160.93 0.782156361958
161.0 0.566905273951
161.07 0.596608485071
161.14 0.638116680713
161.21 0.500593187786
161.28 0.486988460477
161.35 0.815269870662
161.42 0.6169096953
161.49 0.641791432629
161.56 0.770774555474
161.63 0.618452581324
161.7 0.614708545051
161.77 0.499832035913
161.84 0.396695281957
161.91 0.418563752988
161.98 0.642943217688
162.05 0.663486555925
162.12 0.527960373302
162.19 0.522539874262
162.26 0.558260649189
162.33 0.539298409634
162.4 0.585133128367
162.47 0.742758912334
162.54 0.566055577792
162.61 0.514552957977
162.68 0.704599141772
162.75 0.5270063708
162.82 0.526183533535
162.89 0.575679029461
162.96 0.53015132178
163.03 0.568045645201
163.1 0.790260287231
163.17 0.63259458007
163.24 0.557678637132
163.31 0.699036930823
163.38 0.527832404322
163.45 0.425477024256
163.52 0.452152453965
163.59 0.402360929321
163.66 0.561065392166
163.73 0.74858582896
163.8 0.640861380413
163.87 0.625680829851
163.94 0.601693829517
164.01 0.520716172812
164.08 0.517348860629
164.15 0.660435150975
164.22 0.688079980796
164.29 0.679532300793
164.36 0.702082314689
164.43 0.585530853641
164.5 0.543140861028
164.57 0.615050110311
164.64 0.546819205766
164.71 0.34618592457
164.78 0.480151262645
164.85 0.753199930026
164.92 0.535565196511
164.99 0.625552698893
165.06 0.721407321764
165.13 0.668186718557
165.2 0.541959587738
165.27 0.479934650237
165.34 0.424067694031
165.41 0.428781034068
165.48 0.76405186855
165.55 0.612006638055
165.62 0.541303356605
165.69 0.72832204943
165.76 0.49399198098
165.83 0.413408314298
165.9 0.604151181639
165.97 0.542349193206
166.04 0.576723592586
166.11 0.703989500034
166.18 0.570971746813
166.25 0.545017834829
166.32 0.65183777748
166.39 0.663959353449
166.46 0.599249022251
166.53 0.551737162122
166.6 0.636234071222
166.67 0.661712422295
166.74 0.58888142492
166.81 0.660761540646
166.88 0.527000292465
166.95 0.498268994897
167.02 0.70988483388
167.09 0.518997464712
167.16 0.667857773556
167.23 0.860142500599
167.3 0.727704617426
167.37 0.738981926266
167.44 0.790563194396
167.51 0.672607728821
167.58 0.702847367979
167.65 0.755298975984
167.72 0.515685156361
167.79 0.46133672676
167.86 0.892888947991
167.93 0.768296480043
168.0 0.691651483409
168.07 0.806614894718
168.14 0.716418922076
168.21 0.747136676078
168.28 0.743879526554
168.35 0.582418568996
168.42 0.345343326086
168.49 0.509794726514
168.56 0.588802130092
168.63 0.318314798618
168.7 0.573580542045
168.77 0.805755245339
168.84 0.608019641547
168.91 0.684525160439
168.98 0.819527880183
169.05 0.623772341707
169.12 0.580055937239
169.19 0.68039245286
169.26 0.67916738149
169.33 0.643402226203
169.4 0.769965935899
169.47 0.701843667795
169.54 0.652262772177
169.61 0.857959692872
169.68 0.575137321803
169.75 0.605787696078
169.82 0.744396433545
169.89 0.710377056102
169.96 0.650077065617
170.03 0.574268947996
170.1 0.485209819411
170.17 0.369997288543
170.24 0.643098167046
170.31 0.759988110202
170.38 0.709584107822
170.45 0.647088102882
170.52 0.568392224774
170.59 0.535413770157
170.66 0.661937174057
170.73 0.797354137959
170.8 0.743955052619
170.87 0.813476882046
170.94 0.758324683808
171.01 0.695021667894
171.08 0.703512172734
171.15 0.695144804089
171.22 0.253686130466
171.29 0.486267078198
171.36 0.85487786134
171.43 0.70521080683
171.5 0.725348371201
171.57 0.814888743863
171.64 0.689071411206
171.71 0.695632689232
171.78 0.662778931936
171.85 0.450481399282
171.92 0.39051345231
171.99 0.669377387922
172.06 0.493599937476
172.13 0.568485470587
172.2 0.76793093238
172.27 0.625453772706
172.34 0.672034441193
172.41 0.635943923952
172.48 0.658517897909
172.55 0.642500489279
172.62 0.724378635963
172.69 0.584984293649
172.76 0.575655464569
172.83 0.671014266809
172.9 0.795923242422
172.97 0.727712844751
173.04 0.613777234718
173.11 0.748847888543
173.18 0.547135452313
173.25 0.61832954427
173.32 0.806643237938
173.39 0.628902969956
173.46 0.638677704153
173.53 0.55212156477
173.6 0.399708390467
173.67 0.416028266409
173.74 0.797271634306
173.81 0.720643163537
173.88 0.627247324054
173.95 0.636952385707
174.02 0.505903771323
174.09 0.555691700352
174.16 0.752462234129
174.23 0.766258644715
174.3 0.703487955744
174.37 0.826490025283
174.44 0.661909001193
174.51 0.700778835177
174.58 0.666579889236
174.65 0.536469566961
174.72 0.384916955253
174.79 0.548712079865
174.86 0.830742295785
174.93 0.686427972399
175.0 0.668461503126
175.07 0.792834317405
175.14 0.670936001095
175.21 0.616134207047
175.28 0.662653371668
175.35 0.414067114725
175.42 0.425017454406
175.49 0.739878034481
175.56 0.344869653047
175.63 0.312410050545
175.7 0.753532277946
175.77 0.601348047263
175.84 0.597150607445
175.91 0.769403599885
175.98 0.59933952283
176.05 0.613485836314
176.12 0.516376683166
176.19 0.590037950605
176.26 0.5942285413
176.33 0.603969698738
176.4 0.761978120361
176.47 0.628454434105
176.54 0.67007136952
176.61 0.60862388358
176.68 0.557155837522
176.75 0.533906593128
176.82 0.775272840039
176.89 0.661003980041
176.96 0.650566534226
177.03 0.648759841779
177.1 0.411599369531
177.17 0.328965629864
177.24 0.788417547872
177.31 0.674764596455
177.38 0.661960917683
177.45 0.558904493254
177.52 0.617696294352
177.59 0.591537044134
177.66 0.850086342163
177.73 0.754629168089
177.8 0.724550859632
177.87 0.748851872345
177.94 0.732531728303
178.01 0.699794834774
178.08 0.713537935307
178.15 0.659040862289
178.22 0.638540203651
178.29 0.762371269779
178.36 0.732804914045
178.43 0.63389876893
178.5 0.658679478558
178.57 0.777558662481
178.64 0.722615416246
178.71 0.64905500755
178.78 0.76408904651
178.85 0.726356092888
178.92 0.625678647348
178.99 0.741729516421
179.06 0.678384267741
179.13 0.621527302615
179.2 0.652328902167
179.27 0.639888113793
179.34 0.66025461201
179.41 0.809690418914
179.48 0.60187720029
179.55 0.686801984768
179.62 0.709002348506
179.69 0.659751579206
179.76 0.650341172256
179.83 0.730982219366
179.9 0.689289595909
179.97 0.650655148329
180.04 0.734343245157
180.11 0.671929140644
180.18 0.627306110611
180.25 0.755472239938
180.32 0.646024161138
180.39 0.642237107348
180.46 0.670693782324
180.53 0.692378698263
180.6 0.615291292986
180.67 0.646895763319
180.74 0.647905234639
180.81 0.656815831571
180.88 0.591114237526
180.95 0.557507418839
181.02 0.605503902224
181.09 0.621683577113
181.16 0.755940303817
181.23 0.602319156515
181.3 0.608443068136
181.37 0.710839636494
181.44 0.575748942177
181.51 0.586383053465
181.58 0.663381368481
181.65 0.484435765215
181.72 0.461041091814
181.79 0.732343125386
181.86 0.584592779363
181.93 0.519016720451
182.0 0.619829778621
182.07 0.22899184406
182.14 0.147449335109
182.21 0.618766039349
182.28 0.273896932276
182.35 0.186532050439
182.42 0.663215568047
182.49 0.626127984706
182.56 0.559404871587
182.63 0.557584968223
182.7 0.557362024741
182.77 0.545064133782
182.84 0.533547094476
182.91 0.505215727027
182.98 0.474514683209
183.05 0.466591416987
183.12 0.421084054203
183.19 0.427917356204
183.26 0.411716620088
183.33 0.436250493198
183.4 0.416750979414
183.47 0.396295404899
183.54 0.365372892149
183.61 0.36110735348
183.68 0.381182060918
183.75 0.412720180636
183.82 0.407177370647
183.89 0.382220326481
183.96 0.683653808207
184.03 0.510629737204
184.1 0.488706260946
184.17 0.687160503178
184.24 0.5273245122
184.31 0.53197244137
184.38 0.72936449987
184.45 0.563795068479
184.52 0.408346068361
184.59 0.813355313958
184.66 0.741176650488
184.73 0.656050788056
184.8 0.601303046921
184.87 0.531493787532
184.94 0.520778010406
185.01 0.624982881208
185.08 0.695946446077
185.15 0.643431465883
185.22 0.599086634508
185.29 0.669141768326
185.36 0.458892919284
185.43 0.503354082414
185.5 0.692396588367
185.57 0.567170733659
185.64 0.573074990215
185.71 0.794526077244
185.78 0.675201992183
185.85 0.574117115304
185.92 0.766847061853
185.99 0.714842062728
186.06 0.602741784389
186.13 0.660086095665
186.2 0.558870050754
186.27 0.495071096917
186.34 0.798548886077
186.41 0.646179244546
186.48 0.549618649575
186.55 0.55708322984
186.62 0.535366792576
186.69 0.530489278859
186.76 0.710727774471
186.83 0.566618835401
186.9 0.581183830659
186.97 0.643952507482
187.04 0.631289835459
187.11 0.494585591164
187.18 0.492347286692
187.25 0.570457533391
187.32 0.485289047214
187.39 0.676837656241
187.46 0.751324569015
187.53 0.631450329744
187.6 0.553177101852
187.67 0.784635579608
187.74 0.607782833653
187.81 0.629554727167
187.88 0.579535678995
187.95 0.568093598835
188.02 0.448625879083
188.09 0.713361060379
188.16 0.52928838957
188.23 0.482762333935
188.3 0.48049232801
188.37 0.444943246138
188.44 0.437433888948
188.51 0.742979357737
188.58 0.618485230903
188.65 0.534015115068
188.72 0.646414966076
188.79 0.605907007656
188.86 0.420863316962
188.93 0.548431947256
189.0 0.599968650707
189.07 0.537972328715
189.14 0.654046775246
189.21 0.662409674157
189.28 0.512898782437
189.35 0.541329877581
189.42 0.700339145237
189.49 0.55676118423
189.56 0.457021582569
189.63 0.619587561246
189.7 0.514507474496
189.77 0.375140936409
189.84 0.77759180637
189.91 0.621624423314
189.98 0.522414753846
190.05 0.578293104312
190.12 0.556580142577
190.19 0.493702487205
190.26 0.668630995524
190.33 0.601564293826
190.4 0.590521720688
190.47 0.655550021536
190.54 0.565698233717
190.61 0.46265211439
190.68 0.579655980589
190.75 0.610751698646
190.82 0.518372652969
190.89 0.678327021363
190.96 0.638148183885
191.03 0.600233644032
191.1 0.678727290796
191.17 0.688081377151
191.24 0.616086926457
191.31 0.574584730953
191.38 0.6213933698
191.45 0.574093426136
191.52 0.578073410148
191.59 0.80805540835
191.66 0.601270028704
191.73 0.624329837954
191.8 0.621354347255
191.87 0.604510861817
191.94 0.559541736748
192.01 0.700125946919
192.08 0.588872019071
192.15 0.455431505322
192.22 0.680023903033
192.29 0.580673391585
192.36 0.508993469921
192.43 0.639262052312
192.5 0.538463379395
192.57 0.414929228671
192.64 0.713182421854
192.71 0.634013006153
192.78 0.634106427908
192.85 0.709155749306
192.92 0.609133290746
192.99 0.514828499371
193.06 0.588785213248
193.13 0.486057208791
193.2 0.426286346198
193.27 0.560324093672
193.34 0.767205824626
193.41 0.58135191972
193.48 0.581381282279
193.55 0.55105857953
193.62 0.486260747124
193.69 0.495000726196
193.76 0.732127888389
193.83 0.637140850385
193.9 0.635233181901
193.97 0.722022148169
194.04 0.526330876946
194.11 0.517688518468
194.18 0.658039171461
194.25 0.567994502292
194.32 0.531926565513
194.39 0.730494686105
194.46 0.602775363941
194.53 0.607902374233
194.6 0.700617948517
194.67 0.569532389364
194.74 0.50707103498
194.81 0.432544377746
194.88 0.483569407745
194.95 0.437436139873
195.02 0.659599861014
195.09 0.73239475283
195.16 0.578891241479
195.23 0.664387644941
195.3 0.639339696648
195.37 0.651886415328
195.44 0.634534501568
195.51 0.750581969119
195.58 0.63843497292
195.65 0.592678599494
195.72 0.680858635849
195.79 0.592846236135
195.86 0.532330300701
195.93 0.703053502136
196.0 0.590778541146
196.07 0.542744255631
196.14 0.686414882965
196.21 0.667851658916
196.28 0.663329056823
196.35 0.698847619954
196.42 0.646964254546
196.49 0.60106045672
196.56 0.676318908854
196.63 0.567376003472
196.7 0.576387063979
196.77 0.799281680767
196.84 0.700741260652
196.91 0.717953829325
196.98 0.627347738755
197.05 0.597146766072
197.12 0.43772964398
197.19 0.465555643918
197.26 0.542536764216
197.33 0.414845281188
197.4 0.447993189104
197.47 0.663420881147
197.54 0.57939865465
197.61 0.589670804115
197.68 0.639121287132
197.75 0.602396098484
197.82 0.70063972747
197.89 0.691402936356
197.96 0.611914276134
198.03 0.492955505545
198.1 0.77384134407
198.17 0.590165140419
198.24 0.642886116531
198.31 0.60006174711
198.38 0.587434130587
198.45 0.486911484995
198.52 0.755478611507
198.59 0.599091002308
198.66 0.668996166171
198.73 0.553573021638
198.8 0.49804706098
198.87 0.502465871984
198.94 0.67971916804
199.01 0.545637943647
199.08 0.577025446898
199.15 0.615512777277
199.22 0.6783105332
199.29 0.617625606658
199.36 0.613112698064
199.43 0.657128171116
199.5 0.554769918747
199.57 0.625557443709
199.64 0.617088280764
199.71 0.476919593811
199.78 0.548999202629
199.85 0.711220259208
199.92 0.621648078969
199.99 0.603418285015
200.06 0.566272895359
200.13 0.512862949168
200.2 0.512149319454
200.27 0.833886977268
200.34 0.594395866555
200.41 0.612476187656
200.48 0.565055230257
200.55 0.559235721296
200.62 0.441383817809
200.69 0.638709157056
200.76 0.517324365765
200.83 0.462836894086
200.9 0.621856091224
200.97 0.541189789633
201.04 0.539500520891
201.11 0.619071979397
201.18 0.637843208718
201.25 0.559620107188
201.32 0.745527655876
201.39 0.509118985505
201.46 0.564836471652
201.53 0.572922469119
201.6 0.695276501339
201.67 0.597638935233
201.74 0.561373971325
201.81 0.511183783057
201.88 0.520956989642
201.95 0.522068996727
202.02 0.749278322044
202.09 0.599593099555
202.16 0.461071748794
202.23 0.596755096791
202.3 0.521666262727
202.37 0.547171091489
202.44 0.687675462253
202.51 0.515783279643
202.58 0.450288153484
202.65 0.629194263633
202.72 0.572853856409
202.79 0.518041857797
202.86 0.728951263881
202.93 0.571390404849
203.0 0.446227404282
203.07 0.665224183243
203.14 0.594522682146
203.21 0.54418454026
203.28 0.697243234255
203.35 0.662074916129
203.42 0.630989306288
203.49 0.579222209799
203.56 0.649029349521
203.63 0.531376950296
203.7 0.576334903127
203.77 0.756619474275
203.84 0.561056519724
203.91 0.687780572898
203.98 0.649439743927
204.05 0.624615657919
204.12 0.669074181938
204.19 0.728875021486
204.26 0.550325039186
204.33 0.577531365969
204.4 0.656469198937
204.47 0.585614939364
204.54 0.526715518371
204.61 0.557948556799
204.68 0.442708038782
204.75 0.478720921461
204.82 0.755871086485
204.89 0.615540377636
204.96 0.622065308534
205.03 0.75725823421
205.1 0.641506800963
205.17 0.606146049718
205.24 0.540515105665
205.31 0.382856754503
205.38 0.327219775221
205.45 0.74810004254
205.52 0.576739741435
205.59 0.54217040946
205.66 0.501001409463
205.73 0.498749501698
205.8 0.519132853924
205.87 0.59935533795
205.94 0.62033890512
206.01 0.557019165059
206.08 0.531106992927
206.15 0.739869745716
206.22 0.498614738053
206.29 0.554467169371
206.36 0.616244105794
206.43 0.603310461252
206.5 0.574956923871
206.57 0.731887606363
206.64 0.504848218882
206.71 0.47213894526
206.78 0.700446552886
206.85 0.536965918205
206.92 0.557835845793
206.99 0.646009647422
207.06 0.543449927515
207.13 0.578384960752
207.2 0.811507107868
207.27 0.657338603255
207.34 0.608097299846
207.41 0.652025442046
207.48 0.59192130575
207.55 0.604566445136
207.62 0.718124986179
207.69 0.632702962375
207.76 0.587606995183
207.83 0.622226415818
207.9 0.603383099655
207.97 0.548711557628
208.04 0.581786390083
208.11 0.69710262407
208.18 0.651666189153
208.25 0.524048798132
208.32 0.719886227261
208.39 0.570611147833
208.46 0.554878791173
208.53 0.704724083455
208.6 0.570848656698
208.67 0.577867235497
208.74 0.677257048761
208.81 0.527797572239
208.88 0.501570495458
208.95 0.757761768307
209.02 0.628287953646
209.09 0.601604332917
209.16 0.691128964466
209.23 0.576190676381
209.3 0.556944599686
209.37 0.680079694409
209.44 0.590252880404
209.51 0.488044994555
209.58 0.645043735405
209.65 0.575850432073
209.72 0.533672509523
209.79 0.675289262993
209.86 0.705732320397
209.93 0.626555649234
210.0 0.700577817266
210.07 0.625116456555
210.14 0.570105055614
210.21 0.564828811247
210.28 0.732540885601
210.35 0.579927802092
210.42 0.560416704144
210.49 0.685956980363
210.56 0.491025422766
210.63 0.411907501856
210.7 0.703402244663
210.77 0.529504087364
210.84 0.422289133954
210.91 0.616022353403
210.98 0.446446010684
211.05 0.441160557354
211.12 0.721436176049
211.19 0.716132444428
211.26 0.672155859871
211.33 0.746303954015
211.4 0.594685377087
211.47 0.627729308199
211.54 0.704809766608
211.61 0.627926780764
211.68 0.629981118218
211.75 0.682092603398
211.82 0.596388112278
211.89 0.594613298623
211.96 0.60989560718
212.03 0.754649243489
212.1 0.681682657222
212.17 0.63689237315
212.24 0.647307210576
212.31 0.550344280962
212.38 0.595150433217
212.45 0.758892251966
212.52 0.710882730811
212.59 0.555829537375
212.66 0.686303742858
212.73 0.530571339867
212.8 0.550466896317
212.87 0.7117798835
212.94 0.742617270243
213.01 0.595560940727
213.08 0.724567594951
213.15 0.520057739626
213.22 0.55854563134
213.29 0.738344006936
213.36 0.679279246305
213.43 0.659308304822
213.5 0.718093503952
213.57 0.479143006154
213.64 0.587628332888
213.71 0.655374654671
213.78 0.694185575029
213.85 0.615671292926
213.92 0.691323099742
213.99 0.521831314715
214.06 0.409374528717
214.13 0.552226337497
214.2 0.726155771758
214.27 0.62568333212
214.34 0.483519863663
214.41 0.574675443778
214.48 0.59233686667
214.55 0.561374358116
214.62 0.736449754634
214.69 0.464570270898
214.76 0.388069075121
214.83 0.699712884078
214.9 0.625385380621
214.97 0.532789938972
215.04 0.58952056606
215.11 0.442972895265
215.18 0.342983123986
215.25 0.605795324367
215.32 0.414917782747
215.39 0.474023737255
215.46 0.743217148665
215.53 0.702526005187
215.6 0.616572504821
215.67 0.580919401461
215.74 0.642209122992
215.81 0.560629760035
215.88 0.722118393354
215.95 0.582609898995
216.02 0.568658270951
216.09 0.708372461012
216.16 0.643771976896
216.23 0.597196171915
216.3 0.588235470962
216.37 0.512278517228
216.44 0.410762356467
216.51 0.589478130823
216.58 0.453199918716
216.65 0.495985127353
216.72 0.565869503675
216.79 0.713967022721
216.86 0.593752335273
216.93 0.517207242275
217.0 0.417845054505
217.07 0.446769156622
217.14 0.504908213287
217.21 0.719844382682
217.28 0.532854929536
217.35 0.552292795631
217.42 0.312807254978
217.49 0.440179514431
217.56 0.456268818602
217.63 0.818020870717
217.7 0.688862238579
217.77 0.677726559264
217.84 0.804035658932
217.91 0.630249286856
217.98 0.662587959405
218.05 0.697903324914
218.12 0.49729118733
218.19 0.465781725011
218.26 0.834206764972
218.33 0.763687051181
218.4 0.708908692164
218.47 0.761469798162
218.54 0.70436295386
218.61 0.591455508155
218.68 0.661022846198
218.75 0.63377428246
218.82 0.350064223197
218.89 0.361004373674
218.96 0.699231951388
219.03 0.326770349892
219.1 0.523875280042
219.17 0.79786722871
219.24 0.644193762768
219.31 0.67120470314
219.38 0.793248262742
219.45 0.584231667921
219.52 0.589356477557
219.59 0.678045122364
219.66 0.615178574998
219.73 0.662302988424
219.8 0.76635381331
219.87 0.676655241972
219.94 0.661788613025
220.01 0.828884517679
220.08 0.556407212352
220.15 0.517894577223
220.22 0.75349469225
220.29 0.736968381935
220.36 0.610777235191
220.43 0.593819634013
220.5 0.466977937906
220.57 0.442569700467
220.64 0.537982686878
220.71 0.821082604507
220.78 0.68897567569
220.85 0.63837365477
220.92 0.552623974801
220.99 0.478563193357
221.06 0.565050876421
221.13 0.826701405547
221.2 0.711733268972
221.27 0.646514559721
221.34 0.797338734763
221.41 0.615879002172
221.48 0.653946423381
221.55 0.695972499274
221.62 0.394669694062
221.69 0.37476889709
221.76 0.793755308672
221.83 0.756928336895
221.9 0.691136710049
221.97 0.817192784552
222.04 0.652445930704
222.11 0.673024721006
222.18 0.695803276373
222.25 0.489164438629
222.32 0.400102148696
222.39 0.58097154416
222.46 0.573589752404
222.53 0.451573329571
222.6 0.676278833457
222.67 0.726451222385
222.74 0.614437985853
222.81 0.650868391331
222.88 0.669726749034
222.95 0.602514829178
223.02 0.604186020704
223.09 0.735980622543
223.16 0.583588182719
223.23 0.569264381307
223.3 0.78334913563
223.37 0.680499159539
223.44 0.563695051738
223.51 0.74089999201
223.58 0.623110473488
223.65 0.581981089487
223.72 0.820324724294
223.79 0.577844075548
223.86 0.613535517239
223.93 0.54354542565
224.0 0.475410216126
224.07 0.373539975969
224.14 0.675584015442
224.21 0.721358168661
224.28 0.676790867168
224.35 0.594246090694
224.42 0.581712665317
224.49 0.462637294871
224.56 0.662429070929
224.63 0.818182239119
224.7 0.678833591136
224.77 0.731280325861
224.84 0.678725890252
224.91 0.703070184393
224.98 0.627773973416
225.05 0.649264713584
225.12 0.379227361792
225.19 0.610759419094
225.26 0.829966743299
225.33 0.733200400961
225.4 0.630082266007
225.47 0.71910194197
225.54 0.698885642709
225.61 0.677652292711
225.68 0.69737155791
225.75 0.426139949516
225.82 0.385134186246
225.89 0.605570025233
225.96 0.395536256796
226.03 0.295378506768
226.1 0.706108453829
226.17 0.640103734788
226.24 0.611052815683
226.31 0.709026476129
226.38 0.601469343062
226.45 0.472176775318
226.52 0.624880233734
226.59 0.617903534423
226.66 0.59347595467
226.73 0.55366455552
226.8 0.717936293895
226.87 0.632591785963
226.94 0.658262176383
227.01 0.719738333686
227.08 0.541203876065
227.15 0.503797243693
227.22 0.776893698542
227.29 0.639048224237
227.36 0.599026655463
227.43 0.559527348703
227.5 0.417227823575
227.57 0.342275976154
227.64 0.77170933156
227.71 0.670784446277
227.78 0.581216892163
227.85 0.507811476112
227.92 0.581402538995
227.99 0.560362038231
228.06 0.803830678164
228.13 0.757963013824
228.2 0.683801232606
228.27 0.697394592187
228.34 0.757877730028
228.41 0.690491127521
228.48 0.651776234517
228.55 0.760846251518
228.62 0.652363622541
228.69 0.699288259416
228.76 0.740691796833
228.83 0.691708479839
228.9 0.678756413182
228.97 0.758428903578
229.04 0.619235988307
229.11 0.600159232259
229.18 0.765710504049
229.25 0.705889495545
229.32 0.705606462705
229.39 0.73263981458
229.46 0.632465745349
229.53 0.677937372608
229.6 0.661825000648
229.67 0.684322043806
229.74 0.60969464233
229.81 0.778832946997
229.88 0.674306181391
229.95 0.673649841343
230.02 0.642249067131
230.09 0.71898358131
230.16 0.688934259793
230.23 0.68123383093
230.3 0.657486142155
230.37 0.583079426254
230.44 0.74831834733
230.51 0.653481431483
230.58 0.576223528432
230.65 0.643172041223
230.72 0.661491531455
230.79 0.687921142589
230.86 0.679679526909
230.93 0.688393045049
231.0 0.632124262473
231.07 0.5763950246
231.14 0.748800896999
231.21 0.71609975994
231.28 0.647770697203
231.35 0.665604232056
231.42 0.634258553835
231.49 0.69979549525
231.56 0.800548732162
231.63 0.709743716818
231.7 0.697473085507
231.77 0.754476084262
231.84 0.642246640265
231.91 0.638104631563
231.98 0.675730764005
232.05 0.549367281884
232.12 0.555257425478
232.19 0.832099180301
232.26 0.753866450901
232.33 0.691252268224
232.4 0.795395020764
232.47 0.66612920998
232.54 0.692569064777
232.61 0.7150132126
232.68 0.471546373965
232.75 0.425005667771
232.82 0.593538205586
232.89 0.664437876029
232.96 0.581090586241
233.03 0.675823233445
233.1 0.775523808372
233.17 0.669634201398
233.24 0.63083129612
233.31 0.7367955704
233.38 0.535737756701
233.45 0.632284471901
233.52 0.636782143467
233.59 0.610223457439
233.66 0.603799682707
233.73 0.804169492605
233.8 0.643051097305
233.87 0.619546713665
233.94 0.724039469641
234.01 0.53218757783
234.08 0.556488654775
234.15 0.78343257903
234.22 0.624711788602
234.29 0.589688535035
234.36 0.620401017796
234.43 0.488821162833
234.5 0.464830544543
234.57 0.680566697055
234.64 0.713740033998
234.71 0.633669236047
234.78 0.535267888731
234.85 0.478161910169
234.92 0.408418102142
234.99 0.5747460058
235.06 0.771408838694
235.13 0.617245641627
235.2 0.692073387971
235.27 0.682089640332
235.34 0.599192718413
235.41 0.625753600907
235.48 0.754228446236
235.55 0.386483244191
235.62 0.35599452178
235.69 0.812213873099
235.76 0.744312136972
235.83 0.649364990046
235.9 0.754299396445
235.97 0.668779483946
236.04 0.647291501579
236.11 0.757812760409
236.18 0.431759979349
236.25 0.400864167706
236.32 0.68835388985
236.39 0.604133721613
236.46 0.453805576653
236.53 0.732275491521
236.6 0.700980146323
236.67 0.634000290942
236.74 0.618249107223
236.81 0.61263731449
236.88 0.5479754829
236.95 0.686230773519
237.02 0.632428613469
237.09 0.573704750641
237.16 0.608149685512
237.23 0.754455789634
237.3 0.574361728824
237.37 0.596525672824
237.44 0.706465749032
237.51 0.507859054125
237.58 0.49547476089
237.65 0.728377550364
237.72 0.661367197187
237.79 0.64130646168
237.86 0.558512871449
237.93 0.453805752594
238.0 0.394044348912
238.07 0.726131673458
238.14 0.667846132142
238.21 0.622900463049
238.28 0.568401341577
238.35 0.444261735388
238.42 0.432316105772
238.49 0.714603408853
238.56 0.664048576363
238.63 0.646096627789
238.7 0.68829907313
238.77 0.563427202866
238.84 0.663707552888
238.91 0.736742365075
238.98 0.459945162363
239.05 0.293289039808
239.12 0.526243927298
239.19 0.751580083881
239.26 0.624195434568
239.33 0.645575872443
239.4 0.738929715145
239.47 0.56035180155
239.54 0.574895345999
239.61 0.611566608801
239.68 0.33823297742
239.75 0.337545497252
239.82 0.710276754505
239.89 0.544793423778
239.96 0.461292769495
240.03 0.765009421984
240.1 0.659170353297
240.17 0.60323430962
240.24 0.721132429675
240.31 0.482185336191
240.38 0.489070887014
240.45 0.519013581444
240.52 0.4684710299
240.59 0.419153583238
240.66 0.706310530178
240.73 0.585535098561
240.8 0.596878688198
240.87 0.619642387741
240.94 0.470048070774
241.01 0.505641094551
241.08 0.52584384358
241.15 0.693194658478
241.22 0.599152553649
241.29 0.567614012232
241.36 0.478877511536
241.43 0.489850831037
241.5 0.413879910957
241.57 0.767065127867
241.64 0.575723235277
241.71 0.440660043574
241.78 0.536890590423
241.85 0.522771095339
241.92 0.602814883589
241.99 0.795449858429
242.06 0.691571320048
242.13 0.666792755222
242.2 0.648315944621
242.27 0.661132007669
242.34 0.680673861738
242.41 0.734192367571
242.48 0.584795264844
242.55 0.612704845025
242.62 0.724279345328
242.69 0.621070913662
242.76 0.618616306774
242.83 0.741730563687
242.9 0.586128752032
242.97 0.657396853612
243.04 0.617993109218
243.11 0.730223971912
243.18 0.673538329805
243.25 0.676631751087
243.32 0.703643917459
243.39 0.65230772225
243.46 0.602686240168
243.53 0.631380722829
243.6 0.552576040716
243.67 0.540174931174
243.74 0.748183988627
243.81 0.577774306656
243.88 0.621712012493
243.95 0.660985750623
244.02 0.618936717252
244.09 0.636382764908
244.16 0.705655573917
244.23 0.681708682492
244.3 0.612062528572
244.37 0.692629091298
244.44 0.610016405876
244.51 0.667418463425
244.58 0.754515753319
244.65 0.606062420603
244.72 0.635149202301
244.79 0.634374804602
244.86 0.655433370015
244.93 0.638220121317
245.0 0.65779704066
245.07 0.648790414978
245.14 0.585705446925
245.21 0.58891064924
245.28 0.602527783166
245.35 0.658416239055
245.42 0.603550951335
245.49 0.739999901389
245.56 0.549099593593
245.63 0.612666808306
245.7 0.643420293644
245.77 0.617143523372
245.84 0.658404416114
245.91 0.694288212728
245.98 0.610722537162
246.05 0.635024685111
246.12 0.721254265864
246.19 0.595295941816
246.26 0.607334617568
246.33 0.728370639802
246.4 0.633096451107
246.47 0.542102797937
246.54 0.748743832147
246.61 0.793786881662
246.68 0.576551064511
246.75 0.62021126149
246.82 0.515487584654
246.89 0.51740012921
246.96 0.700656405538
247.03 0.559951953816
247.1 0.497526434098
247.17 0.660543765075
247.24 0.673181128158
247.31 0.49449590466
247.38 0.485263650304
247.45 0.433730130543
247.52 0.168113502762
247.59 0.315866982206
247.66 0.338939047266
247.73 0.272472176514
247.8 0.286146700643
247.87 0.281118622123
247.94 0.183179902675
248.01 0.0869386262318
248.08 0.387011229865
248.15 0.399484712502
248.22 0.401546472981
248.29 0.350817771916
248.36 0.337323958504
248.43 0.306326169636
248.5 0.310998846411
248.57 0.306938037165
248.64 0.140787155053
248.71 0.073679614151
248.78 0.352108811299
248.85 0.357521898485
248.92 0.674616119205
248.99 0.5250034653
249.06 0.420083973372
249.13 0.453873316641
249.2 0.401850911947
249.27 0.391640178377
249.34 0.387518173861
249.41 0.436912904599
249.48 0.336439050454
249.55 0.395178555254
249.62 0.5894139292
249.69 0.461242637547
249.76 0.418860870863
249.83 0.431586679091
249.9 0.390263426517
249.97 0.385786556456
250.04 0.650035172165
250.11 0.320178342274
250.18 0.2978842049
250.25 0.530358617705
250.32 0.295573915521
250.39 0.257990039583
250.46 0.26525065423
250.53 0.234713601169
250.6 0.218202710805
250.67 0.587943001553
250.74 0.375486023277
250.81 0.319185790591
250.88 0.252060432196
250.95 0.208030287639
251.02 0.143859385246
251.09 0.299957112483
251.16 0.434367266517
251.23 0.348069349533
251.3 0.360145953087
251.37 0.609005144428
251.44 0.35537077406
251.51 0.324116511031
251.58 0.546646080052
251.65 0.436837722038
251.72 0.590860371756
251.79 0.535509694181
251.86 0.409184919028
251.93 0.335346500183
252.0 0.615368380176
252.07 0.400112931351
252.14 0.239712924544
252.21 0.433049660079
252.28 0.404734340941
252.35 0.341206190664
252.42 0.667057783457
252.49 0.43352569575
252.56 0.429617728762
252.63 0.426663007452
252.7 0.424106888328
252.77 0.352041698275
252.84 0.523373068294
252.91 0.470680908766
252.98 0.421988278036
253.05 0.55340267886
253.12 0.562753116538
253.19 0.543982976374
253.26 0.547481061418
253.33 0.558746547318
253.4 0.437743550283
253.47 0.601927182828
253.54 0.462619899077
253.61 0.385807864838
253.68 0.435258268262
253.75 0.595125800113
253.82 0.4047566924
253.89 0.432377067851
253.96 0.406370580298
254.03 0.377315641085
254.1 0.387597336035
254.17 0.646882969912
254.24 0.43544191691
254.31 0.334057929556
254.38 0.27627792052
254.45 0.171506357076
254.52 0.12208292984
254.59 0.532834514822
254.66 0.325111580343
254.73 0.306697676944
254.8 0.511446565952
254.87 0.515339731574
254.94 0.405444620798
255.01 0.453995229629
255.08 0.521567301631
255.15 0.446832703355
255.22 0.650640353945
255.29 0.503417820448
255.36 0.415228744089
255.43 0.485629847272
255.5 0.515113084957
255.57 0.387840121726
255.64 0.343306402578
255.71 0.460777996135
255.78 0.458717340173
255.85 0.506791230514
255.92 0.619483152969
255.99 0.471528541112
256.06 0.422810928189
256.13 0.367868990338
256.2 0.375838179893
256.27 0.353119662218
256.34 0.627362938083
256.41 0.384263951097
256.48 0.357682202865
256.55 0.621238916149
256.62 0.470303589829
256.69 0.422118562174
256.76 0.444806509442
256.83 0.390578335355
256.9 0.33488801949
256.97 0.540093485959
257.04 0.349966366618
257.11 0.279892154398
257.18 0.478027970373
257.25 0.39651517307
257.32 0.269473397402
257.39 0.34572267672
257.46 0.50167130114
257.53 0.334933165053
257.6 0.489913035872
257.67 0.568437462496
257.74 0.318724053598
257.81 0.302190156884
257.88 0.265952131463
257.95 0.131975139408
258.02 0.147830068135
258.09 0.598898301088
258.16 0.323316254228
258.23 0.32633222387
258.3 0.703668174943
258.37 0.42298333478
258.44 0.35079060722
258.51 0.576402243757
258.58 0.477671383122
258.65 0.517388510138
258.72 0.655045392697
258.79 0.440795054374
258.86 0.411708670637
258.93 0.591796312402
259.0 0.383484470664
259.07 0.292850007551
259.14 0.312720140561
259.21 0.434871293527
259.28 0.361211901394
259.35 0.611523133279
259.42 0.556637738044
259.49 0.488756940265
259.56 0.350995000122
259.63 0.499812700581
259.7 0.376498604281
259.77 0.347360383646
259.84 0.624427042435
259.91 0.476376984109
259.98 0.41966072412
260.05 0.705839299365
260.12 0.483665380641
260.19 0.472624178724
260.26 0.529274252869
260.33 0.467422753866
260.4 0.458324597095
260.47 0.684933147529
260.54 0.541263203012
260.61 0.486653523715
260.68 0.622163758564
260.75 0.487284568787
260.82 0.457484171339
260.89 0.460662612505
260.96 0.446096995868
261.03 0.394909108951
261.1 0.635694631246
261.17 0.443624846569
261.24 0.32007089832
261.31 0.33367492047
261.38 0.300033965086
261.45 0.255804092849
261.52 0.514431130167
261.59 0.529429784507
261.66 0.35341335623
261.73 0.422942638005
261.8 0.624036694106
261.87 0.481031191292
261.94 0.486826761137
262.01 0.526898179795
262.08 0.532894154553
262.15 0.630686970233
262.22 0.567380644957
262.29 0.515597434528
262.36 0.48280093897
262.43 0.666802669345
262.5 0.551107739614
262.57 0.51109936919
262.64 0.578460482628
262.71 0.45218191008
262.78 0.432717509045
262.85 0.642954100881
262.92 0.4935891241
262.99 0.40633331716
263.06 0.43467308229
263.13 0.467159218336
263.2 0.405671087285
263.27 0.614731011011
263.34 0.662560056037
263.41 0.644962541534
263.48 0.604005967671
263.55 0.590975659038
263.62 0.582295878239
263.69 0.582930775855
263.76 0.576077903935
263.83 0.624983618483
263.9 0.630342817526
263.97 0.671552665104
264.04 0.546445274386
264.11 0.519132021697
264.18 0.658953700395
264.25 0.486041596142
264.32 0.554477003902
264.39 0.531670612192
264.46 0.474203125623
264.53 0.424144298082
264.6 0.669125021837
264.67 0.40704793689
264.74 0.38330484352
264.81 0.34464057398
264.88 0.298004426901
264.95 0.307855224761
265.02 0.722099449002
265.09 0.502360588191
265.16 0.470484998723
265.23 0.669141179065
265.3 0.547601733046
265.37 0.507417832384
265.44 0.61894230407
265.51 0.637006946894
265.58 0.515571372953
265.65 0.734417619229
265.72 0.564348092199
265.79 0.604685372716
265.86 0.615520807716
265.93 0.579273053888
266.0 0.525246399005
266.07 0.65661115102
266.14 0.593815932275
266.21 0.595194372328
266.28 0.574796183827
266.35 0.658981917943
266.42 0.461446702306
266.49 0.411607547983
266.56 0.502868983
266.63 0.490554633202
266.7 0.488888705935
266.77 0.723602272196
266.84 0.562699141821
266.91 0.51430025956
266.98 0.701084865988
267.05 0.636493124452
267.12 0.554912462885
267.19 0.575030782687
267.26 0.603359033471
267.33 0.50083168527
267.4 0.711154141785
267.47 0.526164626885
267.54 0.614226384965
267.61 0.701605115854
267.68 0.679754021068
267.75 0.632566507743
267.82 0.606273313539
267.89 0.649643305998
267.96 0.572235495828
268.03 0.590795223403
268.1 0.691097054955
268.17 0.583313508463
268.24 0.586954178139
268.31 0.54568645303
268.38 0.502324799605
268.45 0.443856221244
268.52 0.662034860281
268.59 0.500721110687
268.66 0.530987029252
268.73 0.721033774381
268.8 0.575205729249
268.87 0.502253128877
268.94 0.649612358575
269.01 0.58487829213
269.08 0.596559372462
269.15 0.733613511278
269.22 0.634042141106
269.29 0.549151303422
269.36 0.709275396009
269.43 0.617414787729
269.5 0.614702038035
269.57 0.67313814555
269.64 0.625092271681
269.71 0.601361132509
269.78 0.694015286708
269.85 0.587329582674
269.92 0.477536553848
269.99 0.509174352389
270.06 0.540507170178
270.13 0.52070365309
270.2 0.628522450572
270.27 0.602881541401
270.34 0.568196485085
270.41 0.609671399996
270.48 0.645729886242
270.55 0.577210564512
270.62 0.580639905589
270.69 0.667153035833
270.76 0.532582573229
270.83 0.682832681477
270.9 0.588117910414
270.97 0.601410328898
271.04 0.506003332852
271.11 0.725833262558
271.18 0.555035115941
271.25 0.638228115451
271.32 0.489833245338
271.39 0.536541628668
271.46 0.463655391478
271.53 0.730507092722
271.6 0.44896192874
271.67 0.425456235319
271.74 0.408910396974
271.81 0.333236018075
271.88 0.335211890136
271.95 0.66073865159
272.02 0.556091105441
272.09 0.484079314807
272.16 0.672120310061
272.23 0.60808277077
272.3 0.494588994081
272.37 0.577191824028
272.44 0.615230578062
272.51 0.529278552247
272.58 0.682091470954
272.65 0.591606741812
272.72 0.459575667204
272.79 0.638385652255
272.86 0.700850628784
272.93 0.660789100511
273.0 0.479554749438
273.07 0.606642185924
273.14 0.594929225404
273.21 0.542884864419
273.28 0.708052451288
273.35 0.48314522852
273.42 0.523203295229
273.49 0.578017109103
273.56 0.534909644006
273.63 0.468779687255
273.7 0.711946271801
273.77 0.636768086358
273.84 0.636768508057
273.91 0.686829251397
273.98 0.597628727875
274.05 0.543240095809
274.12 0.550068299717
274.19 0.585408956013
274.26 0.597550700938
274.33 0.72638720508
274.4 0.654489146188
274.47 0.605833618014
274.54 0.659865773141
274.61 0.630903976413
274.68 0.628578050647
274.75 0.703599077698
274.82 0.603833478694
274.89 0.581695490146
274.96 0.677202555995
275.03 0.62169112581
275.1 0.565863930821
275.17 0.51004248323
275.24 0.697104400233
275.31 0.446061425114
275.38 0.559860872353
275.45 0.697530662821
275.52 0.559901087386
275.59 0.587726731253
275.66 0.772608451714
275.73 0.551030590984
275.8 0.551520706106
275.87 0.740737662915
275.94 0.552318515099
276.01 0.618787931407
276.08 0.663964367761
276.15 0.592718060494
276.22 0.653589368351
276.29 0.725609430994
276.36 0.607665904257
276.43 0.634315955208
276.5 0.723181691378
276.57 0.616323316841
276.64 0.478489761825
276.71 0.703281497632
276.78 0.518804845877
276.85 0.429544872529
276.92 0.682471267026
276.99 0.579695577036
277.06 0.521206759902
277.13 0.525071435687
277.2 0.694925241183
277.27 0.547417345726
277.34 0.545148685887
277.41 0.70406502191
277.48 0.528808127131
277.55 0.557611024213
277.62 0.703035634374
277.69 0.506427467393
277.76 0.536205350009
277.83 0.728420202037
277.9 0.58393983944
277.97 0.538470348604
278.04 0.604123149807
278.11 0.600197747927
278.18 0.527587822918
278.25 0.664344983494
278.32 0.587326242592
278.39 0.602484518494
278.46 0.664524599468
278.53 0.586821328896
278.6 0.468618311871
278.67 0.53617322127
278.74 0.658107510485
278.81 0.514476334377
278.88 0.50878876982
278.95 0.694270263977
279.02 0.547439498903
279.09 0.592105905316
279.16 0.640762222431
279.23 0.571497783175
279.3 0.508949402344
279.37 0.653814978872
279.44 0.483086631867
279.51 0.468479940043
279.58 0.677371400485
279.65 0.594021259339
279.72 0.557101684071
279.79 0.643023202316
279.86 0.621355032866
279.93 0.537103461994
280.0 0.690784674916
280.07 0.594841250831
280.14 0.592688308352
280.21 0.671670025974
280.28 0.506923988993
280.35 0.46522131876
280.42 0.610777612207
280.49 0.546985736495
280.56 0.542669140094
280.63 0.623386541307
280.7 0.653881936901
280.77 0.481544425868
280.84 0.657562365001
280.91 0.549098903794
280.98 0.495866423189
281.05 0.51704282144
281.12 0.667069585452
281.19 0.494387311505
281.26 0.427338237395
281.33 0.720918820828
281.4 0.598639211553
281.47 0.582930167044
281.54 0.656291131521
281.61 0.573317842931
281.68 0.546713127447
281.75 0.763210216794
281.82 0.58254689684
281.89 0.546215466421
281.96 0.698986359023
282.03 0.532799707874
282.1 0.507130360531
282.17 0.598617985556
282.24 0.397853167692
282.31 0.391009164024
282.38 0.629591325639
282.45 0.556736854135
282.52 0.445402001912
282.59 0.640065887974
282.66 0.432197315034
282.73 0.414969062499
282.8 0.614055902551
282.87 0.560780969953
282.94 0.523989775591
283.01 0.671314504142
283.08 0.585822814776
283.15 0.490983357563
283.22 0.50861707537
283.29 0.697868374141
283.36 0.64263536603
283.43 0.549522113948
283.5 0.5489761502
283.57 0.599708896506
283.64 0.398003844202
283.71 0.673923885843
283.78 0.455962987469
283.85 0.416484592526
283.92 0.697659648348
283.99 0.561734447426
284.06 0.518460036883
284.13 0.641492482736
284.2 0.56135193265
284.27 0.494248219158
284.34 0.673051709761
284.41 0.538455293101
284.48 0.501553578614
284.55 0.669721861791
284.62 0.520900495899
284.69 0.492501153875
284.76 0.668390438416
284.83 0.586943493228
284.9 0.636017696195
284.97 0.588399648832
285.04 0.59976671539
285.11 0.516416091105
285.18 0.656262355432
285.25 0.625431148958
285.32 0.542592246997
285.39 0.580039890324
285.46 0.698949020483
285.53 0.484226052199
285.6 0.457077767717
285.67 0.631817205341
285.74 0.50495588346
285.81 0.473065016468
285.88 0.630707143378
285.95 0.515190698574
286.02 0.425426113142
286.09 0.659803254126
286.16 0.55979181281
286.23 0.501072467191
286.3 0.679725480962
286.37 0.486748418624
286.44 0.457360168007
286.51 0.635590562282
286.58 0.610125352309
286.65 0.545375497274
286.72 0.655886390958
286.79 0.625684334703
286.86 0.531466356133
286.93 0.619608362751
287.0 0.567497545029
287.07 0.58593870668
287.14 0.635449688186
287.21 0.663855449256
287.28 0.509217159057
287.35 0.495452866039
287.42 0.668761359254
287.49 0.498428334396
287.56 0.490111625522
287.63 0.646072350756
287.7 0.57334273436
287.77 0.534301814737
287.84 0.659005202168
287.91 0.549837444486
287.98 0.513495600049
288.05 0.654561763645
288.12 0.51908423004
288.19 0.495203778597
288.26 0.69072021776
288.33 0.583860632582
288.4 0.586629163878
288.47 0.62648605349
288.54 0.580665150296
288.61 0.528023288883
288.68 0.694715880049
288.75 0.47136682362
288.82 0.549140318295
288.89 0.662493556012
288.96 0.521762929611
289.03 0.469144725248
289.1 0.492581793393
289.17 0.573540047741
289.24 0.429130266715
289.31 0.499328542311
289.38 0.684640819152
289.45 0.465289702468
289.52 0.473081855117
289.59 0.662106493307
289.66 0.414058824564
289.73 0.429462276717
289.8 0.739240423746
289.87 0.706078373543
289.94 0.568256863488
290.01 0.700184965271
290.08 0.617495463552
290.15 0.547987716369
290.22 0.668266609629
290.29 0.603637783689
290.36 0.591466801877
290.43 0.578249722346
290.5 0.462909085654
290.57 0.473151924225
290.64 0.829129065571
290.71 0.818300398704
290.78 0.771125395326
290.85 0.832129532876
290.92 0.773240524504
290.99 0.699555816449
291.06 0.778324994832
291.13 0.585249179455
291.2 0.495749773065
291.27 0.791574141663
291.34 0.856317350047
291.41 0.77792017747
291.48 0.80828520654
291.55 0.77817244581
291.62 0.72497350147
291.69 0.699396220021
291.76 0.770792273826
291.83 0.514902499219
291.9 0.561585591763
291.97 0.806122277328
292.04 0.707563317804
292.11 0.443470078738
292.18 0.906289065963
292.25 0.725750884577
292.32 0.796206611783
292.39 0.88745650732
292.46 0.722178122452
292.53 0.639039815386
292.6 0.682213945277
292.67 0.693109619044
292.74 0.682194161715
292.81 0.803384021808
292.88 0.714498698962
292.95 0.716888724417
293.02 0.831863166934
293.09 0.688747188678
293.16 0.644436792821
293.23 0.739806809191
293.3 0.855664220219
293.37 0.658683113271
293.44 0.68358597187
293.51 0.648601684993
293.58 0.603295197693
293.65 0.598122413478
293.72 0.855937362674
293.79 0.75349675746
293.86 0.786271319069
293.93 0.642588588127
294.0 0.589928042084
294.07 0.452673273543
294.14 0.835948649777
294.21 0.804415791526
294.28 0.760997196128
294.35 0.850827637864
294.42 0.7384439762
294.49 0.696996520616
294.56 0.892756667065
294.63 0.550651599213
294.7 0.374119119911
294.77 0.877233467671
294.84 0.773813236835
294.91 0.728065230369
294.98 0.799014530072
295.05 0.710302680634
295.12 0.702984012515
295.19 0.817397174662
295.26 0.695371587549
295.33 0.649950487406
295.4 0.746436722269
295.47 0.718122698949
295.54 0.634140933243
295.61 0.717246141103
295.68 0.874222452298
295.75 0.719401943319
295.82 0.725911652548
295.89 0.760092459833
295.96 0.690967263731
296.03 0.576020314054
296.1 0.848901709243
296.17 0.649158508197
296.24 0.658498991258
296.31 0.841713371342
296.38 0.780735014699
296.45 0.690251505972
296.52 0.837536093498
296.59 0.611558253011
296.66 0.559157127439
296.73 0.87746291398
296.8 0.772667699069
296.87 0.697068372871
296.94 0.646132322819
297.01 0.607400570221
297.08 0.538325525615
297.15 0.663059947042
297.22 0.824735729672
297.29 0.73369444822
297.36 0.649057759766
297.43 0.697464052484
297.5 0.568899878118
297.57 0.63876234004
297.64 0.890223707889
297.71 0.748012641869
297.78 0.754981048226
297.85 0.842936244848
297.92 0.734535958944
297.99 0.730708010096
298.06 0.816737829657
298.13 0.426853904581
298.2 0.458960917597
298.27 0.87702096753
298.34 0.781563470898
298.41 0.75581711875
298.48 0.855403960538
298.55 0.789789478117
298.62 0.768588164699
298.69 0.861382018661
298.76 0.599222032099
298.83 0.520682396374
298.9 0.706389737035
298.97 0.677740737856
299.04 0.503426804598
299.11 0.728469480811
299.18 0.783576279349
299.25 0.660854789253
299.32 0.764133139221
299.39 0.861588715549
299.46 0.687703153375
299.53 0.601278934658
299.6 0.692546150586
299.67 0.686919918143
299.74 0.635270688004
299.81 0.836654334229
299.88 0.822156852749
299.95 0.719309299334
300.02 0.868972127077
300.09 0.64138280601
300.16 0.565497682188
300.23 0.874123713222
300.3 0.753074915733
300.37 0.669507741878
300.44 0.695501505841
300.51 0.582658013209
300.58 0.481377272365
300.65 0.683771505598
300.72 0.884105464073
300.79 0.751492831224
300.86 0.65128458899
300.93 0.633111179862
301.0 0.643159168223
301.07 0.750767515413
301.14 1.0
301.21 0.826198216351
301.28 0.838149688318
301.35 0.840025056311
301.42 0.764664615783
301.49 0.781605893568
301.56 0.800903801575
301.63 0.810229152334
301.7 0.753747637822
301.77 0.870436363389
301.84 0.699061840405
301.91 0.737744865789
301.98 0.856281392502
302.05 0.790836930302
302.12 0.821343665696
302.19 0.757895081139
302.26 0.838072471267
302.33 0.822071799352
302.4 0.766935863068
302.47 0.774553476891
302.54 0.743333156466
302.61 0.664527723114
302.68 0.685972464547
302.75 0.657286224571
302.82 0.690986525056
302.89 0.907377477437
302.96 0.789559790239
303.03 0.793189005613
303.1 0.749249230377
303.17 0.730714713997
303.24 0.753875852562
303.31 0.774027430755
303.38 0.774288422126
303.45 0.744001562421
303.52 0.752466100637
303.59 0.830899645477
303.66 0.780514761994
303.73 0.670703030385
303.8 0.856391611014
303.87 0.70498321907
303.94 0.707341142317
304.01 0.720224526446
304.08 0.859663802078
304.15 0.877466846116
304.22 0.722651000964
304.29 0.661989326531
304.36 0.637595770372
304.43 0.721946034239
304.5 0.640092618403
304.57 0.586725453746
304.64 0.533061732548
304.71 0.594706607272
304.78 0.850449139006
304.85 0.488579216352
304.92 0.532067164528
304.99 0.52144731701
305.06 0.456928265541
305.13 0.435231656523
305.2 0.842616409669
305.27 0.794530766205
305.34 0.630300541473
305.41 0.599129492841
305.48 0.663860364426
305.55 0.653878187687
305.62 0.647128035851
305.69 0.642640441781
305.76 0.613868735087
305.83 0.606286324778
305.9 0.615121863424
305.97 0.541840788622
306.04 0.599247561663
306.11 0.519798425278
306.18 0.531884849399
306.25 0.501914116154
306.32 0.487091592486
306.39 0.512191020209
306.46 0.498249332818
306.53 0.480646929675
306.6 0.467847057367
306.67 0.435860059691
306.74 0.421912116629
306.81 0.390124434708
306.88 0.352204901488
306.95 0.346246417474
307.02 0.343307433088
307.09 0.317089961836
307.16 0.295998608605
307.23 0.291431050853
307.3 0.283687118541
307.37 0.279068832598
307.44 0.259384765328
307.51 0.245054000292
307.58 0.24053523259
307.65 0.207975783703
307.72 0.179116195992
307.79 0.16296954351
307.86 0.150270712867
307.93 0.147149539024
308.0 0.13199660837
308.07 0.109754204563
308.14 0.11408869386
308.21 0.113440219481
308.28 0.113695255397
308.35 0.114335845954
308.42 0.111694828428
308.49 0.105046757145
308.56 0.0977499238348
308.63 0.0867505595157
308.7 0.0742941054315
308.77 0.0638605526548
308.84 0.0602828306752
308.91 0.0607697132347
308.98 0.0603282108258
309.05 0.059526469697
309.12 0.0561777220581
309.19 0.0523966069667
309.26 0.0508006580458
309.33 0.0499108767159
309.4 0.0467303340354
309.47 0.0458999718122
309.54 0.0430099394539
309.61 0.0415608270664
309.68 0.0413373376093
309.75 0.0381517121956
309.82 0.0400470243311
309.89 0.0382319705087
309.96 0.0384558481526
310.03 0.0376813387447
310.1 0.0381465386992
310.17 0.0395152712906
310.24 0.0394906605286
310.31 0.0389034470487
310.38 0.0359971890418
310.45 0.0326289301305
310.52 0.0274060656331
310.59 0.0291800135484
310.66 0.0245187575639
310.73 0.0227291788475
310.8 0.0215713084723
310.87 0.0201639247664
310.94 0.018086044762
311.01 0.017418427748
311.08 0.0151049784167
311.15 0.0139849827825
311.22 0.0131507554478
311.29 0.0118373548312
311.36 0.0108338780643
311.43 0.010393383824
311.5 0.0103016335068
311.57 0.00918465958547
311.64 0.00773095737821
311.71 0.00700906682675
311.78 0.00591830668328
311.85 0.00443772044758
311.92 0.0
311.99 0.0
312.06 0.0
312.13 0.0
312.2 0.0
312.27 0.0
312.34 0.0
312.41 0.0
312.48 0.0
312.55 0.0
312.62 0.0
312.69 0.0
312.76 0.0
312.83 0.0
312.9 0.0
312.97 0.0
313.04 0.0
313.11 0.0
313.18 0.0
313.25 0.0
313.32 0.0
313.39 0.0
313.46 0.0
313.53 0.0
313.6 0.0
313.67 0.0
313.74 0.0
313.81 0.0
313.88 0.0
313.95 0.0
314.02 0.0
314.09 0.0
314.16 0.0
314.23 0.0
314.3 0.0
314.37 0.0
314.44 0.0
314.51 0.0
314.58 0.0
314.65 0.0
314.72 0.0
314.79 0.0
314.86 0.0
314.93 0.0
315.0 0.0
315.07 0.0
315.14 0.0
315.21 0.0
315.28 0.0
315.35 0.0
315.42 0.0
315.49 0.0
315.56 0.0
315.63 0.0
315.7 0.0
315.77 0.0
315.84 0.0
315.91 0.0
315.98 0.0
316.05 0.0
316.12 0.0
316.19 0.0
316.26 0.0
316.33 0.0
316.4 0.0
316.47 0.0
316.54 0.0
316.61 0.0
316.68 0.0
316.75 0.0
316.82 0.0
316.89 0.0
316.96 0.0
317.03 0.0
317.1 0.0
317.17 0.0
317.24 0.0
317.31 0.0
317.38 0.0
317.45 0.0
317.52 0.0
317.59 0.0
317.66 0.0
317.73 0.0
317.8 0.0
317.87 0.0
317.94 0.0
318.01 0.0
318.08 0.0
318.15 0.0
318.22 0.0
318.29 0.0
318.36 0.0
318.43 0.0
318.5 0.0
318.57 0.0
318.64 0.0
318.71 0.0
318.78 0.0
318.85 0.0
318.92 0.0
318.99 0.0
319.06 0.0
319.13 0.0
319.2 0.0
319.27 0.0
319.34 0.0
319.41 0.0
319.48 0.0
319.55 0.0
319.62 0.0
319.69 0.0
319.76 0.0
319.83 0.0
319.9 0.0
319.97 0.0
320.04 0.0
320.11 0.0
320.18 0.0
320.25 0.0
320.32 0.0
320.39 0.0
320.46 0.0
320.53 0.0
320.6 0.0
320.67 0.0
320.74 0.0
320.81 0.0
320.88 0.0
