0.0 0.0
0.07 0.0
0.14 0.0
0.21 0.0
0.28 0.0
0.35 0.0
0.42 0.0
0.49 0.0
0.56 0.0
0.63 0.0
0.7 0.0
0.77 0.0
0.84 0.0
0.91 0.0
0.98 0.0
1.05 0.0
1.12 0.0
1.19 0.0
1.26 0.0
1.33 0.0
1.4 0.0
1.47 0.0
1.54 0.0
1.61 0.0
1.68 0.0
1.75 0.0
1.82 0.0
1.89 0.0
1.96 0.0
2.03 0.0
2.1 0.0
2.17 0.0
2.24 0.0
2.31 0.0
2.38 0.0
2.45 0.0
2.52 0.0
2.59 0.0
2.66 0.0
2.73 0.0
2.8 0.0
2.87 0.0
2.94 0.0
3.01 0.0
3.08 0.0
3.15 0.0
3.22 0.0
3.29 0.0
3.36 0.0
3.43 0.0
3.5 0.0
3.57 0.0
3.64 0.0
3.71 0.0
3.78 0.0
3.85 0.0
3.92 0.0
3.99 0.232009478319
4.06 0.252645556353
4.13 0.245313123152
4.2 0.247271494246
4.27 0.249757362973
4.34 0.249066606861
4.41 0.246361350816
4.48 0.247129783785
4.55 0.254199327118
4.62 0.251071798805
4.69 0.253199748949
4.76 0.244831058004
4.83 0.24722859404
4.9 0.246946697889
4.97 0.249295568223
5.04 0.25659282231
5.11 0.249241623223
5.18 0.248830307963
5.25 0.24676225334
5.32 0.246121996975
5.39 0.249833583937
5.46 0.253326693852
5.53 0.243585028856
5.6 0.25051094665
5.67 0.255060918292
5.74 0.256796377135
5.81 0.241247771897
5.88 0.253966253333
5.95 0.251888424783
6.02 0.248340986312
6.09 0.248963750359
6.16 0.24609364759
6.23 0.252990871609
6.3 0.251985290247
6.37 0.246384961123
6.44 0.245852606913
6.51 0.248755252523
6.58 0.247756585975
6.65 0.246245433151
6.72 0.250098452359
6.79 0.253383399375
6.86 0.248939810518
6.93 0.247356446512
7.0 0.249896795057
7.07 0.245818986333
7.14 0.249911856385
7.21 0.248603283289
7.28 0.247315376301
7.35 0.253051068302
7.42 0.247007418596
7.49 0.245107514142
7.56 0.251162910928
7.63 0.251020714269
7.7 0.244769216341
7.77 0.249858459709
7.84 0.225340842911
7.91 0.125411306482
7.98 0.122787666847
8.05 0.172663075952
8.12 0.262764256961
8.19 0.280818873022
8.26 0.179754812866
8.33 0.133188007001
8.4 0.161654821042
8.47 0.343831933619
8.54 0.232954663106
8.61 0.200540949107
8.68 0.195115770051
8.75 0.259688068438
8.82 0.198456030173
8.89 0.109800534099
8.96 0.125972170793
9.03 0.253339434936
9.1 0.241843828827
9.17 0.157423398114
9.24 0.207952685226
9.31 0.19413432571
9.38 0.130909786614
9.45 0.250326172567
9.52 0.24194595063
9.59 0.301797823168
9.66 0.178939745422
9.73 0.203034741509
9.8 0.205511712816
9.87 0.222556152946
9.94 0.156403391532
10.01 0.292169309913
10.08 0.326121397061
10.15 0.291303357815
10.22 0.262726887256
10.29 0.268177339146
10.36 0.382141352727
10.43 0.302332188346
10.5 0.199807307645
10.57 0.121499878707
10.64 0.251656539481
10.71 0.388862442128
10.78 0.257748505097
10.85 0.227030608611
10.92 0.286158267874
10.99 0.297976643164
11.06 0.115314063405
11.13 0.108733710718
11.2 0.376726065095
11.27 0.326352361289
11.34 0.29013399126
11.41 0.234688951022
11.48 0.21233507258
11.55 0.152521515132
11.62 0.155062390391
11.69 0.2302958295
11.76 0.308862753024
11.83 0.18436020836
11.9 0.188593639555
11.97 0.187386611576
12.04 0.224098442689
12.11 0.133310967783
12.18 0.238910735078
12.25 0.27688316912
12.32 0.373575755713
12.39 0.319977960652
12.46 0.235575871752
12.53 0.335450065363
12.6 0.373643192702
12.67 0.260471988158
12.74 0.220573243718
12.81 0.205816673652
12.88 0.444676598356
12.95 0.30581190081
13.02 0.255201460527
13.09 0.233559876762
13.16 0.380055275021
13.23 0.269302414429
13.3 0.125846614255
13.37 0.109367113044
13.44 0.37404897071
13.51 0.336914217713
13.58 0.261751159791
13.65 0.252327886846
13.72 0.232738253751
13.79 0.132089780643
13.86 0.235433877676
13.93 0.255239907971
14.0 0.353238677189
14.07 0.247032365946
14.14 0.211221332459
14.21 0.244639629764
14.28 0.235360106609
14.35 0.192290574404
14.42 0.330160193811
14.49 0.351718806567
14.56 0.306826832027
14.63 0.228785476201
14.7 0.333185165445
14.77 0.34593930679
14.84 0.256870750547
14.91 0.151580837128
14.98 0.217178347115
15.05 0.249727988521
15.12 0.451226856747
15.19 0.315091325374
15.26 0.226632688101
15.33 0.350712814638
15.4 0.281578420725
15.47 0.187350447911
15.54 0.125479733424
15.61 0.165889296212
15.68 0.346535689203
15.75 0.372917793644
15.82 0.368377202918
15.89 0.402466338431
15.96 0.350352161191
16.03 0.227317127693
16.1 0.231814337418
16.17 0.355399989957
16.24 0.424506646284
16.31 0.289280079311
16.38 0.218978151539
16.45 0.363307303472
16.52 0.477504844624
16.59 0.29664807113
16.66 0.451640697535
16.73 0.403531238629
16.8 0.457417755518
16.87 0.284892124992
16.94 0.273775576268
17.01 0.413487946224
17.08 0.394838960069
17.15 0.251440467763
17.22 0.18701861249
17.29 0.228256237709
17.36 0.328739616941
17.43 0.296801357151
17.5 0.177899007905
17.57 0.297177767459
17.64 0.351296871936
17.71 0.273489574446
17.78 0.164456209201
17.85 0.307508344978
17.92 0.357872118194
17.99 0.294935689127
18.06 0.264476676779
18.13 0.267691304733
18.2 0.193093093892
18.27 0.136922622183
18.34 0.298320653789
18.41 0.32240214303
18.48 0.286059163199
18.55 0.177224949987
18.62 0.21416934708
18.69 0.235411168186
18.76 0.218233253247
18.83 0.213398365624
18.9 0.319312189706
18.97 0.327858964112
19.04 0.346596663813
19.11 0.261913570124
19.18 0.271970248096
19.25 0.402542042134
19.32 0.306098275383
19.39 0.271086830692
19.46 0.183383112788
19.53 0.384692910833
19.6 0.442141542614
19.67 0.298448784474
19.74 0.267181599238
19.81 0.398225711508
19.88 0.282107052821
19.95 0.184663979361
20.02 0.134985150843
20.09 0.341774865717
20.16 0.405774964631
20.23 0.284493043009
20.3 0.234662007559
20.37 0.262494756154
20.44 0.142113598394
20.51 0.20298576383
20.58 0.295968863567
20.65 0.325189912249
20.72 0.286272065177
20.79 0.184371280165
20.86 0.23442066706
20.93 0.310009650487
21.0 0.159023699362
21.07 0.294728282536
21.14 0.25041450931
21.21 0.442430421106
21.28 0.346137127182
21.35 0.275489537063
21.42 0.278954317851
21.49 0.330261884789
21.56 0.232818907218
21.63 0.142014966412
21.7 0.107269943274
21.77 0.407826327812
21.84 0.310806517925
21.91 0.30505744738
21.98 0.229649742814
22.05 0.381154822217
22.12 0.335877253632
22.19 0.206732956679
22.26 0.149184043895
22.33 0.401323772181
22.4 0.287688133912
22.47 0.243798938344
22.54 0.241928365124
22.61 0.28266692988
22.68 0.169685869203
22.75 0.291478486273
22.82 0.278493862846
22.89 0.372248081794
22.96 0.222688154306
23.03 0.215370674389
23.1 0.255585236733
23.17 0.26936078653
23.24 0.208769273388
23.31 0.337407959712
23.38 0.28242261412
23.45 0.399524929348
23.52 0.29794163557
23.59 0.30584468675
23.66 0.478108692874
23.73 0.307661000292
23.8 0.192426355952
23.87 0.206580347284
23.94 0.342966105772
24.01 0.376790489009
24.08 0.265396476638
24.15 0.220076627749
24.22 0.433127434855
24.29 0.291740648194
24.36 0.236582738837
24.43 0.148474806863
24.5 0.290533520275
24.57 0.319023390897
24.64 0.292840387168
24.71 0.422649077506
24.78 0.406463127688
24.85 0.292864856424
24.92 0.239863039962
24.99 0.18640508215
25.06 0.50067162963
25.13 0.37177300439
25.2 0.348363150181
25.27 0.228291807132
25.34 0.311055425553
25.41 0.215905794525
25.48 0.255405763557
25.55 0.396526143519
25.62 0.509886851771
25.69 0.346953776119
25.76 0.504667087246
25.83 0.492813743527
25.9 0.668660039052
25.97 0.475096489336
26.04 0.313070978914
26.11 0.406983137876
26.18 0.498493717257
26.25 0.510690246415
26.32 0.404293166001
26.39 0.359602407133
26.46 0.6794054176
26.53 0.495738365279
26.6 0.429112062036
26.67 0.499425851684
26.74 0.655382740739
26.81 0.671210330343
26.88 0.615714323067
26.95 0.584420057962
27.02 0.654618965816
27.09 0.75694360459
27.16 0.495560397966
27.23 0.317820230892
27.3 0.403268030032
27.37 0.545627510824
27.44 0.4029640605
27.51 0.253236081432
27.58 0.605461569614
27.65 0.473391725783
27.72 0.23377597549
27.79 0.196025812189
27.86 0.353504996101
27.93 0.595687849325
28.0 0.443789283265
28.07 0.220324430628
28.14 0.575318146926
28.21 0.651249094895
28.28 0.567906621493
28.35 0.340277565479
28.42 0.512098333403
28.49 0.30447689881
28.56 0.19891172314
28.63 0.351831707105
28.7 0.649188468295
28.77 0.366599032947
28.84 0.219907298551
28.91 0.116993332634
28.98 0.392791000273
29.05 0.475095138786
29.12 0.437777484919
29.19 0.266525854772
29.26 0.619368495466
29.33 0.502935323507
29.4 0.361752217271
29.47 0.196502754702
29.54 0.495480545375
29.61 0.427036363303
29.68 0.351059651963
29.75 0.20532014682
29.82 0.645368345772
29.89 0.5529468572
29.96 0.391687789036
30.03 0.376680574536
30.1 0.518742567082
30.17 0.364069502304
30.24 0.324803976515
30.31 0.307798530802
30.38 0.628550535956
30.45 0.64976971645
30.52 0.355486400817
30.59 0.276211994625
30.66 0.507600395733
30.73 0.467033992278
30.8 0.356084556501
30.87 0.403435922246
30.94 0.701305855791
31.01 0.483112619327
31.08 0.443293641043
31.15 0.448105843485
31.22 0.606689139451
31.29 0.634910763926
31.36 0.637349478217
31.43 0.655213703259
31.5 0.682361432876
31.57 0.542660364318
31.64 0.236416309268
31.71 0.140629249926
31.78 0.488723575925
31.85 0.443846246743
31.92 0.259827138574
31.99 0.414195091255
32.06 0.524664582247
32.13 0.289473423981
32.2 0.154932170406
32.27 0.236814824021
32.34 0.533438813502
32.41 0.67780855215
32.48 0.298885215904
32.55 0.572029435929
32.62 0.630465208669
32.69 0.626296886116
32.76 0.436741119131
32.83 0.569334603426
32.9 0.51210331558
32.97 0.224536084212
33.04 0.378930519818
33.11 0.67134544742
33.18 0.541135196841
33.25 0.268871940273
33.32 0.153500030131
33.39 0.275216431639
33.46 0.48360651799
33.53 0.426609319543
33.6 0.318179911943
33.67 0.527487797988
33.74 0.564001233376
33.81 0.36247773923
33.88 0.212031348848
33.95 0.361076789896
34.02 0.496436372492
34.09 0.332935266514
34.16 0.243601230048
34.23 0.627672694971
34.3 0.62113907535
34.37 0.427279741781
34.44 0.493239991814
34.51 0.55375058678
34.58 0.420035053783
34.65 0.294214182353
34.72 0.221493414977
34.79 0.639803866985
34.86 0.546102663859
34.93 0.304125071204
35.0 0.222889591469
35.07 0.4156400604
35.14 0.490557813959
35.21 0.341995748092
35.28 0.342374012704
35.35 0.640149838608
35.42 0.478344515028
35.49 0.434049494183
35.56 0.470308249694
35.63 0.548367948683
35.7 0.597258264262
35.77 0.560279294452
35.84 0.430526287272
35.91 0.712373298534
35.98 0.662360125274
36.05 0.276956332439
36.12 0.173037409114
36.19 0.530434437749
36.26 0.472119382528
36.33 0.34993919691
36.4 0.220185148455
36.47 0.67140165324
36.54 0.39220029422
36.61 0.206845072548
36.68 0.126370951603
36.75 0.423051626349
36.82 0.685695662794
36.89 0.471326314185
36.96 0.239675229844
37.03 0.595804376088
37.1 0.64656480435
37.17 0.430414062008
37.24 0.401704400255
37.31 0.56270421423
37.38 0.242493356714
37.45 0.202371621692
37.52 0.407142348757
37.59 0.670185718387
37.66 0.336644164531
37.73 0.20570449971
37.8 0.136098483098
37.87 0.38799612268
37.94 0.488935959291
38.01 0.418844475497
38.08 0.510623822338
38.15 0.60285634337
38.22 0.501830822495
38.29 0.341014776443
38.36 0.254880726624
38.43 0.535748065466
38.5 0.42547746315
38.57 0.292889321629
38.64 0.429636127924
38.71 0.528579630845
38.78 0.405995494513
38.85 0.285596506798
38.92 0.450923250512
38.99 0.464216255717
39.06 0.484042818416
39.13 0.419756185564
39.2 0.480468718747
39.27 0.636590187118
39.34 0.283444924739
39.41 0.201685569543
39.48 0.389241719653
39.55 0.499518041545
39.62 0.492415382737
39.69 0.452999882475
39.76 0.597334242127
39.83 0.631326089454
39.9 0.458307945928
39.97 0.397475483947
40.04 0.476993480654
40.11 0.657880795475
40.18 0.62819745234
40.25 0.550328622464
40.32 0.619843046157
40.39 0.691759129114
40.46 0.574826016133
40.53 0.466255654379
40.6 0.457185583899
40.67 0.569773815638
40.74 0.496819035844
40.81 0.337683772988
40.88 0.626350945913
40.95 0.681744808427
41.02 0.42742690306
41.09 0.188790058076
41.16 0.319221941935
41.23 0.545042847129
41.3 0.425798608972
41.37 0.219358717488
41.44 0.53221221336
41.51 0.542716555282
41.58 0.432429636977
41.65 0.331003725437
41.72 0.403367119851
41.79 0.451496892372
41.86 0.232320738117
41.93 0.182544506617
42.0 0.523569144773
42.07 0.373122620686
42.14 0.19755922342
42.21 0.114418343844
42.28 0.286538870287
42.35 0.425110251435
42.42 0.362911145429
42.49 0.282822334913
42.56 0.631024469878
42.63 0.50797719905
42.7 0.312747238687
42.77 0.132883281161
42.84 0.310467959468
42.91 0.438412024407
42.98 0.232627237229
43.05 0.118546249852
43.12 0.578073170721
43.19 0.638080355104
43.26 0.397726524093
43.33 0.284720769969
43.4 0.394909820702
43.47 0.24181790773
43.54 0.170025709331
43.61 0.204588339404
43.68 0.365368300123
43.75 0.209499990911
43.82 0.124667719573
43.89 0.0850848821728
43.96 0.303190101974
44.03 0.217208302303
44.1 0.16958851349
44.17 0.153036999628
44.24 0.204702120501
44.31 0.162009479399
44.38 0.116339962434
44.45 0.0847221083634
44.52 0.374676996498
44.59 0.323074172423
44.66 0.284212096294
44.73 0.211940791801
44.8 0.221383145309
44.87 0.140855985583
44.94 0.210461887398
45.01 0.362353040291
45.08 0.374110851538
45.15 0.293593587288
45.22 0.201279586252
45.29 0.217115023899
45.36 0.249638542976
45.43 0.187186148159
45.5 0.205701327269
45.57 0.34288244193
45.64 0.361152311275
45.71 0.352335275703
45.78 0.252649929432
45.85 0.267037368652
45.92 0.418018746816
45.99 0.228249891477
46.06 0.148995145234
46.13 0.133007643813
46.2 0.455816533195
46.27 0.365722059014
46.34 0.201383128833
46.41 0.229314901069
46.48 0.42340990553
46.55 0.303900287092
46.62 0.215977050868
46.69 0.14955563139
46.76 0.429422814028
46.83 0.347026165574
46.9 0.289717306214
46.97 0.286335165552
47.04 0.305771093956
47.11 0.172863189576
47.18 0.343010287649
47.25 0.274476743767
47.32 0.365310108996
47.39 0.182558432133
47.46 0.217370326379
47.53 0.267172522195
47.6 0.221052579405
47.67 0.16136921223
47.74 0.373029905461
47.81 0.403168335167
47.88 0.494051591046
47.95 0.260884799827
48.02 0.242588818957
48.09 0.513444357238
48.16 0.352217933207
48.23 0.290066301718
48.3 0.216003974073
48.37 0.328529353937
48.44 0.475615552788
48.51 0.389899307619
48.58 0.234778249357
48.65 0.302026531978
48.72 0.319727332424
48.79 0.24583714177
48.86 0.13017115082
48.93 0.193028409322
49.0 0.397275385179
49.07 0.313044848481
49.14 0.24834152248
49.21 0.29939573443
49.28 0.1990840303
49.35 0.136499315393
49.42 0.328836803836
49.49 0.493800430701
49.56 0.278377423868
49.63 0.298273180623
49.7 0.194942636354
49.77 0.277720079001
49.84 0.221041292863
49.91 0.234436596791
49.98 0.409346484751
50.05 0.281018408611
50.12 0.359897679127
50.19 0.253515976069
50.26 0.283072856448
50.33 0.372709555114
50.4 0.220400150538
50.47 0.288177038243
50.54 0.330650513518
50.61 0.455373218014
50.68 0.245328832744
50.75 0.254515428637
50.82 0.306021410208
50.89 0.452397931747
50.96 0.250240266812
51.03 0.188425505592
51.1 0.146225255941
51.17 0.396883860871
51.24 0.558550357413
51.31 0.438119377882
51.38 0.356521763147
51.45 0.549470795271
51.52 0.314351197223
51.59 0.30862923896
51.66 0.37173245414
51.73 0.512569057987
51.8 0.367645991095
51.87 0.218089404866
51.94 0.383608451977
52.01 0.297780531218
52.08 0.227069397744
52.15 0.227693890495
52.22 0.422263921039
52.29 0.408068624501
52.36 0.304438987534
52.43 0.414471169239
52.5 0.326055514554
52.57 0.537567928252
52.64 0.430985880626
52.71 0.331586298481
52.78 0.238982811205
52.85 0.515838649254
52.92 0.344067484313
52.99 0.25627219645
53.06 0.262540375016
53.13 0.383484408054
53.2 0.258420317051
53.27 0.166618014921
53.34 0.116685438405
53.41 0.420957878872
53.48 0.397858293159
53.55 0.316282761259
53.62 0.299851380128
53.69 0.33282286838
53.76 0.188966886876
53.83 0.344830890536
53.9 0.27738831786
53.97 0.492911450383
54.04 0.331880887096
54.11 0.212545709686
54.18 0.285786325184
54.25 0.255388534596
54.32 0.153342668152
54.39 0.405783974147
54.46 0.276818415672
54.53 0.466171257189
54.6 0.341245431395
54.67 0.358914414245
54.74 0.459015968817
54.81 0.356101816524
54.88 0.202688963015
54.95 0.180102059407
55.02 0.2851905046
55.09 0.521078353292
55.16 0.326192827626
55.23 0.291670574932
55.3 0.386198695223
55.37 0.379931907724
55.44 0.221103939453
55.51 0.196436939723
55.58 0.317857888264
55.65 0.458083993754
55.72 0.322950158213
55.79 0.251749982652
55.86 0.349551390665
55.93 0.270631595561
56.0 0.185739708266
56.07 0.392562156408
56.14 0.390028709172
56.21 0.25324091775
56.28 0.245614617127
56.35 0.212804294002
56.42 0.306416378417
56.49 0.224385134642
56.56 0.231902894301
56.63 0.43288615378
56.7 0.353557625666
56.77 0.411866037534
56.84 0.254236923716
56.91 0.330820879939
56.98 0.393729335073
57.05 0.28645720931
57.12 0.157942252231
57.19 0.102025085539
57.26 0.351219342289
57.33 0.414388136103
57.4 0.327848531117
57.47 0.223349161864
57.54 0.340677956144
57.61 0.369004978855
57.68 0.240709930404
57.75 0.155122766708
57.82 0.357784878097
57.89 0.444427609695
57.96 0.308040503358
58.03 0.315084961585
58.1 0.344796693271
58.17 0.238087548131
58.24 0.318673165043
58.31 0.328118500565
58.38 0.418210903003
58.45 0.297283343967
58.52 0.259314413251
58.59 0.231664576331
58.66 0.263149603855
58.73 0.206904792498
58.8 0.431836787602
58.87 0.285153789911
58.94 0.324987829523
59.01 0.299848113149
59.08 0.312524099543
59.15 0.467481550886
59.22 0.411697016261
59.29 0.25204089102
59.36 0.229019742522
59.43 0.245639144457
59.5 0.450448270347
59.57 0.268906113227
59.64 0.230844775211
59.71 0.329662836391
59.78 0.456215958217
59.85 0.28354603498
59.92 0.265325287822
59.99 0.217368199264
60.06 0.41808997885
60.13 0.400965047319
60.2 0.296247576473
60.27 0.280211190562
60.34 0.248723856299
60.41 0.247656749302
60.48 0.411151495543
60.55 0.480496883107
60.62 0.451443124294
60.69 0.236028357164
60.76 0.277769671179
60.83 0.362879249501
60.9 0.337703397823
60.97 0.291973376239
61.04 0.376824733543
61.11 0.452190523804
61.18 0.459461375999
61.25 0.3341679968
61.32 0.628190274169
61.39 0.574903872612
61.46 0.572578351928
61.53 0.298874433117
61.6 0.330801573833
61.67 0.592271580276
61.74 0.464391925745
61.81 0.342079287683
61.88 0.277100841238
61.95 0.651970016882
62.02 0.88219520589
62.09 0.525299151447
62.16 0.437913656776
62.23 0.416083518739
62.3 0.626164306721
62.37 0.553272039814
62.44 0.40418763271
62.51 0.59845673651
62.58 0.800140257269
62.65 0.55965494351
62.72 0.467207159738
62.79 0.415653016221
62.86 0.541534733959
62.93 0.420785232724
63.0 0.24873140587
63.07 0.586599222294
63.14 0.709172296275
63.21 0.542787406461
63.28 0.466992859942
63.35 0.515939243585
63.42 0.578153664823
63.49 0.406268649907
63.56 0.336438045013
63.63 0.581624855319
63.7 0.901507573868
63.77 0.682779492781
63.84 0.590078501231
63.91 0.603820341312
63.98 0.492114948944
64.05 0.392515700206
64.12 0.350736302045
64.19 0.563315368954
64.26 0.87912671955
64.33 0.509105199624
64.4 0.383126904089
64.47 0.439844777831
64.54 0.667566239795
64.61 0.578477746739
64.68 0.386221688329
64.75 0.57112946619
64.82 0.654681866309
64.89 0.425390344603
64.96 0.311874232668
65.03 0.371924406394
65.1 0.543938381232
65.17 0.306662878015
65.24 0.197850272245
65.31 0.587908070903
65.38 0.675235672918
65.45 0.331681902531
65.52 0.404737525156
65.59 0.477778817101
65.66 0.495272620172
65.73 0.486747766535
65.8 0.407244633976
65.87 0.797416098934
65.94 0.806583157778
66.01 0.610371920541
66.08 0.521355979006
66.15 0.518722250765
66.22 0.45447974982
66.29 0.350998594969
66.36 0.337694386957
66.43 0.734343855906
66.5 0.604645932238
66.57 0.360992123946
66.64 0.336180719409
66.71 0.557929919013
66.78 0.527786057397
66.85 0.293352932868
66.92 0.296103063622
66.99 0.68043262261
67.06 0.599366916404
67.13 0.385241077277
67.2 0.297378868335
67.27 0.45208832367
67.34 0.65737882998
67.41 0.513733418054
67.48 0.339832475676
67.55 0.64735725414
67.62 0.458706984694
67.69 0.377756504672
67.76 0.527814367616
67.83 0.600040809555
67.9 0.457640145106
67.97 0.428652574024
68.04 0.477806738362
68.11 0.842512353544
68.18 0.665948850044
68.25 0.522711949638
68.32 0.606926514737
68.39 0.541546806522
68.46 0.485715375415
68.53 0.37383245196
68.6 0.420240381879
68.67 0.832155894094
68.74 0.577541755142
68.81 0.455651251593
68.88 0.539657988729
68.95 0.655441291112
69.02 0.705290640014
69.09 0.511340510352
69.16 0.584593016087
69.23 0.686291457718
69.3 0.503750674566
69.37 0.469060479688
69.44 0.519742616593
69.51 0.639490536794
69.58 0.53220700429
69.65 0.32409136581
69.72 0.54563229582
69.79 0.652614116911
69.86 0.400975164286
69.93 0.495778294276
70.0 0.618872783016
70.07 0.654444376227
70.14 0.609824120096
70.21 0.523645822222
70.28 0.718258929894
70.35 0.883962810512
70.42 0.696124599484
70.49 0.575795452738
70.56 0.63019550663
70.63 0.652575015801
70.7 0.42919880243
70.77 0.384953553386
70.84 0.59944609237
70.91 0.751878898007
70.98 0.388644907765
71.05 0.316250358875
71.12 0.311960442296
71.19 0.703786418209
71.26 0.644165029103
71.33 0.347327802707
71.4 0.651522015294
71.47 0.733582272925
71.54 0.473282491986
71.61 0.53816098156
71.68 0.561164377085
71.75 0.743658551422
71.82 0.618111697037
71.89 0.485471978029
71.96 0.642967006588
72.03 0.659162342725
72.1 0.473463908603
72.17 0.598367712337
72.24 0.702219960382
72.31 0.688426804821
72.38 0.59723061041
72.45 0.440067013457
72.52 0.777893546283
72.59 0.824272910729
72.66 0.70738630257
72.73 0.636685756054
72.8 0.706590934242
72.87 0.688207494486
72.94 0.561807564142
73.01 0.542792630386
73.08 0.677996185346
73.15 0.687729013696
73.22 0.399596617867
73.29 0.3073911686
73.36 0.530322775665
73.43 0.758978507274
73.5 0.594368321921
73.57 0.444745516898
73.64 0.620965863321
73.71 0.636330984251
73.78 0.509123816949
73.85 0.495542307355
73.92 0.605673507299
73.99 0.684965095183
74.06 0.517222973323
74.13 0.418877223622
74.2 0.797392806006
74.27 0.639796541605
74.34 0.448718163732
74.41 0.621182182189
74.48 0.70078392107
74.55 0.586381590692
74.62 0.491961629159
74.69 0.340993074463
74.76 0.886382492859
74.83 0.759775334196
74.9 0.67789712794
74.97 0.623432570452
75.04 0.634658953966
75.11 0.633824747885
75.18 0.536726107773
75.25 0.56392616173
75.32 0.79702900713
75.39 0.590604628058
75.46 0.349346515003
75.53 0.277598456614
75.6 0.622076312153
75.67 0.61267219
75.74 0.311348612298
75.81 0.260231367501
75.88 0.704084059067
75.95 0.518358875961
76.02 0.440618584637
76.09 0.566396526149
76.16 0.626122366756
76.23 0.763577449842
76.3 0.582756915644
76.37 0.512150518637
76.44 0.731336579172
76.51 0.597549776326
76.58 0.449914701993
76.65 0.732009805152
76.72 0.617882531741
76.79 0.49350069109
76.86 0.309211762033
76.93 0.63450988031
77.0 0.80573684402
77.07 0.719245383423
77.14 0.585343254452
77.21 0.54047064139
77.28 0.734086600531
77.35 0.679653489238
77.42 0.397202951156
77.49 0.520066319005
77.56 0.74741628531
77.63 0.473425627277
77.7 0.500829277926
77.77 0.470600727401
77.84 0.731792038494
77.91 0.716580697887
77.98 0.481452815568
78.05 0.573345924597
78.12 0.67322174697
78.19 0.446201276934
78.26 0.414932789768
78.33 0.529449914155
78.4 0.666929611006
78.47 0.491443658302
78.54 0.288296259353
78.61 0.515640003677
78.68 0.776050282526
78.75 0.479388978711
78.82 0.577635341472
78.89 0.748598232233
78.96 0.797756272648
79.03 0.511043828384
79.1 0.675142551178
79.17 0.849008795238
79.24 0.816754490651
79.31 0.585166532346
79.38 0.63412557739
79.45 0.720837750193
79.52 0.573716138583
79.59 0.544319761562
79.66 0.454682798188
79.73 0.738100021806
79.8 0.690976831404
79.87 0.636604350331
79.94 0.516118980118
80.01 0.575628912424
80.08 0.724505544235
80.15 0.7183198937
80.22 0.526052910695
80.29 0.893095370919
80.36 0.687367275758
80.43 0.583288520299
80.5 0.499897525704
80.57 0.620874008396
80.64 0.748857036689
80.71 0.679389570252
80.78 0.567644373137
80.85 0.765046379086
80.92 0.745899317019
80.99 0.613776913852
81.06 0.582723821779
81.13 0.643689339899
81.2 0.676518339774
81.27 0.621444068599
81.34 0.555206410291
81.41 0.877637438875
81.48 0.726354065682
81.55 0.663765323436
81.62 0.631777775341
81.69 0.750561492316
81.76 0.671371769631
81.83 0.602877607773
81.9 0.485255148653
81.97 0.873638580576
82.04 0.694411609734
82.11 0.570336455921
82.18 0.507197548418
82.25 0.593981200405
82.32 0.676983550064
82.39 0.49713807886
82.46 0.4941307373
82.53 0.861019186258
82.6 0.66382974735
82.67 0.619209607366
82.74 0.52919941693
82.81 0.619664190182
82.88 0.686586840456
82.95 0.658346975459
83.02 0.658358830583
83.09 0.792880012291
83.16 0.655413110546
83.23 0.513678022564
83.3 0.608132790459
83.37 0.646490298584
83.44 0.611823514131
83.51 0.40342064618
83.58 0.660583088413
83.65 0.735985076104
83.72 0.632181478904
83.79 0.562228985564
83.86 0.612024425931
83.93 0.665822217118
84.0 0.646086414047
84.07 0.464464612321
84.14 0.708385652497
84.21 0.746628263971
84.28 0.600075798242
84.35 0.507419908294
84.42 0.581512142507
84.49 0.630358404512
84.56 0.404632679296
84.63 0.391834542449
84.7 0.676042655972
84.77 0.675952770149
84.84 0.497574076764
84.91 0.498392597562
84.98 0.576204530137
85.05 0.706997051237
85.12 0.694236959371
85.19 0.566662104961
85.26 0.742611798557
85.33 0.644619931999
85.4 0.495392007399
85.47 0.381744098038
85.54 0.54731648105
85.61 0.652534622215
85.68 0.589712082289
85.75 0.54128936207
85.82 0.837549183975
85.89 0.679922972488
85.96 0.585141657924
86.03 0.519567299058
86.1 0.665334929395
86.17 0.583944009512
86.24 0.496959691526
86.31 0.654664217328
86.38 0.831123891932
86.45 0.62817155015
86.52 0.532860932268
86.59 0.484975330997
86.66 0.634310166448
86.73 0.779041285138
86.8 0.657595552662
86.87 0.558911202638
86.94 0.838207008288
87.01 0.686603122681
87.08 0.61069831865
87.15 0.677852322109
87.22 0.722778574947
87.29 0.613199297325
87.36 0.580191125447
87.43 0.450642939906
87.5 0.829734230491
87.57 0.671614073072
87.64 0.487857548196
87.71 0.518438127558
87.78 0.612768644897
87.85 0.601263453938
87.92 0.442378826063
87.99 0.386821366082
88.06 0.728693754981
88.13 0.483363043622
88.2 0.40954988021
88.27 0.463762394094
88.34 0.576328459263
88.41 0.38921571077
88.48 0.243286994989
88.55 0.402083617005
88.62 0.487408081262
88.69 0.399826977049
88.76 0.234053770023
88.83 0.270614944635
88.9 0.482317865499
88.97 0.49494459195
89.04 0.377614926565
89.11 0.277221183304
89.18 0.381617301696
89.25 0.356839805405
89.32 0.271980533881
89.39 0.175394955379
89.46 0.331285054357
89.53 0.19128712691
89.6 0.14383638368
89.67 0.237608339395
89.74 0.408807716781
89.81 0.288510179646
89.88 0.344370232948
89.95 0.309993839603
90.02 0.393810522007
90.09 0.4600365953
90.16 0.335840062199
90.23 0.32257651248
90.3 0.416280713826
90.37 0.183754430174
90.44 0.591273749717
90.51 0.468152479581
90.58 0.305430746022
90.65 0.221737942773
90.72 0.14738381945
90.79 0.230228177773
90.86 0.332935254359
90.93 0.173174529057
91.0 0.372131305179
91.07 0.326060411647
91.14 0.433261525515
91.21 0.277196335894
91.28 0.352689334416
91.35 0.347306805713
91.42 0.332845999241
91.49 0.180959195118
91.56 0.189937023065
91.63 0.332811552125
91.7 0.554381845784
91.77 0.273890503981
91.84 0.164553324517
91.91 0.243405883863
91.98 0.415934158766
92.05 0.262440862475
92.12 0.431440193332
92.19 0.503218148836
92.26 0.313664960049
92.33 0.211661911427
92.4 0.115815818214
92.47 0.267848033304
92.54 0.468441586315
92.61 0.327101380108
92.68 0.254394635488
92.75 0.384227419629
92.82 0.22616378811
92.89 0.123614808203
92.96 0.091904396922
93.03 0.268491776788
93.1 0.270559843565
93.17 0.162303676355
93.24 0.221688491052
93.31 0.375196082909
93.38 0.569554004248
93.45 0.457255773309
93.52 0.309892252619
93.59 0.390855203615
93.66 0.433155589761
93.73 0.26952218125
93.8 0.178253858041
93.87 0.538255129718
93.94 0.419728901763
94.01 0.298327170191
94.08 0.240767042443
94.15 0.360146715057
94.22 0.243074929001
94.29 0.178759845472
94.36 0.364472503581
94.43 0.400575955351
94.5 0.241739533991
94.57 0.209460730436
94.64 0.202223825655
94.71 0.326237417369
94.78 0.299850557643
94.85 0.234146527115
94.92 0.187587366711
94.99 0.392997393953
95.06 0.222782733289
95.13 0.145023622057
95.2 0.430469211698
95.27 0.517077451611
95.34 0.297496717287
95.41 0.247014118672
95.48 0.386945455924
95.55 0.785766843507
95.62 0.459639498625
95.69 0.323458342989
95.76 0.482112188961
95.83 0.65163230387
95.9 0.451353153386
95.97 0.625996711628
96.04 0.657924248055
96.11 0.616549614989
96.18 0.404822092516
96.25 0.743155040898
96.32 0.764270269594
96.39 0.628060771325
96.46 0.383943575986
96.53 0.424303369672
96.6 0.757608232972
96.67 0.675227583127
96.74 0.444979723795
96.81 0.788000289126
96.88 0.88440678206
96.95 0.717104823199
97.02 0.698207312972
97.09 0.657836786468
97.16 0.78924739061
97.23 0.801972669361
97.3 0.620283617021
97.37 0.618544394197
97.44 0.856857489501
97.51 0.811880027876
97.58 0.610095741266
97.65 0.556031701395
97.72 0.655025745931
97.79 0.415025102529
97.86 0.328787497974
97.93 0.601526900232
98.0 0.752433406631
98.07 0.739948335268
98.14 0.632441752757
98.21 0.562888747916
98.28 0.518178500618
98.35 0.318330195692
98.42 0.203128176577
98.49 0.443057612255
98.56 0.760524226063
98.63 0.659616766176
98.7 0.396984341756
98.77 0.302205739095
98.84 0.488283208993
98.91 0.430530921007
98.98 0.29935980306
99.05 0.243052592262
99.12 0.663655619649
99.19 0.711905352031
99.26 0.616816787449
99.33 0.484977802503
99.4 0.639802681203
99.47 0.654420464747
99.54 0.650814529925
99.61 0.594442876306
99.68 0.802814665412
99.75 0.814749541806
99.82 0.618647462735
99.89 0.54835363826
99.96 0.62173773884
100.03 0.461118612363
100.1 0.347094148185
100.17 0.633164106326
100.24 0.766132199297
100.31 0.859165654272
100.38 0.704744649305
100.45 0.534367666094
100.52 0.608798265635
100.59 0.525975841586
100.66 0.355108896564
100.73 0.297377827061
100.8 0.773215481771
100.87 0.73859146517
100.94 0.503614525668
101.01 0.472031419886
101.08 0.59803183067
101.15 0.690006344071
101.22 0.389157375134
101.29 0.29079183313
101.36 0.728051268859
101.43 0.720523685303
101.5 0.566107585532
101.57 0.478962960018
101.64 0.6696936038
101.71 0.738989825959
101.78 0.689149864728
101.85 0.638269988464
101.92 0.88402014269
101.99 0.861089667386
102.06 0.688485679327
102.13 0.609921505521
102.2 0.723260122835
102.27 0.581679216288
102.34 0.373664711008
102.41 0.417248929534
102.48 0.827891604193
102.55 0.80666893523
102.62 0.655679009438
102.69 0.687131453604
102.76 0.764011404364
102.83 0.703091414619
102.9 0.635858140655
102.97 0.780203021087
103.04 0.764150013963
103.11 0.606986176612
103.18 0.426670294153
103.25 0.553114845303
103.32 0.79179996703
103.39 0.798267994513
103.46 0.652351471493
103.53 0.628126720009
103.6 0.764828064106
103.67 0.694706091656
103.74 0.66279155832
103.81 0.689315535287
103.88 0.686557715856
103.95 0.416040279545
104.02 0.575938556965
104.09 0.65911981392
104.16 0.751002614205
104.23 0.713723473958
104.3 0.588354342437
104.37 0.613707230899
104.44 0.807994051207
104.51 0.604120318621
104.58 0.478115923716
104.65 0.71963933872
104.72 0.871454941873
104.79 0.637084122246
104.86 0.529569293279
104.93 0.60888840131
105.0 0.650990432248
105.07 0.579417841305
105.14 0.558508093317
105.21 0.769277199669
105.28 0.75954398101
105.35 0.740624552715
105.42 0.711443499207
105.49 0.649333145913
105.56 0.609079893027
105.63 0.433602171921
105.7 0.609813257626
105.77 0.735455888932
105.84 0.767151793961
105.91 0.666451886525
105.98 0.601928785956
106.05 0.712947683196
106.12 0.755003148536
106.19 0.670316266556
106.26 0.638240701797
106.33 0.900187264496
106.4 0.846838340599
106.47 0.647037972077
106.54 0.620090912511
106.61 0.72776758323
106.68 0.494788716926
106.75 0.381760627413
106.82 0.597301067229
106.89 0.940572991435
106.96 0.825272796824
107.03 0.617246405357
107.1 0.490717914853
107.17 0.812206359808
107.24 0.68266135076
107.31 0.514464442151
107.38 0.296545066068
107.45 0.723535065006
107.52 0.514946038659
107.59 0.626739565188
107.66 0.762526417086
107.73 0.709780215081
107.8 0.61587412819
107.87 0.708704445661
107.94 0.880898801244
108.01 0.74483618469
108.08 0.499657861237
108.15 0.44952309125
108.22 0.499937593807
108.29 0.728777809132
108.36 0.746885330269
108.43 0.719066748939
108.5 0.643481479523
108.57 0.924947575044
108.64 0.85184552998
108.71 0.728423589703
108.78 0.68218537524
108.85 0.718950835324
108.92 0.596225804264
108.99 0.580580230921
109.06 0.751743281225
109.13 0.880402973996
109.2 0.706316682201
109.27 0.547972756283
109.34 0.394866296542
109.41 0.780957983675
109.48 0.524326609929
109.55 0.665767422622
109.62 0.580349149196
109.69 0.88707558137
109.76 0.59004553972
109.83 0.771847383204
109.9 0.696230674345
109.97 0.734852902332
110.04 0.533717090181
110.11 0.794143242038
110.18 0.690611410517
110.25 0.680741443317
110.32 0.318893746245
110.39 0.438162244324
110.46 0.60144318777
110.53 0.842142288118
110.6 0.758070738111
110.67 0.622923921087
110.74 0.774817681891
110.81 0.828751700308
110.88 0.721849687241
110.95 0.77626996021
111.02 0.739756149369
111.09 0.777469799214
111.16 0.677879492465
111.23 0.616205324801
111.3 0.723083832904
111.37 0.895142460961
111.44 0.800301591215
111.51 0.70142286335
111.58 0.765180357651
111.65 0.827090355572
111.72 0.693236682967
111.79 0.836741813313
111.86 0.799911986038
111.93 0.722507399458
112.0 0.534992358726
112.07 0.663952208428
112.14 0.677576068554
112.21 0.881634892603
112.28 0.784189725792
112.35 0.663287323442
112.42 0.800344677796
112.49 0.850070556759
112.56 0.698655445563
112.63 0.716505512795
112.7 0.79641791048
112.77 0.670688112007
112.84 0.651622008631
112.91 0.735619079883
112.98 0.713669168362
113.05 0.675493883132
113.12 0.626438986886
113.19 0.503593010063
113.26 0.612892139145
113.33 0.652795078392
113.4 0.602436897802
113.47 0.492382983054
113.54 0.769027911186
113.61 0.717323925549
113.68 0.595811559661
113.75 0.544333963941
113.82 0.715699361679
113.89 0.702251155375
113.96 0.59756018096
114.03 0.542435160185
114.1 0.860856143867
114.17 0.778265738825
114.24 0.637947439422
114.31 0.769070299533
114.38 0.750881298392
114.45 0.722146706846
114.52 0.47258393645
114.59 0.438749642881
114.66 0.884648237356
114.73 0.637737740947
114.8 0.427955371739
114.87 0.355266887899
114.94 0.593453173355
115.01 0.614465506384
115.08 0.588449815484
115.15 0.491212109286
115.22 0.895302014882
115.29 0.735600392329
115.36 0.521848581141
115.43 0.481422071658
115.5 0.647828375786
115.57 0.571333322187
115.64 0.474417141315
115.71 0.488879434742
115.78 0.784128732274
115.85 0.535418476009
115.92 0.344861304911
115.99 0.317047504526
116.06 0.721388018092
116.13 0.6858108201
116.2 0.593344030046
116.27 0.534239092429
116.34 0.954682468654
116.41 0.785319810263
116.48 0.684006284701
116.55 0.512466709292
116.62 0.750263581349
116.69 0.468854254827
116.76 0.560978010704
116.83 0.440557283194
116.9 0.908885816359
116.97 0.619757638755
117.04 0.573841223779
117.11 0.381499034073
117.18 0.898876531871
117.25 0.699954450016
117.32 0.63048148009
117.39 0.560769596602
117.46 0.8089564528
117.53 0.675714348187
117.6 0.560671992388
117.67 0.512029077223
117.74 0.716891713236
117.81 0.521333489655
117.88 0.464163626152
117.95 0.441983221745
118.02 0.939312319629
118.09 0.543896967981
118.16 0.351986105979
118.23 0.61728475286
118.3 0.757168506201
118.37 0.661166280009
118.44 0.649914446739
118.51 0.711645773711
118.58 0.920335120227
118.65 0.732444544343
118.72 0.550483950515
118.79 0.551399095029
118.86 0.693850329454
118.93 0.525631292092
119.0 0.670906855111
119.07 0.795880571392
119.14 0.835414628294
119.21 0.665581797693
119.28 0.535572310353
119.35 0.609105202325
119.42 0.803186870109
119.49 0.708814357433
119.56 0.606719505206
119.63 0.689254305424
119.7 0.863806004689
119.77 0.64757615661
119.84 0.574956103764
119.91 0.635891519486
119.98 0.731814895195
120.05 0.663923414712
120.12 0.519564326498
120.19 0.562262426521
120.26 0.821867199817
120.33 0.574620055979
120.4 0.478578327564
120.47 0.665421979064
120.54 0.768222882377
120.61 0.647930162652
120.68 0.677492774763
120.75 0.855537532622
120.82 0.804164399207
120.89 0.714324775072
120.96 0.83489674252
121.03 0.669102755939
121.1 0.707735980101
121.17 0.624428604779
121.24 0.596487212578
121.31 0.829259352967
121.38 0.894203468443
121.45 0.674800034261
121.52 0.630477128619
121.59 0.905308407843
121.66 0.928923014814
121.73 0.748089183106
121.8 0.59925763939
121.87 0.705367279648
121.94 0.728950709183
122.01 0.640860666587
122.08 0.583043969544
122.15 0.702428601376
122.22 0.670414998479
122.29 0.559922317202
122.36 0.676374569725
122.43 0.911809700711
122.5 0.766499015301
122.57 0.703500196248
122.64 0.732645079339
122.71 0.802737910981
122.78 0.875366477691
122.85 0.821057056477
122.92 0.842552215013
122.99 0.919863621779
123.06 0.875417818832
123.13 0.911021672619
123.2 0.853175952266
123.27 0.812700963458
123.34 0.785108761239
123.41 0.766662638428
123.48 0.816163166047
123.55 0.825423141347
123.62 0.744066189136
123.69 0.586701838398
123.76 0.582318224745
123.83 0.821738988099
123.9 0.749853422159
123.97 0.63795392476
124.04 0.750464760557
124.11 0.900099123582
124.18 0.693650812773
124.25 0.630973124686
124.32 0.60748424037
124.39 0.675980561757
124.46 0.366119254279
124.53 0.35303039409
124.6 0.69026825479
124.67 0.908930572219
124.74 0.760943254312
124.81 0.647241913159
124.88 0.513655958637
124.95 0.877672857036
125.02 0.580962270319
125.09 0.509068421459
125.16 0.312875546294
125.23 0.875580157586
125.3 0.678297534812
125.37 0.744882210067
125.44 0.789531585396
125.51 0.750487574039
125.58 0.507279178332
125.65 0.726271672707
125.72 0.746909302523
125.79 0.781023772994
125.86 0.502266740716
125.93 0.539815759924
126.0 0.612653459229
126.07 0.802711891294
126.14 0.71810858537
126.21 0.61423543487
126.28 0.843015190144
126.35 0.950645566725
126.42 0.815095613369
126.49 0.625611996791
126.56 0.756533358965
126.63 0.793296745956
126.7 0.423895772475
126.77 0.526839003449
126.84 0.895462623582
126.91 0.894785169032
126.98 0.6242125047
127.05 0.448621746651
127.12 0.610613036849
127.19 0.71821632816
127.26 0.440745221614
127.33 0.520793901902
127.4 0.734791018802
127.47 0.697554555921
127.54 0.733206516283
127.61 1.0
127.68 0.703872557609
127.75 0.703725112715
127.82 0.60265299653
127.89 0.795656038481
127.96 0.616068079257
128.03 0.770171614598
128.1 0.405399966998
128.17 0.730525001548
128.24 0.802933459748
128.31 0.805261526218
128.38 0.651958390001
128.45 0.709713549256
128.52 0.831725806195
128.59 0.870683366176
128.66 0.833440236981
128.73 0.851024738907
128.8 0.796329699338
128.87 0.566552800936
128.94 0.560144515012
129.01 0.652664341146
129.08 0.804243630545
129.15 0.734906814919
129.22 0.703601929093
129.29 0.718727455783
129.36 0.828563302701
129.43 0.733648158133
129.5 0.783926541504
129.57 0.83678877192
129.64 0.719281751021
129.71 0.409409243436
129.78 0.407715870418
129.85 0.543380374684
129.92 0.949166798728
129.99 0.804481416398
130.06 0.597828794456
130.13 0.660216832887
130.2 0.891052462177
130.27 0.827728645536
130.34 0.835813684616
130.41 0.841625230232
130.48 0.688142326419
130.55 0.465895385839
130.62 0.515461163908
130.69 0.674339473913
130.76 0.826840173025
130.83 0.757812290201
130.9 0.643608321784
130.97 0.767839672052
131.04 0.869530984132
131.11 0.738977078122
131.18 0.792518170361
131.25 0.786918538121
131.32 0.704583445013
131.39 0.467806621404
131.46 0.599163581719
131.53 0.786322832334
131.6 0.817700217009
131.67 0.779224847778
131.74 0.638232961798
131.81 0.853568810917
131.88 0.768489384964
131.95 0.815384941594
132.02 0.838596863316
132.09 0.768311124582
132.16 0.564719246279
132.23 0.404503655897
132.3 0.713261264589
132.37 0.794868593827
132.44 0.728179773646
132.51 0.67598661492
132.58 0.63466240462
132.65 0.699154635679
132.72 0.639593019193
132.79 0.557175096882
132.86 0.716148489625
132.93 0.718297747389
133.0 0.636649451932
133.07 0.581831870252
133.14 0.595141626321
133.21 0.722207966422
133.28 0.735293920228
133.35 0.706430977857
133.42 0.613566830471
133.49 0.795967804736
133.56 0.550994803977
133.63 0.84327770861
133.7 0.685451798118
133.77 0.657452990005
133.84 0.517264863318
133.91 0.340605062935
133.98 0.45419856811
134.05 0.89292174157
134.12 0.707624765048
134.19 0.690692701444
134.26 0.472380862421
134.33 0.633602043619
134.4 0.506824170093
134.47 0.474407375491
134.54 0.311820790073
134.61 0.858546457026
134.68 0.632857704454
134.75 0.402831698543
134.82 0.328059536923
134.89 0.58568444513
134.96 0.489696006698
135.03 0.405822571502
135.1 0.564378614729
135.17 0.870500692197
135.24 0.793487589409
135.31 0.628695886148
135.38 0.676376402421
135.45 0.785498624371
135.52 0.783288883597
135.59 0.645706558487
135.66 0.636177530762
135.73 0.860511224323
135.8 0.759202960502
135.87 0.596932411776
135.94 0.500488289831
136.01 0.634494798723
136.08 0.523433043144
136.15 0.527856788376
136.22 0.636391898086
136.29 0.835040689491
136.36 0.556351442645
136.43 0.290895558035
136.5 0.185318619078
136.57 0.64924166374
136.64 0.806345282788
136.71 0.811925336112
136.78 0.790071310906
136.85 0.740120714007
136.92 0.739126159882
136.99 0.730773121806
137.06 0.900286641982
137.13 0.865905013907
137.2 0.75230467225
137.27 0.513553241242
137.34 0.190673086063
137.41 0.140203132643
137.48 0.121450345953
137.55 0.096225620589
137.62 0.0814669936365
137.69 0.0701356994349
137.76 0.0639069191002
137.83 0.0615542928878
137.9 0.0546281833161
137.97 0.0
138.04 0.0
138.11 0.0
138.18 0.0
138.25 0.0
138.32 0.0
138.39 0.0
138.46 0.0
138.53 0.0
138.6 0.0
138.67 0.0
138.74 0.0
138.81 0.0
138.88 0.0
138.95 0.0
139.02 0.0
139.09 0.0
139.16 0.0
139.23 0.0
139.3 0.0
139.37 0.0
139.44 0.0
139.51 0.0
139.58 0.0
139.65 0.0
139.72 0.0
139.79 0.0
139.86 0.0
139.93 0.0
140.0 0.0
140.07 0.0
140.14 0.0
140.21 0.0
140.28 0.0
140.35 0.0
140.42 0.0
140.49 0.0
140.56 0.0
140.63 0.0
140.7 0.0
140.77 0.0
140.84 0.0
140.91 0.0
140.98 0.0
141.05 0.0
141.12 0.0
141.19 0.0
141.26 0.0
141.33 0.0
141.4 0.0
141.47 0.0
141.54 0.0
141.61 0.0
141.68 0.0
141.75 0.0
141.82 0.0
141.89 0.0
141.96 0.0
142.03 0.0
142.1 0.0
142.17 0.0
142.24 0.0
142.31 0.0
142.38 0.0
142.45 0.0
142.52 0.0
142.59 0.0
142.66 0.0
142.73 0.0
142.8 0.0
142.87 0.0
142.94 0.0
143.01 0.0
143.08 0.0
143.15 0.0
143.22 0.0
143.29 0.0
143.36 0.0
143.43 0.0
143.5 0.0
143.57 0.0
143.64 0.0
143.71 0.0
143.78 0.0
143.85 0.0
143.92 0.0
143.99 0.0
144.06 0.0
144.13 0.0
144.2 0.0
144.27 0.0
144.34 0.0
144.41 0.0
144.48 0.0
144.55 0.0
144.62 0.0
144.69 0.0
144.76 0.0
144.83 0.0
144.9 0.0
144.97 0.0
145.04 0.0
145.11 0.0
145.18 0.0
145.25 0.0
145.32 0.0
145.39 0.0
145.46 0.0
145.53 0.0
145.6 0.0
145.67 0.0
145.74 0.0
145.81 0.0
145.88 0.0
145.95 0.0
146.02 0.0
146.09 0.0
146.16 0.0
146.23 0.0
146.3 0.0
146.37 0.0
146.44 0.0
146.51 0.0
146.58 0.0
146.65 0.0
146.72 0.0
146.79 0.0
146.86 0.0
146.93 0.0
