0.0 0.0
0.07 0.0
0.14 0.0
0.21 0.0
0.28 0.0
0.35 0.0
0.42 0.0
0.49 0.0
0.56 0.0
0.63 0.0
0.7 0.0
0.77 0.0
0.84 0.0
0.91 0.0
0.98 0.0
1.05 0.0
1.12 0.0
1.19 0.0
1.26 0.0
1.33 0.0
1.4 0.0
1.47 0.0
1.54 0.0
1.61 0.0
1.68 0.0
1.75 0.0
1.82 0.0
1.89 0.0
1.96 0.0
2.03 0.0
2.1 0.0
2.17 0.0
2.24 0.0
2.31 0.0
2.38 0.0
2.45 0.0
2.52 0.0
2.59 0.0
2.66 0.0
2.73 0.0
2.8 0.0
2.87 0.0
2.94 0.0
3.01 0.0
3.08 0.0
3.15 0.0
3.22 0.0
3.29 0.0
3.36 0.0
3.43 0.0
3.5 0.0
3.57 0.0
3.64 0.0
3.71 0.0
3.78 0.0
3.85 0.0
3.92 0.0
3.99 0.0479222050745
4.06 0.502368564994
4.13 0.467833346096
4.2 0.403907508394
4.27 0.245100889134
4.34 0.504581480508
4.41 0.448815857988
4.48 0.494634275945
4.55 0.438495244525
4.62 0.426963473731
4.69 0.410381417887
4.76 0.394384243309
4.83 0.345695710061
4.9 0.214164001137
4.97 0.266113768188
5.04 0.429820106727
5.11 0.39726354688
5.18 0.273206024155
5.25 0.330335230137
5.32 0.216054239834
5.39 0.447620345567
5.46 0.335527734166
5.53 0.257039542551
5.6 0.223321894763
5.67 0.245644619672
5.74 0.332346556897
5.81 0.271900934921
5.88 0.29294520171
5.95 0.440951491262
6.02 0.431028206029
6.09 0.284094229305
6.16 0.409937698418
6.23 0.312101295923
6.3 0.466138824169
6.37 0.441238310369
6.44 0.413925747238
6.51 0.494938042641
6.58 0.545680587357
6.65 0.406104500866
6.72 0.302856358412
6.79 0.284269198298
6.86 0.393747795566
6.93 0.396905053506
7.0 0.280523344048
7.07 0.252199754987
7.14 0.293880736156
7.21 0.298279808357
7.28 0.439539714379
7.35 0.327816891907
7.42 0.238744298734
7.49 0.206714503388
7.56 0.301717303898
7.63 0.348404354263
7.7 0.275616689923
7.77 0.351650944998
7.84 0.749928770247
7.91 0.577739996639
7.98 0.441352020845
8.05 0.528008459405
8.12 0.333952614481
8.19 0.22562329023
8.26 0.544734229896
8.33 0.594316499781
8.4 0.561560063959
8.47 0.373919862765
8.54 0.485688059026
8.61 0.619234105911
8.68 0.445225157263
8.75 0.616202943824
8.82 0.550857080363
8.89 0.573458217988
8.96 0.43002571846
9.03 0.566063314947
9.1 0.569979160198
9.17 0.528537192114
9.24 0.647095247019
9.31 0.404239987936
9.38 0.377367518629
9.45 0.40141364292
9.52 0.337606451113
9.59 0.385292807561
9.66 0.488803679507
9.73 0.531071302969
9.8 0.310494517466
9.87 0.270015773547
9.94 0.455423135911
10.01 0.512125128692
10.08 0.411962970078
10.15 0.394215640127
10.22 0.36471612281
10.29 0.330579486573
10.36 0.41540485329
10.43 0.653214102889
10.5 0.452329344515
10.57 0.527381624237
10.64 0.390604130607
10.71 0.289295134047
10.78 0.396843343734
10.85 0.506219754547
10.92 0.447738452227
10.99 0.267340451231
11.06 0.370593065079
11.13 0.661677372409
11.2 0.816480107787
11.27 0.81692323126
11.34 0.722672474871
11.41 0.531725515667
11.48 0.555716213692
11.55 0.527056827375
11.62 0.420522107071
11.69 0.319083198862
11.76 0.355065545755
11.83 0.383349093778
11.9 0.560459929442
11.97 0.682732487756
12.04 0.586289743847
12.11 0.611393652839
12.18 0.587385746121
12.25 0.518298638869
12.32 0.273374905468
12.39 0.223771599742
12.46 0.542336180809
12.53 0.616980384496
12.6 0.4292654581
12.67 0.337630157587
12.74 0.373360196414
12.81 0.307437526022
12.88 0.755520464285
12.95 0.485877838534
13.02 0.301553858925
13.09 0.24901696427
13.16 0.463798236249
13.23 0.391905797118
13.3 0.314771390497
13.37 0.329919810573
13.44 0.709737018557
13.51 0.484437497804
13.58 0.3186882532
13.65 0.550461812578
13.72 0.640027967566
13.79 0.823729526639
13.86 0.705829162498
13.93 0.580724103375
14.0 0.664532007398
14.07 0.542250036595
14.14 0.44915325734
14.21 0.304437350082
14.28 0.300559024236
14.35 0.496076220189
14.42 0.494623284065
14.49 0.332949310964
14.56 0.309641256094
14.63 0.32717644815
14.7 0.330974578396
14.77 0.607251951837
14.84 0.437964100868
14.91 0.377387229088
14.98 0.450929849419
15.05 0.612612931334
15.12 0.412613013638
15.19 0.283834777794
15.26 0.509120948223
15.33 0.781705418874
15.4 0.699754355034
15.47 0.409471375067
15.54 0.543685647666
15.61 0.342866288567
15.68 0.212498704328
15.75 0.473173671473
15.82 0.635599562399
15.89 0.563750253556
15.96 0.384758290847
16.03 0.555668316851
16.1 0.62840932601
16.17 0.530599980342
16.24 0.631314633481
16.31 0.626762740657
16.38 0.62528619881
16.45 0.436650339884
16.52 0.534255085595
16.59 0.611411282986
16.66 0.508799853635
16.73 0.579927840563
16.8 0.550385134778
16.87 0.501477594065
16.94 0.422723008997
17.01 0.355940143806
17.08 0.361528950099
17.15 0.396878384077
17.22 0.552524978271
17.29 0.320579855594
17.36 0.28305898037
17.43 0.707499303908
17.5 0.699124781119
17.57 0.605135491278
17.64 0.434027720696
17.71 0.605057394437
17.78 0.474498079511
17.85 0.402285016913
17.92 0.687575304969
17.99 0.57136715256
18.06 0.587842990457
18.13 0.50027462601
18.2 0.360124557897
18.27 0.426209992123
18.34 0.457456540087
18.41 0.464091764575
18.48 0.340123719387
18.55 0.498756212564
18.62 0.716980879031
18.69 0.542391178524
18.76 0.416254037762
18.83 0.54829037417
18.9 0.285942840478
18.97 0.244434977874
19.04 0.662228164088
19.11 0.297859711638
19.18 0.20963694718
19.25 0.353962065143
19.32 0.308390377008
19.39 0.199888623845
19.46 0.200887563815
19.53 0.355447036084
19.6 0.441723350851
19.67 0.351902540706
19.74 0.526451939072
19.81 0.433216386265
19.88 0.487272622419
19.95 0.488544280501
20.02 0.556283591105
20.09 0.52837543296
20.16 0.359441325841
20.23 0.455184249121
20.3 0.251056551201
20.37 0.275136769336
20.44 0.308723601546
20.51 0.312742477581
20.58 0.320458778885
20.65 0.403559883443
20.72 0.462247343826
20.79 0.273365702997
20.86 0.264507052169
20.93 0.345565056254
21.0 0.422724669274
21.07 0.256428363646
21.14 0.458209120606
21.21 0.360159532965
21.28 0.415857695765
21.35 0.352326392203
21.42 0.631335128669
21.49 0.546161660204
21.56 0.417610687797
21.63 0.450713076941
21.7 0.291051323176
21.77 0.322605166988
21.84 0.311724269892
21.91 0.341936362165
21.98 0.335350030684
22.05 0.351684173227
22.12 0.468133624794
22.19 0.415440824523
22.26 0.260402616564
22.33 0.351694503835
22.4 0.370150416984
22.47 0.326489718161
22.54 0.523050541058
22.61 0.523889908615
22.68 0.436739160406
22.75 0.422134795828
22.82 0.37415733903
22.89 0.323242369659
22.96 0.497275287304
23.03 0.637086362483
23.1 0.44346523748
23.17 0.316316907598
23.24 0.336727884008
23.31 0.389044129369
23.38 0.341700520634
23.45 0.210837846275
23.52 0.497116096612
23.59 0.363157710897
23.66 0.218049491714
23.73 0.479486429161
23.8 0.402671915202
23.87 0.405213941459
23.94 0.439130443513
24.01 0.555785911238
24.08 0.447763340761
24.15 0.469961610227
24.22 0.481066901463
24.29 0.399882445347
24.36 0.352567048536
24.43 0.482269530367
24.5 0.402924585123
24.57 0.317640887087
24.64 0.276583725627
24.71 0.343989275297
24.78 0.285667756827
24.85 0.288304933942
24.92 0.597246380759
24.99 0.358649322986
25.06 0.168002944734
25.13 0.423921982456
25.2 0.329060529635
25.27 0.282755372606
25.34 0.363010038548
25.41 0.440165463982
25.48 0.284499284205
25.55 0.265021366017
25.62 0.454624490532
25.69 0.326714123653
25.76 0.3660798127
25.83 0.450530084699
25.9 0.486798603617
25.97 0.31905944556
26.04 0.447377855836
26.11 0.474719226888
26.18 0.633526298822
26.25 0.597210677725
26.32 0.681508066661
26.39 0.531845908399
26.46 0.542910561181
26.53 0.698940240705
26.6 0.557664215813
26.67 0.540959461297
26.74 0.492609058208
26.81 0.708522410121
26.88 0.713237659938
26.95 0.73702895311
27.02 0.646081278001
27.09 0.709055395692
27.16 0.674059352222
27.23 0.556885178722
27.3 0.393077007068
27.37 0.30481845869
27.44 0.476630400676
27.51 0.540302082722
27.58 0.447892063256
27.65 0.293318089822
27.72 0.396951827886
27.79 0.24807376701
27.86 0.626449628166
27.93 0.485606962336
28.0 0.383558253109
28.07 0.307593790655
28.14 0.44450151238
28.21 0.58991253757
28.28 0.32129745395
28.35 0.281732036508
28.42 0.561617200167
28.49 0.645322775831
28.56 0.496630526828
28.63 0.469741409349
28.7 0.591299672831
28.77 0.514812729957
28.84 0.637809671054
28.91 0.688885656002
28.98 0.709381560508
29.05 0.665990199645
29.12 0.689980225046
29.19 0.52111433967
29.26 0.425831234864
29.33 0.384477847484
29.4 0.437653033214
29.47 0.348753415282
29.54 0.301866968578
29.61 0.340204136357
29.68 0.281724939891
29.75 0.497444763195
29.82 0.440889720471
29.89 0.408192408932
29.96 0.422169694267
30.03 0.445451140727
30.1 0.496494130168
30.17 0.348091890274
30.24 0.293887385775
30.31 0.673531262338
30.38 0.658956568458
30.45 0.455968030061
30.52 0.571267631061
30.59 0.49578847303
30.66 0.229195980505
30.73 0.319120589135
30.8 0.727842925607
30.87 0.69342198622
30.94 0.499266808529
31.01 0.501419253093
31.08 0.68392233679
31.15 0.487246201322
31.22 0.42791908191
31.29 0.609254148496
31.36 0.639036928808
31.43 0.51716733373
31.5 0.610358963006
31.57 0.703877089153
31.64 0.603336068272
31.71 0.618229801971
31.78 0.549941270566
31.85 0.496648987113
31.92 0.459556373761
31.99 0.498922287017
32.06 0.47065495294
32.13 0.520076153324
32.2 0.647201043511
32.27 0.477885352405
32.34 0.353168421878
32.41 0.652074267903
32.48 0.566729177959
32.55 0.508282023406
32.62 0.542816940048
32.69 0.762410850527
32.76 0.628000114744
32.83 0.470119516688
32.9 0.671927803015
32.97 0.597690239295
33.04 0.582746589461
33.11 0.473608458089
33.18 0.336403370954
33.25 0.341757781717
33.32 0.498695015065
33.39 0.235315938969
33.46 0.188421740052
33.53 0.583199268746
33.6 0.53569897818
33.67 0.619392950358
33.74 0.513729565733
33.81 0.611660991372
33.88 0.645337986515
33.95 0.87557132181
34.02 0.609451251668
34.09 0.427897306749
34.16 0.381454376591
34.23 0.554568407961
34.3 0.319051328653
34.37 0.179789909921
34.44 0.378254983112
34.51 0.628593565588
34.58 0.709088208143
34.65 0.597486866807
34.72 0.528074869036
34.79 0.238529915918
34.86 0.191792140566
34.93 0.285382216275
35.0 0.224617050721
35.07 0.251073461895
35.14 0.337445583116
35.21 0.293706947804
35.28 0.262633603547
35.35 0.318087155151
35.42 0.411875611167
35.49 0.38188543681
35.56 0.5440847128
35.63 0.627353506678
35.7 0.55638924995
35.77 0.409660903406
35.84 0.470479258818
35.91 0.500862443268
35.98 0.326113252651
36.05 0.395048109733
36.12 0.63757039119
36.19 0.42674731144
36.26 0.378967038699
36.33 0.376167709357
36.4 0.538546929493
36.47 0.562726220709
36.54 0.60489689681
36.61 0.443870197304
36.68 0.476387056682
36.75 0.405797298675
36.82 0.419402991481
36.89 0.395818090513
36.96 0.371862380326
37.03 0.386121579149
37.1 0.25583317164
37.17 0.253030169823
37.24 0.231386595814
37.31 0.244366605712
37.38 0.233142110898
37.45 0.347007639066
37.52 0.508203651272
37.59 0.426642438743
37.66 0.364935598558
37.73 0.376307772815
37.8 0.276131013704
37.87 0.348193863873
37.94 0.490419278713
38.01 0.450089755314
38.08 0.245555648731
38.15 0.305961634095
38.22 0.638648805888
38.29 0.580554074059
38.36 0.377280613811
38.43 0.644118364613
38.5 0.676450364293
38.57 0.565100777597
38.64 0.483524327421
38.71 0.402079453428
38.78 0.439078177449
38.85 0.420915322924
38.92 0.595688698232
38.99 0.602850393479
39.06 0.594472909155
39.13 0.389890556647
39.2 0.340047905781
39.27 0.344443423288
39.34 0.388225888473
39.41 0.48738848132
39.48 0.498991733392
39.55 0.459304424712
39.62 0.412043171354
39.69 0.415239777841
39.76 0.407606846528
39.83 0.530855587675
39.9 0.696512918251
39.97 0.610432890708
40.04 0.483820669703
40.11 0.663054538918
40.18 0.591078654587
40.25 0.390953323597
40.32 0.673270001552
40.39 0.585329455675
40.46 0.54730118442
40.53 0.473417043847
40.6 0.462862635108
40.67 0.369395537622
40.74 0.338995984551
40.81 0.410025156662
40.88 0.272167714352
40.95 0.201989841082
41.02 0.430289665488
41.09 0.348497026059
41.16 0.480238524367
41.23 0.603081266953
41.3 0.48989250286
41.37 0.245083754232
41.44 0.617701303404
41.51 0.861471146233
41.58 0.341479022754
41.65 0.326860982892
41.72 0.525253658105
41.79 0.424841913143
41.86 0.282756523447
41.93 0.523253719138
42.0 0.6980968672
42.07 0.668404096566
42.14 0.562910519887
42.21 0.53056684435
42.28 0.458555796219
42.35 0.716620848837
42.42 0.53883580195
42.49 0.345596512103
42.56 0.416149078503
42.63 0.435555522508
42.7 0.328637831817
42.77 0.302416020514
42.84 0.257985451595
42.91 0.323469872915
42.98 0.268528201506
43.05 0.291788670305
43.12 0.43586694776
43.19 0.345330280421
43.26 0.270737240204
43.33 0.676078233948
43.4 0.539154272734
43.47 0.470388650306
43.54 0.359263873529
43.61 0.412168014195
43.68 0.258850089408
43.75 0.187095109798
43.82 0.653817726828
43.89 0.585519081927
43.96 0.474508710955
44.03 0.51103628831
44.1 0.465365334103
44.17 0.764971789743
44.24 0.391862787449
44.31 0.277575032584
44.38 0.299440155559
44.45 0.22748858647
44.52 0.755166957415
44.59 0.535431903589
44.66 0.508015868353
44.73 0.367975023712
44.8 0.349482316288
44.87 0.342702200769
44.94 0.290426065979
45.01 0.47962669838
45.08 0.375921815349
45.15 0.276683255641
45.22 0.365987241657
45.29 0.265764619188
45.36 0.252608577437
45.43 0.443102498339
45.5 0.322905965054
45.57 0.215795859698
45.64 0.225675248363
45.71 0.566552069055
45.78 0.369519026698
45.85 0.284686041159
45.92 0.56220187709
45.99 0.669449999649
46.06 0.488605074992
46.13 0.443944292453
46.2 0.40438026567
46.27 0.459447465315
46.34 0.460793757781
46.41 0.605547184444
46.48 0.616438004884
46.55 0.523660370457
46.62 0.455217955567
46.69 0.535090109471
46.76 0.319807680979
46.83 0.440142634474
46.9 0.574205752402
46.97 0.484592326369
47.04 0.392867173693
47.11 0.365578054514
47.18 0.306706666742
47.25 0.219692264108
47.32 0.400593018037
47.39 0.560741295181
47.46 0.612140270553
47.53 0.445133518529
47.6 0.446768691966
47.67 0.599342425597
47.74 0.374168943935
47.81 0.652566273031
47.88 0.562748763571
47.95 0.522238621983
48.02 0.343450311313
48.09 0.364593289329
48.16 0.389899222722
48.23 0.416201873869
48.3 0.399887650384
48.37 0.291963179529
48.44 0.221347658859
48.51 0.504644045961
48.58 0.503370446633
48.65 0.619574628569
48.72 0.552404792718
48.79 0.447835493245
48.86 0.578967646048
48.93 0.627203502848
49.0 0.462624344314
49.07 0.393893552211
49.14 0.337859560936
49.21 0.507340472233
49.28 0.306376754242
49.35 0.25566988418
49.42 0.395629881882
49.49 0.657744501522
49.56 0.504155934678
49.63 0.465271917312
49.7 0.570515562816
49.77 0.304741416196
49.84 0.343242505745
49.91 0.312412969508
49.98 0.394193559872
50.05 0.371025882068
50.12 0.383755410203
50.19 0.323757915234
50.26 0.246289578813
50.33 0.293050707299
50.4 0.309166465335
50.47 0.210074231306
50.54 0.308864936463
50.61 0.358082093154
50.68 0.373893735409
50.75 0.236669672878
50.82 0.233062207621
50.89 0.341330450734
50.96 0.265510284734
51.03 0.381527932505
51.1 0.48680217392
51.17 0.280163076874
51.24 0.233697735825
51.31 0.377528361084
51.38 0.563810907562
51.45 0.503868614649
51.52 0.440386280723
51.59 0.42887005125
51.66 0.26235823467
51.73 0.428132773654
51.8 0.388291773059
51.87 0.367014775274
51.94 0.325827963268
52.01 0.476644168197
52.08 0.504876425036
52.15 0.299492738069
52.22 0.345849648888
52.29 0.438551875555
52.36 0.444423594339
52.43 0.364023034105
52.5 0.479934783214
52.57 0.50809872749
52.64 0.268665502094
52.71 0.238802734781
52.78 0.687144918794
52.85 0.622529186645
52.92 0.487776330365
52.99 0.632811740049
53.06 0.422474247111
53.13 0.288571676478
53.2 0.35619885174
53.27 0.422281308821
53.34 0.345635109978
53.41 0.611943800273
53.48 0.623351494509
53.55 0.432769349081
53.62 0.264779909346
53.69 0.351881304779
53.76 0.47314591364
53.83 0.367560940883
53.9 0.357068090079
53.97 0.460814850385
54.04 0.247081516392
54.11 0.599218374581
54.18 0.635924118025
54.25 0.294217091095
54.32 0.337210692341
54.39 0.497894110575
54.46 0.601292217127
54.53 0.394742008716
54.6 0.405387123881
54.67 0.445160423518
54.74 0.401509924752
54.81 0.379215916946
54.88 0.742758861599
54.95 0.529545330299
55.02 0.322633414389
55.09 0.435084774592
55.16 0.563631054235
55.23 0.649606680202
55.3 0.865279746153
55.37 0.509490859189
55.44 0.37753142479
55.51 0.337706805588
55.58 0.381512822572
55.65 0.42871404772
55.72 0.380971390879
55.79 0.617452808297
55.86 0.546090154802
55.93 0.272915023138
56.0 0.435734918904
56.07 0.407526792832
56.14 0.292140089767
56.21 0.399823176323
56.28 0.525616327713
56.35 0.500901080876
56.42 0.325607211803
56.49 0.362011632137
56.56 0.669163338055
56.63 0.445099102563
56.7 0.350273237835
56.77 0.51369363849
56.84 0.450740746793
56.91 0.785839562071
56.98 0.558519652573
57.05 0.693997636632
57.12 0.728674235857
57.19 0.72944431597
57.26 0.534475744822
57.33 0.366460535329
57.4 0.321348921095
57.47 0.531270259406
57.54 0.568920077076
57.61 0.417972152641
57.68 0.392481558216
57.75 0.360621433169
57.82 0.392215329372
57.89 0.594658618858
57.96 0.497859094356
58.03 0.397505964241
58.1 0.317093115125
58.17 0.485798480168
58.24 0.391563490727
58.31 0.356703577138
58.38 0.472625160191
58.45 0.687179756215
58.52 0.569460116691
58.59 0.324782817952
58.66 0.509371547765
58.73 0.578266647617
58.8 0.642568474032
58.87 0.497811281238
58.94 0.541924294653
59.01 0.657189303726
59.08 0.66014083499
59.15 0.501512648598
59.22 0.341412420134
59.29 0.368817470585
59.36 0.683790787568
59.43 0.514397782932
59.5 0.321031467762
59.57 0.406118184664
59.64 0.339326583866
59.71 0.736953883081
59.78 0.590062092984
59.85 0.457095882677
59.92 0.467488742281
59.99 0.429868660584
60.06 0.486095997414
60.13 0.304129465333
60.2 0.271461195857
60.27 0.664940547459
60.34 0.661650352478
60.41 0.48639208143
60.48 0.488490467684
60.55 0.393373799185
60.62 0.210209592067
60.69 0.278702995885
60.76 0.705497036297
60.83 0.645072505505
60.9 0.419199163482
60.97 0.555383681646
61.04 0.745566699502
61.11 0.562290584089
61.18 0.488117152441
61.25 0.570891599776
61.32 0.593086714717
61.39 0.540509462578
61.46 0.551017098355
61.53 0.685961801684
61.6 0.652928339547
61.67 0.524724198848
61.74 0.546899897071
61.81 0.472247948266
61.88 0.442262930698
61.95 0.424340614726
62.02 0.410642734016
62.09 0.435617127271
62.16 0.566968645137
62.23 0.454875366787
62.3 0.340515063527
62.37 0.469481718021
62.44 0.512102672391
62.51 0.456001815973
62.58 0.407176572458
62.65 0.62600173672
62.72 0.683601394039
62.79 0.522867700653
62.86 0.634103239141
62.93 0.580547318011
63.0 0.637471679962
63.07 0.564145351055
63.14 0.425788301823
63.21 0.398799600407
63.28 0.436840252782
63.35 0.485694742702
63.42 0.362867016392
63.49 0.343579330387
63.56 0.736646382892
63.63 0.723319363906
63.7 0.84035431402
63.77 0.655945596465
63.84 0.606226529751
63.91 0.561824499137
63.98 0.79704249316
64.05 0.707783507725
64.12 0.572453377651
64.19 0.420246353634
64.26 0.630701536034
64.33 0.467263515165
64.4 0.43188343419
64.47 0.597287650686
64.54 0.639790112418
64.61 0.701824634372
64.68 0.646920063751
64.75 0.583497086829
64.82 0.368607218593
64.89 0.287437689354
64.96 0.477079604733
65.03 0.410772000003
65.1 0.291977929025
65.17 0.466520928942
65.24 0.301116982064
65.31 0.409636314289
65.38 0.490489819168
65.45 0.424911013273
65.52 0.35150666983
65.59 0.355237839858
65.66 0.653729769082
65.73 0.352540071175
65.8 0.310232701835
65.87 0.468170326832
65.94 0.495868349346
66.01 0.440438339607
66.08 0.401702946765
66.15 0.619746776512
66.22 0.442932879125
66.29 0.591068813548
66.36 0.632370502479
66.43 0.683718470476
66.5 0.655191191062
66.57 0.6763856419
66.64 0.503728369554
66.71 0.363524165083
66.78 0.448028562087
66.85 0.421200572574
66.92 0.316533430326
66.99 0.283890201221
67.06 0.516788372129
67.13 0.28372506901
67.2 0.560630935057
67.27 0.488159749169
67.34 0.39260398727
67.41 0.358231185961
67.48 0.374269866027
67.55 0.518858109393
67.62 0.36585309985
67.69 0.344422581854
67.76 0.835096718648
67.83 0.743487800918
67.9 0.545206489089
67.97 0.522782877565
68.04 0.439062238797
68.11 0.256419349907
68.18 0.380056496363
68.25 0.667069125197
68.32 0.627838996996
68.39 0.430533206728
68.46 0.47226825614
68.53 0.665155700813
68.6 0.472756296472
68.67 0.446629244371
68.74 0.543562064933
68.81 0.534086462547
68.88 0.493332196493
68.95 0.500181353961
69.02 0.699456088535
69.09 0.624674601288
69.16 0.452613962692
69.23 0.512634395016
69.3 0.486303408488
69.37 0.464807691302
69.44 0.489288105545
69.51 0.450662410135
69.58 0.490320110555
69.65 0.504313252238
69.72 0.358423665901
69.79 0.214854297172
69.86 0.690168020737
69.93 0.576244668127
70.0 0.600439619865
70.07 0.578200313195
70.14 0.695899314207
70.21 0.606707242163
70.28 0.407688364673
70.35 0.736452136247
70.42 0.594431975541
70.49 0.63714593802
70.56 0.588309776414
70.63 0.546516701056
70.7 0.469687683094
70.77 0.637599553871
70.84 0.512488429773
70.91 0.38579008442
70.98 0.451888518467
71.05 0.735489327861
71.12 0.558489824362
71.19 0.49215460938
71.26 0.494109469718
71.33 0.512516942534
71.4 0.532259656335
71.47 0.806900352157
71.54 0.497159507869
71.61 0.436302673781
71.68 0.437829848377
71.75 0.45043014884
71.82 0.273429410776
71.89 0.258707745553
71.96 0.425376215582
72.03 0.428708162963
72.1 0.363141555132
72.17 0.546992089231
72.24 0.858242655348
72.31 0.725301333576
72.38 0.371938402531
72.45 0.383670345879
72.52 0.352932408643
72.59 0.535953315473
72.66 0.712179646771
72.73 0.315547954202
72.8 0.275132245438
72.87 0.324579059485
72.94 0.223856150374
73.01 0.301298556686
73.08 0.52120945789
73.15 0.56092955064
73.22 0.617552389396
73.29 0.581427908666
73.36 0.39823995676
73.43 0.277878461549
73.5 0.365671214459
73.57 0.557174723804
73.64 0.335315298273
73.71 0.179365744816
73.78 0.280692557417
73.85 0.665579003142
73.92 0.588627605792
73.99 0.539885466907
74.06 0.492529574966
74.13 0.310768595018
74.2 0.233719621672
74.27 0.298984175588
74.34 0.28932587612
74.41 0.252526615133
74.48 0.360724465372
74.55 0.449498407486
74.62 0.371717353068
74.69 0.412734728916
74.76 0.300743297871
74.83 0.265540093078
74.9 0.351683108948
74.97 0.562413716987
75.04 0.563865498013
75.11 0.602236810721
75.18 0.576569923339
75.25 0.336555565781
75.32 0.344421985858
75.39 0.577582673402
75.46 0.795865659556
75.53 0.46455967725
75.6 0.212916642688
75.67 0.7335710532
75.74 0.686007100264
75.81 0.256717009057
75.88 0.423759394583
75.95 0.518395698335
76.02 0.30084640954
76.09 0.235735414149
76.16 0.285303950568
76.23 0.272820475372
76.3 0.279179671129
76.37 0.501618880735
76.44 0.583544864471
76.51 0.489076049954
76.58 0.466946464839
76.65 0.513572634152
76.72 0.617169590712
76.79 0.486455722515
76.86 0.475658914863
76.93 0.267715477835
77.0 0.237428092744
77.07 0.418947154833
77.14 0.478311736888
77.21 0.344133286523
77.28 0.346949388912
77.35 0.56586249673
77.42 0.332552895177
77.49 0.184314066199
77.56 0.338603131972
77.63 0.349858906674
77.7 0.360341957591
77.77 0.368545251975
77.84 0.455151131577
77.91 0.300672966015
77.98 0.215301453556
78.05 0.458496453405
78.12 0.446350999101
78.19 0.320425696816
78.26 0.437725844132
78.33 0.476519724107
78.4 0.307759331549
78.47 0.273463443601
78.54 0.431052569518
78.61 0.411165783472
78.68 0.439004164604
78.75 0.658181850923
78.82 0.521814200032
78.89 0.346266696091
78.96 0.656530036409
79.03 0.67162289683
79.1 0.418669169247
79.17 0.490758668978
79.24 0.749210971806
79.31 0.568234330481
79.38 0.632863830152
79.45 0.572731486694
79.52 0.692896583997
79.59 0.73561277011
79.66 0.685223895454
79.73 0.606282757774
79.8 0.324884558829
79.87 0.427190017715
79.94 0.663150254553
80.01 0.609779854394
80.08 0.400876776277
80.15 0.439814514222
80.22 0.329874788706
80.29 0.74721181473
80.36 0.669108109037
80.43 0.443442065984
80.5 0.286389207875
80.57 0.334167161906
80.64 0.572911003709
80.71 0.405611244146
80.78 0.282251085691
80.85 0.661018390319
80.92 0.604625655918
80.99 0.532400305857
81.06 0.458723807661
81.13 0.506698395161
81.2 0.421571099404
81.27 0.547506745067
81.34 0.586509140129
81.41 0.602027011403
81.48 0.65076879269
81.55 0.673526480175
81.62 0.506738544046
81.69 0.249487784557
81.76 0.435774849257
81.83 0.640743586362
81.9 0.405133015054
81.97 0.294453351243
82.04 0.40933416104
82.11 0.313599307838
82.18 0.640202166021
82.25 0.466854766505
82.32 0.403490090822
82.39 0.571666828165
82.46 0.469637138325
82.53 0.429383600235
82.6 0.38521945315
82.67 0.267780709663
82.74 0.691689590127
82.81 0.671777783575
82.88 0.599707340126
82.95 0.524142176948
83.02 0.45462248401
83.09 0.230935822298
83.16 0.304951611426
83.23 0.678411987773
83.3 0.625435599548
83.37 0.378092125621
83.44 0.550922347667
83.51 0.746284986091
83.58 0.501200975014
83.65 0.530859394958
83.72 0.668753110756
83.79 0.706417022327
83.86 0.650071622827
83.93 0.733874920648
84.0 0.685847378851
84.07 0.613577858346
84.14 0.563794087687
84.21 0.631583578367
84.28 0.589589733039
84.35 0.525365021489
84.42 0.440858144004
84.49 0.431454364884
84.56 0.488124203648
84.63 0.648595610282
84.7 0.421679103921
84.77 0.311572123312
84.84 0.682297052639
84.91 0.758453481341
84.98 0.737590679907
85.05 0.561038183792
85.12 0.688088538928
85.19 0.685282426577
85.26 0.443776485353
85.33 0.763007140869
85.4 0.604276961011
85.47 0.706239391216
85.54 0.476729652557
85.61 0.357091453146
85.68 0.407074574735
85.75 0.607139624926
85.82 0.57078916357
85.89 0.296635345886
85.96 0.25179697197
86.03 0.681126675665
86.1 0.52402146635
86.17 0.537535909239
86.24 0.681670565135
86.31 0.619621046771
86.38 0.520143669806
86.45 0.565285834542
86.52 0.610825578678
86.59 0.410742403096
86.66 0.347236264781
86.73 0.623131462497
86.8 0.366863267261
86.87 0.616569312869
86.94 0.539504947201
87.01 0.656331613531
87.08 0.655911678582
87.15 0.542666178451
87.22 0.387592165287
87.29 0.273453470591
87.36 0.257364671468
87.43 0.606790680268
87.5 0.433240437566
87.57 0.333710727842
87.64 0.406742516647
87.71 0.308964859551
87.78 0.468246673997
87.85 0.526838746542
87.92 0.50619129429
87.99 0.466230522503
88.06 0.339166934824
88.13 0.490909754117
88.2 0.368911595476
88.27 0.262908678683
88.34 0.583920993669
88.41 0.600802671194
88.48 0.361494430543
88.55 0.358682179427
88.62 0.738226216626
88.69 0.572301815716
88.76 0.777689854877
88.83 0.677144033385
88.9 0.729354778833
88.97 0.769164190188
89.04 0.599052954305
89.11 0.389729897249
89.18 0.34379615395
89.25 0.402547603082
89.32 0.590291297667
89.39 0.4010036824
89.46 0.287794435891
89.53 0.408876505183
89.6 0.276312887743
89.67 0.47466392408
89.74 0.439605491118
89.81 0.362247642534
89.88 0.431394734005
89.95 0.383099947332
90.02 0.355317992887
90.09 0.29020181942
90.16 0.27175190739
90.23 0.698465923905
90.3 0.647679801904
90.37 0.505266924847
90.44 0.32826263067
90.51 0.263906306042
90.58 0.197715283923
90.65 0.298460151252
90.72 0.929586854234
90.79 0.792902363035
90.86 0.518118369764
90.93 0.359411432354
91.0 0.643641319
91.07 0.567759165096
91.14 0.623819709439
91.21 0.736908038171
91.28 0.759272890106
91.35 0.73079742834
91.42 0.597738560429
91.49 0.500999218812
91.56 0.793564616011
91.63 0.728693475195
91.7 0.503897313305
91.77 0.262930817119
91.84 0.252929168266
91.91 1.0
91.98 0.693690485527
92.05 0.388328245213
92.12 0.32506552752
92.19 0.198560478056
92.26 0.512011551606
92.33 0.555723250709
92.4 0.393347776838
92.47 0.265498078156
92.54 0.393698854312
92.61 0.454971136346
92.68 0.366385580243
92.75 0.54736224711
92.82 0.513948126201
92.89 0.42110405802
92.96 0.57178059824
93.03 0.68030957
93.1 0.831228599953
93.17 0.615362167162
93.24 0.273156184649
93.31 0.174739248826
93.38 0.145876067147
93.45 0.247497092051
93.52 0.907369917303
93.59 0.733900268951
93.66 0.594818869573
93.73 0.614297656213
93.8 0.813613419477
93.87 0.70702031563
93.94 0.522991002417
94.01 0.295312134098
94.08 0.1812315661
94.15 0.13203510752
94.22 0.114826802572
94.29 0.113355292639
94.36 0.111285535508
94.43 0.0761748549303
94.5 0.0
94.57 0.0
94.64 0.0
94.71 0.0
94.78 0.0
94.85 0.0
94.92 0.0
94.99 0.0
95.06 0.0
95.13 0.0
95.2 0.0
95.27 0.0
95.34 0.0
95.41 0.0
95.48 0.0
95.55 0.0
95.62 0.0
95.69 0.0
95.76 0.0
95.83 0.0
95.9 0.0
95.97 0.0
96.04 0.0
96.11 0.0
96.18 0.0
96.25 0.0
96.32 0.0
96.39 0.0
96.46 0.0
96.53 0.0
96.6 0.0
96.67 0.0
96.74 0.0
96.81 0.0
96.88 0.0
96.95 0.0
97.02 0.0
97.09 0.0
97.16 0.0
97.23 0.0
97.3 0.0
97.37 0.0
97.44 0.0
97.51 0.0
97.58 0.0
97.65 0.0
97.72 0.0
97.79 0.0
97.86 0.0
97.93 0.0
98.0 0.0
98.07 0.0
98.14 0.0
98.21 0.0
98.28 0.0
98.35 0.0
98.42 0.0
98.49 0.0
98.56 0.0
98.63 0.0
98.7 0.0
98.77 0.0
98.84 0.0
98.91 0.0
98.98 0.0
99.05 0.0
99.12 0.0
99.19 0.0
99.26 0.0
99.33 0.0
99.4 0.0
99.47 0.0
99.54 0.0
99.61 0.0
99.68 0.0
99.75 0.0
99.82 0.0
99.89 0.0
99.96 0.0
100.03 0.0
100.1 0.0
100.17 0.0
100.24 0.0
100.31 0.0
100.38 0.0
100.45 0.0
100.52 0.0
100.59 0.0
100.66 0.0
100.73 0.0
100.8 0.0
100.87 0.0
100.94 0.0
101.01 0.0
101.08 0.0
101.15 0.0
101.22 0.0
101.29 0.0
101.36 0.0
101.43 0.0
101.5 0.0
101.57 0.0
101.64 0.0
101.71 0.0
101.78 0.0
101.85 0.0
101.92 0.0
101.99 0.0
102.06 0.0
102.13 0.0
102.2 0.0
102.27 0.0
102.34 0.0
102.41 0.0
102.48 0.0
102.55 0.0
102.62 0.0
102.69 0.0
102.76 0.0
102.83 0.0
102.9 0.0
102.97 0.0
103.04 0.0
103.11 0.0
103.18 0.0
103.25 0.0
103.32 0.0
103.39 0.0
103.46 0.0
