0.0 0.0
0.07 0.0
0.14 0.0
0.21 0.0
0.28 0.0
0.35 0.0
0.42 0.0
0.49 0.0
0.56 0.0
0.63 0.0
0.7 0.0
0.77 0.0
0.84 0.0
0.91 0.0
0.98 0.0
1.05 0.0
1.12 0.0
1.19 0.0
1.26 0.0
1.33 0.0
1.4 0.0
1.47 0.0
1.54 0.0
1.61 0.0
1.68 0.0
1.75 0.0
1.82 0.0
1.89 0.0
1.96 0.0
2.03 0.0
2.1 0.0
2.17 0.0
2.24 0.0
2.31 0.0
2.38 0.0
2.45 0.0
2.52 0.0
2.59 0.0
2.66 0.0
2.73 0.0
2.8 0.0
2.87 0.0
2.94 0.0
3.01 0.0
3.08 0.0
3.15 0.0
3.22 0.0
3.29 0.0
3.36 0.0
3.43 0.0
3.5 0.0
3.57 0.0
3.64 0.0
3.71 0.0
3.78 0.0
3.85 0.0
3.92 0.0
3.99 0.0481823238479
4.06 0.419983139727
4.13 0.760111890429
4.2 0.600629012643
4.27 0.429940516867
4.34 0.393788128996
4.41 0.508675123088
4.48 0.426553032658
4.55 0.342537132166
4.62 0.365947226859
4.69 0.345644092533
4.76 0.322494717714
4.83 0.390655718729
4.9 0.395834006986
4.97 0.347952606153
5.04 0.351982806206
5.11 0.352948159455
5.18 0.313443581659
5.25 0.338328119338
5.32 0.596160760492
5.39 0.542707270492
5.46 0.396231162602
5.53 0.12297245476
5.6 0.110187034675
5.67 0.635057618055
5.74 0.569409887207
5.81 0.484341294836
5.88 0.605276552242
5.95 0.564669055842
6.02 0.452226375371
6.09 0.418986350373
6.16 0.562146248496
6.23 0.420433750906
6.3 0.339076794832
6.37 0.295285271556
6.44 0.328439065136
6.51 0.408197186359
6.58 0.404733733255
6.65 0.466128668359
6.72 0.453739955884
6.79 0.406378193178
6.86 0.32747815674
6.93 0.512849219238
7.0 0.562516214458
7.07 0.534385825174
7.14 0.397910668271
7.21 0.356903264223
7.28 0.291688933685
7.35 0.472952987757
7.42 0.540633387906
7.49 0.554810351865
7.56 0.599574898881
7.63 0.453672491622
7.7 0.140399202104
7.77 0.47228973727
7.84 0.498751245009
7.91 0.56075119098
7.98 0.592696263109
8.05 0.46118686609
8.12 0.378315690562
8.19 0.324385821612
8.26 0.374069541296
8.33 0.428901911554
8.4 0.453211638188
8.47 0.368676761976
8.54 0.293647555179
8.61 0.275948296888
8.68 0.489249425241
8.75 0.534010565283
8.82 0.573130670279
8.89 0.512386725251
8.96 0.361094463507
9.03 0.522169987272
9.1 0.782365726155
9.17 0.490673017493
9.24 0.440859529879
9.31 0.256573220438
9.38 0.212593140272
9.45 0.322996661765
9.52 0.904515436281
9.59 0.752647707486
9.66 0.618817203632
9.73 0.527261933177
9.8 0.41297239253
9.87 0.430211241125
9.94 0.364151718755
10.01 0.375945017276
10.08 0.758094961047
10.15 0.551003088841
10.22 0.288910160654
10.29 0.104551145289
10.36 0.0470170653084
10.43 0.0500977970998
10.5 0.0489173693148
10.57 0.0556523532599
10.64 0.0592058106251
10.71 0.0492768028862
10.78 0.0423794319597
10.85 0.0952288497704
10.92 0.0916667608367
10.99 0.46900502654
11.06 0.639711382794
11.13 0.468241894342
11.2 0.163859694192
11.27 0.156881461512
11.34 0.226263624659
11.41 0.268786392709
11.48 0.526828618201
11.55 0.511318104651
11.62 0.40490379286
11.69 0.107133822141
11.76 0.10262717167
11.83 0.195212246268
11.9 0.504678647166
11.97 0.549125522169
12.04 0.417857365328
12.11 0.140350317261
12.18 0.18656230001
12.25 0.18749235471
12.32 0.52552471696
12.39 0.568733082427
12.46 0.457028598394
12.53 0.236594305401
12.6 0.227544492029
12.67 0.212445981203
12.74 0.531439962173
12.81 0.682938385281
12.88 0.563334408638
12.95 0.374165179757
13.02 0.322271179078
13.09 0.263704756259
13.16 0.49383738547
13.23 0.660050367143
13.3 0.557309510933
13.37 0.409665006333
13.44 0.183733785593
13.51 0.301899042338
13.58 0.314547302406
13.65 0.709254532373
13.72 0.564850137444
13.79 0.429627698245
13.86 0.466914087753
13.93 0.426510720693
14.0 0.323933134674
14.07 0.427890215358
14.14 0.479895660551
14.21 0.373931762604
14.28 0.317655044649
14.35 0.273917692679
14.42 0.509595049668
14.49 0.524714365005
14.56 0.470398726173
14.63 0.401963359257
14.7 0.3081888189
14.77 0.2645959241
14.84 0.252092738809
14.91 0.232990513576
14.98 0.199038979389
15.05 0.161783747581
15.12 0.128436638655
15.19 0.131718771221
15.26 0.140638359058
15.33 0.162270669589
15.4 0.125527684889
15.47 0.0831314079302
15.54 0.0931364218987
15.61 0.100871037897
15.68 0.0784973074232
15.75 0.0977962336422
15.82 0.136545752935
15.89 0.11782616368
15.96 0.105598943243
16.03 0.0960785675227
16.1 0.0980764012123
16.17 0.0879100349414
16.24 0.551536752733
16.31 0.714263039428
16.38 0.315423374603
16.45 0.172756346292
16.52 0.0956177620893
16.59 0.0642279871746
16.66 0.0483558426939
16.73 0.0528311381284
16.8 0.0614865073833
16.87 0.0419024012684
16.94 0.0472339275988
17.01 0.045361602589
17.08 0.07758051368
17.15 0.0426921236467
17.22 0.0510981128944
17.29 0.0443905842064
17.36 0.0442703459887
17.43 0.0484413509021
17.5 0.0496595839328
17.57 0.0760708649465
17.64 0.0443478455692
17.71 0.0427956907345
17.78 0.0521781533625
17.85 0.0473608869624
17.92 0.0465589063063
17.99 0.0406396909132
18.06 0.275207509487
18.13 0.364350699235
18.2 0.302594698541
18.27 0.227506086242
18.34 0.253932258098
18.41 0.25740568892
18.48 0.289940022397
18.55 0.382183969772
18.62 0.252582376582
18.69 0.235203206332
18.76 0.168762864538
18.83 0.155494021153
18.9 0.109122214653
18.97 0.387721459065
19.04 0.255693695401
19.11 0.212751362937
19.18 0.134727605631
19.25 0.269491473023
19.32 0.18491413871
19.39 0.463863289114
19.46 0.555619510206
19.53 0.313084472358
19.6 0.174811845728
19.67 0.431808240222
19.74 0.623160870848
19.81 0.413820004657
19.88 0.418909848138
19.95 0.305374094512
20.02 0.29751220128
20.09 0.312094539619
20.16 0.271848069342
20.23 0.279811120034
20.3 0.37819543421
20.37 0.28437812855
20.44 0.276497872435
20.51 0.222668967875
20.58 0.469248915283
20.65 0.408148432718
20.72 0.417699411466
20.79 0.385664078006
20.86 0.274706457179
20.93 0.221701012995
21.0 0.222947710362
21.07 0.210870204757
21.14 0.29050538693
21.21 0.372041920588
21.28 0.284972113154
21.35 0.19192485604
21.42 0.181852405543
21.49 0.320288306631
21.56 0.301279669702
21.63 0.381837082482
21.7 0.341645736055
21.77 0.276800448802
21.84 0.266556123212
21.91 0.229467336034
21.98 0.294478929248
22.05 0.458253630438
22.12 0.28102922613
22.19 0.269984246833
22.26 0.223410802755
22.33 0.343293246681
22.4 0.335217168523
22.47 0.315905814424
22.54 0.397402114008
22.61 0.335361621427
22.68 0.330345491882
22.75 0.338663409691
22.82 0.296403169537
22.89 0.387076449859
22.96 0.510337752825
23.03 0.402866109101
23.1 0.246716536752
23.17 0.215891211159
23.24 0.33751101317
23.31 0.460823894344
23.38 0.504435762168
23.45 0.373657828708
23.52 0.286580188648
23.59 0.219720717646
23.66 0.275610503038
23.73 0.211609249204
23.8 0.533456158746
23.87 0.411641064832
23.94 0.202517241201
24.01 0.167092337108
24.08 0.30298397353
24.15 0.257364829772
24.22 0.379081164121
24.29 0.28069108881
24.36 0.154418390337
24.43 0.113438351944
24.5 0.438969231324
24.57 0.295195249161
24.64 0.417015681804
24.71 0.562498295313
24.78 0.497116961206
24.85 0.408409162192
24.92 0.351240573454
24.99 0.281010894181
25.06 0.278728616604
25.13 0.72722231543
25.2 0.481876857245
25.27 0.134721810363
25.34 0.0733556457315
25.41 0.0650589644392
25.48 0.053246419825
25.55 0.0450933007588
25.62 0.0420095246648
25.69 0.0607929578724
25.76 0.054432328208
25.83 0.0593568908065
25.9 0.037798708082
25.97 0.0532864608304
26.04 0.0540559195031
26.11 0.0622913830069
26.18 0.0439005506951
26.25 0.0507618155959
26.32 0.0425552612329
26.39 0.0399912416674
26.46 0.0504265263091
26.53 0.0441946074957
26.6 0.115371862742
26.67 0.0420895746754
26.74 0.0715469513387
26.81 0.0516589845743
26.88 0.0673771656397
26.95 0.130345239292
27.02 0.0966445528628
27.09 0.275045686779
27.16 0.300519738608
27.23 0.548200880867
27.3 0.587411157592
27.37 0.551298493924
27.44 0.360403019621
27.51 0.39742089183
27.58 0.255430074159
27.65 0.527013884386
27.72 0.544195990979
27.79 0.601042658054
27.86 0.301091369882
27.93 0.195218505542
28.0 0.11977031247
28.07 0.182763251483
28.14 0.373985291769
28.21 0.607772833409
28.28 0.469549479893
28.35 0.228766670706
28.42 0.107510641517
28.49 0.0566555192215
28.56 0.310433571768
28.63 0.432865775892
28.7 0.618252854578
28.77 0.353239967696
28.84 0.223569543827
28.91 0.175078286203
28.98 0.415824702428
29.05 0.346223731368
29.12 0.430652507128
29.19 0.281501481299
29.26 0.164621040769
29.33 0.127209019913
29.4 0.179070279939
29.47 0.317638902592
29.54 0.450478122224
29.61 0.361577876141
29.68 0.395956950302
29.75 0.29911880049
29.82 0.336542584685
29.89 0.379953737609
29.96 0.398894338537
30.03 0.381617731629
30.1 0.258427335099
30.17 0.227707624619
30.24 0.0935500662426
30.31 0.436667387649
30.38 0.484453480692
30.45 0.615018527376
30.52 0.473502893974
30.59 0.358142470301
30.66 0.183423341399
30.73 0.14768550135
30.8 0.112360164298
30.87 0.938130694503
30.94 0.750040842615
31.01 0.545539443619
31.08 0.238707622052
31.15 0.0987154594141
31.22 0.0544391997556
31.29 0.50648490313
31.36 0.940747078419
31.43 0.679533937673
31.5 0.416287924957
31.57 0.2174099832
31.64 0.0986752381398
31.71 0.0674762057408
31.78 0.0777916831032
31.85 0.0454667974293
31.92 0.0663739602109
31.99 0.0523101922527
32.06 0.499150453983
32.13 0.663029380402
32.2 0.598142158788
32.27 0.8059723501
32.34 0.514117891263
32.41 0.34632284187
32.48 0.191444114371
32.55 0.136744112607
32.62 0.110867316829
32.69 0.850139024466
32.76 0.810582836462
32.83 0.5087496189
32.9 0.275576303168
32.97 0.124149809442
33.04 0.102889710232
33.11 0.0574752675537
33.18 0.063626942221
33.25 0.0727410219512
33.32 0.0577327457896
33.39 0.0579806089788
33.46 0.648097530741
33.53 0.668017167213
33.6 0.827593172496
33.67 0.756737035703
33.74 0.509897032962
33.81 0.199757360126
33.88 0.0776614810347
33.95 0.107938065224
34.02 0.749253587466
34.09 0.901264386748
34.16 0.588250004817
34.23 0.309680957028
34.3 0.115033980358
34.37 0.564409611716
34.44 0.72145205326
34.51 0.669247414252
34.58 0.622114415843
34.65 0.611994301851
34.72 0.48562684386
34.79 0.164853076572
34.86 0.203837694103
34.93 0.37011068715
35.0 0.864413979981
35.07 0.852972882946
35.14 0.696587575551
35.21 0.503556229665
35.28 0.569307724936
35.35 0.521751227134
35.42 0.395324693247
35.49 0.430514748704
35.56 0.28975034336
35.63 0.155210797547
35.7 0.147056872071
35.77 0.219773383867
35.84 0.653336625049
35.91 0.359472483849
35.98 0.288046247534
36.05 0.234778208254
36.12 0.180411742156
36.19 0.20097108857
36.26 0.754576527028
36.33 0.926253518727
36.4 0.598791488044
36.47 0.565391553961
36.54 0.607833465591
36.61 0.623681534054
36.68 0.417355013805
36.75 0.555033671832
36.82 0.460079313831
36.89 0.358150277326
36.96 0.280441261864
37.03 0.259379908465
37.1 0.44505979487
37.17 0.555372674229
37.24 0.158806772747
37.31 0.0554671905433
37.38 0.0474149014659
37.45 0.127207136158
37.52 0.417473700005
37.59 0.280088823575
37.66 0.333889422735
37.73 0.224651558718
37.8 0.0892564924174
37.87 0.0519625998876
37.94 0.0515417725256
38.01 0.0573661548005
38.08 0.0449410525636
38.15 0.0403334899695
38.22 0.0506686198303
38.29 0.042457085142
38.36 0.0558116554048
38.43 0.551771257898
38.5 0.361954821385
38.57 0.577078429893
38.64 0.435522384282
38.71 0.135121150538
38.78 0.0616832307695
38.85 0.0568930441554
38.92 0.0506507017524
38.99 0.271962701094
39.06 0.390613043026
39.13 0.170338579117
39.2 0.0781306321664
39.27 0.0487555252731
39.34 0.0491003741392
39.41 0.137775207432
39.48 0.39257029277
39.55 0.240642917405
39.62 0.0870301333665
39.69 0.0488890948481
39.76 0.051156144512
39.83 0.0490527085105
39.9 0.0443620985372
39.97 0.0478184411574
40.04 0.0451573143135
40.11 0.0540733607754
40.18 0.040679055644
40.25 0.0370431898404
40.32 0.0421722497835
40.39 0.0928411586839
40.46 0.0470392650368
40.53 0.0545862990901
40.6 0.203167009929
40.67 0.84614334002
40.74 0.65400276197
40.81 0.442975587896
40.88 0.19071570685
40.95 0.123701942828
41.02 0.103135322728
41.09 0.054490258491
41.16 0.04658466661
41.23 0.0492428835529
41.3 0.0630773506742
41.37 0.0420826412603
41.44 0.0416232129099
41.51 0.338796925932
41.58 0.799247884679
41.65 0.470029562354
41.72 0.278328568154
41.79 0.137193647508
41.86 0.0781011448854
41.93 0.0584383434426
42.0 0.048830200287
42.07 0.21857446733
42.14 0.687011005034
42.21 0.465093477486
42.28 0.312319269736
42.35 0.17552134636
42.42 0.121452699241
42.49 0.200200441617
42.56 0.319106279894
42.63 0.396109909972
42.7 0.147792377277
42.77 0.0862673745062
42.84 0.0529064040826
42.91 0.201127711217
42.98 0.210600402109
43.05 0.400436565788
43.12 0.267724198852
43.19 0.122184196932
43.26 0.0642677625769
43.33 0.0474044618762
43.4 0.0591253542098
43.47 0.042970986668
43.54 0.0434203572999
43.61 0.0466077111484
43.68 0.0479234151951
43.75 0.0438417766688
43.82 0.0402985924914
43.89 0.0568638406111
43.96 0.0411009326184
44.03 0.0484029131155
44.1 0.111533083612
44.17 0.773609426644
44.24 0.567310681656
44.31 0.254482452319
44.38 0.61345864765
44.45 0.912653746639
44.52 0.701932962311
44.59 0.540112814301
44.66 0.500578483621
44.73 0.33758764874
44.8 0.397576688867
44.87 0.561705305696
44.94 0.356672284432
45.01 0.134100375835
45.08 0.0773676013029
45.15 0.0475898240618
45.22 0.0487353405018
45.29 0.0448329243554
45.36 0.0461733028263
45.43 0.0553304678645
45.5 0.0401155567332
45.57 0.516379352595
45.64 0.799179234269
45.71 0.590856451549
45.78 0.741455797389
45.85 0.633852131842
45.92 0.520631341929
45.99 0.497841515883
46.06 0.36558283643
46.13 0.220380581426
46.2 0.59353285644
46.27 0.364477885801
46.34 0.154687036705
46.41 0.0661174942536
46.48 0.117787298156
46.55 0.175416770194
46.62 0.551462728394
46.69 0.376087297354
46.76 0.216802198967
46.83 0.155350016255
46.9 0.574188007546
46.97 0.898107527126
47.04 0.695934484117
47.11 0.567734763456
47.18 0.597139663767
47.25 0.472518670103
47.32 0.484763553681
47.39 0.444221517253
47.46 0.25980497481
47.53 0.730275411695
47.6 0.532588242379
47.67 0.384418246783
47.74 0.0942072334579
47.81 0.0944248285569
47.88 0.326451696637
47.95 0.329915621213
48.02 0.203987859074
48.09 0.078498362369
48.16 0.0790097070649
48.23 0.0854601617884
48.3 0.295882942603
48.37 0.220093614842
48.44 0.661780313941
48.51 0.60142399695
48.58 0.545264645712
48.65 0.521226678016
48.72 0.48937715048
48.79 0.421503601388
48.86 0.452634406849
48.93 0.50306960526
49.0 0.358522995321
49.07 0.283423857032
49.14 0.215318822543
49.21 0.191496552323
49.28 0.216202894834
49.35 0.365484183533
49.42 0.306453618708
49.49 0.26687710513
49.56 0.198946929237
49.63 0.263347466712
49.7 0.578661611227
49.77 0.670369234412
49.84 0.479924218754
49.91 0.411274480243
49.98 0.372858181946
50.05 0.291338105015
50.12 0.53380930211
50.19 0.523256822486
50.26 0.4287531674
50.33 0.353813666193
50.4 0.32208054963
50.47 0.290641799205
50.54 0.384073840589
50.61 0.46203921214
50.68 0.398093933366
50.75 0.343523082991
50.82 0.271107344875
50.89 0.114080406448
50.96 0.203302125122
51.03 0.427140168115
51.1 0.444130097508
51.17 0.315952168038
51.24 0.228850803965
51.31 0.217347013924
51.38 0.183550891703
51.45 0.314781069429
51.52 0.557484120991
51.59 0.426865897147
51.66 0.234547277531
51.73 0.103920086115
51.8 0.125037167105
51.87 0.382741892084
51.94 0.492386509697
52.01 0.380563149595
52.08 0.302370695899
52.15 0.143407274906
52.22 0.0589006144932
52.29 0.0490999378674
52.36 0.0467178873808
52.43 0.0485274831177
52.5 0.045752892536
52.57 0.0477602420712
52.64 0.0635780264443
52.71 0.0409679657172
52.78 0.044465948295
52.85 0.035036951785
52.92 0.051081084427
52.99 0.0594157757675
53.06 0.0492398531172
53.13 0.0447380571034
53.2 0.0440478718989
53.27 0.0419073293265
53.34 0.0716397492328
53.41 0.0517510240595
53.48 0.0495166137138
53.55 0.0513009632862
53.62 0.0430380519921
53.69 0.0545556565954
53.76 0.294638240993
53.83 0.597595520876
53.9 0.330678036603
53.97 0.161902387914
54.04 0.0623583672634
54.11 0.0489552332279
54.18 0.0386055367953
54.25 0.0456533766959
54.32 0.0515362535272
54.39 0.057563977933
54.46 0.0366958001444
54.53 0.0492594330814
54.6 0.0406787836408
54.67 0.0478290962164
54.74 0.0455483215906
54.81 0.0632807333389
54.88 0.0523620232638
54.95 0.0431262802324
55.02 0.0514416518784
55.09 0.0884858742644
55.16 0.0388775101355
55.23 0.0473887944914
55.3 0.0565868965457
55.37 0.0454333325014
55.44 0.0455760499175
55.51 0.0349686064458
55.58 0.0481902140743
55.65 0.748637353
55.72 0.762208109278
55.79 0.550906796505
55.86 0.419893095998
55.93 0.387695319023
56.0 0.333514899919
56.07 0.393563910886
56.14 0.522466258498
56.21 0.317905684405
56.28 0.301487145215
56.35 0.243120054879
56.42 0.218379992504
56.49 0.21233464869
56.56 0.46316206058
56.63 0.431879465595
56.7 0.353182968624
56.77 0.283522734998
56.84 0.224738654145
56.91 0.234573278905
56.98 0.335741103234
57.05 0.312214870638
57.12 0.228580125573
57.19 0.156619013618
57.26 0.102594858756
57.33 0.40829934223
57.4 0.45262858598
57.47 0.578824508081
57.54 0.48143916995
57.61 0.430883765322
57.68 0.393337646885
57.75 0.34944673257
57.82 0.484429464409
57.89 0.422460472403
57.96 0.488789953156
58.03 0.42223831085
58.1 0.374720851375
58.17 0.288271019251
58.24 0.444899529514
58.31 0.55317107707
58.38 0.594151618935
58.45 0.472413124325
58.52 0.382276086059
58.59 0.355135090841
58.66 0.411423005728
58.73 0.553319329485
58.8 0.525286194681
58.87 0.291741749241
58.94 0.229209914332
59.01 0.157316373307
59.08 0.0989146564295
59.15 0.118536685125
59.22 0.810095381114
59.29 0.757016448064
59.36 0.583089899174
59.43 0.536011263006
59.5 0.47040919563
59.57 0.418868710586
59.64 0.538835241904
59.71 0.565205665902
59.78 0.452617364515
59.85 0.379190899815
59.92 0.275120826865
59.99 0.280907567096
60.06 0.250609576787
60.13 0.548744744346
60.2 0.443267341736
60.27 0.273076522227
60.34 0.180575690756
60.41 0.167281561739
60.48 0.149306168992
60.55 0.463785701
60.62 0.38935734502
60.69 0.202879295603
60.76 0.165226315106
60.83 0.147968090282
60.9 0.329748409642
60.97 0.481505551533
61.04 0.644737197787
61.11 0.584072850497
61.18 0.537214289458
61.25 0.443328067785
61.32 0.368741044334
61.39 0.362759914611
61.46 0.466704248479
61.53 0.490860738106
61.6 0.416684582433
61.67 0.357745893891
61.74 0.521466143239
61.81 0.596046230075
61.88 0.615077207534
61.95 0.545811862831
62.02 0.518775874718
62.09 0.472298278171
62.16 0.442810109678
62.23 0.298951050245
62.3 0.428689085578
62.37 0.400604842972
62.44 0.320208803827
62.51 0.18021533664
62.58 0.146294235879
62.65 0.111294440799
62.72 0.290765347328
62.79 0.543939573022
62.86 0.676378400733
62.93 0.638862775455
63.0 0.500946352492
63.07 0.460727892145
63.14 0.443522226874
63.21 0.459119078509
63.28 0.476903323402
63.35 0.411021566328
63.42 0.153421423915
63.49 0.0639438494243
63.56 0.0575574573228
63.63 0.0525036814674
63.7 0.655485319184
63.77 0.69172956307
63.84 0.553485523444
63.91 0.494109243609
63.98 0.421058337471
64.05 0.418079130076
64.12 0.413242233578
64.19 0.369415416019
64.26 0.263795379194
64.33 0.142839482611
64.4 0.0708196200961
64.47 0.133237007789
64.54 0.223290960275
64.61 0.390740128257
64.68 0.425730516293
64.75 0.291759100912
64.82 0.200861289942
64.89 0.65176941937
64.96 1.0
65.03 0.792027834747
65.1 0.37376546411
65.17 0.230879374017
65.24 0.1631055829
65.31 0.159947945669
65.38 0.923291939274
65.45 0.717960195554
65.52 0.404138824907
65.59 0.192912191415
65.66 0.113997361202
65.73 0.0839252252901
65.8 0.758181152997
65.87 0.752143551141
65.94 0.476589083963
66.01 0.256548297477
66.08 0.130197862621
66.15 0.0687571104438
66.22 0.0505264688209
66.29 0.0453624025984
66.36 0.381241683462
66.43 0.736027431517
66.5 0.354970847838
66.57 0.115444876936
66.64 0.057769956895
66.71 0.0510530318296
66.78 0.043426529106
66.85 0.0466516978004
66.92 0.0529961512741
66.99 0.0670505260549
67.06 0.043504532159
67.13 0.0421451262637
67.2 0.0477096452079
67.27 0.164773927905
67.34 0.379240757469
67.41 0.174167289862
67.48 0.0586891592
67.55 0.0412780152397
67.62 0.0418923723502
67.69 0.0807025632919
67.76 0.354732614629
67.83 0.220397998165
67.9 0.0898667822799
67.97 0.046723895985
68.04 0.0491544291766
68.11 0.041115882128
68.18 0.205218194647
68.25 0.311908636627
68.32 0.140140935592
68.39 0.0816621970069
68.46 0.05611316936
68.53 0.0479366142841
68.6 0.0534291227792
68.67 0.0406044584978
68.74 0.0647109315356
68.81 0.0462420321701
68.88 0.0398066325574
68.95 0.0462384598613
69.02 0.0470670872316
69.09 0.0477086659964
69.16 0.0470198472079
69.23 0.0391824747979
69.3 0.0423500662801
69.37 0.110645631015
69.44 0.929943211298
69.51 0.82071220603
69.58 0.588918118294
69.65 0.420789254831
69.72 0.321653711531
69.79 0.232652429589
69.86 0.176219370591
69.93 0.15144739744
70.0 0.652134229005
70.07 0.371197075427
70.14 0.147137737025
70.21 0.0790947619344
70.28 0.0504082359601
70.35 0.047929564601
70.42 0.506717729342
70.49 0.781295739139
70.56 0.526399307539
70.63 0.247413792973
70.7 0.116964659122
70.77 0.0739100426684
70.84 0.0570105655411
70.91 0.271369228496
70.98 0.149742510137
71.05 0.0985897043313
71.12 0.0701799165534
71.19 0.0522386116753
71.26 0.0427863274241
71.33 0.580091509687
71.4 0.398171167343
71.47 0.217498883448
71.54 0.0704406225607
71.61 0.0568256662943
71.68 0.0610301905362
71.75 0.458116813891
71.82 0.539249733191
71.89 0.331288836338
71.96 0.208686580076
72.03 0.165580340613
72.1 0.179020411618
72.17 0.220725827097
72.24 0.193658176744
72.31 0.15564419679
72.38 0.148774198987
72.45 0.150685112185
72.52 0.176294441343
72.59 0.172864208897
72.66 0.174091734837
72.73 0.17186682647
72.8 0.166805216923
72.87 0.184061282788
72.94 0.219148191428
73.01 0.0785111603865
73.08 0.0876597610571
73.15 0.204935280378
73.22 0.211833527048
73.29 0.18383165448
73.36 0.188357384643
73.43 0.120456468828
73.5 0.129296250923
73.57 0.284590023315
73.64 0.173218076536
73.71 0.112177491211
73.78 0.089116895038
73.85 0.0805626405754
73.92 0.0797229432079
73.99 0.187297997218
74.06 0.293103340762
74.13 0.193121068544
74.2 0.145526945765
74.27 0.134883968008
74.34 0.115262791589
74.41 0.111125820144
74.48 0.179977748772
74.55 0.110577393411
74.62 0.0762982510943
74.69 0.0746371275081
74.76 0.0726914234997
74.83 0.103943639459
74.9 0.207875201976
74.97 0.141935182882
75.04 0.103313980835
75.11 0.119015104632
75.18 0.0965731344207
75.25 0.0783415082528
75.32 0.187742511259
75.39 0.115553969422
75.46 0.0700271894193
75.53 0.101156491929
75.6 0.0864374383781
75.67 0.082236748848
75.74 0.228890478032
75.81 0.183515488619
75.88 0.138031250984
75.95 0.103910938274
76.02 0.0804253312231
76.09 0.07017368928
76.16 0.1735231276
76.23 0.117669829037
76.3 0.072764723564
76.37 0.0659473717144
76.44 0.0759041888479
76.51 0.0624887058668
76.58 0.0881580591991
76.65 0.159921361889
76.72 0.13250466102
76.79 0.125006655812
76.86 0.104062666996
76.93 0.0839142160936
77.0 0.548972889969
77.07 0.666896997205
77.14 0.45706161105
77.21 0.311328061248
77.28 0.171127872691
77.35 0.257429343599
77.42 0.293865941754
77.49 0.807410100385
77.56 0.327171149387
77.63 0.276271463365
77.7 0.141319551089
77.77 0.170120627748
77.84 0.160341308174
77.91 0.358313818454
77.98 0.38624618407
78.05 0.339723001918
78.12 0.283868864946
78.19 0.114740715033
78.26 0.0637355195013
78.33 0.166622592903
78.4 0.139402314617
78.47 0.104644431722
78.54 0.0943214726715
78.61 0.0876107322123
78.68 0.15749307939
78.75 0.157152028969
78.82 0.392313769212
78.89 0.368454125751
78.96 0.320750416613
79.03 0.140694735189
79.1 0.273474349851
79.17 0.341837696719
79.24 0.39936961134
79.31 0.354716619773
79.38 0.265241525312
79.45 0.220467912589
79.52 0.216154553997
79.59 0.209381061865
79.66 0.393959311815
79.73 0.398737840691
79.8 0.310109969019
79.87 0.23895136466
79.94 0.128081803537
80.01 0.145748970783
80.08 0.445562918669
80.15 0.40931339152
80.22 0.149376439688
80.29 0.0707944549994
80.36 0.532797706182
80.43 0.904846971924
80.5 0.777161224256
80.57 0.632130445408
80.64 0.589550447883
80.71 0.625829547648
80.78 0.609180505473
80.85 0.504212201132
80.92 0.496426274662
80.99 0.442912115147
81.06 0.323062149471
81.13 0.190980877976
81.2 0.0828554644099
81.27 0.678370528755
81.34 0.783022052827
81.41 0.650354378685
81.48 0.59212503184
81.55 0.526515992648
81.62 0.532961778517
81.69 0.491431734705
81.76 0.450880700838
81.83 0.490321306679
81.9 0.442148548811
81.97 0.297677076824
82.04 0.208092809875
82.11 0.134747426665
82.18 0.833192964389
82.25 0.801697748231
82.32 0.566309077313
82.39 0.445595847058
82.46 0.410509004551
82.53 0.369575057368
82.6 0.431841891819
82.67 0.603992556303
82.74 0.481636800014
82.81 0.37093929212
82.88 0.283223481336
82.95 0.253556627003
83.02 0.331129010453
83.09 0.476628196958
83.16 0.405312630748
83.23 0.515509577006
83.3 0.518221061777
83.37 0.441968691757
83.44 0.354896567495
83.51 0.390811062427
83.58 0.453027101612
83.65 0.730672555578
83.72 0.441609002182
83.79 0.30707662872
83.86 0.280922501672
83.93 0.21731302099
84.0 0.25276175043
84.07 0.709463155633
84.14 0.688583298773
84.21 0.424893386423
84.28 0.380393500661
84.35 0.360478200241
84.42 0.338012539083
84.49 0.340029754335
84.56 0.726809499896
84.63 0.556313834126
84.7 0.49141539638
84.77 0.316592589455
84.84 0.206991884894
84.91 0.182903886741
84.98 0.243463102124
85.05 0.546550873145
85.12 0.526902638274
85.19 0.360225602063
85.26 0.207410858368
85.33 0.383022826597
85.4 0.390951597418
85.47 0.432202016598
85.54 0.348979004388
85.61 0.301626662593
85.68 0.190499700036
85.75 0.257560342477
85.82 0.639367743542
85.89 0.457883613275
85.96 0.659780331959
86.03 0.555898843633
86.1 0.522413321341
86.17 0.423310227489
86.24 0.430448966595
86.31 0.436274661952
86.38 0.400803606915
86.45 0.400535004282
86.52 0.358223031251
86.59 0.333886985373
86.66 0.288613157685
86.73 0.624120522697
86.8 0.815225296534
86.87 0.49363185558
86.94 0.264725574695
87.01 0.144771948063
87.08 0.101688205932
87.15 0.0793886032657
87.22 0.0761649236555
87.29 0.0563791788965
87.36 0.0495687988624
87.43 0.0447373530951
87.5 0.0549891134396
87.57 0.0675065943658
87.64 0.0755078161743
87.71 0.58016867753
87.78 0.564293525014
87.85 0.5007293334
87.92 0.368831283265
87.99 0.397198509474
88.06 0.361881636522
88.13 0.433541963064
88.2 0.502287089367
88.27 0.299222985185
88.34 0.27894120471
88.41 0.199215936142
88.48 0.623847635213
88.55 0.644654096007
88.62 0.594187447625
88.69 0.543368140151
88.76 0.538799081477
88.83 0.51726155073
88.9 0.439751639482
88.97 0.216189529343
89.04 0.411904724474
89.11 0.329846058793
89.18 0.252231993784
89.25 0.150807710964
89.32 0.0850555447509
89.39 0.636303846083
89.46 0.607683961961
89.53 0.540131165451
89.6 0.42685703731
89.67 0.399538826136
89.74 0.332214294717
89.81 0.545068095128
89.88 0.715977589777
89.95 0.579673068487
90.02 0.447290424905
90.09 0.460257459932
90.16 0.361175908734
90.23 0.354552696774
90.3 0.359047725774
90.37 0.561393382019
90.44 0.594113198216
90.51 0.518295919193
90.58 0.400755553015
90.65 0.297279347334
90.72 0.334374870592
90.79 0.558329704295
90.86 0.49826278805
90.93 0.318781538999
91.0 0.254536232153
91.07 0.251730918009
91.14 0.439412900555
91.21 0.443962450732
91.28 0.54575914861
91.35 0.543786332815
91.42 0.484196334193
91.49 0.450540342691
91.56 0.39422720084
91.63 0.612272027792
91.7 0.54219314923
91.77 0.30878951825
91.84 0.249744987393
91.91 0.175900261762
91.98 0.334805764206
92.05 0.607037135134
92.12 0.500142964886
92.19 0.412393349969
92.26 0.340385994269
92.33 0.226035479036
92.4 0.11374416355
92.47 0.611369082745
92.54 0.349195987213
92.61 0.362816561679
92.68 0.520347367381
92.75 0.486354874845
92.82 0.410966134208
92.89 0.294011278934
92.96 0.118659131369
93.03 0.395861094238
93.1 0.690681606181
93.17 0.438469611566
93.24 0.274684572121
93.31 0.222166023278
93.38 0.0857240977005
93.45 0.078916735302
93.52 0.0767617445593
93.59 0.0759582886858
93.66 0.109146090134
93.73 0.0577569060745
93.8 0.0519925703743
93.87 0.0895486814625
93.94 0.0923190810615
94.01 0.0896658188437
94.08 0.119122681368
94.15 0.0628576094165
94.22 0.0641347391418
94.29 0.0857152815965
94.36 0.0743880227042
94.43 0.100506430931
94.5 0.0867594539083
94.57 0.0600595924253
94.64 0.116504462763
94.71 0.0929631313221
94.78 0.0865569128535
94.85 0.117305306339
94.92 0.0602996475225
94.99 0.0632225662531
95.06 0.111255148602
95.13 0.0988487292521
95.2 0.0724459262051
95.27 0.125434302454
95.34 0.06380693581
95.41 0.0567280587434
95.48 0.096748940227
95.55 0.0771269648656
95.62 0.056120096375
95.69 0.127140518839
95.76 0.0634947603958
95.83 0.0941825494335
95.9 0.105364034874
95.97 0.087168702467
96.04 0.10269699756
96.11 0.131393538586
96.18 0.0628347323468
96.25 0.245623232127
96.32 0.656409993553
96.39 0.507195044836
96.46 0.382126224025
96.53 0.329786277821
96.6 0.335184927076
96.67 0.464702902214
96.74 0.517560000115
96.81 0.44722529347
96.88 0.349509936515
96.95 0.234502007664
97.02 0.212784199591
97.09 0.583965360163
97.16 0.554253841837
97.23 0.398726304555
97.3 0.31184353186
97.37 0.287984705475
97.44 0.209755568681
97.51 0.308044157995
97.58 0.226108462296
97.65 0.135080728728
97.72 0.322960121601
97.79 0.212235331253
97.86 0.110797945345
97.93 0.418875280264
98.0 0.402493750577
98.07 0.314739967078
98.14 0.312124096234
98.21 0.275843898857
98.28 0.290138586871
98.35 0.341988253161
98.42 0.172386245928
98.49 0.214614700108
98.56 0.212828632115
98.63 0.155952167355
98.7 0.32292071207
98.77 0.368755392237
98.84 0.305503337636
98.91 0.31503156625
98.98 0.385272666458
99.05 0.271998660985
99.12 0.350963307252
99.19 0.534635013179
99.26 0.501382833372
99.33 0.367040813087
99.4 0.420095225315
99.47 0.307350995688
99.54 0.408563858416
99.61 0.442224678775
99.68 0.389983390801
99.75 0.303349306905
99.82 0.25307806776
99.89 0.26865247113
99.96 0.692503125258
100.03 0.601887012543
100.1 0.399424207184
100.17 0.343828918064
100.24 0.203716009469
100.31 0.23101109077
100.38 0.787685873152
100.45 0.580229642516
100.52 0.458916457453
100.59 0.314855538574
100.66 0.272801632586
100.73 0.299803138159
100.8 0.337937118461
100.87 0.289119727925
100.94 0.244567490612
101.01 0.2310221181
101.08 0.178070044145
101.15 0.378204747387
101.22 0.631644635946
101.29 0.433532808823
101.36 0.37357349598
101.43 0.340683322574
101.5 0.297551073205
101.57 0.452844682395
101.64 0.499360399925
101.71 0.363247773164
101.78 0.378917461924
101.85 0.451515182985
101.92 0.37593035577
101.99 0.639122809454
102.06 0.475783329396
102.13 0.222397146003
102.2 0.681314553868
102.27 0.809485003784
102.34 0.607306283908
102.41 0.613604742173
102.48 0.427869291378
102.55 0.473448384532
102.62 0.406256406142
102.69 0.283576774035
102.76 0.214100292976
102.83 0.42172261197
102.9 0.541102155033
102.97 0.354693515501
103.04 0.40948755464
103.11 0.34459075638
103.18 0.325626402639
103.25 0.49274216189
103.32 0.540971452692
103.39 0.465363877474
103.46 0.376797476394
103.53 0.299278630641
103.6 0.257356718743
103.67 0.465310426178
103.74 0.463372618796
103.81 0.387252439134
103.88 0.357946083985
103.95 0.33756273218
104.02 0.300795702395
104.09 0.390337500577
104.16 0.260552708426
104.23 0.217658692266
104.3 0.303750507369
104.37 0.212931928266
104.44 0.148707956072
104.51 0.446324306847
104.58 0.32605699545
104.65 0.258378067319
104.72 0.271418206141
104.79 0.240088978073
104.86 0.242364345702
104.93 0.336885800465
105.0 0.256556924779
105.07 0.251085777602
105.14 0.25533941709
105.21 0.17902201377
105.28 0.300267466834
105.35 0.422178491478
105.42 0.291477985064
105.49 0.376924066687
105.56 0.362186544651
105.63 0.251996747277
105.7 0.365048662664
105.77 0.452752283439
105.84 0.452807423289
105.91 0.309278444548
105.98 0.369702951143
106.05 0.364549589047
106.12 0.433768361467
106.19 0.395176055761
106.26 0.360177171625
106.33 0.291190188604
106.4 0.291508524091
106.47 0.41664020111
106.54 0.615017760433
106.61 0.448926230859
106.68 0.291891266737
106.75 0.294177511294
106.82 0.300113574886
106.89 0.594365490257
106.96 0.659770920648
107.03 0.470824646929
107.1 0.407511580409
107.17 0.349715767209
107.24 0.39892260767
107.31 0.366252175522
107.38 0.364142401312
107.45 0.244620072566
107.52 0.230844153335
107.59 0.198381227633
107.66 0.168361222469
107.73 0.676720118895
107.8 0.502782658943
107.87 0.419663209554
107.94 0.376188417479
108.01 0.33490531738
108.08 0.391390028187
108.15 0.546098099806
108.22 0.427662064402
108.29 0.367571215074
108.36 0.509315630907
108.43 0.455686209232
108.5 0.371728400091
108.57 0.73310231116
108.64 0.448519344995
108.71 0.183067315868
108.78 0.896704730852
108.85 0.749069087157
108.92 0.563611828443
108.99 0.4997568622
109.06 0.41505279466
109.13 0.610900441486
109.2 0.702724873515
109.27 0.303271273985
109.34 0.137386717518
109.41 0.450872732744
109.48 0.640323479611
109.55 0.561512760493
109.62 0.486578273745
109.69 0.464008834297
109.76 0.241709016375
109.83 0.525554613846
109.9 0.379318333851
109.97 0.196959688739
110.04 0.412607862365
110.11 0.582279804289
110.18 0.372342583333
110.25 0.512539362784
110.32 0.39430411588
110.39 0.259182170666
110.46 0.549844847984
110.53 0.311245467208
110.6 0.162205448554
110.67 0.468930690731
110.74 0.570796749426
110.81 0.497131363509
110.88 0.558155308639
110.95 0.44073637856
111.02 0.363482602599
111.09 0.559771831166
111.16 0.47117188089
111.23 0.375642092104
111.3 0.356174768166
111.37 0.520913071118
111.44 0.562223580607
111.51 0.537038995658
111.58 0.556661701694
111.65 0.402068805833
111.72 0.529944722143
111.79 0.318195740091
111.86 0.341842863713
111.93 0.6098867314
112.0 0.443520646056
112.07 0.241235428924
112.14 0.476982824073
112.21 0.511034078902
112.28 0.402968343906
112.35 0.479771354019
112.42 0.47091016047
112.49 0.475092721787
112.56 0.470380704628
112.63 0.311999816369
112.7 0.287351536409
112.77 0.47780186413
112.84 0.457480655991
112.91 0.57090645312
112.98 0.405338985192
113.05 0.359274264979
113.12 0.30184291581
113.19 0.551175223137
113.26 0.265824365251
113.33 0.255461451596
113.4 0.458626947906
113.47 0.514950533614
113.54 0.54819265677
113.61 0.365352704649
113.68 0.361085156731
113.75 0.281320233295
113.82 0.556329282841
113.89 0.312832363786
113.96 0.234877000886
114.03 0.479226275592
114.1 0.441778458047
114.17 0.422734251631
114.24 0.412076488633
114.31 0.29662201265
114.38 0.46203240886
114.45 0.823523487177
114.52 0.672553650569
114.59 0.563245626792
114.66 0.475656341232
114.73 0.424982526674
114.8 0.43160223886
114.87 0.385975484345
114.94 0.388631877266
115.01 0.457473438839
115.08 0.407867108867
115.15 0.449347548894
115.22 0.672196495424
115.29 0.642515103319
115.36 0.326749843086
115.43 0.23443384366
115.5 0.915720746002
115.57 0.908279325994
115.64 0.740797541094
115.71 0.659104510657
115.78 0.619780994196
115.85 0.692897978981
115.92 0.641345706064
115.99 0.349548598304
116.06 0.234640654632
116.13 0.525537943783
116.2 0.451266173116
116.27 0.324800156097
116.34 0.297390212642
116.41 0.26619071197
116.48 0.443984349657
116.55 0.610585686842
116.62 0.394123785221
116.69 0.333203971452
116.76 0.22633859621
116.83 0.263371141658
116.9 0.361221807942
116.97 0.350821265043
117.04 0.244308141421
117.11 0.202057857651
117.18 0.206207054307
117.25 0.183490773661
117.32 0.329513874609
117.39 0.192180358786
117.46 0.127812457428
117.53 0.359327994679
117.6 0.204871594294
117.67 0.0985990271079
117.74 0.359845414113
117.81 0.334125867122
117.88 0.310077460903
117.95 0.290672072628
118.02 0.26513617367
118.09 0.282452150641
118.16 0.325702917675
118.23 0.19868033836
118.3 0.20368841661
118.37 0.223017282382
118.44 0.133830197716
118.51 0.306995156826
118.58 0.313473609746
118.65 0.263090269013
118.72 0.389532742288
118.79 0.29350634498
118.86 0.266693211762
118.93 0.485893295002
119.0 0.459328892183
119.07 0.387167135729
119.14 0.349624633334
119.21 0.340880764902
119.28 0.255239962051
119.35 0.57486402085
119.42 0.468546980606
119.49 0.355988153699
119.56 0.264048474445
119.63 0.281743973758
119.7 0.479421782964
119.77 0.5976202369
119.84 0.490432081319
119.91 0.31834944217
119.98 0.272594246674
120.05 0.22670048101
120.12 0.591616967183
120.19 0.551420227626
120.26 0.442574472766
120.33 0.432181794493
120.4 0.351464843832
120.47 0.320285061793
120.54 0.281089887112
120.61 0.241862354716
120.68 0.270980404712
120.75 0.214876399193
120.82 0.294105229908
120.89 0.303867512482
120.96 0.654707689748
121.03 0.44863622104
121.1 0.385348743088
121.17 0.342123144351
121.24 0.326649992308
121.31 0.463614623782
121.38 0.45163006434
121.45 0.357336872535
121.52 0.358956155628
121.59 0.316964571441
121.66 0.308796232996
121.73 0.81813091586
121.8 0.706754041023
121.87 0.498913125318
121.94 0.411519932737
122.01 0.319472492212
122.08 0.322580978997
122.15 0.688727739943
122.22 0.593340510705
122.29 0.419856076895
122.36 0.323000160473
122.43 0.23275338438
122.5 0.21884810789
122.57 0.933075311162
122.64 0.550672594277
122.71 0.406873410751
122.78 0.405227335875
122.85 0.421622766526
122.92 0.421012348662
122.99 0.726452582621
123.06 0.487701128585
123.13 0.49361913543
123.2 0.420094085035
123.27 0.345005895142
123.34 0.289284395466
123.41 0.984732861053
123.48 0.610407260205
123.55 0.43832122795
123.62 0.389769037341
123.69 0.298167944478
123.76 0.481896394542
123.83 0.647545967971
123.9 0.483092594246
123.97 0.414838292931
124.04 0.370299023238
124.11 0.303938101047
124.18 0.775269481417
124.25 0.789347609012
124.32 0.49219061832
124.39 0.438568488465
124.46 0.418307284233
124.53 0.378638714104
124.6 0.610686238427
124.67 0.600251553259
124.74 0.538219909848
124.81 0.529301251089
124.88 0.507022887073
124.95 0.399858482171
125.02 0.913496406175
125.09 0.635321198763
125.16 0.542541683473
125.23 0.457684616795
125.3 0.383472745502
125.37 0.369059136618
125.44 0.725140150079
125.51 0.690882605884
125.58 0.580282321537
125.65 0.518974682396
125.72 0.4351733583
125.79 0.381600001287
125.86 0.878560436914
125.93 0.562545339068
126.0 0.568754635748
126.07 0.550535569728
126.14 0.520552659402
126.21 0.485572505086
126.28 0.573754338432
126.35 0.465765663545
126.42 0.460195482668
126.49 0.411075444296
126.56 0.348089995506
126.63 0.649759478871
126.7 0.875794930173
126.77 0.649456864103
126.84 0.530982041041
126.91 0.474215212773
126.98 0.345703782837
127.05 0.515945562946
127.12 0.851085483626
127.19 0.641280424228
127.26 0.516005004714
127.33 0.535414480503
127.4 0.469021603802
127.47 0.86552460001
127.54 0.760687596417
127.61 0.552611971811
127.68 0.51450466809
127.75 0.424100417073
127.82 0.431882205894
127.89 0.862296895819
127.96 0.74501370814
128.03 0.60583497696
128.1 0.486205471483
128.17 0.308980668237
128.24 0.225970320934
128.31 0.704761662331
128.38 0.71382280277
128.45 0.48324444457
128.52 0.424730702905
128.59 0.450910103851
128.66 0.305981987547
128.73 0.553113018785
128.8 0.470579436571
128.87 0.243612976958
128.94 0.467419695848
129.01 0.498285964857
129.08 0.485062783876
129.15 0.591712385908
129.22 0.460588349167
129.29 0.265642774843
129.36 0.506487611428
129.43 0.373410406057
129.5 0.164813168901
129.57 0.464406281117
129.64 0.545579796095
129.71 0.513620109394
129.78 0.526018346247
129.85 0.350950447367
129.92 0.32224869668
129.99 0.504899865774
130.06 0.433005235669
130.13 0.467000426904
130.2 0.484286164586
130.27 0.362384172581
130.34 0.442152237388
130.41 0.472132312481
130.48 0.430770406118
130.55 0.382223271569
130.62 0.400873949078
130.69 0.190840700323
130.76 0.357125326574
130.83 0.586114052165
130.9 0.46841582706
130.97 0.548108788048
131.04 0.400706904975
131.11 0.328508405687
131.18 0.350926453484
131.25 0.26070683931
131.32 0.251049971313
131.39 0.458097090992
131.46 0.25008646982
131.53 0.0941940834362
131.6 0.454431015766
131.67 0.546681193615
131.74 0.388191480607
131.81 0.394544718184
131.88 0.388004538669
131.95 0.280766871037
132.02 0.531974109271
132.09 0.311325813755
132.16 0.196064701119
132.23 0.609647136042
132.3 0.442226871868
132.37 0.38163250727
132.44 0.368283565874
132.51 0.357714943126
132.58 0.198994669533
132.65 0.522012541148
132.72 0.380219281007
132.79 0.222023619466
132.86 0.633492238531
132.93 0.475381830262
133.0 0.355016084638
133.07 0.370098852344
133.14 0.354953479099
133.21 0.318723279112
133.28 0.81170081231
133.35 0.521549320753
133.42 0.395804797041
133.49 0.280965253109
133.56 0.230895922478
133.63 0.21422703047
133.7 0.802471018149
133.77 0.539519520905
133.84 0.506664907385
133.91 0.199734077718
133.98 0.120126924675
134.05 0.172036138333
134.12 0.691188670293
134.19 0.473025166742
134.26 0.327047388994
134.33 0.249337203385
134.4 0.573554053404
134.47 0.388129370008
134.54 0.523563228232
134.61 0.423557812275
134.68 0.293514465609
134.75 0.17908368703
134.82 0.5111243637
134.89 0.516667155455
134.96 0.57003773781
135.03 0.440820435018
135.1 0.25565635416
135.17 0.20341477285
135.24 0.686589746734
135.31 0.966685001318
135.38 0.691630970975
135.45 0.589900018938
135.52 0.562589158251
135.59 0.449217020421
135.66 0.457614233032
135.73 0.379064355389
135.8 0.417329835908
135.87 0.960609623017
135.94 0.421824901176
136.01 0.335254883101
136.08 0.212847978476
136.15 0.269550941457
136.22 0.45531394351
136.29 0.419443817101
136.36 0.129926733024
136.43 0.0655207746844
136.5 0.0545846884044
136.57 0.496259911101
136.64 0.463005874205
136.71 0.49602465606
136.78 0.641549916472
136.85 0.524081019938
136.92 0.463569892588
136.99 0.409790344344
137.06 0.471118658929
137.13 0.498095919949
137.2 0.569860305318
137.27 0.452304527759
137.34 0.370257791818
137.41 0.222061336177
137.48 0.459728432894
137.55 0.597449952226
137.62 0.62070376561
137.69 0.421467524162
137.76 0.369939269663
137.83 0.293629515499
137.9 0.274042604018
137.97 0.321490623741
138.04 0.373797381287
138.11 0.475365172999
138.18 0.517640179194
138.25 0.492683031593
138.32 0.434858908726
138.39 0.565390543816
138.46 0.45014135452
138.53 0.202996870323
138.6 0.136295953723
138.67 0.101111783136
138.74 0.0844154390701
138.81 0.244406834851
138.88 0.590470569666
138.95 0.340414835142
139.02 0.150901565937
139.09 0.0697906468969
139.16 0.10046502991
139.23 0.118560274736
139.3 0.474245526731
139.37 0.416947106062
139.44 0.299275653539
139.51 0.223805678878
139.58 0.587944920686
139.65 0.754846007539
139.72 0.563542394024
139.79 0.343966698888
139.86 0.161255058681
139.93 0.122175634698
140.0 0.168117773199
140.07 0.313954012211
140.14 0.699890568096
140.21 0.401036443794
140.28 0.0857212123331
140.35 0.0534238512504
140.42 0.760467618356
140.49 0.837050233337
140.56 0.637927577228
140.63 0.620696931396
140.7 0.56016315098
140.77 0.554169546443
140.84 0.520253820678
140.91 0.434274541302
140.98 0.488894627457
141.05 0.731190864623
141.12 0.510088954158
141.19 0.418445813867
141.26 0.446753884179
141.33 0.524263355954
141.4 0.541022229824
141.47 0.517055305098
141.54 0.375897076444
141.61 0.304293964443
141.68 0.244312171335
141.75 0.257485978933
141.82 0.455120366827
141.89 0.579663964379
141.96 0.487463492716
142.03 0.429573294403
142.1 0.440295176558
142.17 0.421305255582
142.24 0.372326712213
142.31 0.34785088442
142.38 0.330738437315
142.45 0.306223282125
142.52 0.234805368041
142.59 0.23111568827
142.66 0.200436872138
142.73 0.535672055807
142.8 0.663921793058
142.87 0.403319918185
142.94 0.167686914785
143.01 0.111667208927
143.08 0.108610144615
143.15 0.108421798928
143.22 0.639803764684
143.29 0.539150324019
143.36 0.455214377536
143.43 0.410783270185
143.5 0.480516704674
143.57 0.533329827656
143.64 0.52507798636
143.71 0.430369855262
143.78 0.2780130167
143.85 0.245487188923
143.92 0.273292168503
143.99 0.571519198478
144.06 0.440238407888
144.13 0.46915766514
144.2 0.26912008411
144.27 0.134208316308
144.34 0.077901016659
144.41 0.40403612503
144.48 0.307475615824
144.55 0.520968716574
144.62 0.453164946438
144.69 0.43760882915
144.76 0.281129212376
144.83 0.17797633424
144.9 0.178420432277
144.97 0.613560296849
145.04 0.45346057979
145.11 0.453195213461
145.18 0.321950955569
145.25 0.311244751466
145.32 0.412491527127
145.39 0.506631601393
145.46 0.421441719058
145.53 0.408662991318
145.6 0.378152383036
145.67 0.337123877939
145.74 0.33553409386
145.81 0.436398788216
145.88 0.397578761425
145.95 0.294316373731
146.02 0.220616083936
146.09 0.194518305286
146.16 0.198020585514
146.23 0.913778549235
146.3 0.572394136794
146.37 0.364879371068
146.44 0.257107274735
146.51 0.155636092161
146.58 0.123430765231
146.65 0.365376319861
146.72 0.68297166354
146.79 0.488903367827
146.86 0.363214061833
146.93 0.128741942521
147.0 0.167325537724
147.07 0.190752335548
147.14 0.777463079549
147.21 0.611636026693
147.28 0.502869783171
147.35 0.374297020245
147.42 0.324637410711
147.49 0.323188845365
147.56 0.569516608466
147.63 0.613177910473
147.7 0.510465554865
147.77 0.275060320551
147.84 0.213839544301
147.91 0.305937413154
147.98 0.623556939518
148.05 0.457635745819
148.12 0.360795222646
148.19 0.192702338274
148.26 0.733055261006
148.33 0.614427522007
148.4 0.441892538325
148.47 0.335470805647
148.54 0.17054208445
148.61 0.0857099428669
148.68 0.105995370318
148.75 0.430914889955
148.82 0.54555650622
148.89 0.724462423688
148.96 0.642683766641
149.03 0.491929344839
149.1 0.373714800046
149.17 0.483220949893
149.24 0.431341180848
149.31 0.702617527183
149.38 0.585625186668
149.45 0.533964331138
149.52 0.3192538187
149.59 0.268748561863
149.66 0.336870631219
149.73 0.601033671281
149.8 0.409468560283
149.87 0.359080760831
149.94 0.295187766406
150.01 0.669995176668
150.08 0.553010474643
150.15 0.418579945582
150.22 0.238468226163
150.29 0.138264862272
150.36 0.112393186554
150.43 0.121007534525
150.5 0.179955579978
150.57 0.512689016815
150.64 0.681142025967
150.71 0.557324569244
150.78 0.377320415893
150.85 0.357511070856
150.92 0.575514837057
150.99 0.545998694901
151.06 0.583340029057
151.13 0.487384415517
151.2 0.420122468303
151.27 0.290198277175
151.34 0.572935524511
151.41 0.494791922592
151.48 0.732229544603
151.55 0.63653087276
151.62 0.461278484237
151.69 0.265147362068
151.76 0.179762528101
151.83 0.176086321555
151.9 0.601353549186
151.97 0.777456107733
152.04 0.589990011466
152.11 0.54107819315
152.18 0.554027037029
152.25 0.648387977899
152.32 0.564576947022
152.39 0.52457167639
152.46 0.441372354059
152.53 0.396072532465
152.6 0.409777832196
152.67 0.431899983171
152.74 0.437146677567
152.81 0.426227198416
152.88 0.472925198629
152.95 0.54555728383
153.02 0.497218338402
153.09 0.491882228551
153.16 0.775855752863
153.23 0.738378222968
153.3 0.48177300642
153.37 0.308608393981
153.44 0.225434615418
153.51 0.171344508845
153.58 0.122340786512
153.65 0.0798060727214
153.72 0.0519672346089
153.79 0.0379505498724
153.86 0.0198309580922
153.93 0.011438990343
154.0 0.00539406680108
154.07 0.000234523298582
154.14 0.0
154.21 0.0
154.28 0.0
154.35 0.0
154.42 0.0
154.49 0.0
154.56 0.0
154.63 0.0
154.7 0.0
154.77 0.0
154.84 0.0
154.91 0.0
154.98 0.0
155.05 0.0
155.12 0.0
155.19 0.0
155.26 0.0
155.33 0.0
155.4 0.0
155.47 0.0
155.54 0.0
155.61 0.0
155.68 0.0
155.75 0.0
155.82 0.0
155.89 0.0
155.96 0.0
156.03 0.0
156.1 0.0
156.17 0.0
156.24 0.0
156.31 0.0
156.38 0.0
156.45 0.0
156.52 0.0
156.59 0.0
156.66 0.0
156.73 0.0
156.8 0.0
156.87 0.0
156.94 0.0
157.01 0.0
157.08 0.0
157.15 0.0
157.22 0.0
157.29 0.0
157.36 0.0
157.43 0.0
157.5 0.0
157.57 0.0
157.64 0.0
157.71 0.0
157.78 0.0
157.85 0.0
157.92 0.0
157.99 0.0
158.06 0.0
158.13 0.0
158.2 0.0
158.27 0.0
158.34 0.0
158.41 0.0
158.48 0.0
158.55 0.0
158.62 0.0
158.69 0.0
158.76 0.0
158.83 0.0
158.9 0.0
158.97 0.0
159.04 0.0
159.11 0.0
159.18 0.0
159.25 0.0
159.32 0.0
159.39 0.0
159.46 0.0
159.53 0.0
159.6 0.0
159.67 0.0
159.74 0.0
159.81 0.0
159.88 0.0
159.95 0.0
160.02 0.0
160.09 0.0
160.16 0.0
160.23 0.0
160.3 0.0
160.37 0.0
160.44 0.0
160.51 0.0
160.58 0.0
160.65 0.0
160.72 0.0
160.79 0.0
160.86 0.0
160.93 0.0
161.0 0.0
161.07 0.0
161.14 0.0
161.21 0.0
161.28 0.0
161.35 0.0
161.42 0.0
161.49 0.0
161.56 0.0
161.63 0.0
161.7 0.0
161.77 0.0
161.84 0.0
161.91 0.0
161.98 0.0
162.05 0.0
162.12 0.0
162.19 0.0
162.26 0.0
162.33 0.0
162.4 0.0
162.47 0.0
162.54 0.0
162.61 0.0
162.68 0.0
162.75 0.0
162.82 0.0
162.89 0.0
162.96 0.0
163.03 0.0
