0.0 0.0
0.07 0.0
0.14 0.0
0.21 0.0
0.28 0.0
0.35 0.0
0.42 0.0
0.49 0.0
0.56 0.0
0.63 0.0
0.7 0.0
0.77 0.0
0.84 0.0
0.91 0.0
0.98 0.0
1.05 0.0
1.12 0.0
1.19 0.0
1.26 0.0
1.33 0.0
1.4 0.0
1.47 0.0
1.54 0.0
1.61 0.0
1.68 0.0
1.75 0.0
1.82 0.0
1.89 0.0
1.96 0.0
2.03 0.0
2.1 0.0
2.17 0.0
2.24 0.0
2.31 0.0
2.38 0.0
2.45 0.0
2.52 0.0
2.59 0.0
2.66 0.0
2.73 0.0
2.8 0.0
2.87 0.0
2.94 0.0
3.01 0.0
3.08 0.0
3.15 0.0
3.22 0.0
3.29 0.0
3.36 0.0
3.43 0.0
3.5 0.0
3.57 0.0
3.64 0.0
3.71 0.0
3.78 0.0
3.85 0.0
3.92 0.0
3.99 0.0870670084365
4.06 0.231681547958
4.13 0.215666192835
4.2 0.235003398414
4.27 0.222689248574
4.34 0.196215268446
4.41 0.265438846138
4.48 0.216216645754
4.55 0.188508980848
4.62 0.0748137567133
4.69 0.0678885037862
4.76 0.156366025742
4.83 0.144856600326
4.9 0.143589821813
4.97 0.224336805251
5.04 0.294439258606
5.11 0.284043659179
5.18 0.275274550485
5.25 0.212691292499
5.32 0.224565743459
5.39 0.206988109445
5.46 0.177862469812
5.53 0.299054568737
5.6 0.271161045813
5.67 0.291101525893
5.74 0.287768215917
5.81 0.25812309763
5.88 0.228807750839
5.95 0.225330603746
6.02 0.128088825588
6.09 0.066076123959
6.16 0.067435799515
6.23 0.138071037034
6.3 0.202991362052
6.37 0.146997947192
6.44 0.162796337733
6.51 0.217156179796
6.58 0.213557877548
6.65 0.249042319501
6.72 0.178415647764
6.79 0.182169765195
6.86 0.224778081968
6.93 0.23714995827
7.0 0.305208104845
7.07 0.235332226938
7.14 0.264789736226
7.21 0.171318668095
7.28 0.112831117275
7.35 0.16961980108
7.42 0.251964184267
7.49 0.195190397127
7.56 0.160777602214
7.63 0.108003608926
7.7 0.107548862435
7.77 0.224425480226
7.84 0.198135526333
7.91 0.168564612559
7.98 0.112086578855
8.05 0.0912253877886
8.12 0.20687349117
8.19 0.158959137458
8.26 0.167318020061
8.33 0.101890061265
8.4 0.0799390411843
8.47 0.330660546025
8.54 0.317657375075
8.61 0.271061040956
8.68 0.155408751911
8.75 0.218743627718
8.82 0.315846738239
8.89 0.249148473217
8.96 0.12813990329
9.03 0.273919546286
9.1 0.167591532832
9.17 0.181604709513
9.24 0.280326309703
9.31 0.154227106454
9.38 0.3558280602
9.45 0.550895022876
9.52 0.337857532328
9.59 0.338907636608
9.66 0.333884387672
9.73 0.284842921997
9.8 0.336325986186
9.87 0.255510221662
9.94 0.407877685986
10.01 0.536841302797
10.08 0.407632351414
10.15 0.411693283123
10.22 0.475517449132
10.29 0.406156624478
10.36 0.439831539496
10.43 0.241649282726
10.5 0.492083001453
10.57 0.547496822687
10.64 0.523114696664
10.71 0.489134357853
10.78 0.301591263678
10.85 0.393549733919
10.92 0.356352444623
10.99 0.363923465324
11.06 0.380110141409
11.13 0.557343183872
11.2 0.485109104618
11.27 0.513360349929
11.34 0.523941200923
11.41 0.4100317621
11.48 0.556013959594
11.55 0.436478672155
11.62 0.469360618834
11.69 0.399874727729
11.76 0.304279826101
11.83 0.231042148359
11.9 0.197688178894
11.97 0.134709715789
12.04 0.0813133736656
12.11 0.0525714876238
12.18 0.0452731548139
12.25 0.0363723104879
12.32 0.0367194257612
12.39 0.0420352618044
12.46 0.0897917172686
12.53 0.163916748551
12.6 0.278932021179
12.67 0.336017290402
12.74 0.264675105521
12.81 0.409756881929
12.88 0.191019380872
12.95 0.58400010697
13.02 0.466863776489
13.09 0.33557131569
13.16 0.212049426253
13.23 0.200972353052
13.3 0.17799404029
13.37 0.22587335128
13.44 0.171963592343
13.51 0.157397894772
13.58 0.142174414957
13.65 0.318924761814
13.72 0.334287653345
13.79 0.224550323809
13.86 0.134918950124
13.93 0.504748539247
14.0 0.402954656785
14.07 0.387199646552
14.14 0.142104203428
14.21 0.156956570995
14.28 0.216343314016
14.35 0.104954377991
14.42 0.167110460347
14.49 0.225587482189
14.56 0.16878120155
14.63 0.108355054594
14.7 0.148997672306
14.77 0.0941302408613
14.84 0.214819823102
14.91 0.149292325607
14.98 0.161778702089
15.05 0.120767706041
15.12 0.102784010288
15.19 0.396734712117
15.26 0.216229128159
15.33 0.138229006315
15.4 0.221886615205
15.47 0.312332083553
15.54 0.286021328315
15.61 0.302344984098
15.68 0.230789499087
15.75 0.191890044146
15.82 0.210349286846
15.89 0.157954322518
15.96 0.391989475051
16.03 0.344483427744
16.1 0.214336314159
16.17 0.177232609157
16.24 0.170427936012
16.31 0.270490655967
16.38 0.226234477959
16.45 0.171933369261
16.52 0.266538969718
16.59 0.167105871567
16.66 0.204546417698
16.73 0.298017668742
16.8 0.224289873256
16.87 0.195570096467
16.94 0.177131827368
17.01 0.207778102359
17.08 0.297687857289
17.15 0.264117815603
17.22 0.223603805374
17.29 0.186618447919
17.36 0.163987242439
17.43 0.25056916676
17.5 0.340562961713
17.57 0.224027229536
17.64 0.232220017485
17.71 0.249693578183
17.78 0.279905521781
17.85 0.189104598798
17.92 0.304687729389
17.99 0.441288780789
18.06 0.291433960267
18.13 0.175898276666
18.2 0.244473201726
18.27 0.225986587948
18.34 0.233746306241
18.41 0.192068614101
18.48 0.167787763552
18.55 0.48050438917
18.62 0.280425304105
18.69 0.182653298999
18.76 0.141742085828
18.83 0.128774556059
18.9 0.232672237839
18.97 0.48047967209
19.04 0.365544228073
19.11 0.279077516046
19.18 0.159715144277
19.25 0.144987019169
19.32 0.260025915845
19.39 0.215225100805
19.46 0.177017225964
19.53 0.0966123286104
19.6 0.087485913964
19.67 0.39366649475
19.74 0.221639535867
19.81 0.130690985228
19.88 0.3518610058
19.95 0.499007916082
20.02 0.449801528698
20.09 0.343982262476
20.16 0.298621907525
20.23 0.192455678752
20.3 0.157154589989
20.37 0.109268138333
20.44 0.416714436564
20.51 0.471935066434
20.58 0.300739408363
20.65 0.157469916774
20.72 0.113017067637
20.79 0.278858650424
20.86 0.222362946188
20.93 0.148108998426
21.0 0.11225974403
21.07 0.100968182661
21.14 0.376176957674
21.21 0.320064243416
21.28 0.227975508829
21.35 0.273654925164
21.42 0.392264370316
21.49 0.304723042927
21.56 0.292714910011
21.63 0.204932027046
21.7 0.236392998711
21.77 0.219724509614
21.84 0.105796680155
21.91 0.279344764529
21.98 0.219026308281
22.05 0.179966831184
22.12 0.218683261466
22.19 0.302668739924
22.26 0.235711296741
22.33 0.361717911055
22.4 0.339264249981
22.47 0.258446111153
22.54 0.207633708514
22.61 0.11734263201
22.68 0.237846711402
22.75 0.163493726618
22.82 0.151802960042
22.89 0.201571626576
22.96 0.109162802392
23.03 0.286472516904
23.1 0.240954301886
23.17 0.271163603916
23.24 0.221185634677
23.31 0.183476104175
23.38 0.260479742449
23.45 0.30948228696
23.52 0.316283752931
23.59 0.297782949275
23.66 0.281691511684
23.73 0.204814378294
23.8 0.250031408458
23.87 0.246658615264
23.94 0.446995147042
24.01 0.206203843627
24.08 0.202487860662
24.15 0.292708739842
24.22 0.18245773866
24.29 0.526277349843
24.36 0.327488894646
24.43 0.24362706374
24.5 0.302654401762
24.57 0.384375666285
24.64 0.260929896609
24.71 0.281960242108
24.78 0.177232499055
24.85 0.221627252356
24.92 0.299834398498
24.99 0.247150813409
25.06 0.128912318016
25.13 0.163831089846
25.2 0.119423317835
25.27 0.26048389082
25.34 0.165439760875
25.41 0.167093943225
25.48 0.116080734404
25.55 0.101013126599
25.62 0.221020253024
25.69 0.151545357942
25.76 0.153100576967
25.83 0.363665503616
25.9 0.278454122126
25.97 0.341037710419
26.04 0.238441729117
26.11 0.143674530442
26.18 0.261966111129
26.25 0.111814358898
26.32 0.226663108894
26.39 0.384308584681
26.46 0.242850150803
26.53 0.160003909768
26.6 0.185794566581
26.67 0.14586394318
26.74 0.272044025451
26.81 0.231732076037
26.88 0.14588009359
26.95 0.142048618635
27.02 0.166412393978
27.09 0.167410117087
27.16 0.349865703424
27.23 0.278446547265
27.3 0.450009893758
27.37 0.270462553242
27.44 0.231011939483
27.51 0.347072187755
27.58 0.382511020717
27.65 0.247028200287
27.72 0.203826432092
27.79 0.370794453797
27.86 0.388977860923
27.93 0.299756381248
28.0 0.315495199339
28.07 0.319656066648
28.14 0.231089050165
28.21 0.209308845818
28.28 0.200021554835
28.35 0.188310870397
28.42 0.135044037885
28.49 0.1048786942
28.56 0.156704037153
28.63 0.213188480764
28.7 0.171322078602
28.77 0.275848400144
28.84 0.366706493748
28.91 0.30703993016
28.98 0.354957388046
29.05 0.402893629031
29.12 0.290930178293
29.19 0.269243574224
29.26 0.230433597828
29.33 0.360084913632
29.4 0.315293045292
29.47 0.240360477538
29.54 0.241363040709
29.61 0.115905877738
29.68 0.238140435049
29.75 0.281180090919
29.82 0.156585331774
29.89 0.185565275868
29.96 0.213535057069
30.03 0.101297244708
30.1 0.282454950408
30.17 0.253896103232
30.24 0.350540893376
30.31 0.28136220901
30.38 0.293793691502
30.45 0.184694138444
30.52 0.308249997106
30.59 0.346399613622
30.66 0.364711977184
30.73 0.161961315641
30.8 0.220256679336
30.87 0.386725634821
30.94 0.36404951204
31.01 0.257822378047
31.08 0.163889784141
31.15 0.138962075449
31.22 0.206947891026
31.29 0.169215437936
31.36 0.146961690681
31.43 0.113129103835
31.5 0.103650708104
31.57 0.471478825571
31.64 0.204828504242
31.71 0.140203076704
31.78 0.312041503149
31.85 0.295437141541
31.92 0.297788493459
31.99 0.144470368545
32.06 0.129790219629
32.13 0.224536677338
32.2 0.0986772875635
32.27 0.149484813737
32.34 0.2657537041
32.41 0.189666520116
32.48 0.138828073842
32.55 0.191107126193
32.62 0.0993762924656
32.69 0.221732336127
32.76 0.185383338026
32.83 0.147983264258
32.9 0.149906627208
32.97 0.122915872147
33.04 0.308765024609
33.11 0.284789649352
33.18 0.195008583593
33.25 0.334454600403
33.32 0.496547395066
33.39 0.440104004519
33.46 0.416854999026
33.53 0.2603150516
33.6 0.261126699151
33.67 0.235608551757
33.74 0.210793939442
33.81 0.390163486934
33.88 0.385301908137
33.95 0.224807272398
34.02 0.234760364448
34.09 0.142229604625
34.16 0.269365244374
34.23 0.330412827383
34.3 0.286657222399
34.37 0.270479619987
34.44 0.189012697115
34.51 0.131979132467
34.58 0.230717980537
34.65 0.213093067351
34.72 0.152216436816
34.79 0.107707041266
34.86 0.148362504542
34.93 0.242663775127
35.0 0.197167543277
35.07 0.163895734993
35.14 0.148003504436
35.21 0.108307008257
35.28 0.360950719974
35.35 0.457836209738
35.42 0.241592841976
35.49 0.220700934143
35.56 0.184544686109
35.63 0.133713914143
35.7 0.301424282878
35.77 0.371491903948
35.84 0.230996036804
35.91 0.22322374465
35.98 0.143027348208
36.05 0.247345387267
36.12 0.190802210292
36.19 0.138212105611
36.26 0.142610530185
36.33 0.10658072488
36.4 0.203243204203
36.47 0.213596770299
36.54 0.187589074318
36.61 0.159856092985
36.68 0.117351620443
36.75 0.237397177012
36.82 0.414948791614
36.89 0.26702343584
36.96 0.186389198938
37.03 0.201027156474
37.1 0.155619105027
37.17 0.214968338679
37.24 0.246449761847
37.31 0.202705151111
37.38 0.239938801694
37.45 0.143308328401
37.52 0.224224498237
37.59 0.305451484213
37.66 0.263859828145
37.73 0.330171020524
37.8 0.269311908687
37.87 0.341528156695
37.94 0.378376078949
38.01 0.511097205052
38.08 0.41101318474
38.15 0.242370542501
38.22 0.238247957941
38.29 0.476734261621
38.36 0.417586213292
38.43 0.309691068455
38.5 0.296064222113
38.57 0.256052450649
38.64 0.44369507642
38.71 0.330758325751
38.78 0.284830568341
38.85 0.247527277162
38.92 0.24668321425
38.99 0.275343312038
39.06 0.277009263791
39.13 0.261375105044
39.2 0.262578560525
39.27 0.353083650158
39.34 0.289747756793
39.41 0.280567978045
39.48 0.304163976278
39.55 0.254536072877
39.62 0.216201261621
39.69 0.186766825869
39.76 0.401088925288
39.83 0.204973776242
39.9 0.143802796075
39.97 0.770749329789
40.04 0.715213620864
40.11 0.256421533996
40.18 0.227912979599
40.25 0.18386065512
40.32 0.350188162885
40.39 0.415582224378
40.46 0.350495405141
40.53 0.442876042248
40.6 0.369627447507
40.67 0.25699183552
40.74 0.230444243122
40.81 0.185250726015
40.88 0.182409901872
40.95 0.156828343542
41.02 0.139932766667
41.09 0.714957640997
41.16 0.432457779504
41.23 0.247771051656
41.3 0.177547779668
41.37 0.122835105891
41.44 0.544393955947
41.51 0.433372290133
41.58 0.277717313065
41.65 0.214747367794
41.72 0.200016687247
41.79 0.324328785363
41.86 0.283074010382
41.93 0.442101266538
42.0 0.351347025156
42.07 0.220521569498
42.14 0.215304616867
42.21 0.240491871319
42.28 0.185178887814
42.35 0.452325900172
42.42 0.304320091579
42.49 0.242368892742
42.56 0.225805222815
42.63 0.160503042583
42.7 0.266898441311
42.77 0.409313283296
42.84 0.342272600108
42.91 0.220795888501
42.98 0.208679395383
43.05 0.137343495213
43.12 0.261187440106
43.19 0.208669596278
43.26 0.169723255514
43.33 0.140482408026
43.4 0.130255915084
43.47 0.475448356384
43.54 0.267684271647
43.61 0.168874906603
43.68 0.236571732044
43.75 0.437715715942
43.82 0.330126448625
43.89 0.201207749115
43.96 0.124476190506
44.03 0.194966424178
44.1 0.114518267274
44.17 0.101041691932
44.24 0.234732113439
44.31 0.20630937491
44.38 0.143054396083
44.45 0.194085796645
44.52 0.175519507868
44.59 0.218417712466
44.66 0.192574914221
44.73 0.148375736353
44.8 0.168760671022
44.87 0.152799429406
44.94 0.183441254132
45.01 0.403376207431
45.08 0.163477193513
45.15 0.183374972545
45.22 0.340456350717
45.29 0.323241590813
45.36 0.305788067846
45.43 0.281402141518
45.5 0.153067974254
45.57 0.271805112329
45.64 0.119414063914
45.71 0.307078694162
45.78 0.442093332956
45.85 0.295361843996
45.92 0.201915348213
45.99 0.178294614254
46.06 0.154581174155
46.13 0.226066475161
46.2 0.209712685977
46.27 0.263868108016
46.34 0.188238646837
46.41 0.153415713736
46.48 0.198043295231
46.55 0.171076264553
46.62 0.16412347717
46.69 0.17770573563
46.76 0.137311828369
46.83 0.253419171126
46.9 0.20574700164
46.97 0.182911551946
47.04 0.193565046486
47.11 0.154757416867
47.18 0.173398400291
47.25 0.370934781848
47.32 0.271365273157
47.39 0.2013975646
47.46 0.197227413181
47.53 0.180413768403
47.6 0.278751768611
47.67 0.232896391924
47.74 0.318880560178
47.81 0.336557184155
47.88 0.217874779356
47.95 0.256745070506
48.02 0.223222897573
48.09 0.228226749857
48.16 0.189382735866
48.23 0.179899674993
48.3 0.344475149649
48.37 0.380525810461
48.44 0.218869820054
48.51 0.181341004727
48.58 0.14253930021
48.65 0.133459464166
48.72 0.44551205657
48.79 0.515234862085
48.86 0.271784434406
48.93 0.177260766934
49.0 0.14198150684
49.07 0.209859783543
49.14 0.182930418508
49.21 0.183657762323
49.28 0.108243172006
49.35 0.0902653152279
49.42 0.318162791713
49.49 0.265979364988
49.56 0.165924921352
49.63 0.292871344964
49.7 0.428089163354
49.77 0.396978323232
49.84 0.359810087625
49.91 0.290271924563
49.98 0.211696395644
50.05 0.198727605915
50.12 0.103703493279
50.19 0.347282228323
50.26 0.414297261227
50.33 0.313345341742
50.4 0.184232410224
50.47 0.137446726778
50.54 0.240946732352
50.61 0.211382518836
50.68 0.193361612057
50.75 0.130141474393
50.82 0.0973001483614
50.89 0.172760337902
50.96 0.325130598292
51.03 0.184435767404
51.1 0.178577446652
51.17 0.354735377404
51.24 0.339930727643
51.31 0.341076897073
51.38 0.298636687872
51.45 0.288010682502
51.52 0.26533346669
51.59 0.122593780286
51.66 0.199609592856
51.73 0.242911304642
51.8 0.161013935922
51.87 0.195475438674
51.94 0.245201251438
52.01 0.206529351323
52.08 0.270974555595
52.15 0.319422811364
52.22 0.232675030353
52.29 0.221165573859
52.36 0.106858971162
52.43 0.160153190735
52.5 0.164376612135
52.57 0.172183224242
52.64 0.178591429644
52.71 0.125173830673
52.78 0.223314958194
52.85 0.2312230571
52.92 0.226334812236
52.99 0.202180460355
53.06 0.149729670607
53.13 0.143760608246
53.2 0.314966891189
53.27 0.263461385664
53.34 0.399717375553
53.41 0.296759416943
53.48 0.251972425958
53.55 0.329255344054
53.62 0.264722678595
53.69 0.358670246415
53.76 0.270648937797
53.83 0.262005612994
53.9 0.278743281855
53.97 0.221439081302
54.04 0.378618489594
54.11 0.395224389083
54.18 0.232334727215
54.25 0.252890820356
54.32 0.362087575991
54.39 0.297751504412
54.46 0.281076891319
54.53 0.26521706014
54.6 0.294220282881
54.67 0.401910888714
54.74 0.314574525645
54.81 0.241371623361
54.88 0.127184317399
54.95 0.118696571591
55.02 0.234046981428
55.09 0.185823027139
55.16 0.149324759615
55.23 0.123570237668
55.3 0.0811240349946
55.37 0.167667462577
55.44 0.17834761697
55.51 0.125700951671
55.58 0.265719425878
55.65 0.351836773525
55.72 0.313784923417
55.79 0.307604556975
55.86 0.294406461438
55.93 0.232375014892
56.0 0.322512519103
56.07 0.116815207343
56.14 0.37670545939
56.21 0.358853611148
56.28 0.226936254953
56.35 0.228249025152
56.42 0.180956919053
56.49 0.234692338982
56.56 0.230933320222
56.63 0.152358573563
56.7 0.186502822741
56.77 0.0941278914201
56.84 0.211934424396
56.91 0.548101207977
56.98 0.350524232411
57.05 0.47227259304
57.12 0.354792723835
57.19 0.259016072603
57.26 0.349809503301
57.33 0.400280682917
57.4 0.317688807507
57.47 0.209404082536
57.54 0.193891684507
57.61 0.384159181181
57.68 0.390192517538
57.75 0.379779723505
57.82 0.270633745455
57.89 0.188958550755
57.96 0.148055313785
58.03 0.278876576677
58.1 0.209635725354
58.17 0.152700464305
58.24 0.0883849339089
58.31 0.11183693875
58.38 0.199996907013
58.45 0.163303992821
58.52 0.191908607039
58.59 0.374508747935
58.66 0.601716595084
58.73 0.422700989208
58.8 0.231813086471
58.87 0.150893433318
58.94 0.204042148256
59.01 0.170850355934
59.08 0.177025315819
59.15 0.451414286832
59.22 0.331300292801
59.29 0.294582103027
59.36 0.240086527021
59.43 0.0921706542531
59.5 0.38388510902
59.57 0.313272945037
59.64 0.196979233707
59.71 0.295414700205
59.78 0.193781555565
59.85 0.328564929796
59.92 0.466349863327
59.99 0.320421338043
60.06 0.442384149547
60.13 0.337306017454
60.2 0.188955011499
60.27 0.253387559334
60.34 0.321460750857
60.41 0.488028382868
60.48 0.236606474648
60.55 0.130439415669
60.62 0.461550488781
60.69 0.372513305269
60.76 0.294945814447
60.83 0.223504325278
60.9 0.171760627624
60.97 0.259375879831
61.04 0.195112275102
61.11 0.199954898544
61.18 0.170374309086
61.25 0.105450198858
61.32 0.33430732614
61.39 0.33079254093
61.46 0.122279104348
61.53 0.167021336971
61.6 0.398883010523
61.67 0.242898629558
61.74 0.305555458969
61.81 0.123821290456
61.88 0.194445924413
61.95 0.141310348054
62.02 0.0994743678692
62.09 0.258032737379
62.16 0.218918518125
62.23 0.187103740696
62.3 0.159709476672
62.37 0.148229220375
62.44 0.159676426446
62.51 0.249929914556
62.58 0.189084335535
62.65 0.238901313007
62.72 0.176525150352
62.79 0.131547402684
62.86 0.58853114089
62.93 0.189972514842
63.0 0.211134659015
63.07 0.35881919441
63.14 0.391426526408
63.21 0.408953130667
63.28 0.506959753129
63.35 0.236552522743
63.42 0.241660131355
63.49 0.238125358137
63.56 0.322942721659
63.63 0.441103514127
63.7 0.341661568723
63.77 0.197875501095
63.84 0.209416240849
63.91 0.103688910052
63.98 0.297741913081
64.05 0.290243106172
64.12 0.244630782098
64.19 0.208784074261
64.26 0.119221629059
64.33 0.212572802885
64.4 0.183629384342
64.47 0.138527966925
64.54 0.142530080029
64.61 0.103398978719
64.68 0.258467030591
64.75 0.279451573531
64.82 0.186380641148
64.89 0.172778723211
64.96 0.128026927671
65.03 0.127850068741
65.1 0.68533675232
65.17 0.326350820401
65.24 0.191038485397
65.31 0.227120204827
65.38 0.122854392441
65.45 0.222325373776
65.52 0.33218287021
65.59 0.296894184827
65.66 0.267673087384
65.73 0.172502209265
65.8 0.200450404199
65.87 0.167730142754
65.94 0.148526618243
66.01 0.165647543458
66.08 0.118982285296
66.15 0.117450060782
66.22 0.272835645925
66.29 0.199952518914
66.36 0.184449122636
66.43 0.136309852114
66.5 0.10890429994
66.57 0.602003078617
66.64 0.417574412811
66.71 0.209124958987
66.78 0.193891198814
66.85 0.214540593002
66.92 0.164061234739
66.99 0.278058434866
67.06 0.262029141146
67.13 0.248208533395
67.2 0.241528403715
67.27 0.152784871928
67.34 0.419145849728
67.41 0.302566751449
67.48 0.293508521206
67.55 0.270299630245
67.62 0.435569773192
67.69 0.374256049828
67.76 0.398777683462
67.83 0.506801794503
67.9 0.375532082261
67.97 0.148171011773
68.04 0.291280803522
68.11 0.51063798965
68.18 0.421824454995
68.25 0.39153612526
68.32 0.378636676897
68.39 0.29402688108
68.46 0.326970473506
68.53 0.282131445863
68.6 0.292867977076
68.67 0.360274079158
68.74 0.293984035301
68.81 0.357959604409
68.88 0.341347104998
68.95 0.369315883735
69.02 0.33603827821
69.09 0.319913199925
69.16 0.374088866582
69.23 0.298246772103
69.3 0.321019143832
69.37 0.218506949496
69.44 0.218129896163
69.51 0.227289270467
69.58 0.538720666557
69.65 0.35656404083
69.72 0.287140609696
69.79 0.342897444892
69.86 0.222364088943
69.93 0.304446094787
70.0 0.296037547166
70.07 0.260787023774
70.14 0.163601373818
70.21 0.214228032094
70.28 0.324528043897
70.35 0.28959686336
70.42 0.224779475118
70.49 0.184451505818
70.56 0.185660385613
70.63 0.275332621459
70.7 0.353817609878
70.77 0.316725415895
70.84 0.233816187463
70.91 0.250500494887
70.98 0.228237839113
71.05 0.301301246216
71.12 0.269923114105
71.19 0.226452215033
71.26 0.230786295465
71.33 0.258991387489
71.4 0.342668889379
71.47 0.281162891874
71.54 0.194281003592
71.61 0.202003311075
71.68 0.235498468099
71.75 0.269037057818
71.82 0.298155761894
71.89 0.248125240114
71.96 0.260457064038
72.03 0.271605950579
72.1 0.221957915326
72.17 0.350785077201
72.24 0.253493577198
72.31 0.196322978689
72.38 0.172945761726
72.45 0.197720508127
72.52 0.377976103026
72.59 0.283788434934
72.66 0.253000088902
72.73 0.292809222402
72.8 0.330078017818
72.87 0.360757916632
72.94 0.350013125083
73.01 0.266061206517
73.08 0.236106693651
73.15 0.207747217774
73.22 0.19103568134
73.29 0.336673574722
73.36 0.298326563421
73.43 0.291580884689
73.5 0.369927042981
73.57 0.316909133133
73.64 0.4524640759
73.71 0.445273427583
73.78 0.319680076054
73.85 0.299821418857
73.92 0.237343832445
73.99 0.291831553895
74.06 0.454571247544
74.13 0.387708203769
74.2 0.372621087433
74.27 0.385113627869
74.34 0.368451457224
74.41 0.35671350382
74.48 0.268066227197
74.55 0.346006323751
74.62 0.30740037314
74.69 0.300900670947
74.76 0.389358566279
74.83 0.361186973769
74.9 0.353505107573
74.97 0.489847241861
75.04 0.591524953073
75.11 0.640523498384
75.18 0.547954607647
75.25 0.456423107926
75.32 0.52393646386
75.39 0.380580375032
75.46 0.623684930528
75.53 0.57673407054
75.6 0.392769682178
75.67 0.220656366684
75.74 0.207152273757
75.81 0.169019879372
75.88 0.234976526349
75.95 0.17774103585
76.02 0.150914604926
76.09 0.153173652932
76.16 0.218347505376
76.23 0.386516326788
76.3 0.252759351989
76.37 0.141757798492
76.44 0.427333729245
76.51 0.454173769346
76.58 0.415397753294
76.65 0.160214257557
76.72 0.123935551787
76.79 0.240238184955
76.86 0.107543135339
76.93 0.112550646749
77.0 0.243214801644
77.07 0.182963895824
77.14 0.112332163821
77.21 0.14462134189
77.28 0.104354188132
77.35 0.204147351896
77.42 0.154093714848
77.49 0.169699904058
77.56 0.118994781019
77.63 0.112412650381
77.7 0.36902025816
77.77 0.254100783416
77.84 0.140183352409
77.91 0.188394649372
77.98 0.319643600226
78.05 0.261995561719
78.12 0.311960702264
78.19 0.262448134578
78.26 0.180788324899
78.33 0.214297686897
78.4 0.15436550949
78.47 0.344879551861
78.54 0.381375112112
78.61 0.233217370331
78.68 0.179898603272
78.75 0.181271030273
78.82 0.240354853441
78.89 0.249859203126
78.96 0.171380727614
79.03 0.27021939763
79.1 0.162294446145
79.17 0.142477304621
79.24 0.320289855469
79.31 0.233429811839
79.38 0.205958533029
79.45 0.184618922588
79.52 0.198185112327
79.59 0.281938960398
79.66 0.271443933262
79.73 0.23272484099
79.8 0.189921873997
79.87 0.17671660494
79.94 0.193455881827
80.01 0.351226843163
80.08 0.246553261565
80.15 0.235849019629
80.22 0.25146490317
80.29 0.254773933811
80.36 0.216595638309
80.43 0.285533552908
80.5 0.443458273889
80.57 0.302567293081
80.64 0.191236289515
80.71 0.242495321265
80.78 0.222787422536
80.85 0.227774327945
80.92 0.205727999225
80.99 0.168618879676
81.06 0.438083385717
81.13 0.340429153672
81.2 0.190299019674
81.27 0.147737581621
81.34 0.133147752111
81.41 0.156419665986
81.48 0.479537541766
81.55 0.372956575371
81.62 0.3129201959
81.69 0.172713691818
81.76 0.130831911738
81.83 0.240744474419
81.9 0.234636430985
81.97 0.18945155247
82.04 0.107499996546
82.11 0.0875962116113
82.18 0.377731510757
82.25 0.23682684885
82.32 0.134143231441
82.39 0.282097630249
82.46 0.495865110619
82.53 0.463832824312
82.6 0.358853651104
82.67 0.333076195913
82.74 0.181915419104
82.81 0.186271155061
82.88 0.0905934493966
82.95 0.36580919726
83.02 0.489543071814
83.09 0.331998423989
83.16 0.173029878111
83.23 0.122279384044
83.3 0.254911235824
83.37 0.231936378854
83.44 0.170749324639
83.51 0.115991186602
83.58 0.102105249116
83.65 0.195518058921
83.72 0.447261929365
83.79 0.219707396697
83.86 0.243274442464
83.93 0.403451156911
84.0 0.311681473941
84.07 0.270224042349
84.14 0.25041701603
84.21 0.223793000202
84.28 0.227002096131
84.35 0.133015180057
84.42 0.241791718703
84.49 0.237767757395
84.56 0.190092730576
84.63 0.20255140745
84.7 0.317263975102
84.77 0.224885526723
84.84 0.307721913601
84.91 0.378930844505
84.98 0.272740380794
85.05 0.227521586329
85.12 0.119648028647
85.19 0.216446224154
85.26 0.18099179751
85.33 0.149971595559
85.4 0.202619945246
85.47 0.130334554767
85.54 0.262727984447
85.61 0.238961065705
85.68 0.276351224938
85.75 0.223370935449
85.82 0.196015905137
85.89 0.224367848773
85.96 0.313053603488
86.03 0.266019835577
86.1 0.358301464073
86.17 0.288250650475
86.24 0.175134437489
86.31 0.27162949205
86.38 0.20624507694
86.45 0.456392958541
86.52 0.226715674753
86.59 0.207417003205
86.66 0.279044551949
86.73 0.204800183088
86.8 0.473876737444
86.87 0.387926161935
86.94 0.247294866292
87.01 0.277938107254
87.08 0.39492612194
87.15 0.266566375425
87.22 0.283606405636
87.29 0.207051368546
87.36 0.169601327866
87.43 0.304462698037
87.5 0.273221353832
87.57 0.148587698384
87.64 0.159787453965
87.71 0.119342808188
87.78 0.251496093199
87.85 0.169528998644
87.92 0.174909399033
87.99 0.129312304593
88.06 0.0910478815636
88.13 0.208605741381
88.2 0.168085429571
88.27 0.146780819232
88.34 0.326874321341
88.41 0.300360878417
88.48 0.327997900264
88.55 0.281845456016
88.62 0.133473301539
88.69 0.261985018536
88.76 0.131439655149
88.83 0.188037543202
88.9 0.369507911921
88.97 0.280792939251
89.04 0.174137133479
89.11 0.175930629873
89.18 0.165757823347
89.25 0.238403366455
89.32 0.250117490702
89.39 0.168295603328
89.46 0.139788011438
89.53 0.163450000908
89.6 0.148096677623
89.67 0.337916456595
89.74 0.267313081262
89.81 0.449349336758
89.88 0.294668656758
89.95 0.231718735899
90.02 0.313453297939
90.09 0.394155789391
90.16 0.277630064092
90.23 0.204979028299
90.3 0.228009488709
90.37 0.462467644529
90.44 0.317957412734
90.51 0.318202892925
90.58 0.297597639993
90.65 0.284617014266
90.72 0.178166403672
90.79 0.218409125374
90.86 0.193557793053
90.93 0.151624268442
91.0 0.10118516589
91.07 0.139611169379
91.14 0.217066031758
91.21 0.17131645273
91.28 0.241303983253
91.35 0.376180795272
91.42 0.287823938339
91.49 0.370449451778
91.56 0.38926397952
91.63 0.299403634775
91.7 0.291559477782
91.77 0.227899521369
91.84 0.259133709812
91.91 0.404917650349
91.98 0.236254639183
92.05 0.236994414791
92.12 0.157883171567
92.19 0.159610169721
92.26 0.3189141547
92.33 0.174347088806
92.4 0.1771846525
92.47 0.226116423427
92.54 0.100560341527
92.61 0.253843598639
92.68 0.271504224929
92.75 0.292582671816
92.82 0.339431194376
92.89 0.2989791309
92.96 0.169480454183
93.03 0.287725678247
93.1 0.275961502736
93.17 0.437030394803
93.24 0.179145906626
93.31 0.193394980158
93.38 0.356868039508
93.45 0.384711381531
93.52 0.282729074957
93.59 0.176540950032
93.66 0.13642737123
93.73 0.208326543247
93.8 0.162312119341
93.87 0.163983160662
93.94 0.107979055224
94.01 0.10072406099
94.08 0.442071881653
94.15 0.260544301468
94.22 0.135077468141
94.29 0.28915788636
94.36 0.288656739739
94.43 0.308703929373
94.5 0.188142545284
94.57 0.116660863446
94.64 0.231526587844
94.71 0.1000931517
94.78 0.115287149847
94.85 0.266543134071
94.92 0.2019653169
94.99 0.144279020507
95.06 0.183807677265
95.13 0.124408165928
95.2 0.200085304957
95.27 0.196480250064
95.34 0.142747492124
95.41 0.159018701029
95.48 0.137227881577
95.55 0.24294795983
95.62 0.330930064036
95.69 0.203935687319
95.76 0.285836762224
95.83 0.492020821177
95.9 0.436573920416
95.97 0.440800396267
96.04 0.292585065653
96.11 0.21966823757
96.18 0.271137085243
96.25 0.194385495118
96.32 0.343534547438
96.39 0.419957734354
96.46 0.246784090159
96.53 0.229720027456
96.6 0.170461454172
96.67 0.195521403723
96.74 0.357693200341
96.81 0.302758667757
96.88 0.246745525939
96.95 0.228976478181
97.02 0.121391494198
97.09 0.224941186102
97.16 0.218262981436
97.23 0.165093793685
97.3 0.116162741087
97.37 0.135850145692
97.44 0.219749419373
97.51 0.22057645816
97.58 0.169267805788
97.65 0.151935273711
97.72 0.111823934247
97.79 0.193032525148
97.86 0.526538340252
97.93 0.279433348936
98.0 0.211808082001
98.07 0.207257883177
98.14 0.11131288197
98.21 0.274507290145
98.28 0.366844727192
98.35 0.258690564019
98.42 0.23153635232
98.49 0.168393312019
98.56 0.224698821628
98.63 0.21298480482
98.7 0.143073396721
98.77 0.141637186745
98.84 0.105000235601
98.91 0.176402551436
98.98 0.225415758111
99.05 0.182644931224
99.12 0.177350017282
99.19 0.125441519564
99.26 0.129743516717
99.33 0.427533070355
99.4 0.304785584588
99.47 0.194734861273
99.54 0.196875320218
99.61 0.168505477854
99.68 0.199360680847
99.75 0.235550756926
99.82 0.213306505107
99.89 0.244842160764
99.96 0.165857367373
100.03 0.187383107535
100.1 0.293347574723
100.17 0.281955498829
100.24 0.307052270497
100.31 0.288641845738
100.38 0.318142405916
100.45 0.365115630879
100.52 0.498519777515
100.59 0.458294703259
100.66 0.2597633769
100.73 0.183723306935
100.8 0.422571887153
100.87 0.473625568338
100.94 0.323376795555
101.01 0.305153443491
101.08 0.261364864642
101.15 0.416937916717
101.22 0.357487830241
101.29 0.285866384183
101.36 0.253163782616
101.43 0.245991206172
101.5 0.25764748764
101.57 0.287813268182
101.64 0.258869283145
101.71 0.263026525069
101.78 0.340970759339
101.85 0.314873045845
101.92 0.273248177062
101.99 0.299695507105
102.06 0.272180986502
102.13 0.211349895701
102.2 0.190816875208
102.27 0.386002072665
102.34 0.23308069519
102.41 0.152282836497
102.48 0.654029092787
102.55 0.808050244
102.62 0.292968456084
102.69 0.22911706728
102.76 0.186573546601
102.83 0.289839906206
102.9 0.452879076347
102.97 0.305067041595
103.04 0.448984227749
103.11 0.386234689533
103.18 0.282010218787
103.25 0.241454407863
103.32 0.182218463266
103.39 0.194896364483
103.46 0.165070103931
103.53 0.131116985251
103.6 0.653130215797
103.67 0.509964594189
103.74 0.261285845816
103.81 0.183493152274
103.88 0.137926188573
103.95 0.45846605885
104.02 0.508300294858
104.09 0.28508579081
104.16 0.228329203603
104.23 0.199222577928
104.3 0.268082600475
104.37 0.337767573417
104.44 0.35621522341
104.51 0.430941626376
104.58 0.235168789834
104.65 0.203006953071
104.72 0.242923100683
104.79 0.197705038753
104.86 0.406701574058
104.93 0.360682951169
105.0 0.229968291282
105.07 0.241326843688
105.14 0.168493164155
105.21 0.234637735342
105.28 0.383210842507
105.35 0.380250470347
105.42 0.235583281502
105.49 0.203219090022
105.56 0.152785211114
105.63 0.250202851953
105.7 0.213714293854
105.77 0.183207483854
105.84 0.140228972943
105.91 0.134560612407
105.98 0.429734641406
106.05 0.323374262314
106.12 0.181023988227
106.19 0.197496182673
106.26 0.419177661302
106.33 0.340879972886
106.4 0.261463518083
106.47 0.129679360815
106.54 0.178647136083
106.61 0.14502085343
106.68 0.0937431770978
106.75 0.221250657191
106.82 0.206953414788
106.89 0.158599187275
106.96 0.178066665191
107.03 0.19986187364
107.1 0.168958959945
107.17 0.23022686388
107.24 0.146647289999
107.31 0.17113663702
107.38 0.155768431278
107.45 0.102825706209
107.52 0.406616268746
107.59 0.211828901104
107.66 0.160035621008
107.73 0.320227504711
107.8 0.349244922658
107.87 0.300826465545
107.94 0.273907831045
108.01 0.185628224197
108.08 0.261446879316
108.15 0.149585639034
108.22 0.236091819185
108.29 0.454869181716
108.36 0.326003615447
108.43 0.208727154922
108.5 0.174342149297
108.57 0.168846312857
108.64 0.20258363546
108.71 0.224400803103
108.78 0.239550517926
108.85 0.227353069425
108.92 0.155480716198
108.99 0.183996999066
109.06 0.180566192612
109.13 0.157089539062
109.2 0.180066111497
109.27 0.151202127327
109.34 0.218352479514
109.41 0.236422068383
109.48 0.178312433069
109.55 0.184344891271
109.62 0.178022597631
109.69 0.135043825672
109.76 0.355120135235
109.83 0.298683046269
109.9 0.206211042009
109.97 0.198770518288
110.04 0.180761570927
110.11 0.277136422186
110.18 0.224517755724
110.25 0.265582761393
110.32 0.376780983356
110.39 0.230819319941
110.46 0.247468416825
110.53 0.232821184946
110.6 0.230890147688
110.67 0.193298555401
110.74 0.185446905236
110.81 0.23156429078
110.88 0.449226177563
110.95 0.230469372197
111.02 0.190213754319
111.09 0.149483856557
111.16 0.132114374501
111.23 0.382525950234
111.3 0.534073380586
111.37 0.308629228511
111.44 0.199454692232
111.51 0.151776826727
111.58 0.194314121299
111.65 0.195524278814
111.72 0.180348658872
111.79 0.127728723571
111.86 0.0883112284074
111.93 0.255644431931
112.0 0.314877989794
112.07 0.180566584186
112.14 0.245380103753
112.21 0.424961083186
112.28 0.380899104333
112.35 0.393544249226
112.42 0.295842193713
112.49 0.233809042356
112.56 0.204207030009
112.63 0.114662183417
112.7 0.261397764809
112.77 0.441241918051
112.84 0.332393688598
112.91 0.217911156625
112.98 0.146978469739
113.05 0.172026171296
113.12 0.257021315412
113.19 0.203696231677
113.26 0.140828870677
113.33 0.1023685277
113.4 0.0956360541404
113.47 0.34508000021
113.54 0.187410442208
113.61 0.182687542592
113.68 0.318723978719
113.75 0.368221827325
113.82 0.329646644093
113.89 0.301477467618
113.96 0.297099365799
114.03 0.266279880349
114.1 0.152087004453
114.17 0.15475588609
114.24 0.260402040412
114.31 0.1652939872
114.38 0.18117523594
114.45 0.241758439394
114.52 0.210813392033
114.59 0.261419042967
114.66 0.319437779062
114.73 0.246781358911
114.8 0.237805659225
114.87 0.11642032454
114.94 0.138855223827
115.01 0.176214281822
115.08 0.155002719474
115.15 0.185408854235
115.22 0.146497027879
115.29 0.180599556274
115.36 0.249940731219
115.43 0.216689085864
115.5 0.220003054238
115.57 0.161308878686
115.64 0.130003605886
115.71 0.279200045705
115.78 0.291950443961
115.85 0.3712027824
115.92 0.303974293094
115.99 0.278982526171
116.06 0.329199442273
116.13 0.261145294009
116.2 0.348937979631
116.27 0.286969618153
116.34 0.273851707283
116.41 0.265814611984
116.48 0.241025302778
116.55 0.229887778972
116.62 0.483753477985
116.69 0.250376346547
116.76 0.244788113851
116.83 0.341754598067
116.9 0.321357632945
116.97 0.273454507005
117.04 0.269232931594
117.11 0.250646532275
117.18 0.420035329841
117.25 0.319423757001
117.32 0.272182829828
117.39 0.140616059793
117.46 0.113551414542
117.53 0.217213356633
117.6 0.202649566318
117.67 0.153036080103
117.74 0.128041522442
117.81 0.090146904639
117.88 0.121161169057
117.95 0.207220657943
118.02 0.121015136108
118.09 0.216895517917
118.16 0.352351066717
118.23 0.330729803038
118.3 0.305902437503
118.37 0.292206383872
118.44 0.224763377095
118.51 0.343992577464
118.58 0.138895703294
118.65 0.341640973376
118.72 0.368361114732
118.79 0.256048428364
118.86 0.219332348292
118.93 0.202426183837
119.0 0.174676487375
119.07 0.262200092732
119.14 0.176850981251
119.21 0.187351959238
119.28 0.102767668975
119.35 0.104314862075
119.42 0.496670100533
119.49 0.448529229976
119.56 0.425384604131
119.63 0.407134571792
119.7 0.261731167018
119.77 0.320081975215
119.84 0.397583668366
119.91 0.35168857316
119.98 0.216216266612
120.05 0.197010343824
120.12 0.345205984772
120.19 0.398914271586
120.26 0.380924316873
120.33 0.29746972065
120.4 0.21304955563
120.47 0.123520523814
120.54 0.279682851413
120.61 0.213735302972
120.68 0.167180886753
120.75 0.0957728953223
120.82 0.097970825894
120.89 0.201946774429
120.96 0.156926262672
121.03 0.175481358307
121.1 0.355540249224
121.17 0.556079672024
121.24 0.470018007729
121.31 0.289935656142
121.38 0.155139488734
121.45 0.192641198472
121.52 0.180443332647
121.59 0.158301502609
121.66 0.402821818354
121.73 0.376041012405
121.8 0.305169589461
121.87 0.262361237222
121.94 0.107032380516
122.01 0.367318753129
122.08 0.286869465013
122.15 0.252845982969
122.22 0.261260774456
122.29 0.239845304415
122.36 0.262651305295
122.43 0.475243435574
122.5 0.344949370929
122.57 0.436779688304
122.64 0.338998958478
122.71 0.221034207603
122.78 0.240149230284
122.85 0.326736735193
122.92 0.454516471647
122.99 0.30630971303
123.06 0.136260997768
123.13 0.3898105611
123.2 0.419228833124
123.27 0.310696819265
123.34 0.247455961946
123.41 0.167732530375
123.48 0.252455037211
123.55 0.211089230271
123.62 0.192967591426
123.69 0.182115927832
123.76 0.117518498244
123.83 0.149849218623
123.9 0.43691171695
123.97 0.147590973299
124.04 0.144648832838
124.11 0.375416066397
124.18 0.273188538906
124.25 0.318387164226
124.32 0.129105102712
124.39 0.15626195953
124.46 0.184455463286
124.53 0.0957127625935
124.6 0.229549946921
124.67 0.241783847277
124.74 0.184469031619
124.81 0.159660499793
124.88 0.166241659932
124.95 0.0903459012355
125.02 0.261939563154
125.09 0.208681191649
125.16 0.21408117693
125.23 0.207370900528
125.3 0.11956816008
125.37 0.57110774511
125.44 0.235176371798
125.51 0.199163069408
125.58 0.332121080619
125.65 0.396266814615
125.72 0.374622525348
125.79 0.533309667494
125.86 0.281411003865
125.93 0.219330558241
126.0 0.246011426815
126.07 0.28835192506
126.14 0.424753067968
126.21 0.388843143651
126.28 0.205105257927
126.35 0.215143379145
126.42 0.12012610262
126.49 0.270415939123
126.56 0.288037220709
126.63 0.260166359326
126.7 0.212797949666
126.77 0.14699943091
126.84 0.189062272453
126.91 0.198352588587
126.98 0.149001980502
127.05 0.142105774162
127.12 0.104644603382
127.19 0.183560400808
127.26 0.324687838746
127.33 0.193626044939
127.4 0.17488132117
127.47 0.135898334984
127.54 0.11298432552
127.61 0.665153498435
127.68 0.360863310287
127.75 0.189482163574
127.82 0.225461652126
127.89 0.153894054974
127.96 0.203125493296
128.03 0.318380032438
128.1 0.312895730102
128.17 0.268676155783
128.24 0.189056880992
128.31 0.148310633926
128.38 0.212211321924
128.45 0.148986036978
128.52 0.167461475372
128.59 0.12694246348
128.66 0.109438654837
128.73 0.259756884416
128.8 0.209282293405
128.87 0.184298792146
128.94 0.152873151778
129.01 0.112309114258
129.08 0.496243149546
129.15 0.525266021996
129.22 0.23022771451
129.29 0.191940627275
129.36 0.215200694498
129.43 0.169553784981
129.5 0.256611597211
129.57 0.274729188021
129.64 0.253797318379
129.71 0.243360300951
129.78 0.13199219202
129.85 0.380751328394
129.92 0.34559270491
129.99 0.288907766777
130.06 0.256820704574
130.13 0.40899784197
130.2 0.394788145106
130.27 0.35834622066
130.34 0.543808540219
130.41 0.391469140439
130.48 0.173851779383
130.55 0.246615064475
130.62 0.492224529974
130.69 0.434438369015
130.76 0.399058470088
130.83 0.380076238778
130.9 0.31166967346
130.97 0.320791597886
131.04 0.291580427409
131.11 0.28544889134
131.18 0.355817895271
131.25 0.307124878527
131.32 0.353581871965
131.39 0.330019544615
131.46 0.372385053842
131.53 0.327643066286
131.6 0.325321141873
131.67 0.375879563358
131.74 0.312864005544
131.81 0.326723786629
131.88 0.218114545771
131.95 0.238803842278
132.02 0.091177438235
132.09 0.547454293896
132.16 0.382806775041
132.23 0.28590807744
132.3 0.333581950848
132.37 0.256105212739
132.44 0.289004670124
132.51 0.291456125459
132.58 0.278410723172
132.65 0.166109760923
132.72 0.213175668941
132.79 0.288015381384
132.86 0.321798984248
132.93 0.228437555814
133.0 0.197877402135
133.07 0.175316023714
133.14 0.24142845302
133.21 0.359447241929
133.28 0.327860566285
133.35 0.250945352593
133.42 0.247302578781
133.49 0.215785651171
133.56 0.296012578805
133.63 0.277984401721
133.7 0.237238591513
133.77 0.217611905665
133.84 0.261278326007
133.91 0.328163285468
133.98 0.29227835615
134.05 0.214230565335
134.12 0.202734528004
134.19 0.235405842759
134.26 0.239166836257
134.33 0.299452239615
134.4 0.272099715019
134.47 0.25849602035
134.54 0.263802520784
134.61 0.221143358056
134.68 0.343255917574
134.75 0.273665081214
134.82 0.205413777903
134.89 0.177071075758
134.96 0.189530480727
135.03 0.351530214081
135.1 0.309288578825
135.17 0.245540671093
135.24 0.289205313816
135.31 0.323279508626
135.38 0.34502771671
135.45 0.365484754182
135.52 0.285609288199
135.59 0.23961056719
135.66 0.213926456555
135.73 0.178388316642
135.8 0.32512236193
135.87 0.296084229655
135.94 0.289197077453
136.01 0.371755839594
136.08 0.317398706581
136.15 0.425418675467
136.22 0.462511534504
136.29 0.336586721762
136.36 0.300746014502
136.43 0.257755793678
136.5 0.249046720929
136.57 0.435089607275
136.64 0.413667367719
136.71 0.342680669437
136.78 0.411833017154
136.85 0.366023202398
136.92 0.369765400367
136.99 0.278330859932
137.06 0.32875586939
137.13 0.322793480649
137.2 0.297991677495
137.27 0.366525421629
137.34 0.376442056498
137.41 0.351176379903
137.48 0.450707839369
137.55 0.587200972752
137.62 0.544449633973
137.69 0.487952287081
137.76 0.387514760235
137.83 0.350131383837
137.9 0.336702733186
137.97 0.3703238286
138.04 0.323606808148
138.11 0.115635842957
138.18 0.142745282087
138.25 1.0
138.32 0.373832461401
138.39 0.237352265927
138.46 0.258994712756
138.53 0.178258031875
138.6 0.16339653736
138.67 0.124321855489
138.74 0.298392687846
138.81 0.368992797402
138.88 0.288371374988
138.95 0.225148828393
139.02 0.209976072887
139.09 0.207264985663
139.16 0.384499379543
139.23 0.333306488201
139.3 0.274375062605
139.37 0.234323030103
139.44 0.109072400409
139.51 0.274586154473
139.58 0.360336821489
139.65 0.313145596627
139.72 0.270707410112
139.79 0.219060105249
139.86 0.419064765596
139.93 0.391561961121
140.0 0.309286164566
140.07 0.327739049746
140.14 0.300974128718
140.21 0.260097937847
140.28 0.380366181654
140.35 0.335132816392
140.42 0.385711811025
140.49 0.517873280899
140.56 0.475846162226
140.63 0.528388594384
140.7 0.37551476601
140.77 0.374862742827
140.84 0.30051310462
140.91 0.156226764085
140.98 0.270573964343
141.05 0.497890521535
141.12 0.346571674222
141.19 0.373466943948
141.26 0.370593135285
141.33 0.334053488829
141.4 0.439679813193
141.47 0.417499854017
141.54 0.280082306125
141.61 0.391776465272
141.68 0.338733213248
141.75 0.336507844116
141.82 0.534851547269
141.89 0.330430627552
141.96 0.357524282095
142.03 0.335998156575
142.1 0.368544697005
142.17 0.341336598219
142.24 0.4063863041
142.31 0.389959925531
142.38 0.499705446146
142.45 0.457327145518
142.52 0.413366223709
142.59 0.37358645556
142.66 0.448072281438
142.73 0.458839154715
142.8 0.351815275163
142.87 0.362858811557
142.94 0.532869433197
143.01 0.516099285044
143.08 0.528051173441
143.15 0.550630486107
143.22 0.523005092484
143.29 0.589529308848
143.36 0.540826310088
143.43 0.574295429693
143.5 0.651285678994
143.57 0.609394190377
143.64 0.672775937801
143.71 0.583707184228
143.78 0.347425710273
143.85 0.333567340983
143.92 0.30212553955
143.99 0.608846597453
144.06 0.484044420661
144.13 0.377657251192
144.2 0.248609804796
144.27 0.191233359373
144.34 0.256050918984
144.41 0.263163022625
144.48 0.223768469586
144.55 0.126477528974
144.62 0.0925058109954
144.69 0.578636268986
144.76 0.675050900917
144.83 0.424430377648
144.9 0.325708183439
144.97 0.197204977173
145.04 0.134890137061
145.11 0.087664690805
145.18 0.0729098170528
145.25 0.0543867132403
145.32 0.0315968831927
145.39 0.0254598002759
145.46 0.0171046824617
145.53 0.0156827200787
145.6 0.0114960106934
145.67 0.00875780633774
145.74 0.00670284627208
145.81 0.00492448450536
145.88 0.00383202102693
145.95 0.00306673364959
146.02 0.00208557916137
146.09 0.00146690898503
146.16 0.0
146.23 0.0
146.3 0.0
146.37 0.0
146.44 0.0
146.51 0.0
146.58 0.0
146.65 0.0
146.72 0.0
146.79 0.0
146.86 0.0
146.93 0.0
147.0 0.0
147.07 0.0
147.14 0.0
147.21 0.0
147.28 0.0
147.35 0.0
147.42 0.0
147.49 0.0
147.56 0.0
147.63 0.0
147.7 0.0
147.77 0.0
147.84 0.0
147.91 0.0
147.98 0.0
148.05 0.0
148.12 0.0
148.19 0.0
148.26 0.0
148.33 0.0
148.4 0.0
148.47 0.0
148.54 0.0
148.61 0.0
148.68 0.0
148.75 0.0
148.82 0.0
148.89 0.0
148.96 0.0
149.03 0.0
149.1 0.0
149.17 0.0
149.24 0.0
149.31 0.0
149.38 0.0
149.45 0.0
149.52 0.0
149.59 0.0
149.66 0.0
149.73 0.0
149.8 0.0
149.87 0.0
149.94 0.0
150.01 0.0
150.08 0.0
150.15 0.0
150.22 0.0
150.29 0.0
150.36 0.0
150.43 0.0
150.5 0.0
150.57 0.0
150.64 0.0
150.71 0.0
150.78 0.0
150.85 0.0
150.92 0.0
150.99 0.0
151.06 0.0
151.13 0.0
151.2 0.0
151.27 0.0
151.34 0.0
151.41 0.0
151.48 0.0
151.55 0.0
151.62 0.0
151.69 0.0
151.76 0.0
151.83 0.0
151.9 0.0
151.97 0.0
152.04 0.0
152.11 0.0
152.18 0.0
152.25 0.0
152.32 0.0
152.39 0.0
152.46 0.0
152.53 0.0
152.6 0.0
152.67 0.0
152.74 0.0
152.81 0.0
152.88 0.0
152.95 0.0
153.02 0.0
153.09 0.0
153.16 0.0
153.23 0.0
153.3 0.0
153.37 0.0
153.44 0.0
153.51 0.0
153.58 0.0
153.65 0.0
153.72 0.0
153.79 0.0
153.86 0.0
153.93 0.0
154.0 0.0
154.07 0.0
154.14 0.0
154.21 0.0
154.28 0.0
154.35 0.0
154.42 0.0
154.49 0.0
154.56 0.0
154.63 0.0
154.7 0.0
154.77 0.0
154.84 0.0
154.91 0.0
154.98 0.0
155.05 0.0
155.12 0.0
