0.0 0.0
0.07 0.0
0.14 0.0
0.21 0.0
0.28 0.0
0.35 0.0
0.42 0.0
0.49 0.0
0.56 0.0
0.63 0.0
0.7 0.0
0.77 0.0
0.84 0.0
0.91 0.0
0.98 0.0
1.05 0.0
1.12 0.0
1.19 0.0
1.26 0.0
1.33 0.0
1.4 0.0
1.47 0.0
1.54 0.0
1.61 0.0
1.68 0.0
1.75 0.0
1.82 0.0
1.89 0.0
1.96 0.0
2.03 0.0
2.1 0.0
2.17 0.0
2.24 0.0
2.31 0.0
2.38 0.0
2.45 0.0
2.52 0.0
2.59 0.0
2.66 0.0
2.73 0.0
2.8 0.0
2.87 0.0
2.94 0.0
3.01 0.0
3.08 0.0
3.15 0.0
3.22 0.0
3.29 0.0
3.36 0.0
3.43 0.0
3.5 0.0
3.57 0.0
3.64 0.0
3.71 0.0
3.78 0.0
3.85 0.0
3.92 0.0
3.99 4.51388945798e-05
4.06 4.90560090486e-05
4.13 4.69815416239e-05
4.2 4.84526260953e-05
4.27 4.76542540368e-05
4.34 5.24499027518e-05
4.41 0.0140072124455
4.48 0.0322585837532
4.55 0.0218387602829
4.62 0.0611393116572
4.69 0.0508282130287
4.76 0.00263625161896
4.83 0.0109702008019
4.9 0.0394161192504
4.97 0.00382558658283
5.04 0.0488883238345
5.11 0.0522904807427
5.18 0.0271789453225
5.25 0.00340831098098
5.32 0.0371494998119
5.39 0.046046416123
5.46 0.0307658630741
5.53 0.00759757282718
5.6 0.0514793596465
5.67 0.0893112639132
5.74 0.0317545899967
5.81 0.016196507871
5.88 0.0299648716619
5.95 0.0333847238314
6.02 0.0319392121811
6.09 0.042818273992
6.16 0.0327818651821
6.23 0.0159957091737
6.3 0.00155631962566
6.37 0.117047389521
6.44 0.159101591121
6.51 0.13543301516
6.58 0.130437882841
6.65 0.0964148556744
6.72 0.0799703444103
6.79 0.0920512800678
6.86 0.0825181099733
6.93 0.0716581289297
7.0 0.0625129741553
7.07 0.0618511453843
7.14 0.0465375514314
7.21 0.0479252098142
7.28 0.056617205575
7.35 0.0668698735516
7.42 0.0647824685997
7.49 0.0271267109911
7.56 0.199026022053
7.63 0.170557633277
7.7 0.128600538418
7.77 0.108732210206
7.84 0.0878787829515
7.91 0.0696180835817
7.98 0.0691141017411
8.05 0.0639173051898
8.12 0.0588094063381
8.19 0.05359626645
8.26 0.0444075153615
8.33 0.0388367275399
8.4 0.0361649781544
8.47 0.0531846032846
8.54 0.0463946774977
8.61 0.0328856838814
8.68 0.0456546212642
8.75 0.126664927068
8.82 0.144977760025
8.89 0.134983099466
8.96 0.123056680758
9.03 0.112710627082
9.1 0.0827917284352
9.17 0.0730627751966
9.24 0.0758047477418
9.31 0.0711093624247
9.38 0.0493869163929
9.45 0.0502370342268
9.52 0.0567935873032
9.59 0.0529071045395
9.66 0.0446362635805
9.73 0.0566859901484
9.8 0.0584913043617
9.87 0.0424483200794
9.94 0.20544087763
10.01 0.167496998703
10.08 0.13877758312
10.15 0.112594724475
10.22 0.0947099857655
10.29 0.0799372114282
10.36 0.0669584755177
10.43 0.065636494882
10.5 0.0592209535934
10.57 0.050871715098
10.64 0.0453973233904
10.71 0.0379758148925
10.78 0.0352383552617
10.85 0.0496235605873
10.92 0.0354449343027
10.99 0.0749040573169
11.06 0.877405862648
11.13 0.452804381462
11.2 0.352403803319
11.27 0.268556008474
11.34 0.10421618995
11.41 0.0784381232715
11.48 0.0706024070003
11.55 0.0615726857762
11.62 0.747175044154
11.69 0.35787932488
11.76 0.0436902403552
11.83 0.0368655675097
11.9 0.034182957231
11.97 0.0332117197478
12.04 0.0314104363926
12.11 0.0271659601314
12.18 0.383232226481
12.25 0.735672017206
12.32 0.423968948444
12.39 0.328848298291
12.46 0.206937027951
12.53 0.0889360756265
12.6 0.0858834626879
12.67 0.0954499520873
12.74 0.0950152639584
12.81 0.830079278053
12.88 0.12717388763
12.95 0.0535956814827
13.02 0.0552662094771
13.09 0.0356663725967
13.16 0.0531106135853
13.23 0.0494006392928
13.3 0.0570161879489
13.37 0.570973275737
13.44 0.756248785252
13.51 0.426671601436
13.58 0.320602197116
13.65 0.233236161849
13.72 0.0886591542658
13.79 0.0785619933504
13.86 0.0896478909379
13.93 0.0825532220948
14.0 0.828167352463
14.07 0.0850776268798
14.14 0.0433886106251
14.21 0.0379602276801
14.28 0.0358059165499
14.35 0.0325005966477
14.42 0.03266288608
14.49 0.0280133860324
14.56 0.636785780784
14.63 0.684654215187
14.7 0.402886081843
14.77 0.320804045505
14.84 0.203562347174
14.91 0.0861760579228
14.98 0.071732964665
15.05 0.261655332125
15.12 0.249805130326
15.19 0.816918653055
15.26 0.174767937697
15.33 0.0857456844694
15.4 0.0712609805366
15.47 0.0551969406807
15.54 0.0511903771265
15.61 0.0360555784336
15.68 0.0287064195599
15.75 0.690109460048
15.82 0.567733080029
15.89 0.343954272178
15.96 0.267810755781
16.03 0.133432538518
16.1 0.0838418606769
16.17 0.0735127418052
16.24 0.0689738341617
16.31 0.291742607115
16.38 0.783288015464
16.45 0.0537002714722
16.52 0.0381283223713
16.59 0.0351632812064
16.66 0.0332477169032
16.73 0.034377627854
16.8 0.0296163719673
16.87 0.0261711159672
16.94 0.787386982189
17.01 0.502110149889
17.08 0.379313273698
17.15 0.274277935601
17.22 0.142285130556
17.29 0.0786548439125
17.36 0.0697275775471
17.43 0.0668994089847
17.5 0.477372509328
17.57 0.68486248955
17.64 0.0508141185662
17.71 0.0386298213506
17.78 0.0366042344447
17.85 0.0457886372762
17.92 0.0419823329493
17.99 0.0368761435021
18.06 0.031692856446
18.13 0.860582498385
18.2 0.45997026466
18.27 0.333619290634
18.34 0.254055889569
18.41 0.0916333870004
18.48 0.081078720981
18.55 0.073861083342
18.62 0.0676875343657
18.69 0.598058202729
18.76 0.577391187226
18.83 0.047169331298
18.9 0.0390238964987
18.97 0.0379634179185
19.04 0.433423243279
19.11 0.403810139546
19.18 0.308524934837
19.25 0.182999726672
19.32 0.876152103284
19.39 0.417470670029
19.46 0.351113939556
19.53 0.277414696088
19.6 0.121115082159
19.67 0.086759224839
19.74 0.0738498866343
19.81 0.0652776629313
19.88 0.696677817548
19.95 0.479396931716
20.02 0.0510759109388
20.09 0.0546570981772
20.16 0.0455440082779
20.23 0.0511429070288
20.3 0.0448284957564
20.37 0.0343753995618
20.44 0.21565470486
20.51 0.850494430462
20.58 0.416914594682
20.65 0.321668411626
20.72 0.242576708706
20.79 0.211369322051
20.86 0.104821864025
20.93 0.069959513838
21.0 0.0587067781557
21.07 0.807884918305
21.14 0.173474508883
21.21 0.0392408782084
21.28 0.0357439912599
21.35 0.190045789064
21.42 0.0828770502513
21.49 0.0296330587016
21.56 0.0267341502583
21.63 0.50684735712
21.7 0.722291705567
21.77 0.420006558589
21.84 0.296794609089
21.91 0.19959425822
21.98 0.224198463404
22.05 0.118445923962
22.12 0.168290265297
22.19 0.333292561473
22.26 0.833657123395
22.33 0.113148424204
22.4 0.0732493472721
22.47 0.280688194851
22.54 0.250561351156
22.61 0.124949326258
22.68 0.0619974662921
22.75 0.142983489452
22.82 0.662168349977
22.89 0.739271884401
22.96 0.391620118317
23.03 0.312261946535
23.1 0.197101345259
23.17 0.241747633446
23.24 0.122525411275
23.31 0.0831095000134
23.38 0.068153530162
23.45 0.820248431091
23.52 0.0797843594687
23.59 0.0661178839849
23.66 0.163821610062
23.73 0.258139850799
23.8 0.114263761886
23.87 0.226211031537
23.94 0.098891176146
24.01 0.718391203086
24.08 0.56868747587
24.15 0.389731814574
24.22 0.310587765745
24.29 0.224153394922
24.36 0.152289121344
24.43 0.0764684126603
24.5 0.359961997013
24.57 0.443857447196
24.64 0.824506155778
24.71 0.236091215076
24.78 0.124003293284
24.85 0.0827315212159
24.92 0.222660759821
24.99 0.0614351762094
25.06 0.044249144127
25.13 0.046115691419
25.2 0.743252011766
25.27 0.48551635605
25.34 0.381649985221
25.41 0.294653180239
25.48 0.172809955681
25.55 0.220592629542
25.62 0.113976112875
25.69 0.111156827149
25.76 0.455889088524
25.83 0.683597727384
25.9 0.0846503700023
25.97 0.108453626021
26.04 0.160579151397
26.11 0.214625056224
26.18 0.0638753911984
26.25 0.0592028921859
26.32 0.0491983272634
26.39 0.879954630238
26.46 0.489114080531
26.53 0.37876641917
26.6 0.321138007678
26.67 0.225325858995
26.74 0.11820506042
26.81 0.0998430176296
26.88 0.257131344398
26.95 0.601793456276
27.02 0.612549654368
27.09 0.0576705042231
27.16 0.186689048368
27.23 0.230361776535
27.3 0.18783111039
27.37 0.0547095480799
27.44 0.10283594332
27.51 0.14578340951
27.58 0.856577011604
27.65 0.444566884724
27.72 0.350076238953
27.79 0.235397843567
27.86 0.217303651894
27.93 0.156428534225
28.0 0.101878805715
28.07 0.121619022836
28.14 0.681769348126
28.21 0.550455528727
28.28 0.107252039242
28.35 0.0633324732833
28.42 0.1483139922
28.49 0.48522359724
28.56 0.413606980408
28.63 0.332569350131
28.7 0.319584281408
28.77 0.872985221313
28.84 0.435174990735
28.91 0.336145664808
28.98 0.301130867806
29.05 0.316396512854
29.12 0.339925407286
29.19 0.272568134634
29.26 0.35142467311
29.33 0.811989180068
29.4 0.340656349945
29.47 0.103694500932
29.54 0.0966686892417
29.61 0.186379211763
29.68 0.130136474099
29.75 0.0464240016925
29.82 0.0341793445162
29.89 0.359298136023
29.96 0.838374725554
30.03 0.424492394531
30.1 0.321066767326
30.17 0.266623954592
30.24 0.630485116244
30.31 0.260696008476
30.38 0.192175816468
30.45 0.116595570515
30.52 0.801175602098
30.59 0.203246716143
30.66 0.128041194837
30.73 0.0800840501405
30.8 0.19836542713
30.87 0.231450944513
30.94 0.18408619405
31.01 0.050435112826
31.08 0.504096494154
31.15 0.682328104573
31.22 0.451585286828
31.29 0.300779204954
31.36 0.244628374321
31.43 0.579915788084
31.5 0.188726778762
31.57 0.135576065668
31.64 0.294738211738
31.71 0.834798439042
31.78 0.176008058657
31.85 0.0907575923512
31.92 0.104119168788
31.99 0.177972752632
32.06 0.136566129349
32.13 0.119084742936
32.2 0.176176222678
32.27 0.645650160997
32.34 0.751685398893
32.41 0.400071644847
32.48 0.303650379447
32.55 0.481099224519
32.62 0.428210701358
32.69 0.141346429171
32.76 0.103235144515
32.83 0.0762102882494
32.9 0.81931795283
32.97 0.304343428141
33.04 0.191632177093
33.11 0.119580241667
33.18 0.230607294901
33.25 0.153980401595
33.32 0.0715470837175
33.39 0.125719861456
33.46 0.70970401489
33.53 0.63474233071
33.6 0.384552264809
33.67 0.293795526077
33.74 0.518710644855
33.81 0.280760299656
33.88 0.0791270284463
33.95 0.342715070917
34.02 0.42717063922
34.09 0.751040761661
34.16 0.179981075419
34.23 0.112629155218
34.3 0.0883375067375
34.37 0.223666599204
34.44 0.0647284013707
34.51 0.0560155006113
34.58 0.0440886767596
34.65 0.783847382877
34.72 0.557549182543
34.79 0.375316610174
34.86 0.242172646866
34.93 0.571821327769
35.0 0.314048183231
35.07 0.166726361678
35.14 0.140021442454
35.21 0.476554890762
35.28 0.671281655448
35.35 0.162854849745
35.42 0.0807694173463
35.49 0.10539784126
35.56 0.240991590273
35.63 0.184402027653
35.7 0.136726530637
35.77 0.15057812336
35.84 0.792676791793
35.91 0.600289855205
35.98 0.410424289154
36.05 0.351222332916
36.12 0.600839069101
36.19 0.199153437684
36.26 0.145571375107
36.33 0.107661237962
36.4 0.610165352505
36.47 0.565578369171
36.54 0.171815657486
36.61 0.172973744363
36.68 0.161629225142
36.75 0.251237830108
36.82 0.156053791163
36.89 0.147225866331
36.96 0.157750312289
37.03 0.879106635619
37.1 0.457398006299
37.17 0.338532017307
37.24 0.275497060567
37.31 0.575214177198
37.38 0.185156494665
37.45 0.0962616505679
37.52 0.070317771654
37.59 0.692694401367
37.66 0.483543368538
37.73 0.0768024409135
37.8 0.0642598912982
37.87 0.224359510322
37.94 0.469250843701
38.01 0.39823489189
38.08 0.313057025445
38.15 0.323147014011
38.22 0.820526132408
38.29 0.396480285677
38.36 0.329349340129
38.43 0.263933859982
38.5 0.590190847309
38.57 0.0835556329195
38.64 0.142912746322
38.71 0.319717164316
38.78 0.811325408988
38.85 0.300089711562
38.92 0.110620853013
38.99 0.0806593459964
39.06 0.212486995269
39.13 0.114918178905
39.2 0.0599620064378
39.27 0.0439589602574
39.34 0.468619596804
39.41 0.768840646528
39.48 0.435780065761
39.55 0.31716128829
39.62 0.234302457604
39.69 0.638371584929
39.76 0.191040598564
39.83 0.0873540087727
39.9 0.0660000759006
39.97 0.826559155986
40.04 0.17395528377
40.11 0.143168955506
40.18 0.157998446758
40.25 0.237952465164
40.32 0.242310638489
40.39 0.148761292874
40.46 0.101942114345
40.53 0.62143523423
40.6 0.643755672849
40.67 0.414006162104
40.74 0.317145913399
40.81 0.428871498853
40.88 0.470552452308
40.95 0.177244484573
41.02 0.0778165424183
41.09 0.0748264852345
41.16 0.825563383457
41.23 0.184188004361
41.3 0.0677049544757
41.37 0.0576152876416
41.44 0.173349933594
41.51 0.117993699813
41.58 0.0808187095088
41.65 0.175108558749
41.72 0.754007832879
41.79 0.700866965651
41.86 0.393742360239
41.93 0.28940427285
42.0 0.5064608183
42.07 0.322137871729
42.14 0.076151669108
42.21 0.0802594179253
42.28 0.292638639466
42.35 0.777957346976
42.42 0.129507198759
42.49 0.144694395357
42.56 0.16141776704
42.63 0.220862820529
42.7 0.0996221047228
42.77 0.0591936323699
42.84 0.0972176204041
42.91 0.76774946583
42.98 0.520350052588
43.05 0.38712445709
43.12 0.354549376771
43.19 0.575508760238
43.26 0.242512172728
43.33 0.123449166745
43.4 0.322761047159
43.47 0.610123139531
43.54 0.641603049458
43.61 0.182585427904
43.68 0.114824095578
43.75 0.0979362451684
43.82 0.218821020279
43.89 0.0620676342048
43.96 0.0730693669116
44.03 0.0394870346214
44.1 0.785710522192
44.17 0.510065699965
44.24 0.373664911628
44.31 0.278871516023
44.38 0.543234756097
44.45 0.263850710127
44.52 0.182491386825
44.59 0.0897896675163
44.66 0.58424673118
44.73 0.617663518803
44.8 0.295315154169
44.87 0.288879684994
44.94 0.274263528072
45.01 0.228363580182
45.08 0.140363749078
45.15 0.0713904273039
45.22 0.254996098869
45.29 0.894671651774
45.36 0.508079140128
45.43 0.369129715277
45.5 0.295451955275
45.57 0.591808688164
45.64 0.222655079139
45.71 0.169476200951
45.78 0.104001640188
45.85 0.671677365255
45.92 0.533130263591
45.99 0.144062600325
46.06 0.0939636812144
46.13 0.0964137258209
46.2 0.173798031557
46.27 0.0678850399136
46.34 0.124751298573
46.41 0.264526428622
46.48 0.84200111885
46.55 0.459883962482
46.62 0.313410922004
46.69 0.210276566275
46.76 0.583508654086
46.83 0.249216136485
46.9 0.154333955841
46.97 0.0934606028234
47.04 0.775313379205
47.11 0.367805405605
47.18 0.17793156335
47.25 0.11826335133
47.32 0.254382165922
47.39 0.466903175958
47.46 0.380166763761
47.53 0.335303366038
47.6 0.4493924556
47.67 0.760076769117
47.74 0.398336217979
47.81 0.312893320175
47.88 0.245915630647
47.95 0.603737831303
48.02 0.268133612242
48.09 0.18566337426
48.16 0.249211280173
48.23 0.831340092773
48.3 0.458930772324
48.37 0.301593348382
48.44 0.226642152449
48.51 0.232956858371
48.58 0.250110720501
48.65 0.248470780881
48.72 0.313843697073
48.79 0.62065894577
48.86 0.761519189107
48.93 0.416388259507
49.0 0.315806137841
49.07 0.297733480548
49.14 0.546981420839
49.21 0.0914343724535
49.28 0.0769682379831
49.35 0.0671640882793
49.42 0.828510632949
49.49 0.194733983616
49.56 0.105663347092
49.63 0.0544524256964
49.7 0.205054163321
49.77 0.0692116309584
49.84 0.0566563843026
49.91 0.0494105772375
49.98 0.648716401507
50.05 0.644961795292
50.12 0.408403423151
50.19 0.282460277505
50.26 0.481941966348
50.33 0.536298278665
50.4 0.250310401261
50.47 0.218038380592
50.54 0.208328433374
50.61 0.818851954867
50.68 0.254372305973
50.75 0.188039420501
50.82 0.214712617165
50.89 0.213506611716
50.96 0.143146562091
51.03 0.0637288124716
51.1 0.137381951849
51.17 0.816446993909
51.24 0.61539765224
51.31 0.396979231382
51.38 0.323479124871
51.45 0.556682837283
51.52 0.283379287156
51.59 0.124344474387
51.66 0.0833507416176
51.73 0.382034513485
51.8 0.736545106923
51.87 0.153858164008
51.94 0.147776903376
52.01 0.181065219177
52.08 0.243194797088
52.15 0.101727514752
52.22 0.0565425691619
52.29 0.215817776416
52.36 0.845391657657
52.43 0.483633574831
52.5 0.399018591018
52.57 0.293242754712
52.64 0.572395881584
52.71 0.151172429571
52.78 0.071654997188
52.85 0.400771584239
52.92 0.606252756367
52.99 0.643096149283
53.06 0.174931274655
53.13 0.108497450906
53.2 0.111567388626
53.27 0.203958832605
53.34 0.0564537505412
53.41 0.0533251709305
53.48 0.106154923292
53.55 0.814819507593
53.62 0.51076670313
53.69 0.3511913069
53.76 0.285044998919
53.83 0.565484281512
53.9 0.20693514414
53.97 0.098356013381
54.04 0.222064955445
54.11 0.643758364782
54.18 0.558070143602
54.25 0.17006128201
54.32 0.150558520456
54.39 0.201787336435
54.46 0.256274716095
54.53 0.195982957081
54.6 0.0932182996118
54.67 0.0701626459048
54.74 0.844207519153
54.81 0.496125587604
54.88 0.376064007748
54.95 0.274083180483
55.02 0.569715926406
55.09 0.118155209289
55.16 0.103998603774
55.23 0.180829183782
55.3 0.697465645029
55.37 0.440874885177
55.44 0.0503085692299
55.51 0.0472634146246
55.58 0.0984968778437
55.65 0.209915599193
55.72 0.102811071376
55.79 0.194908980922
55.86 0.408315761466
55.93 0.84138704941
56.0 0.493116782217
56.07 0.397796398224
56.14 0.363369421877
56.21 0.596447534224
56.28 0.09477713893
56.35 0.2700016577
56.42 0.394318081821
56.49 0.806641771765
56.56 0.189240792792
56.63 0.0633842851384
56.7 0.0553774735103
56.77 0.332010583935
56.84 0.521587827179
56.91 0.370591394774
56.98 0.297548571296
57.05 0.54125809629
57.12 0.761237164448
57.19 0.429733626932
57.26 0.336990249285
57.33 0.239240550193
57.4 0.561229090599
57.47 0.0796841578173
57.54 0.188092055643
57.61 0.310322206833
57.68 0.831562484347
57.75 0.176474582007
57.82 0.0944865260844
57.89 0.0666213426047
57.96 0.215945766181
58.03 0.0978709790651
58.1 0.0593368616171
58.17 0.0503679964928
58.24 0.622655964606
58.31 0.724948865434
58.38 0.486337634995
58.45 0.392434792548
58.52 0.509343071424
58.59 0.495254633017
58.66 0.287383168527
58.73 0.259518104207
58.8 0.31123443303
58.87 0.829522038188
58.94 0.199289547662
59.01 0.207841755734
59.08 0.20958556605
59.15 0.246893351518
59.22 0.203143861557
59.29 0.239694594241
59.36 0.142331072156
59.43 0.740936688382
59.5 0.565543275465
59.57 0.490365037468
59.64 0.376502200264
59.71 0.5709667826
59.78 0.364180809458
59.85 0.234964204046
59.92 0.241394910071
59.99 0.389432416386
60.06 0.768834335381
60.13 0.189666144193
60.2 0.183152108491
60.27 0.264893653771
60.34 0.331239251449
60.41 0.239074716293
60.48 0.170070341421
60.55 0.155392667603
60.62 0.891439577363
60.69 0.553002633494
60.76 0.423891317865
60.83 0.375669834022
60.9 0.58522381292
60.97 0.262876286739
61.04 0.132052117481
61.11 0.104454648626
61.18 0.477924353411
61.25 0.696536666018
61.32 0.233430005935
61.39 0.159597938055
61.46 0.157666242736
61.53 0.262826081377
61.6 0.124868923584
61.67 0.0956446757907
61.74 0.32329599327
61.81 0.860797870352
61.88 0.442820228649
61.95 0.442877723354
62.02 0.383202587054
62.09 0.601538961912
62.16 0.135068545858
62.23 0.0820478027512
62.3 0.37279995079
62.37 0.63872594188
62.44 0.607840967544
62.51 0.145044124567
62.58 0.101835411973
62.65 0.136134488466
62.72 0.196324145768
62.79 0.0785162337405
62.86 0.0551854146581
62.93 0.0510589793848
63.0 0.82600236243
63.07 0.542451131714
63.14 0.430852861146
63.21 0.42231739289
63.28 0.643517506656
63.35 0.206444678294
63.42 0.176163981695
63.49 0.3948819329
63.56 0.734783464853
63.63 0.49703751915
63.7 0.240066779695
63.77 0.1554249383
63.84 0.212159175253
63.91 0.243627619821
63.98 0.21997705977
64.05 0.194848528883
64.12 0.311956407274
64.19 0.863611569639
64.26 0.524102731661
64.33 0.428516662012
64.4 0.289536600039
64.47 0.6086292565
64.54 0.166161101262
64.61 0.193791716098
64.68 0.357760505019
64.75 0.812028598198
64.82 0.359594906191
64.89 0.268380195464
64.96 0.244445958764
65.03 0.242337063846
65.1 0.244514772585
65.17 0.19681802284
65.24 0.313837162772
65.31 0.594950704691
65.38 0.740334752681
65.45 0.439522402829
65.52 0.385217758292
65.59 0.254652801051
65.66 0.597517352782
65.73 0.194878431545
65.8 0.235691694315
65.87 0.289526783421
65.94 0.819648083468
66.01 0.258684363291
66.08 0.200618453661
66.15 0.233052797344
66.22 0.36539889015
66.29 0.479472596155
66.36 0.387014164753
66.43 0.295706391142
66.5 0.59449875136
66.57 0.699680364868
66.64 0.418651492635
66.71 0.348945799365
66.78 0.244646161661
66.85 0.0694585304965
66.92 0.0468985748429
66.99 0.0367758844373
67.06 0.0297764807714
67.13 0.166927605601
67.2 0.287312726546
67.27 0.145486229865
67.34 0.0726904673322
67.41 0.0263791964243
67.48 0.0764667628358
67.55 0.106124786643
67.62 0.0650511310885
67.69 0.704755626876
67.76 0.701825363101
67.83 0.426272690559
67.9 0.376336219038
67.97 0.492115541327
68.04 0.43492053212
68.11 0.136730808481
68.18 0.395147140832
68.25 0.384484526677
68.32 0.826122935026
68.39 0.280180933944
68.46 0.280271929943
68.53 0.238671967379
68.6 0.394055507325
68.67 0.114097927985
68.74 0.0740354166013
68.81 0.0575762779045
68.88 0.776971522141
68.95 0.551483245888
69.02 0.408681532862
69.09 0.281548534447
69.16 0.528364355047
69.23 0.250972157453
69.3 0.0886828281097
69.37 0.36142868773
69.44 0.419884994797
69.51 0.706243102348
69.58 0.162023682686
69.65 0.175525741189
69.72 0.246862342834
69.79 0.212308469744
69.86 0.101927020022
69.93 0.0928043420746
70.0 0.145052014043
70.07 0.853537152036
70.14 0.533289187294
70.21 0.380032866909
70.28 0.275153095452
70.35 0.536622397138
70.42 0.411323097934
70.49 0.328404826986
70.56 0.380261170986
70.63 0.648661820807
70.7 0.704814976143
70.77 0.241964829644
70.84 0.258198193706
70.91 0.21684991008
70.98 0.355995241568
71.05 0.197277293678
71.12 0.292066555514
71.19 0.267320057031
71.26 0.876161585171
71.33 0.419244417672
71.4 0.44199235149
71.47 0.343908193002
71.54 0.610581294598
71.61 0.266829860921
71.68 0.102659389351
71.75 0.439280152697
71.82 0.65166609053
71.89 0.599267354002
71.96 0.150922850016
72.03 0.137997244303
72.1 0.184945560867
72.17 0.425968875867
72.24 0.241041298412
72.31 0.129258820553
72.38 0.11105295537
72.45 0.893842514768
72.52 0.555438130829
72.59 0.415055500307
72.66 0.402215182829
72.73 0.63493460405
72.8 0.251699873042
72.87 0.313266125261
72.94 0.348338691036
73.01 0.810278040176
73.08 0.432593438977
73.15 0.244472991836
73.22 0.217706665126
73.29 0.287905518341
73.36 0.268785777136
73.43 0.130413920847
73.5 0.077183175557
73.57 0.364332011594
73.64 0.769141689125
73.71 0.43424536826
73.78 0.326803769277
73.85 0.218290391011
73.92 0.582503198182
73.99 0.153687760863
74.06 0.24803918008
74.13 0.365799579761
74.2 0.848794985583
74.27 0.219716643154
74.34 0.158566766337
74.41 0.317434859088
74.48 0.320483332841
74.55 0.345133605284
74.62 0.223137797417
74.69 0.193201137429
74.76 0.651549931187
74.83 0.650700767716
74.9 0.384332320348
74.97 0.317002959303
75.04 0.177192096417
75.11 0.626978666163
75.18 0.310824968908
75.25 0.547849956477
75.32 0.335414144765
75.39 0.903280115285
75.46 0.331335975795
75.53 0.255846470189
75.6 0.202205057261
75.67 0.373560396384
75.74 0.523559527762
75.81 0.373766899596
75.88 0.430180076154
75.95 0.627818451741
76.02 0.580701609343
76.09 0.433223730427
76.16 0.378082674707
76.23 0.46737908695
76.3 0.506578340401
76.37 0.134392014908
76.44 0.221817918331
76.51 0.292799158831
76.58 0.829979570374
76.65 0.145315370661
76.72 0.0993909223899
76.79 0.207093451461
76.86 0.220659736126
76.93 0.042254330835
77.0 0.0175242406854
77.07 0.0156141956571
77.14 0.647945124268
77.21 0.578132800123
77.28 0.438791505667
77.35 0.327764638756
77.42 0.550931961857
77.49 0.403642439166
77.56 0.19208044188
77.63 0.0637880729105
77.7 0.37347670706
77.77 0.808307283123
77.84 0.341491459035
77.91 0.31713295204
77.98 0.295641249615
78.05 0.273311529514
78.12 0.149629419035
78.19 0.0952827640954
78.26 0.138211674906
78.33 0.802530111249
78.4 0.524067362804
78.47 0.390828223146
78.54 0.277780406821
78.61 0.592675054007
78.68 0.230752502204
78.75 0.23807518264
78.82 0.405590400909
78.89 0.560632962324
78.96 0.69242326035
79.03 0.175454094609
79.1 0.121976084718
79.17 0.168428073847
79.24 0.252324869455
79.31 0.191912367771
79.38 0.143369074992
79.45 0.13105877365
79.52 0.945552962503
79.59 0.526027672774
79.66 0.419480889626
79.73 0.273695628803
79.8 0.532487204688
79.87 0.320796094282
79.94 0.222643471871
80.01 0.126709664068
80.08 0.625899098149
80.15 0.659344438677
80.22 0.278530871139
80.29 0.1817938393
80.36 0.228985737337
80.43 0.359908324096
80.5 0.143353771597
80.57 0.270064706344
80.64 0.248838508668
80.71 0.858511866829
80.78 0.42780146689
80.85 0.351987658654
80.92 0.28601138659
80.99 0.678000816439
81.06 0.153535400709
81.13 0.165147851209
81.2 0.355247669588
81.27 0.712768665156
81.34 0.58697567087
81.41 0.27742980991
81.48 0.247352635356
81.55 0.267368972215
81.62 0.28339728465
81.69 0.109887386328
81.76 0.0718057876794
81.83 0.287137160522
81.9 0.781048947986
81.97 0.522845728978
82.04 0.317222259217
82.11 0.206379671093
82.18 0.612543244643
82.25 0.256792847644
82.32 0.14031859935
82.39 0.104033606485
82.46 0.852234281416
82.53 0.343283946215
82.6 0.218534012565
82.67 0.115902705979
82.74 0.21818761117
82.81 0.230435830148
82.88 0.14185736454
82.95 0.0559935361718
83.02 0.500244074904
83.09 0.788669068054
83.16 0.498415880886
83.23 0.341661932593
83.3 0.288131693787
83.37 0.627054080366
83.44 0.209700451464
83.51 0.248564722299
83.58 0.312872261351
83.65 0.797661485695
83.72 0.225742329725
83.79 0.165274672123
83.86 0.124351839559
83.93 0.32424144561
84.0 0.262520101224
84.07 0.164548196881
84.14 0.175605246914
84.21 0.744065756549
84.28 0.574555618827
84.35 0.384278592183
84.42 0.340054696979
84.49 0.345487960068
84.56 0.542081649025
84.63 0.269808003187
84.7 0.122825936067
84.77 0.0977121961869
84.84 0.849393742961
84.91 0.267634411967
84.98 0.15543156468
85.05 0.0605130900633
85.12 0.439442104148
85.19 0.397096153349
85.26 0.392979864009
85.33 0.445080974583
85.4 0.749226650189
85.47 0.554923605495
85.54 0.374308609662
85.61 0.315495674021
85.68 0.513922394893
85.75 0.45579658461
85.82 0.166426535598
85.89 0.260148435738
85.96 0.42964697919
86.03 0.831729273695
86.1 0.360812576322
86.17 0.161496947783
86.24 0.19683620449
86.31 0.22958703824
86.38 0.0701832031729
86.45 0.288143543708
86.52 0.285532311358
86.59 0.802559838422
86.66 0.592206642512
86.73 0.421951759069
86.8 0.322107194526
86.87 0.575445217622
86.94 0.394957400183
87.01 0.346363841379
87.08 0.357208510361
87.15 0.563449699108
87.22 0.785423188414
87.29 0.353429972483
87.36 0.338150839605
87.43 0.227698896987
87.5 0.303325239448
87.57 0.23130625068
87.64 0.165381165423
87.71 0.0788969499684
87.78 0.849451471653
87.85 0.561102849236
87.92 0.389806071841
87.99 0.313098799694
88.06 0.659926764974
88.13 0.296852019298
88.2 0.233007306386
88.27 0.396760911831
88.34 0.612269606682
88.41 0.611318066349
88.48 0.139933518616
88.55 0.234300547794
88.62 0.252218960039
88.69 0.227459433034
88.76 0.0784973219638
88.83 0.138361197968
88.9 0.160909712094
88.97 0.938344808917
89.04 0.582900419154
89.11 0.394585869025
89.18 0.393378966626
89.25 0.687397840807
89.32 0.308808131597
89.39 0.181682484271
89.46 0.0920791808422
89.53 0.633505809466
89.6 0.489175275695
89.67 0.172269900856
89.74 0.286276553358
89.81 0.326805451599
89.88 0.345657142365
89.95 0.145087841124
90.02 0.287065039469
90.09 0.355786667139
90.16 0.856762576236
90.23 0.467511140072
90.3 0.385440362187
90.37 0.283123621774
90.44 0.633834894745
90.51 0.342774275025
90.58 0.240737385143
90.65 0.417413504639
90.72 0.743020453537
90.79 0.460695725959
90.86 0.143977707485
90.93 0.102575363129
91.0 0.199351609445
91.07 0.157202073338
91.14 0.0711920692203
91.21 0.113720356498
91.28 0.413265211087
91.35 0.740407537781
91.42 0.514118394692
91.49 0.365215680553
91.56 0.260428938399
91.63 0.628505637762
91.7 0.232840987179
91.77 0.202081241346
91.84 0.167191747592
91.91 0.808008714722
91.98 0.275609488035
92.05 0.259023153612
92.12 0.179264386463
92.19 0.280208301748
92.26 0.278141909039
92.33 0.231020073837
92.4 0.170826513504
92.47 0.55459682867
92.54 0.771115420845
92.61 0.474366808602
92.68 0.361704601647
92.75 0.262417378797
92.82 0.612487029284
92.89 0.230876886837
92.96 0.361504020688
93.03 0.358773685742
93.1 0.823177202116
93.17 0.164241168119
93.24 0.182215116511
93.31 0.148478545672
93.38 0.380765586135
93.45 0.365088379749
93.52 0.251317672731
93.59 0.217492950567
93.66 0.751889209088
93.73 0.669668371922
93.8 0.392360963173
93.87 0.393321953979
93.94 0.509456446756
94.01 0.576930885112
94.08 0.241468458878
94.15 0.324611005212
94.22 0.25581387776
94.29 0.925854507716
94.36 0.284515588333
94.43 0.185843706684
94.5 0.242518065732
94.57 0.493916605861
94.64 0.542755122979
94.71 0.408637743725
94.78 0.478498693821
94.85 0.753209416407
94.92 0.592823635705
94.99 0.428640105282
95.06 0.371336555389
95.13 0.554431124762
95.2 0.401704797763
95.27 0.371751915764
95.34 0.248715976431
95.41 0.356765827679
95.48 0.842005629598
95.55 0.454180323166
95.62 0.32812078744
95.69 0.245593180414
95.76 0.362701526778
95.83 0.361035656857
95.9 0.347813887609
95.97 0.463315437085
96.04 0.915997518131
96.11 0.5542058246
96.18 0.384999704142
96.25 0.286913869832
96.32 0.577717711649
96.39 0.28326174339
96.46 0.10215088918
96.53 0.152460570931
96.6 0.596842039431
96.67 0.668553173982
96.74 0.187636705169
96.81 0.137876885112
96.88 0.138243322721
96.95 0.389827883539
97.02 0.128641931355
97.09 0.0935211046929
97.16 0.139415777044
97.23 0.82522338962
97.3 0.696074323018
97.37 0.507464197571
97.44 0.276410144716
97.51 0.617028957092
97.58 0.489297167717
97.65 0.390053440437
97.72 0.515996357513
97.79 0.666977084628
97.86 0.631056087675
97.93 0.394449850042
98.0 0.388539900337
98.07 0.382808607234
98.14 0.336047509459
98.21 0.175477455387
98.28 0.14397690153
98.35 0.248462813409
98.42 1.0
98.49 0.541520690285
98.56 0.438257015614
98.63 0.362822534851
98.7 0.603382734477
98.77 0.310777086084
98.84 0.25973497109
98.91 0.124092162818
98.98 0.727441895389
99.05 0.617667596242
99.12 0.375475222979
99.19 0.1625364867
99.26 0.284981294896
99.33 0.337473845015
99.4 0.0875047678492
99.47 0.382941151078
99.54 0.542818995993
99.61 0.862737810459
99.68 0.57053060822
99.75 0.429114728263
99.82 0.291362395692
99.89 0.648475495718
99.96 0.178215796802
100.03 0.244505345945
100.1 0.434471939101
100.17 0.854293394532
100.24 0.274636797883
100.31 0.146758551108
100.38 0.0967923220839
100.45 0.339902357407
100.52 0.151748339643
100.59 0.0641973052118
100.66 0.186225397858
100.73 0.537063732229
100.8 0.847491426001
100.87 0.582838717018
100.94 0.404926889815
101.01 0.291085233845
101.08 0.721318367618
101.15 0.380757953395
101.22 0.28104777751
101.29 0.199375932169
101.36 0.86843061488
101.43 0.539992761073
101.5 0.426691978881
101.57 0.349818389693
101.64 0.332850153942
101.71 0.250442447883
101.78 0.164600845023
101.85 0.355468368007
101.92 0.756911698379
101.99 0.87466739124
102.06 0.580145884977
102.13 0.470676294222
102.2 0.489872775556
102.27 0.56023845495
102.34 0.292385675767
102.41 0.352443032961
102.48 0.218116222409
102.55 0.874774354681
102.62 0.477732935856
102.69 0.278447608625
102.76 0.337755467779
102.83 0.417748303099
102.9 0.244845384196
102.97 0.188897319484
103.04 0.153614587951
103.11 0.774254598113
103.18 0.541872881773
103.25 0.431832649985
103.32 0.293319460176
103.39 0.458746696109
103.46 0.45171608227
103.53 0.309118324598
103.6 0.27180761971
103.67 0.44841359296
103.74 0.822211078763
103.81 0.154423732075
103.88 0.112943479822
103.95 0.11060420311
104.02 0.556423164875
104.09 0.530753357231
104.16 0.415267253059
104.23 0.380949401282
104.3 0.831434245429
104.37 0.522573527437
104.44 0.461014182165
104.51 0.596243881102
104.58 0.699476993397
104.65 0.339421542439
104.72 0.120390415983
104.79 0.263159062106
104.86 0.555798169546
104.93 0.835903964438
105.0 0.404378127644
105.07 0.306998575287
105.14 0.332779222321
105.21 0.361953647149
105.28 0.108678209056
105.35 0.0687566520466
105.42 0.0487790974374
105.49 0.892415355925
105.56 0.596027444279
105.63 0.431273667134
105.7 0.391822037118
105.77 0.596324316275
105.84 0.31663217777
105.91 0.240148165981
105.98 0.243524768484
106.05 0.655860434009
106.12 0.685894744541
106.19 0.271244869237
106.26 0.231921464056
106.33 0.301196751374
106.4 0.277397697371
106.47 0.256386190283
106.54 0.214989904672
106.61 0.132359457142
106.68 0.832994681491
106.75 0.556871767643
106.82 0.451789848815
106.89 0.405306579101
106.96 0.66949402458
107.03 0.252240496586
107.1 0.263107349912
107.17 0.399214975379
107.24 0.690567559869
107.31 0.542099010638
107.38 0.224462942293
107.45 0.247543752844
107.52 0.323979527578
107.59 0.33262199719
107.66 0.327878253491
107.73 0.198725293606
107.8 0.208188526525
107.87 0.963076013754
107.94 0.574421621231
108.01 0.408999417101
108.08 0.378814350742
108.15 0.560862471
108.22 0.216756157151
108.29 0.201352920207
108.36 0.131893462429
108.43 0.813760453516
108.5 0.354592813844
108.57 0.276108371994
108.64 0.23734282956
108.71 0.355805705658
108.78 0.294849188704
108.85 0.228311032785
108.92 0.333370975258
108.99 0.578811496535
109.06 0.833842383627
109.13 0.511184169388
109.2 0.433544748574
109.27 0.309150930027
109.34 0.621618688646
109.41 0.234637811783
109.48 0.312147492264
109.55 0.362751317246
109.62 0.830713800766
109.69 0.240113255349
109.76 0.139750553839
109.83 0.0931470776746
109.9 0.310509422372
109.97 0.15451896692
110.04 0.0751084968941
110.11 0.0519680218431
110.18 0.505153974236
110.25 0.686185049737
110.32 0.474385041166
110.39 0.429949538369
110.46 0.364210804199
110.53 0.588040717612
110.6 0.238138417607
110.67 0.281966670168
110.74 0.375329422042
110.81 0.910421740755
110.88 0.54156093387
110.95 0.412299179813
111.02 0.292342146616
111.09 0.32218963267
111.16 0.353907032828
111.23 0.360727205758
111.3 0.274470045367
111.37 0.706607275917
111.44 0.783810879833
111.51 0.594349766684
111.58 0.502481828372
111.65 0.555069345768
111.72 0.488356134047
111.79 0.389815520147
111.86 0.446246996433
111.93 0.378617488658
112.0 0.873464574946
112.07 0.416096247073
112.14 0.368322570875
112.21 0.337615266279
112.28 0.35549432864
112.35 0.422212058692
112.42 0.296937175374
112.49 0.380061155495
112.56 0.813772645752
112.63 0.671918106387
112.7 0.554924112466
112.77 0.492971658326
112.84 0.612442101628
112.91 0.418078516066
112.98 0.212268578223
113.05 0.168967645533
113.12 0.370476305704
113.19 0.79034183084
113.26 0.150084118462
113.33 0.153512753808
113.4 0.14509758083
113.47 0.580006490516
113.54 0.531700309905
113.61 0.437203874041
113.68 0.304831858517
113.75 0.861854997286
113.82 0.632468701413
113.89 0.516916607511
113.96 0.473197374443
114.03 0.365663452451
114.1 0.242239315807
114.17 0.220080837305
114.24 0.223283254957
114.31 0.552066492966
114.38 0.676386582882
114.45 0.301359385287
114.52 0.293684831845
114.59 0.185333208958
114.66 0.205172608369
114.73 0.210527301682
114.8 0.0881734656531
114.87 0.121067800551
114.94 0.860975024453
115.01 0.528901388625
115.08 0.435457016478
115.15 0.337716880518
115.22 0.589172187392
115.29 0.248712006236
115.36 0.157199159334
115.43 0.465588799897
115.5 0.659639809257
115.57 0.65033393038
115.64 0.281324465967
115.71 0.245841273718
115.78 0.271921188948
115.85 0.225719167186
115.92 0.0853362203478
115.99 0.0635666530321
116.06 0.094887901408
116.13 0.833409174165
116.2 0.513636649192
116.27 0.369712663372
116.34 0.250268803585
116.41 0.582757929782
116.48 0.127883136668
116.55 0.304914021509
116.62 0.434562434628
116.69 0.816954896114
116.76 0.480248581297
116.83 0.36852162117
116.9 0.383649892061
116.97 0.305630592388
117.04 0.242672265283
117.11 0.150344516663
117.18 0.180055053202
117.25 0.312157071645
117.32 0.875659896619
117.39 0.459943598816
117.46 0.350941021051
117.53 0.216508317332
117.6 0.642257561805
117.67 0.264442734965
117.74 0.326464332242
117.81 0.393691911141
117.88 0.842510810621
117.95 0.459085033621
118.02 0.259538527149
118.09 0.23957452645
118.16 0.322274601339
118.23 0.206293416579
118.3 0.089786612687
118.37 0.372301965948
118.44 0.577474430242
118.51 0.706348235058
118.58 0.421002038634
118.65 0.440630034108
118.72 0.325807611103
118.79 0.592569365579
118.86 0.176676994781
118.93 0.314079798548
119.0 0.40453187547
119.07 0.867359924287
119.14 0.345061354237
119.21 0.184919182091
119.28 0.234585066147
119.35 0.30098516653
119.42 0.280181011939
119.49 0.147122699762
119.56 0.281050739178
119.63 0.729584810489
119.7 0.678759442135
119.77 0.455949414904
119.84 0.313491106941
119.91 0.458264426305
119.98 0.486727121399
120.05 0.198009289279
120.12 0.306077473836
120.19 0.418839801197
120.26 0.856729070608
120.33 0.326364165256
120.4 0.230098439416
120.47 0.242500152733
120.54 0.267785908752
120.61 0.139206729225
120.68 0.0557514951123
120.75 0.0877509112629
120.82 0.756365178582
120.89 0.687179219022
120.96 0.387376843405
121.03 0.293900515794
121.1 0.540723244425
121.17 0.344521057842
121.24 0.108367255597
121.31 0.37354244872
121.38 0.370068319167
121.45 0.798271740931
121.52 0.174580961561
121.59 0.184470821976
121.66 0.319889671178
121.73 0.367064458921
121.8 0.245155501369
121.87 0.192840216928
121.94 0.191214195197
122.01 0.859417439565
122.08 0.479726571631
122.15 0.361403050996
122.22 0.324503397224
122.29 0.631162579891
122.36 0.516107871782
122.43 0.582690621709
122.5 0.455255398848
122.57 0.605864911121
122.64 0.804249696336
122.71 0.321964012943
122.78 0.29726249953
122.85 0.209682134405
122.92 0.542993774478
122.99 0.452780236395
123.06 0.437496174625
123.13 0.35623640626
123.2 0.812949301005
123.27 0.541031579613
123.34 0.446046173903
123.41 0.305534645833
123.48 0.67648463857
123.55 0.229254416075
123.62 0.108272658799
123.69 0.29352504044
123.76 0.675381836522
123.83 0.62141292206
123.9 0.14254480513
123.97 0.148185604873
124.04 0.157616705754
124.11 0.378593375005
124.18 0.389646015034
124.25 0.185012822359
124.32 0.282963710126
124.39 0.911753087367
124.46 0.605733180815
124.53 0.451248014173
124.6 0.391427409501
124.67 0.650506378744
124.74 0.349956370484
124.81 0.175920759868
124.88 0.266941636259
124.95 0.720767270993
125.02 0.465175334165
125.09 0.142828645354
125.16 0.268497380666
125.23 0.40667461508
125.3 0.37408521606
125.37 0.247768008731
125.44 0.20463668623
125.51 0.266511435046
125.58 0.904841749447
125.65 0.460780181157
125.72 0.300006447965
125.79 0.235225896758
125.86 0.632145456057
125.93 0.218571271734
126.0 0.245896084073
126.07 0.447411346792
126.14 0.812856364865
126.21 0.527287031575
126.28 0.300185898605
126.35 0.321838864602
126.42 0.374104240498
126.49 0.380489492395
126.56 0.191167522388
126.63 0.212435206163
126.7 0.427363125965
126.77 0.834102469845
126.84 0.454209284465
126.91 0.387219572776
126.98 0.284994352666
127.05 0.723640867684
127.12 0.255948661812
127.19 0.200978090484
127.26 0.312357186797
127.33 0.832395234068
127.4 0.227819528081
127.47 0.168998454894
127.54 0.342518245664
127.61 0.405436141778
127.68 0.347351988751
127.75 0.267438293008
127.82 0.405450038002
127.89 0.510288807582
127.96 0.761780842821
128.03 0.418902957084
128.1 0.283318688875
128.17 0.367357918608
128.24 0.598247499236
128.31 0.165047637642
128.38 0.338062568037
128.45 0.463907027531
128.52 0.88409427494
128.59 0.412505593114
128.66 0.306923218498
128.73 0.256302635285
128.8 0.392974672966
128.87 0.133376861546
128.94 0.0824432839875
129.01 0.0617372598308
129.08 0.701913098449
129.15 0.667891436206
129.22 0.399291010297
129.29 0.34553517343
129.36 0.461596839943
129.43 0.556451881354
129.5 0.181633677415
129.57 0.240441296353
129.64 0.268545649136
129.71 0.843343260276
129.78 0.186317576791
129.85 0.143552957301
129.92 0.390771602643
129.99 0.44278628213
130.06 0.272763320895
130.13 0.214367879677
130.2 0.188530946871
130.27 0.762824772242
130.34 0.632661190325
130.41 0.462079868038
130.48 0.281068576348
130.55 0.560764512807
130.62 0.430460890797
130.69 0.155368559367
130.76 0.39096041276
130.83 0.5277152244
130.9 0.813495679977
130.97 0.344603676893
131.04 0.290124284203
131.11 0.342209652656
131.18 0.528089113843
131.25 0.284718805978
131.32 0.162936579428
131.39 0.163881916942
131.46 0.940428452746
131.53 0.463532849938
131.6 0.348754330896
131.67 0.254974593737
131.74 0.686453606065
131.81 0.488929812576
131.88 0.312082756964
131.95 0.294885702581
132.02 0.530163326698
132.09 0.635973032612
132.16 0.133431658901
132.23 0.198665778598
132.3 0.330626994325
132.37 0.576869338967
132.44 0.521510342841
132.51 0.490686433677
132.58 0.260141580788
132.65 0.882546254267
132.72 0.499303006569
132.79 0.417039700775
132.86 0.491767395863
132.93 0.641510787113
133.0 0.320277884737
133.07 0.162939276778
133.14 0.357427867688
133.21 0.71221556231
133.28 0.692275722927
133.35 0.276018398604
133.42 0.333394459529
133.49 0.289635705419
133.56 0.271074025199
133.63 0.09888806282
133.7 0.0701021711171
133.77 0.067149668835
133.84 0.959674371401
133.91 0.484363186148
133.98 0.353365514501
134.05 0.285070967135
134.12 0.605491915379
134.19 0.280706938721
134.26 0.108320516708
134.33 0.241262729123
134.4 0.837261940063
134.47 0.469744774936
134.54 0.336148261413
134.61 0.169415853989
134.68 0.318455285823
134.75 0.543214309322
134.82 0.124981593706
134.89 0.206676649249
134.96 0.408620600933
135.03 0.939043438632
135.1 0.453752765139
135.17 0.345641152175
135.24 0.309501118544
135.31 0.613835760259
135.38 0.164075634285
135.45 0.311610398023
135.52 0.451239792132
135.59 0.873947130734
135.66 0.319728785667
135.73 0.207206742298
135.8 0.170205610779
135.87 0.205284915594
135.94 0.183331806117
136.01 0.10735021409
136.08 0.14499943848
136.15 0.631096802483
136.22 0.811949208384
136.29 0.360084609413
136.36 0.351447616828
136.43 0.286052591038
136.5 0.79802669379
136.57 0.258817508352
136.64 0.189758237547
136.71 0.224277154507
136.78 0.838470330879
136.85 0.342706576975
136.92 0.267542567766
136.99 0.422558260765
137.06 0.614669405846
137.13 0.407451228521
137.2 0.26071348275
137.27 0.345946881009
137.34 0.671752293068
137.41 0.773315815483
137.48 0.45200135783
137.55 0.359567389978
137.62 0.562488505731
137.69 0.449330159831
137.76 0.121032346115
137.83 0.327664974408
137.9 0.316631804041
137.97 0.847774957493
138.04 0.197633999164
138.11 0.106738592847
138.18 0.0801724419517
138.25 0.24187022418
138.32 0.094035428539
138.39 0.0456507073995
138.46 0.0389671535858
138.53 0.64957793812
138.6 0.690032469683
138.67 0.446361170137
138.74 0.421284315695
138.81 0.579929339826
138.88 0.470070340662
138.95 0.267856547889
139.02 0.413082764115
139.09 0.478629976735
139.16 0.753389183362
139.23 0.147592837993
139.3 0.126290848052
139.37 0.150066834845
139.44 0.415315206296
139.51 0.264730668877
139.58 0.226724766083
139.65 0.261549394544
139.72 0.867937402938
139.79 0.563905176326
139.86 0.419009118903
139.93 0.484942749016
140.0 0.640366783866
140.07 0.295848090808
140.14 0.210386241147
140.21 0.263548441266
140.28 0.552608486849
140.35 0.726739361559
140.42 0.26952420521
140.49 0.4073985078
140.56 0.450434331136
140.63 0.263419309731
140.7 0.103469660078
140.77 0.0963888170459
140.84 0.176065217547
140.91 0.987714959497
140.98 0.712591895616
141.05 0.54329100937
141.12 0.474701356826
141.19 0.637033134214
141.26 0.328825570144
141.33 0.278487909623
141.4 0.263802679978
141.47 0.643063157126
141.54 0.595347115375
141.61 0.292599167172
141.68 0.30730702422
141.75 0.25414153745
141.82 0.548902309428
141.89 0.467816482178
141.96 0.423240487563
142.03 0.331307525801
142.1 0.859746299524
142.17 0.553239256023
142.24 0.437283459927
142.31 0.343087138294
142.38 0.632063273566
142.45 0.428637932237
142.52 0.389382443928
142.59 0.472187933177
142.66 0.829794328558
142.73 0.546253684667
142.8 0.337313124161
142.87 0.341651649084
142.94 0.370651377756
143.01 0.35801248619
143.08 0.297947123611
143.15 0.258631857059
143.22 0.427053118203
143.29 0.885561097816
143.36 0.616623152266
143.43 0.454087046878
143.5 0.424514922272
143.57 0.609738018715
143.64 0.30806377477
143.71 0.152368378999
143.78 0.186710641245
143.85 0.803771360979
143.92 0.542010354509
143.99 0.267541810558
144.06 0.157473839403
144.13 0.384116841138
144.2 0.365271817916
144.27 0.290741613211
144.34 0.263649543117
144.41 0.531957884013
144.48 0.812929377452
144.55 0.545145146689
144.62 0.46966804889
144.69 0.354902840022
144.76 0.674532190995
144.83 0.303870564395
144.9 0.39346444985
144.97 0.335280417987
145.04 0.833748840853
145.11 0.216949476933
145.18 0.254888168066
145.25 0.214047298089
145.32 0.293720007879
145.39 0.196772961941
145.46 0.177456410649
145.53 0.187626367497
145.6 0.685211261146
145.67 0.839091986478
145.74 0.557993779369
145.81 0.374241976468
145.88 0.417661085556
145.95 0.594917321472
146.02 0.29631035798
146.09 0.209709985348
146.16 0.343997258609
146.23 0.797857593821
146.3 0.325918262004
146.37 0.254827828688
146.44 0.303834805559
146.51 0.45561461211
146.58 0.366210571298
146.65 0.320794645947
146.72 0.338275326066
146.79 0.725503673352
146.86 0.766137294825
146.93 0.482096874359
147.0 0.471059002589
147.07 0.55469501435
147.14 0.417185134483
147.21 0.18741105836
147.28 0.38955523244
147.35 0.396410099348
147.42 0.819646354565
147.49 0.23862672449
147.56 0.224700216952
147.63 0.266265547284
147.7 0.363714688002
147.77 0.26290287242
147.84 0.24972558777
147.91 0.0421293644841
147.98 0.736888880299
148.05 0.572948651865
148.12 0.462289608069
148.19 0.287736315462
148.26 0.582725820493
148.33 0.401818665984
148.4 0.292765309805
148.47 0.146069957916
148.54 0.418614584447
148.61 0.817544708908
148.68 0.316988316705
148.75 0.288932507542
148.82 0.281105712023
148.89 0.418074591368
148.96 0.298605777309
149.03 0.149461249598
149.1 0.139313675333
149.17 0.831209523735
149.24 0.602180411072
149.31 0.465859394944
149.38 0.359445735192
149.45 0.638577486925
149.52 0.318281217965
149.59 0.329386767205
149.66 0.444316890275
149.73 0.613784795523
149.8 0.666510135552
149.87 0.2566963952
149.94 0.201843054571
150.01 0.246578677017
150.08 0.2671795338
150.15 0.13040396232
150.22 0.13115564532
150.29 0.122542359078
150.36 0.899225458752
150.43 0.655729866054
150.5 0.382579779936
150.57 0.329895498113
150.64 0.608725470624
150.71 0.17293341195
150.78 0.123437749049
150.85 0.331574599128
150.92 0.604681047768
150.99 0.574360056671
151.06 0.143915712865
151.13 0.217737269749
151.2 0.47314170397
151.27 0.599019551015
151.34 0.43525330486
151.41 0.3277116548
151.48 0.268586566517
151.55 0.926706976252
151.62 0.66764896942
151.69 0.551656825189
151.76 0.440314069428
151.83 0.659851632422
151.9 0.284445859146
151.97 0.175990958113
152.04 0.282847547533
152.11 0.818029459407
152.18 0.461847055379
152.25 0.244212911035
152.32 0.149380907587
152.39 0.219745519957
152.46 0.17851884562
152.53 0.186868135029
152.6 0.175214798563
152.67 0.53081995576
152.74 0.830825852339
152.81 0.484473299746
152.88 0.401268213907
152.95 0.294957562566
153.02 0.600749682846
153.09 0.161069949808
153.16 0.149514783857
153.23 0.07018283811
153.3 0.828947568869
153.37 0.111295283497
153.44 0.0540261275153
153.51 0.0452235014358
153.58 0.199002381791
153.65 0.073559910753
153.72 0.0527427438897
153.79 0.0731990714978
153.86 0.556175809279
153.93 0.772699830817
154.0 0.44546712884
154.07 0.325189330982
154.14 0.202480662446
154.21 0.0918005728258
154.28 0.0249393903719
154.35 0.166457363375
154.42 0.0495723943628
154.49 0.846611585328
154.56 0.0956255896071
154.63 0.0265945792234
154.7 0.11414002505
154.77 0.0555557661318
154.84 0.0636948973666
154.91 0.00902250121085
154.98 0.0880160563649
155.05 0.644210830501
155.12 0.620779462037
155.19 0.391023496069
155.26 0.272256548544
155.33 0.152183034271
155.4 0.085988793636
155.47 0.0253656181402
155.54 0.080098561663
155.61 0.033400760602
155.68 0.874729090126
155.75 0.0988337345222
155.82 0.0497133444041
155.89 0.0370070765197
155.96 0.0154158884873
156.03 0.0255627055449
156.1 0.0171592449124
156.17 0.116652541999
156.24 0.804168280802
156.31 0.66832513964
156.38 0.390972938644
156.45 0.341984751139
156.52 0.148601519884
156.59 0.0670422764188
156.66 0.00760526189756
156.73 0.0684692554379
156.8 0.33096181445
156.87 0.850921525932
156.94 0.0362224035291
157.01 0.0741462776571
157.08 0.201686151171
157.15 0.148960862057
157.22 0.0567735229242
157.29 0.0370960912128
157.36 0.168194066339
157.43 0.910594263865
157.5 0.565230836839
157.57 0.392046447913
157.64 0.328300352907
157.71 0.165195522796
157.78 0.0797271994958
157.85 0.0170750702823
157.92 0.36562325328
157.99 0.602335425244
158.06 0.734567863233
158.13 0.19279490146
158.2 0.0994253087186
158.27 0.0717076680784
158.34 0.0412240777326
158.41 0.0177577303894
158.48 0.0185471199498
158.55 0.0161087519409
158.62 0.906160821496
158.69 0.527226864437
158.76 0.360414452983
158.83 0.280230589003
158.9 0.0800818890112
158.97 0.0642274981915
159.04 0.0820794841477
159.11 0.148278110955
159.18 0.063174563523
159.25 0.137427408142
159.32 0.0185296467594
159.39 0.106934137671
159.46 0.0697719689835
159.53 0.0833490105477
159.6 0.0345078469948
159.67 0.0670296790393
159.74 0.0895136127739
159.81 0.522492725035
159.88 0.563056856725
159.95 0.407811502307
160.02 0.309149044049
160.09 0.109106011903
160.16 0.0510787729456
160.23 0.113075829761
160.3 0.0942336111324
160.37 0.0650475747039
160.44 0.137393207053
160.51 0.0624891714019
160.58 0.0354385830742
160.65 0.0190523486373
160.72 0.0401830287335
160.79 0.0532665669549
160.86 0.0881276161316
160.93 0.250769236624
161.0 0.603750518594
161.07 0.53035545813
161.14 0.443090519297
161.21 0.253894043195
161.28 0.0818429699461
161.35 0.0313427415916
161.42 0.0256150232883
161.49 0.115263601021
161.56 0.125385215737
161.63 0.082318057651
161.7 0.0579799270177
161.77 0.170298637915
161.84 0.373672707942
161.91 0.596747532545
161.98 0.507005524699
162.05 0.407205071024
162.12 0.348301848928
162.19 0.610217485009
162.26 0.555350607803
162.33 0.426949505326
162.4 0.21524348367
162.47 0.00787797149354
162.54 0.0532412725349
162.61 0.393149296542
162.68 0.384723902885
162.75 0.0816106090123
162.82 0.237351620319
162.89 0.343286236253
162.96 0.167596546058
163.03 0.143319522844
163.1 0.428997738049
163.17 0.130038575485
163.24 0.187763860814
163.31 0.401955501755
163.38 0.258641944495
163.45 0.280348694987
163.52 0.116051037441
163.59 0.361070104932
163.66 0.272692988325
163.73 0.317772882451
163.8 0.229213025304
163.87 0.172554113726
163.94 0.302180907969
164.01 0.949956984266
164.08 0.626807637969
164.15 0.690651256776
164.22 0.522680742196
164.29 0.528184558843
164.36 0.568156560618
164.43 0.814398345208
164.5 0.807952349871
164.57 0.634107989986
164.64 0.413277127088
164.71 0.370096938151
164.78 0.480295176111
164.85 0.483898776263
164.92 0.771498526772
164.99 0.636565472344
165.06 0.569604526964
165.13 0.386477298
165.2 0.431373996612
165.27 0.501353062441
165.34 0.672656065404
165.41 0.731573711278
165.48 0.631637730426
165.55 0.363354089234
165.62 0.303989351758
165.69 0.441640604143
165.76 0.623079740928
165.83 0.760761318452
165.9 0.542124947439
165.97 0.551387669811
166.04 0.388559326669
166.11 0.440879065526
166.18 0.535938589845
166.25 0.786486146605
166.32 0.661398450661
166.39 0.5583965142
166.46 0.350971535762
166.53 0.302460631757
166.6 0.453258675746
166.67 0.458114181783
166.74 0.870808747505
166.81 0.585280214602
166.88 0.51400334462
166.95 0.501127319221
167.02 0.507428111587
167.09 0.572355322766
167.16 0.787527520586
167.23 0.786973814357
167.3 0.652352268024
167.37 0.458870406946
167.44 0.38723082798
167.51 0.518336176944
167.58 0.735284464444
167.65 0.868437468747
167.72 0.471691201682
167.79 0.563122491141
167.86 0.34080476157
167.93 0.434852282683
168.0 0.537407976828
168.07 0.793752918249
168.14 0.666542643485
168.21 0.522823535968
168.28 0.458826703388
168.35 0.502686778171
168.42 0.484137570754
168.49 0.435097756634
168.56 0.767673452577
168.63 0.460797341281
168.7 0.424694476906
168.77 0.536623649402
168.84 0.508080117241
168.91 0.43882927289
168.98 0.781827132173
169.05 0.672272610663
169.12 0.553062918709
169.19 0.436415865653
169.26 0.496051593571
169.33 0.468825964607
169.4 0.613188839488
169.47 0.804980361678
169.54 0.609059323387
169.61 0.475681210661
169.68 0.333506917329
169.75 0.441169580878
169.82 0.549059529144
169.89 0.872534685986
169.96 0.725401709215
170.03 0.520469007858
170.1 0.420580281532
170.17 0.452716087146
170.24 0.51962177153
170.31 0.4744455842
170.38 0.812076140875
170.45 0.544555536466
170.52 0.485815405424
170.59 0.503734913941
170.66 0.502699804526
170.73 0.555397041209
170.8 0.765495687508
170.87 0.784811679831
170.94 0.61052734003
171.01 0.440558858751
171.08 0.382178091546
171.15 0.541156608794
171.22 0.729311781328
171.29 0.844395236248
171.36 0.75542565066
171.43 0.566564697728
171.5 0.475810896832
171.57 0.542623536748
171.64 0.59467652401
171.71 0.8712270273
171.78 0.655152901958
171.85 0.539335010824
171.92 0.351571509656
171.99 0.347519629551
172.06 0.501672734079
172.13 0.462787587495
172.2 0.763323065817
172.27 0.586591092775
172.34 0.621170813837
172.41 0.367904093924
172.48 0.412254449313
172.55 0.431428633642
172.62 0.788285845132
172.69 0.645146678545
172.76 0.559487680815
172.83 0.326408823177
172.9 0.303204309371
172.97 0.455057480573
173.04 0.633972336066
173.11 0.84316736927
173.18 0.573399154693
173.25 0.539252588929
173.32 0.346298359704
173.39 0.455590412879
173.46 0.531234913158
173.53 0.87574917238
173.6 0.603870354565
173.67 0.518192413644
173.74 0.315677996417
173.81 0.29044356478
173.88 0.462085038499
173.95 0.549457077264
174.02 0.798197442499
174.09 0.552348061567
174.16 0.477951495895
174.23 0.479420836297
174.3 0.536577244161
174.37 0.540437607051
174.44 0.840776576436
174.51 0.728685017014
174.58 0.639421453936
174.65 0.433712327627
174.72 0.402179539904
174.79 0.559633378841
174.86 0.749372864936
174.93 0.831658754801
175.0 0.41736707665
175.07 0.484978980158
175.14 0.333965747276
175.21 0.454038432844
175.28 0.531467186347
175.35 0.809868704963
175.42 0.604584778397
175.49 0.509600839438
175.56 0.463250531712
175.63 0.485182013647
175.7 0.477444304317
175.77 0.472330876441
175.84 0.749607027353
175.91 0.591082756725
175.98 0.595321088662
176.05 0.546365588915
176.12 0.519227566389
176.19 0.405852841079
176.26 0.8003009763
176.33 0.652262103978
176.4 0.546844168008
176.47 0.479669564399
176.54 0.486426981169
176.61 0.472173918877
176.68 0.674318139538
176.75 0.885333723187
176.82 0.585416995126
176.89 0.563197355041
176.96 0.149156676616
177.03 0.0130250371568
177.1 0.0831371559681
177.17 0.42653241063
177.24 0.343928267131
177.31 0.0712855318315
177.38 0.29988232765
177.45 0.295340064027
177.52 0.158999574988
177.59 0.292850153898
177.66 0.353756584651
177.73 0.131138153714
177.8 0.205134875811
177.87 0.393284966712
177.94 0.272925967807
178.01 0.264055053293
178.08 0.101430126035
178.15 0.375704681825
178.22 0.29221518271
178.29 0.292454499338
178.36 0.228869136018
178.43 0.154692108579
178.5 0.0563231013411
178.57 4.85707028313e-05
178.64 4.71202005432e-05
178.71 4.64572375855e-05
178.78 4.81991402586e-05
178.85 0.543963942771
178.92 0.375909843945
178.99 0.408651813273
179.06 0.678046748289
179.13 0.523989494988
179.2 0.628298910312
179.27 0.593366683613
179.34 0.586475729637
179.41 0.603051427405
179.48 0.482919146666
179.55 0.749565517422
179.62 0.621683967748
179.69 0.72363115181
179.76 0.631951790712
179.83 0.695301859595
179.9 0.651720490324
179.97 0.624958506454
180.04 0.617906008338
180.11 0.716812106567
180.18 0.628995878287
180.25 0.576441152642
180.32 0.743089632422
180.39 0.601564115507
180.46 0.777041577394
180.53 0.550162913993
180.6 0.608628512291
180.67 0.520571096571
180.74 0.61876755145
180.81 0.573528606877
180.88 0.436915187254
180.95 0.752929284225
181.02 0.660920478201
181.09 0.662458867495
181.16 0.776146314166
181.23 0.742120864801
181.3 0.628774728143
181.37 0.515396100885
181.44 0.760941693124
181.51 0.678530661418
181.58 0.622757757585
181.65 0.589999239098
181.72 0.592181931976
181.79 0.761507150696
181.86 0.559184193272
181.93 0.644719331756
182.0 0.518345013201
182.07 0.572360639469
182.14 0.511387777012
182.21 0.456807830607
182.28 0.818706075935
182.35 0.604248672427
182.42 0.675977652814
182.49 0.530862885861
182.56 0.488011768121
182.63 0.556591290981
182.7 0.477347787959
182.77 0.613491257841
182.84 0.519056578276
182.91 0.585796590167
182.98 0.560448022741
183.05 0.620126322197
183.12 0.770570547622
183.19 0.668170840428
183.26 0.677641136286
183.33 0.583852449127
183.4 0.719995089221
183.47 0.538899552488
183.54 0.54399193454
183.61 0.683462757009
183.68 0.621724435571
183.75 0.632893552342
183.82 0.630227537802
183.89 0.521828555311
183.96 0.650246490765
184.03 0.52081158855
184.1 0.635478714649
184.17 0.425837258221
184.24 0.391595303787
184.31 0.342056903608
184.38 0.576941564015
184.45 0.775546790913
184.52 0.55732714195
184.59 0.677331087359
184.66 0.599135920513
184.73 0.622706579444
184.8 0.583828580294
184.87 0.465329662626
184.94 0.680154787421
185.01 0.586515311342
185.08 0.590920726195
185.15 0.582584808705
185.22 0.578499220399
185.29 0.603410222524
185.36 0.545762626271
185.43 0.752362039253
185.5 0.569083778227
185.57 0.596780122807
185.64 0.57143454738
185.71 0.606683200233
185.78 0.722284503969
185.85 0.537948425964
185.92 0.671536064233
185.99 0.625581066586
186.06 0.659325609229
186.13 0.579453073521
186.2 0.50374368845
186.27 0.667089166532
186.34 0.605759316938
186.41 0.593996513588
186.48 0.604322216901
186.55 0.646950610502
186.62 0.544646225899
186.69 0.551736375328
186.76 0.768889893194
186.83 0.508960055408
186.9 0.420786443513
186.97 0.333840577269
187.04 0.484871235678
187.11 0.650401047796
187.18 0.567691615596
187.25 0.740081656823
187.32 0.555510433873
187.39 0.598679688254
187.46 0.596598259719
187.53 0.467908647028
187.6 0.61539836395
187.67 0.445681484697
187.74 0.598870582588
187.81 0.620651894748
187.88 0.554845999831
187.95 0.676683147229
188.02 0.490885192572
188.09 0.58227325078
188.16 0.487905543473
188.23 0.617367951068
188.3 0.549827899962
188.37 0.506176034546
188.44 0.780781422934
188.51 0.580687859362
188.58 0.648777691999
188.65 0.709093729323
188.72 0.585168637503
188.79 0.503431046169
188.86 0.401434185383
188.93 0.617285828156
189.0 0.504013141728
189.07 0.446467335205
189.14 0.356900669145
189.21 0.452810174805
189.28 0.705838457708
189.35 0.497101478827
189.42 0.732365719109
189.49 0.658288527175
189.56 0.575723559153
189.63 0.606228896201
189.7 0.587613446652
189.77 0.77262425304
189.84 0.63019047254
189.91 0.602665155071
189.98 0.718419263102
190.05 0.536840985342
190.12 0.656348413743
190.19 0.445470698224
190.26 0.593903840683
190.33 0.593900786937
190.4 0.555367232791
190.47 0.658899676111
190.54 0.513353057037
190.61 0.686023182781
190.68 0.528472578334
190.75 0.596275437923
190.82 0.559143054904
190.89 0.549810049792
190.96 0.632408558107
191.03 0.540196358947
191.1 0.704107661831
191.17 0.685574860581
191.24 0.58209044741
191.31 0.742914201807
191.38 0.681400160088
191.45 0.646117977775
191.52 0.475068134583
191.59 0.641963121756
191.66 0.695372967789
191.73 0.394260931598
191.8 0.167588775742
191.87 0.110376097272
191.94 0.489990697384
192.01 0.306360277368
192.08 0.190346382102
192.15 0.155102286578
192.22 0.197173776129
192.29 0.730650882007
192.36 0.645355167396
192.43 0.391986802912
192.5 0.180413867821
192.57 0.115519509056
192.64 0.477854108586
192.71 0.275154141894
192.78 0.169646531517
192.85 0.1462146225
192.92 0.114763217813
192.99 0.69644196631
193.06 0.640523932086
193.13 0.50842471607
193.2 0.632084485131
193.27 0.531167206441
193.34 0.508303719914
193.41 0.4005542288
193.48 0.229188438261
193.55 0.6284718494
193.62 0.513921401532
193.69 0.373488542899
193.76 0.66029688896
193.83 0.552345095566
193.9 0.564354794121
193.97 0.509198503252
194.04 0.545148292513
194.11 0.558548706446
194.18 0.497776429281
194.25 0.449959867397
194.32 0.441663305208
194.39 0.362585212527
194.46 0.355006633806
194.53 0.377607883819
194.6 0.360186369893
194.67 0.326954970329
194.74 0.325437090638
194.81 0.3014963803
194.88 0.26111115653
194.95 0.264448124248
195.02 0.25078564929
195.09 0.235929455364
195.16 0.215274942996
195.23 0.201078182724
195.3 0.198165059575
195.37 0.1873978251
195.44 0.129145254565
195.51 0.0777988991541
195.58 0.0636198980571
195.65 0.0560725262583
195.72 0.506653228133
195.79 0.407756034407
195.86 0.340433145917
195.93 0.580168036823
196.0 0.880737027273
196.07 0.671098328858
196.14 0.695176476184
196.21 0.44222680314
196.28 0.564900720284
196.35 0.513245268143
196.42 0.379870907875
196.49 0.608651697579
196.56 0.51202710729
196.63 0.625626144817
196.7 0.566387853442
196.77 0.529604428343
196.84 0.686090421524
196.91 0.456757264516
196.98 0.596084681164
197.05 0.597799904995
197.12 0.384885748176
197.19 0.727785608101
197.26 0.500492409779
197.33 0.612556513652
197.4 0.82234965752
197.47 0.634659988977
197.54 0.692672716412
197.61 0.702175487705
197.68 0.588203711172
197.75 0.527603295237
197.82 0.417714782306
197.89 0.703053900625
197.96 0.572224323669
198.03 0.28790625605
198.1 0.118751699377
198.17 0.445134843573
198.24 0.630351861773
198.31 0.465939160654
198.38 0.394713531642
198.45 0.376209508618
198.52 0.528983606864
198.59 0.746843857325
198.66 0.54693862723
198.73 0.405390714733
198.8 0.372366046951
198.87 0.523333797541
198.94 0.535558933058
199.01 0.411973059452
199.08 0.373280265286
199.15 0.33792906008
199.22 0.61564450953
199.29 0.552768199176
199.36 0.48513435831
199.43 0.720477347109
199.5 0.704549047835
199.57 0.382253661741
199.64 0.352241009082
199.71 0.478919191076
199.78 0.692232807992
199.85 0.34009529696
199.92 0.661920672649
199.99 0.728879539229
200.06 0.599966428942
200.13 0.608097732448
200.2 0.575703416779
200.27 0.639393285593
200.34 0.613759696092
200.41 0.491377869377
200.48 0.339728060979
200.55 0.192955086094
200.62 0.126563079925
200.69 0.106856430179
200.76 0.072546241474
200.83 0.0457500651813
200.9 0.036835267286
200.97 0.0913079501839
201.04 0.133959199758
201.11 0.141150128223
201.18 0.13367895275
201.25 0.136556519636
201.32 0.155610493182
201.39 0.172322477502
201.46 0.154139720693
201.53 0.154920939127
201.6 0.163005375918
201.67 0.141241585696
201.74 0.198314856706
201.81 0.299834700478
201.88 0.291798011102
201.95 0.253358490452
202.02 0.240641278263
202.09 0.226345095213
202.16 0.258535428446
202.23 0.236903806173
202.3 0.215731334495
202.37 0.205207304514
202.44 0.180009069355
202.51 0.294508096429
202.58 0.241933107083
202.65 0.177827145601
202.72 0.258076246436
202.79 0.219674859155
202.86 0.230865452893
202.93 0.296590112099
203.0 0.20709807162
203.07 0.240357137972
203.14 0.228021671119
203.21 0.188937694144
203.28 0.301317252475
203.35 0.313688277757
203.42 0.27636633608
203.49 0.281865617064
203.56 0.319710932248
203.63 0.330198944492
203.7 0.340378050662
203.77 0.308442367784
203.84 0.310506827934
203.91 0.293171398449
203.98 0.281481791843
204.05 0.330435114213
204.12 0.316023797679
204.19 0.278891495906
204.26 0.308586993369
204.33 0.272086994684
204.4 0.301096292987
204.47 0.280301914934
204.54 0.231016942095
204.61 0.220154555103
204.68 0.166819485225
204.75 0.280331506697
204.82 0.311839451725
204.89 0.25925919009
204.96 0.228465373161
205.03 0.230872939391
205.1 0.226892144731
205.17 0.259210058252
205.24 0.206926136726
205.31 0.226957932971
205.38 0.24097237193
205.45 0.17253219695
205.52 0.242144611765
205.59 0.242562954391
205.66 0.179060644514
205.73 0.232503012563
205.8 0.212888976142
205.87 0.221025524855
205.94 0.301155431017
206.01 0.248526313778
206.08 0.203401495245
206.15 0.255625680775
206.22 0.193386954463
206.29 0.284592103141
206.36 0.270306652075
206.43 0.262033561159
206.5 0.274609086681
206.57 0.240869065619
206.64 0.303851936436
206.71 0.368450414399
206.78 0.295657682864
206.85 0.273245393543
206.92 0.318546652301
206.99 0.345709071213
207.06 0.358337543861
207.13 0.339842243349
207.2 0.291554860771
207.27 0.281527575285
207.34 0.267008492606
207.41 0.259542476762
207.48 0.268671625097
207.55 0.185247666154
207.62 0.17539919001
207.69 0.176871461749
207.76 0.176354391806
207.83 0.178005952777
207.9 0.165129002263
207.97 0.150329101691
208.04 0.150184651595
208.11 0.194229391893
208.18 0.226634265139
208.25 0.150219305492
208.32 0.113090066132
208.39 0.149525199525
208.46 0.183366978902
208.53 0.204796173236
208.6 0.179531361213
208.67 0.165499792462
208.74 0.134465916863
208.81 0.163347378142
208.88 0.168818972839
208.95 0.166945160037
209.02 0.136666307168
209.09 0.146464348297
209.16 0.16993402562
209.23 0.174505955752
209.3 0.186950259023
209.37 0.136084548507
209.44 0.1024691049
209.51 0.107783554627
209.58 0.179820478059
209.65 0.193474675729
209.72 0.182312856967
209.79 0.184750641091
209.86 0.183389509893
209.93 0.217896848833
210.0 0.206528072968
210.07 0.168469653107
210.14 0.171690993368
210.21 0.185403347622
210.28 0.150101498491
210.35 0.232238691831
210.42 0.239674507113
210.49 0.127748070965
210.56 0.103889264717
210.63 0.120509769897
210.7 0.164156624093
210.77 0.184619468671
210.84 0.175587518071
210.91 0.195071710163
210.98 0.14099752
211.05 0.184935877492
211.12 0.232405353353
211.19 0.174944256596
211.26 0.118515376915
211.33 0.143794464307
211.4 0.193823974879
211.47 0.201976524614
211.54 0.194191503343
211.61 0.172701648982
211.68 0.154364816116
211.75 0.149249752498
211.82 0.185954990216
211.89 0.19384065403
211.96 0.164972722828
212.03 0.142251247949
212.1 0.128384969296
212.17 0.160406974934
212.24 0.219871554415
212.31 0.182396348052
212.38 0.177047216262
212.45 0.105102059036
212.52 0.123250872574
212.59 0.180830008153
212.66 0.142831201878
212.73 0.142251958576
212.8 0.224152034331
212.87 0.175473444028
212.94 0.162658527131
213.01 0.193590606501
213.08 0.129233933444
213.15 0.156396819247
213.22 0.133154891365
213.29 0.131729341182
213.36 0.151288044028
213.43 0.0736688619988
213.5 0.0395440104379
213.57 0.0352359514794
213.64 0.0723739805156
213.71 0.455378904947
213.78 0.442276399702
213.85 0.361055818731
213.92 0.131192049786
213.99 0.129011275385
214.06 0.329205925642
214.13 0.24848081957
214.2 0.275067959959
214.27 0.19816043725
214.34 0.172326080467
214.41 0.346840029689
214.48 0.289276649231
214.55 0.253214694653
214.62 0.256190127654
214.69 0.252234365261
214.76 0.367155055192
214.83 0.297065464122
214.9 0.354795259116
214.97 0.210343984841
215.04 0.414052702754
215.11 0.501694233795
215.18 0.367712360054
215.25 0.27577663053
215.32 0.160855941682
215.39 0.163130892571
215.46 0.27144543828
215.53 0.207042453144
215.6 0.138706877903
215.67 0.122199941961
215.74 0.153009899654
215.81 0.210984850117
215.88 0.164072271806
215.95 0.210083248659
216.02 0.202400023618
216.09 0.204213972599
216.16 0.181220698073
216.23 0.153082769249
216.3 0.146466208276
216.37 0.207559816653
216.44 0.263302897986
216.51 0.256969277037
216.58 0.266860397298
216.65 0.252824570201
216.72 0.333716142805
216.79 0.264598426183
216.86 0.268667529243
216.93 0.276683172794
217.0 0.187557246025
217.07 0.312752562956
217.14 0.251903845729
217.21 0.18009643314
217.28 0.377568192703
217.35 0.422989580999
217.42 0.363419019523
217.49 0.387783731504
217.56 0.369634297251
217.63 0.344385945558
217.7 0.299311699616
217.77 0.245782809485
217.84 0.464542545772
217.91 0.419591959754
217.98 0.33261751569
218.05 0.309239202678
218.12 0.218301944115
218.19 0.307808799433
218.26 0.428656025059
218.33 0.448612104868
218.4 0.392260107225
218.47 0.442261376875
218.54 0.476564970615
218.61 0.448882600254
218.68 0.486410294435
218.75 0.551991299751
218.82 0.481936343079
218.89 0.489022240662
218.96 0.455154650144
219.03 0.430934144522
219.1 0.4554256915
219.17 0.438397823747
219.24 0.421213241083
219.31 0.457366135329
219.38 0.396816237823
219.45 0.429247304605
219.52 0.444561176959
219.59 0.429187437534
219.66 0.417216524479
219.73 0.445560387796
219.8 0.400563696604
219.87 0.446717350235
219.94 0.433792657722
220.01 0.422150385805
220.08 0.4166207461
220.15 0.430623446715
220.22 0.439588020996
220.29 0.513091253832
220.36 0.505999170761
220.43 0.454131087334
220.5 0.475280626127
220.57 0.494818635211
220.64 0.462085545471
220.71 0.44251984035
220.78 0.422117532307
220.85 0.389997170914
220.92 0.421056065782
220.99 0.431665570321
221.06 0.459532566116
221.13 0.517859365752
221.2 0.438141485652
221.27 0.424419368944
221.34 0.413346509628
221.41 0.444758986907
221.48 0.454279602953
221.55 0.471927887041
221.62 0.429127203232
221.69 0.43931052875
221.76 0.426823461118
221.83 0.476023476121
221.9 0.430680219959
221.97 0.323043372968
222.04 0.267198769475
222.11 0.261256099515
222.18 0.216190711495
222.25 0.163943529166
222.32 0.135797468214
222.39 0.110969152302
222.46 0.0843364917066
222.53 0.0662069192601
222.6 0.0527648220727
222.67 0.0455607394264
222.74 0.0422692745834
222.81 0.035217989733
222.88 0.0301474258786
222.95 0.0267587329681
223.02 0.0228715666593
223.09 0.0191545326779
223.16 0.0191107337918
223.23 0.0189288750363
223.3 0.0176444785505
223.37 0.0164045785786
223.44 0.0143765153111
223.51 0.0148671923951
223.58 0.0138636917979
223.65 0.0113637548958
223.72 0.0112463032083
223.79 0.0119316671644
223.86 0.0100928397402
223.93 0.00783511397149
224.0 0.00922946481365
224.07 0.0085866864782
224.14 0.00724295047466
224.21 0.00769772573125
224.28 0.00667207003865
224.35 0.00632643885042
224.42 0.00613419150869
224.49 0.00481073545537
224.56 0.00406469738944
224.63 0.0040554169913
224.7 0.0
224.77 0.0
224.84 0.0
224.91 0.0
224.98 0.0
225.05 0.0
225.12 0.0
225.19 0.0
225.26 0.0
225.33 0.0
225.4 0.0
225.47 0.0
225.54 0.0
225.61 0.0
225.68 0.0
225.75 0.0
225.82 0.0
225.89 0.0
225.96 0.0
226.03 0.0
226.1 0.0
226.17 0.0
226.24 0.0
226.31 0.0
226.38 0.0
226.45 0.0
226.52 0.0
226.59 0.0
226.66 0.0
226.73 0.0
226.8 0.0
226.87 0.0
226.94 0.0
227.01 0.0
227.08 0.0
227.15 0.0
227.22 0.0
227.29 0.0
227.36 0.0
227.43 0.0
227.5 0.0
227.57 0.0
227.64 0.0
227.71 0.0
227.78 0.0
227.85 0.0
227.92 0.0
227.99 0.0
228.06 0.0
228.13 0.0
228.2 0.0
228.27 0.0
228.34 0.0
228.41 0.0
228.48 0.0
228.55 0.0
228.62 0.0
228.69 0.0
228.76 0.0
228.83 0.0
228.9 0.0
228.97 0.0
229.04 0.0
229.11 0.0
229.18 0.0
229.25 0.0
229.32 0.0
229.39 0.0
229.46 0.0
229.53 0.0
229.6 0.0
229.67 0.0
229.74 0.0
229.81 0.0
229.88 0.0
229.95 0.0
230.02 0.0
230.09 0.0
230.16 0.0
230.23 0.0
230.3 0.0
230.37 0.0
230.44 0.0
230.51 0.0
230.58 0.0
230.65 0.0
230.72 0.0
230.79 0.0
230.86 0.0
230.93 0.0
231.0 0.0
231.07 0.0
231.14 0.0
231.21 0.0
231.28 0.0
231.35 0.0
231.42 0.0
231.49 0.0
231.56 0.0
231.63 0.0
231.7 0.0
231.77 0.0
231.84 0.0
231.91 0.0
231.98 0.0
232.05 0.0
232.12 0.0
232.19 0.0
232.26 0.0
232.33 0.0
232.4 0.0
232.47 0.0
232.54 0.0
232.61 0.0
232.68 0.0
232.75 0.0
232.82 0.0
232.89 0.0
232.96 0.0
233.03 0.0
233.1 0.0
233.17 0.0
233.24 0.0
233.31 0.0
233.38 0.0
233.45 0.0
233.52 0.0
233.59 0.0
233.66 0.0
