0.0 0.0
0.07 0.0
0.14 0.0
0.21 0.0
0.28 0.0
0.35 0.0
0.42 0.0
0.49 0.0
0.56 0.0
0.63 0.0
0.7 0.0
0.77 0.0
0.84 0.0
0.91 0.0
0.98 0.0
1.05 0.0
1.12 0.0
1.19 0.0
1.26 0.0
1.33 0.0
1.4 0.0
1.47 0.0
1.54 0.0
1.61 0.0
1.68 0.0
1.75 0.0
1.82 0.0
1.89 0.0
1.96 0.0
2.03 0.0
2.1 0.0
2.17 0.0
2.24 0.0
2.31 0.0
2.38 0.0
2.45 0.0
2.52 0.0
2.59 0.0
2.66 0.0
2.73 0.0
2.8 0.0
2.87 0.0
2.94 0.0
3.01 0.0
3.08 0.0
3.15 0.0
3.22 0.0
3.29 0.0
3.36 0.0
3.43 0.0
3.5 0.0
3.57 0.0
3.64 0.0
3.71 0.0
3.78 0.0
3.85 0.0
3.92 0.0
3.99 4.99800905699e-05
4.06 5.4903293475e-05
4.13 5.51710724753e-05
4.2 0.00503473163036
4.27 0.140976088383
4.34 0.158711580456
4.41 0.138746349151
4.48 0.127847666452
4.55 0.17417740106
4.62 0.150386190076
4.69 0.129777999282
4.76 0.139615931974
4.83 0.158400297194
4.9 0.136995670236
4.97 0.124572552397
5.04 0.147549216512
5.11 0.151970161823
5.18 0.137500001274
5.25 0.126445071985
5.32 0.152280882503
5.39 0.135010189673
5.46 0.124757920567
5.53 0.119838720835
5.6 0.149051505838
5.67 0.131284790488
5.74 0.11625594222
5.81 0.134174590216
5.88 0.141832359642
5.95 0.128527333775
6.02 0.116501477138
6.09 0.134691357009
6.16 0.1315546675
6.23 0.11756959598
6.3 0.124723049108
6.37 0.142632278162
6.44 0.133620765511
6.51 0.115805475296
6.58 0.131789125212
6.65 0.134388774109
6.72 0.120836930933
6.79 0.109075966688
6.86 0.133308497118
6.93 0.132921207612
7.0 0.123057032578
7.07 0.113240724881
7.14 0.133536804511
7.21 0.172379723245
7.28 0.206037461543
7.35 0.203856938371
7.42 0.192758998616
7.49 0.154925379469
7.56 0.132228173449
7.63 0.139025319594
7.7 0.143571914674
7.77 0.145979478815
7.84 0.146234471983
7.91 0.162872448484
7.98 0.156797536697
8.05 0.135277164108
8.12 0.127689119174
8.19 0.131417979832
8.26 0.126858180054
8.33 0.106298097354
8.4 0.122875472274
8.47 0.124203065282
8.54 0.113812629582
8.61 0.10502686814
8.68 0.124467154337
8.75 0.118614603529
8.82 0.100425281326
8.89 0.10395911166
8.96 0.11115506672
9.03 0.111225056535
9.1 0.092819874978
9.17 0.101382687063
9.24 0.1095738784
9.31 0.100305241405
9.38 0.0912514810896
9.45 0.100935708636
9.52 0.102033041185
9.59 0.091958708768
9.66 0.0946990276246
9.73 0.105151542604
9.8 0.103004341949
9.87 0.0837699642925
9.94 0.0978905172463
10.01 0.109070552147
10.08 0.0954101958306
10.15 0.0896850316699
10.22 0.0988892518468
10.29 0.105316259854
10.36 0.100350333915
10.43 0.0996067497097
10.5 0.104688157185
10.57 0.111834704563
10.64 0.0911742673834
10.71 0.101823688368
10.78 0.0951983273659
10.85 0.095386864664
10.92 0.0934932372113
10.99 0.0958992597811
11.06 0.0889955019724
11.13 0.0877545760062
11.2 0.104608510129
11.27 0.0939202710161
11.34 0.0856145980149
11.41 0.0831688458855
11.48 0.0917220228404
11.55 0.0917732521568
11.62 0.0891631132015
11.69 0.0869519563582
11.76 0.0828924942722
11.83 0.0883530018831
11.9 0.0821189003937
11.97 0.0889328625682
12.04 0.0959181234605
12.11 0.105980910671
12.18 0.0824376323331
12.25 0.0843890165225
12.32 0.0813479265731
12.39 0.0935799730405
12.46 0.0943361084651
12.53 0.0967875723943
12.6 0.103413456671
12.67 0.082635830557
12.74 0.0872777942678
12.81 0.0882264799905
12.88 0.101694746638
12.95 0.079254628112
13.02 0.073535896789
13.09 0.0788488164071
13.16 0.0878051653555
13.23 0.0862767061601
13.3 0.0942299562017
13.37 0.0873135304809
13.44 0.0896824705726
13.51 0.0852063787557
13.58 0.0827743116072
13.65 0.0707649860242
13.72 0.0634471460702
13.79 0.0806693242242
13.86 0.0784543656561
13.93 0.0868705220618
14.0 0.16336406002
14.07 0.224370092187
14.14 0.229935827119
14.21 0.189230765846
14.28 0.210100353165
14.35 0.190490788877
14.42 0.196376283872
14.49 0.204026409313
14.56 0.191168704582
14.63 0.219652655334
14.7 0.25335041308
14.77 0.208045305337
14.84 0.23733995947
14.91 0.211885514154
14.98 0.16496457879
15.05 0.179199803801
15.12 0.192116180386
15.19 0.20925966345
15.26 0.248962793971
15.33 0.260199169328
15.4 0.243871269854
15.47 0.249055257569
15.54 0.230113803115
15.61 0.14313470281
15.68 0.111876928889
15.75 0.24010591141
15.82 0.201954487723
15.89 0.241422768691
15.96 0.242984625332
16.03 0.233154253097
16.1 0.190492770196
16.17 0.189771977914
16.24 0.260140383239
16.31 0.259811495351
16.38 0.259270255031
16.45 0.259401031908
16.52 0.274759494014
16.59 0.233822380128
16.66 0.223456603435
16.73 0.278290933991
16.8 0.231550582396
16.87 0.204107152052
16.94 0.176529234004
17.01 0.201620106681
17.08 0.167777097252
17.15 0.0877932295364
17.22 0.0754455897534
17.29 0.15747686254
17.36 0.111786770894
17.43 0.0922750601767
17.5 0.189031702868
17.57 0.133766797192
17.64 0.102895332558
17.71 0.211880979108
17.78 0.15261337558
17.85 0.133409871123
17.92 0.297253579836
17.99 0.229676586338
18.06 0.222217917968
18.13 0.216916959964
18.2 0.217629259475
18.27 0.198899430274
18.34 0.225697461637
18.41 0.229294986522
18.48 0.184756496892
18.55 0.186613143819
18.62 0.207490543406
18.69 0.172286799018
18.76 0.203804682159
18.83 0.199754440024
18.9 0.207858694083
18.97 0.217887731313
19.04 0.255077398468
19.11 0.224179706232
19.18 0.260373778433
19.25 0.23301648203
19.32 0.206763288807
19.39 0.202473063868
19.46 0.236935812171
19.53 0.268360491023
19.6 0.20639347618
19.67 0.216226273167
19.74 0.201472465869
19.81 0.248638122989
19.88 0.309512631447
19.95 0.317316151263
20.02 0.266528474851
20.09 0.231180439345
20.16 0.244002050416
20.23 0.211115457907
20.3 0.215224303108
20.37 0.186315971774
20.44 0.197359115102
20.51 0.210239289931
20.58 0.191696867951
20.65 0.190596032166
20.72 0.173847622622
20.79 0.186938064156
20.86 0.174482004586
20.93 0.222702661833
21.0 0.177161831184
21.07 0.160613297782
21.14 0.166722235927
21.21 0.161539912619
21.28 0.196412280494
21.35 0.281447463713
21.42 0.212368501487
21.49 0.218860156012
21.56 0.201210208275
21.63 0.204958088613
21.7 0.229058330075
21.77 0.230187032073
21.84 0.21497707676
21.91 0.26365196212
21.98 0.217544329312
22.05 0.231025298265
22.12 0.230459778497
22.19 0.239876927199
22.26 0.243245456819
22.33 0.258404082091
22.4 0.241266298542
22.47 0.216141073996
22.54 0.209457326116
22.61 0.255160950429
22.68 0.235588290509
22.75 0.213185745799
22.82 0.20997277981
22.89 0.21090299738
22.96 0.155384950879
23.03 0.197909679782
23.1 0.210142113178
23.17 0.194841429917
23.24 0.22551664571
23.31 0.243072790954
23.38 0.231232529731
23.45 0.238566406945
23.52 0.222477686937
23.59 0.221029937315
23.66 0.198774164977
23.73 0.214474421183
23.8 0.180984962333
23.87 0.18790018182
23.94 0.187883911175
24.01 0.154885699043
24.08 0.186195044989
24.15 0.215224278541
24.22 0.178119179189
24.29 0.197456853209
24.36 0.186206057093
24.43 0.145856331184
24.5 0.130433223787
24.57 0.144173040451
24.64 0.147532732135
24.71 0.221672025909
24.78 0.239679484407
24.85 0.228746163634
24.92 0.222725807519
24.99 0.229259094309
25.06 0.252136352227
25.13 0.229754196799
25.2 0.284764157214
25.27 0.212687966748
25.34 0.19456576372
25.41 0.275065936372
25.48 0.23486265241
25.55 0.219911924367
25.62 0.255986363229
25.69 0.211979160647
25.76 0.209097738226
25.83 0.230337256092
25.9 0.211571458521
25.97 0.159264098202
26.04 0.241189269088
26.11 0.221220751963
26.18 0.209929859013
26.25 0.237523224715
26.32 0.230846335909
26.39 0.164632475097
26.46 0.277938282559
26.53 0.197009403098
26.6 0.210262821318
26.67 0.211884311606
26.74 0.179482685291
26.81 0.162336778704
26.88 0.246162178163
26.95 0.205463768373
27.02 0.20531209368
27.09 0.1581817232
27.16 0.166485785842
27.23 0.130235024334
27.3 0.0946119318905
27.37 0.0838282811541
27.44 0.11985393879
27.51 0.179164385729
27.58 0.204824477947
27.65 0.180107258928
27.72 0.190666383114
27.79 0.248681096605
27.86 0.191449712847
27.93 0.173016775628
28.0 0.204754995438
28.07 0.228450262926
28.14 0.154119811796
28.21 0.260586010488
28.28 0.206805213417
28.35 0.209906649452
28.42 0.198823056755
28.49 0.162936902152
28.56 0.194763638889
28.63 0.225207353594
28.7 0.213884910627
28.77 0.213387201591
28.84 0.180456662618
28.91 0.14739407666
28.98 0.14148277907
29.05 0.23430301641
29.12 0.188216333009
29.19 0.183931608595
29.26 0.233612630557
29.33 0.232219593835
29.4 0.221495662729
29.47 0.191691685568
29.54 0.156677877562
29.61 0.193593195304
29.68 0.255100716122
29.75 0.24670238176
29.82 0.292268628076
29.89 0.24140351317
29.96 0.18800204225
30.03 0.143944681467
30.1 0.158231380236
30.17 0.146225541921
30.24 0.168299185232
30.31 0.160522821645
30.38 0.123792717302
30.45 0.105431040006
30.52 0.113318728413
30.59 0.104423058432
30.66 0.157967554046
30.73 0.218302006308
30.8 0.165442529912
30.87 0.163429262978
30.94 0.171832608984
31.01 0.205524993953
31.08 0.174863775141
31.15 0.230632401369
31.22 0.27921701327
31.29 0.230263248364
31.36 0.229671470285
31.43 0.237254524457
31.5 0.19029985508
31.57 0.217139424125
31.64 0.228241734328
31.71 0.201336843176
31.78 0.205428958331
31.85 0.22506972133
31.92 0.173314983167
31.99 0.159249122232
32.06 0.243927138626
32.13 0.213158917537
32.2 0.195877062744
32.27 0.219415215203
32.34 0.173710937411
32.41 0.161432018564
32.48 0.231122913537
32.55 0.18648171592
32.62 0.170282604634
32.69 0.210120506606
32.76 0.19422797648
32.83 0.191046516287
32.9 0.225932238718
32.97 0.1655410603
33.04 0.144703226903
33.11 0.187215502853
33.18 0.207393812541
33.25 0.2004711714
33.32 0.214745022918
33.39 0.263611611019
33.46 0.223913436866
33.53 0.227830037627
33.6 0.221708128169
33.67 0.200209661868
33.74 0.222780373018
33.81 0.204658483218
33.88 0.200373605261
33.95 0.188288422064
34.02 0.180745954836
34.09 0.154138066216
34.16 0.180680393201
34.23 0.158490446592
34.3 0.167218468494
34.37 0.176845315177
34.44 0.179769975308
34.51 0.191083618419
34.58 0.201764691373
34.65 0.193623437134
34.72 0.16891709633
34.79 0.148429837235
34.86 0.255174501521
34.93 0.226601799227
35.0 0.200742323433
35.07 0.237158541654
35.14 0.231190657939
35.21 0.243580633828
35.28 0.219559758131
35.35 0.199113241979
35.42 0.195152573147
35.49 0.227000138915
35.56 0.174819881496
35.63 0.15633031516
35.7 0.220218221779
35.77 0.203513320182
35.84 0.19465027379
35.91 0.227142120745
35.98 0.219931122156
36.05 0.176441681326
36.12 0.195401382831
36.19 0.148914604438
36.26 0.139981011791
36.33 0.217917970686
36.4 0.187061329708
36.47 0.180707619446
36.54 0.174565013619
36.61 0.189322622642
36.68 0.149101802841
36.75 0.258998271409
36.82 0.246522062084
36.89 0.203033456528
36.96 0.221381959835
37.03 0.204524255924
37.1 0.22307255553
37.17 0.234055100961
37.24 0.203710361306
37.31 0.210761466352
37.38 0.223070520164
37.45 0.217232737736
37.52 0.209259916489
37.59 0.194344898864
37.66 0.189408178032
37.73 0.193739367016
37.8 0.214806451175
37.87 0.211389526029
37.94 0.220487598855
38.01 0.211225103581
38.08 0.2034714705
38.15 0.204738792352
38.22 0.202965392757
38.29 0.228045195597
38.36 0.217790733898
38.43 0.252388340864
38.5 0.236587629455
38.57 0.228203737962
38.64 0.236473820923
38.71 0.238374947416
38.78 0.209782275933
38.85 0.223748691364
38.92 0.231935136379
38.99 0.199075912604
39.06 0.190549173298
39.13 0.220083874107
39.2 0.232461612004
39.27 0.238684144949
39.34 0.232776679793
39.41 0.209044278237
39.48 0.235705523664
39.55 0.188577993116
39.62 0.195663941369
39.69 0.17642282993
39.76 0.225828222545
39.83 0.178876960594
39.9 0.165231984373
39.97 0.199303150109
40.04 0.215172939902
40.11 0.14345886403
40.18 0.231898999726
40.25 0.213775380418
40.32 0.197443128921
40.39 0.189612171583
40.46 0.157695128221
40.53 0.165066510463
40.6 0.233171233725
40.67 0.219654481882
40.74 0.201122412385
40.81 0.203899337123
40.88 0.154246201027
40.95 0.173646676593
41.02 0.182704216523
41.09 0.173374134074
41.16 0.14458121549
41.23 0.184190377692
41.3 0.207754383107
41.37 0.19985001993
41.44 0.214995941668
41.51 0.19304996261
41.58 0.15014724031
41.65 0.178382754796
41.72 0.218327102605
41.79 0.170034067643
41.86 0.235339572952
41.93 0.242770854163
42.0 0.231941891043
42.07 0.224847619531
42.14 0.182031138037
42.21 0.197516377533
42.28 0.239795230037
42.35 0.211767632434
42.42 0.201431446549
42.49 0.178328021014
42.56 0.151302949909
42.63 0.152003336939
42.7 0.184911844334
42.77 0.22675138205
42.84 0.244948862914
42.91 0.250674628963
42.98 0.226221852762
43.05 0.218046627441
43.12 0.204356410081
43.19 0.236013017484
43.26 0.189128141387
43.33 0.193572506306
43.4 0.207891462617
43.47 0.206697892998
43.54 0.195361277398
43.61 0.288889768083
43.68 0.23291674295
43.75 0.23984436257
43.82 0.21901035178
43.89 0.215094695615
43.96 0.222017593481
44.03 0.219846642795
44.1 0.209547141404
44.17 0.21324720108
44.24 0.233391359118
44.31 0.212859255639
44.38 0.199101109625
44.45 0.218104618791
44.52 0.18288419472
44.59 0.210021370644
44.66 0.218054809441
44.73 0.208788125513
44.8 0.209307616773
44.87 0.211900831605
44.94 0.240801237663
45.01 0.229948671912
45.08 0.234099994479
45.15 0.219726136103
45.22 0.185887129847
45.29 0.221204937034
45.36 0.215769389373
45.43 0.210095475411
45.5 0.205072986686
45.57 0.218069018924
45.64 0.202911566721
45.71 0.206369573834
45.78 0.188599654963
45.85 0.180609426852
45.92 0.187223971057
45.99 0.184384774191
46.06 0.189255714742
46.13 0.193124613991
46.2 0.185245232874
46.27 0.178999479314
46.34 0.164789237592
46.41 0.169552195647
46.48 0.168038541682
46.55 0.187025120583
46.62 0.214959404575
46.69 0.234788021912
46.76 0.24399683241
46.83 0.221418069464
46.9 0.193238614144
46.97 0.227049942124
47.04 0.258460997412
47.11 0.212895731315
47.18 0.211636195937
47.25 0.242081674543
47.32 0.20352665877
47.39 0.201769169915
47.46 0.250349811807
47.53 0.190974941908
47.6 0.194462566852
47.67 0.182823439596
47.74 0.154300116732
47.81 0.178836008832
47.88 0.230259716875
47.95 0.153145232581
48.02 0.130448634591
48.09 0.167923117878
48.16 0.155422410459
48.23 0.157999257606
48.3 0.24111894762
48.37 0.21891844585
48.44 0.225818715162
48.51 0.231561939665
48.58 0.222661668307
48.65 0.241188930065
48.72 0.270010824057
48.79 0.22978608461
48.86 0.229293697989
48.93 0.212815547473
49.0 0.218100398201
49.07 0.183288978301
49.14 0.203386125157
49.21 0.196413862601
49.28 0.206591793554
49.35 0.221970793573
49.42 0.191674593161
49.49 0.182128702948
49.56 0.212484824439
49.63 0.191433920028
49.7 0.176901771097
49.77 0.192101785422
49.84 0.199245370034
49.91 0.182091528344
49.98 0.220319320636
50.05 0.222038408999
50.12 0.209520157142
50.19 0.239250272748
50.26 0.256408989736
50.33 0.203125792378
50.4 0.230507907473
50.47 0.258696416917
50.54 0.227587727112
50.61 0.195665975507
50.68 0.273940747438
50.75 0.225254255455
50.82 0.227055754648
50.89 0.265221762463
50.96 0.248167489112
51.03 0.218819527305
51.1 0.230873385273
51.17 0.212839089915
51.24 0.171987368049
51.31 0.19863215121
51.38 0.187366177675
51.45 0.174696845643
51.52 0.217005962088
51.59 0.201337916748
51.66 0.156805863641
51.73 0.223599329642
51.8 0.188658426312
51.87 0.190575891009
51.94 0.173046976923
52.01 0.171108803574
52.08 0.163982101322
52.15 0.224411333839
52.22 0.197995515235
52.29 0.185357524401
52.36 0.183262143897
52.43 0.200312708877
52.5 0.187075327917
52.57 0.223274199259
52.64 0.180748270264
52.71 0.188518235407
52.78 0.179612894673
52.85 0.217142047868
52.92 0.217943694667
52.99 0.226926063627
53.06 0.220083173951
53.13 0.214211879842
53.2 0.202606885809
53.27 0.217356868043
53.34 0.191930580058
53.41 0.212112306999
53.48 0.221926046228
53.55 0.178303403771
53.62 0.199757508427
53.69 0.226204471694
53.76 0.19591614251
53.83 0.213381470138
53.9 0.223672007074
53.97 0.210129311376
54.04 0.193911481355
54.11 0.231995061143
54.18 0.22371475836
54.25 0.248317390077
54.32 0.237496707224
54.39 0.221125886953
54.46 0.185297437496
54.53 0.191508928857
54.6 0.194403473677
54.67 0.188576274662
54.74 0.195853060902
54.81 0.15143999134
54.88 0.170031254735
54.95 0.204555717499
55.02 0.199369512624
55.09 0.19113329388
55.16 0.256515455227
55.23 0.211473623375
55.3 0.202044100334
55.37 0.270345111745
55.44 0.241130946084
55.51 0.227371162688
55.58 0.256206468969
55.65 0.218981595017
55.72 0.219294602874
55.79 0.189172051001
55.86 0.183577931496
55.93 0.173444020708
56.0 0.224309026292
56.07 0.221822592636
56.14 0.235079410913
56.21 0.211065318131
56.28 0.161686827479
56.35 0.153174734948
56.42 0.222072161436
56.49 0.229774842806
56.56 0.210272617362
56.63 0.207785633408
56.7 0.22166671455
56.77 0.226898197415
56.84 0.214060140046
56.91 0.179321928222
56.98 0.251544041047
57.05 0.23664025417
57.12 0.26779064257
57.19 0.247606178879
57.26 0.245302161683
57.33 0.220196704877
57.4 0.16896701746
57.47 0.175214385065
57.54 0.147860035459
57.61 0.163051344509
57.68 0.147119156067
57.75 0.15697676069
57.82 0.145380750766
57.89 0.128431190059
57.96 0.142386310866
58.03 0.205639467019
58.1 0.211597641902
58.17 0.23906692766
58.24 0.23449908837
58.31 0.202356909199
58.38 0.184259792641
58.45 0.204958649966
58.52 0.19593731302
58.59 0.210949038171
58.66 0.216450979055
58.73 0.209922114304
58.8 0.19712160127
58.87 0.179567286259
58.94 0.187191487499
59.01 0.203202224857
59.08 0.204636369341
59.15 0.200373771088
59.22 0.212309682233
59.29 0.231550154932
59.36 0.187557906211
59.43 0.22067501099
59.5 0.218700574468
59.57 0.21619332161
59.64 0.267141427124
59.71 0.233450849048
59.78 0.26332177096
59.85 0.204527361177
59.92 0.195082396624
59.99 0.24658951414
60.06 0.210742641979
60.13 0.238017037444
60.2 0.26706105903
60.27 0.251543093993
60.34 0.238110957857
60.41 0.247142687823
60.48 0.268310939625
60.55 0.239038492724
60.62 0.229395008121
60.69 0.220396318153
60.76 0.224211223083
60.83 0.178253427365
60.9 0.178636312029
60.97 0.196418452923
61.04 0.193384450518
61.11 0.199274125568
61.18 0.17506038266
61.25 0.185491701334
61.32 0.204927957333
61.39 0.191982903829
61.46 0.186624734473
61.53 0.211428492786
61.6 0.207641848368
61.67 0.186365972747
61.74 0.185457006757
61.81 0.183009684804
61.88 0.207233995155
61.95 0.206411606538
62.02 0.20402947526
62.09 0.186544449907
62.16 0.178559356275
62.23 0.204891426382
62.3 0.204020956694
62.37 0.191756273126
62.44 0.24704519907
62.51 0.254579987919
62.58 0.227821666462
62.65 0.242529720401
62.72 0.238396504854
62.79 0.252336499833
62.86 0.228273762171
62.93 0.187237872227
63.0 0.252754366506
63.07 0.267051470577
63.14 0.21552784903
63.21 0.255156100927
63.28 0.25026461018
63.35 0.265317622431
63.42 0.275085400711
63.49 0.254625178697
63.56 0.287401117061
63.63 0.300217378693
63.7 0.247788352126
63.77 0.187881536786
63.84 0.208744675299
63.91 0.265970925807
63.98 0.246047259208
64.05 0.250077479336
64.12 0.275935828738
64.19 0.239777153726
64.26 0.242922913328
64.33 0.232332649392
64.4 0.221426822644
64.47 0.194480166566
64.54 0.207042414021
64.61 0.181427776674
64.68 0.183892781868
64.75 0.18942430619
64.82 0.208906541563
64.89 0.21795429282
64.96 0.193668996415
65.03 0.193064173322
65.1 0.208263155838
65.17 0.198226808732
65.24 0.212901522957
65.31 0.216687624447
65.38 0.235033625617
65.45 0.207605377605
65.52 0.233250826734
65.59 0.226255032791
65.66 0.227825107054
65.73 0.231079686882
65.8 0.212028358283
65.87 0.221963852201
65.94 0.188798714256
66.01 0.163145386529
66.08 0.177403697038
66.15 0.197954924606
66.22 0.199519242849
66.29 0.226492218655
66.36 0.210908975731
66.43 0.240522414621
66.5 0.253779456456
66.57 0.232004428495
66.64 0.20506587703
66.71 0.20660439882
66.78 0.188748046293
66.85 0.199284910428
66.92 0.206050279313
66.99 0.213293152202
67.06 0.240608079334
67.13 0.228340139426
67.2 0.213217645894
67.27 0.213945558886
67.34 0.225269678542
67.41 0.202317411796
67.48 0.221991166887
67.55 0.225786624674
67.62 0.180335337849
67.69 0.22279528143
67.76 0.22865708781
67.83 0.217501180042
67.9 0.207602439406
67.97 0.20750073252
68.04 0.184607452083
68.11 0.174201929862
68.18 0.183013754307
68.25 0.176870931064
68.32 0.166384904403
68.39 0.17414877573
68.46 0.189437541597
68.53 0.192890822041
68.6 0.195545893822
68.67 0.197283073236
68.74 0.214750202845
68.81 0.215361016571
68.88 0.213151999503
68.95 0.235065404106
69.02 0.281572498081
69.09 0.222967256965
69.16 0.234153323035
69.23 0.208129613959
69.3 0.216233375452
69.37 0.201523945768
69.44 0.189888399134
69.51 0.215398919583
69.58 0.227760821669
69.65 0.241730626101
69.72 0.24201336756
69.79 0.254164227856
69.86 0.239983764879
69.93 0.236049257318
70.0 0.173387357198
70.07 0.139933769679
70.14 0.214243797133
70.21 0.248081620494
70.28 0.301044562765
70.35 0.306872840266
70.42 0.286150709507
70.49 0.268610852105
70.56 0.248051033499
70.63 0.20357772963
70.7 0.190091215932
70.77 0.235131258086
70.84 0.221240506192
70.91 0.236396580193
70.98 0.24381362244
71.05 0.277451951674
71.12 0.250530845152
71.19 0.242464476908
71.26 0.234844289895
71.33 0.244229221591
71.4 0.264359717987
71.47 0.237512147509
71.54 0.293767637723
71.61 0.24762599084
71.68 0.225138700217
71.75 0.273536164077
71.82 0.283518093085
71.89 0.199705321002
71.96 0.154304648093
72.03 0.137659746188
72.1 0.143185314269
72.17 0.172077328281
72.24 0.244454670627
72.31 0.266233226393
72.38 0.208844082725
72.45 0.215322087892
72.52 0.175620954658
72.59 0.137352181125
72.66 0.135142982262
72.73 0.279117879764
72.8 0.234227350417
72.87 0.227320053749
72.94 0.243793207362
73.01 0.205426978241
73.08 0.181534392023
73.15 0.226091274877
73.22 0.212194742396
73.29 0.154757774382
73.36 0.200580835499
73.43 0.189176363717
73.5 0.201280015067
73.57 0.179002789701
73.64 0.204128826183
73.71 0.192299131175
73.78 0.22024117953
73.85 0.164175911901
73.92 0.193859300072
73.99 0.264418677272
74.06 0.250644272897
74.13 0.214894932481
74.2 0.214791265158
74.27 0.240461446993
74.34 0.294929211436
74.41 0.236379728542
74.48 0.224099916688
74.55 0.25937507577
74.62 0.209269203999
74.69 0.228325223644
74.76 0.265930117761
74.83 0.257125078688
74.9 0.247681496022
74.97 0.21368123276
75.04 0.20845108879
75.11 0.241393394072
75.18 0.193549894949
75.25 0.199118452614
75.32 0.187021364307
75.39 0.146442963729
75.46 0.176868019888
75.53 0.196854592442
75.6 0.176617898333
75.67 0.23617322057
75.74 0.183158600636
75.81 0.173353564225
75.88 0.158006099482
75.95 0.220540218657
76.02 0.204976430246
76.09 0.251428200834
76.16 0.245723256444
76.23 0.206495429964
76.3 0.219699565793
76.37 0.20479600616
76.44 0.204436114869
76.51 0.240707367611
76.58 0.210889567895
76.65 0.156396026652
76.72 0.179372672343
76.79 0.226636943378
76.86 0.21320023166
76.93 0.220497629513
77.0 0.215385829121
77.07 0.240287427493
77.14 0.209714100382
77.21 0.234019198922
77.28 0.193493150367
77.35 0.175633424807
77.42 0.246953257518
77.49 0.200713684592
77.56 0.218103698762
77.63 0.208402004163
77.7 0.199664352044
77.77 0.162842971912
77.84 0.234279252866
77.91 0.199357989529
77.98 0.193540476006
78.05 0.208745218227
78.12 0.223507552689
78.19 0.200938552621
78.26 0.241357144411
78.33 0.228387355742
78.4 0.235132552761
78.47 0.216580140659
78.54 0.191681845304
78.61 0.160272187871
78.68 0.180892795995
78.75 0.22441210401
78.82 0.244146174478
78.89 0.243756732914
78.96 0.209194508398
79.03 0.188301097346
79.1 0.229747690261
79.17 0.246481330196
79.24 0.192002128642
79.31 0.191204962841
79.38 0.247729938225
79.45 0.201395897044
79.52 0.253767347441
79.59 0.260169845071
79.66 0.189358674539
79.73 0.212786171625
79.8 0.228434042643
79.87 0.209687155428
79.94 0.239385820513
80.01 0.25410668608
80.08 0.215685382925
80.15 0.183946889195
80.22 0.227295333326
80.29 0.191379189931
80.36 0.218070217788
80.43 0.207967709616
80.5 0.235849839349
80.57 0.241078826219
80.64 0.231106531113
80.71 0.203816805915
80.78 0.214128073613
80.85 0.23023585752
80.92 0.193332578778
80.99 0.203880580309
81.06 0.234045026083
81.13 0.216858250033
81.2 0.228077670557
81.27 0.238577206546
81.34 0.219362169166
81.41 0.187493596259
81.48 0.188466465619
81.55 0.216959594558
81.62 0.235206954788
81.69 0.237663194518
81.76 0.243708917166
81.83 0.212291630489
81.9 0.19789995621
81.97 0.228116478858
82.04 0.205523808601
82.11 0.220499856501
82.18 0.217019061149
82.25 0.198209083728
82.32 0.206422063431
82.39 0.18038464235
82.46 0.206447895506
82.53 0.233025227839
82.6 0.236542194237
82.67 0.234119536204
82.74 0.307648109606
82.81 0.288511198592
82.88 0.21599963755
82.95 0.253851687999
83.02 0.246454546154
83.09 0.23565857267
83.16 0.238593386293
83.23 0.197620296667
83.3 0.213681375248
83.37 0.189372780842
83.44 0.226035969915
83.51 0.22146866864
83.58 0.217033360302
83.65 0.14735850873
83.72 0.143463910067
83.79 0.193812916572
83.86 0.222386011936
83.93 0.22501205549
84.0 0.220277424277
84.07 0.222544211594
84.14 0.22451099676
84.21 0.212204748486
84.28 0.184578891856
84.35 0.153038744979
84.42 0.16758710191
84.49 0.279396073893
84.56 0.265869016243
84.63 0.2694898465
84.7 0.172352468747
84.77 0.130230894642
84.84 0.122215003968
84.91 0.180323815982
84.98 0.165236701214
85.05 0.186809540062
85.12 0.218326025348
85.19 0.177526395096
85.26 0.171027552301
85.33 0.181197284057
85.4 0.147061949629
85.47 0.125248330783
85.54 0.251430196893
85.61 0.183039596209
85.68 0.176078624592
85.75 0.204003301705
85.82 0.189778169997
85.89 0.176412407431
85.96 0.238026732763
86.03 0.25547015656
86.1 0.215129865562
86.17 0.226713732077
86.24 0.22917210667
86.31 0.197053100208
86.38 0.221534224133
86.45 0.246150545745
86.52 0.218594221985
86.59 0.196563102717
86.66 0.169857005535
86.73 0.198376622484
86.8 0.214122948962
86.87 0.189203911789
86.94 0.212988231763
87.01 0.222785965669
87.08 0.158938686528
87.15 0.141570148725
87.22 0.199709380679
87.29 0.230350941073
87.36 0.216348946658
87.43 0.238475715848
87.5 0.20992002489
87.57 0.227387488609
87.64 0.221535409485
87.71 0.207119648609
87.78 0.234941622649
87.85 0.22937814787
87.92 0.251801476162
87.99 0.269577848752
88.06 0.276677088916
88.13 0.235066319222
88.2 0.165428612774
88.27 0.160928200973
88.34 0.200097515285
88.41 0.193721564626
88.48 0.184005342402
88.55 0.204507169658
88.62 0.168448647678
88.69 0.122794708653
88.76 0.152221020384
88.83 0.152453130731
88.9 0.196919725384
88.97 0.225531818215
89.04 0.178195397936
89.11 0.158385768341
89.18 0.216134867174
89.25 0.182576084272
89.32 0.207802501028
89.39 0.247261375337
89.46 0.20803683959
89.53 0.193389898224
89.6 0.23982056709
89.67 0.215168356951
89.74 0.197205762491
89.81 0.246230689051
89.88 0.206031085209
89.95 0.221607970224
90.02 0.229849307478
90.09 0.195928629856
90.16 0.146095687531
90.23 0.204508289908
90.3 0.181008492492
90.37 0.176419363543
90.44 0.223986508596
90.51 0.223604575899
90.58 0.161973522978
90.65 0.146198711203
90.72 0.109101347961
90.79 0.118567428976
90.86 0.170137252227
90.93 0.227974063422
91.0 0.23504102639
91.07 0.186101769456
91.14 0.210312448874
91.21 0.210757562674
91.28 0.171462274311
91.35 0.240354260464
91.42 0.209595457088
91.49 0.20898496396
91.56 0.210728864873
91.63 0.204715210603
91.7 0.205459302114
91.77 0.184472077515
91.84 0.195013377201
91.91 0.207231330877
91.98 0.202891896019
92.05 0.227052046277
92.12 0.242781309827
92.19 0.237529206751
92.26 0.229849031101
92.33 0.225146543194
92.4 0.255239573046
92.47 0.283990904815
92.54 0.265390604493
92.61 0.23359712517
92.68 0.231555928149
92.75 0.216267124205
92.82 0.257454214701
92.89 0.262151014147
92.96 0.272479325118
93.03 0.276416484673
93.1 0.262798146321
93.17 0.226801223338
93.24 0.239814616991
93.31 0.257865691529
93.38 0.247584377
93.45 0.235162744229
93.52 0.286360487331
93.59 0.276799651856
93.66 0.285778373863
93.73 0.268097560297
93.8 0.285285590486
93.87 0.252085658468
93.94 0.223418449841
94.01 0.216417779372
94.08 0.281271561161
94.15 0.279442438967
94.22 0.231503056537
94.29 0.216658747307
94.36 0.300296988899
94.43 0.227267204247
94.5 0.227201917761
94.57 0.2199281815
94.64 0.195612201061
94.71 0.172712660983
94.78 0.131394256824
94.85 0.115565977689
94.92 0.0994597574637
94.99 0.0828090258381
95.06 0.0712761687658
95.13 0.0539604939769
95.2 0.0420126961468
95.27 0.0492470676667
95.34 0.0354813268018
95.41 0.0380764467946
95.48 0.0271988498494
95.55 0.0251733682626
95.62 0.0267871912268
95.69 0.0206381230819
95.76 0.0297325035065
95.83 0.0212205166123
95.9 0.0385638733624
95.97 0.0327126000327
96.04 0.0366886305349
96.11 0.053820778441
96.18 0.0422186636468
96.25 0.0441315650458
96.32 0.0947388726485
96.39 0.103905710631
96.46 0.10558737258
96.53 0.105052547901
96.6 0.161298947141
96.67 0.121316469075
96.74 0.107404051649
96.81 0.197203464259
96.88 0.158993114452
96.95 0.130748491796
97.02 0.14872357483
97.09 0.139317374358
97.16 0.108740697553
97.23 0.183994649667
97.3 0.160411794084
97.37 0.11092750616
97.44 0.203732928442
97.51 0.152634079319
97.58 0.127869124394
97.65 0.195883743708
97.72 0.171159396608
97.79 0.12377370008
97.86 0.198807051432
97.93 0.157399207858
98.0 0.115870266759
98.07 0.108418985651
98.14 0.118165796098
98.21 0.120200218801
98.28 0.129214141463
98.35 0.1440753871
98.42 0.151013004212
98.49 0.176204886076
98.56 0.183485568623
98.63 0.581838551135
98.7 0.786301178581
98.77 0.645483051556
98.84 0.511148872427
98.91 0.326783083522
98.98 0.293211250692
99.05 0.275858644512
99.12 0.335959565233
99.19 0.279412574239
99.26 0.275783221731
99.33 0.296411618785
99.4 0.313285065153
99.47 0.300379090186
99.54 0.310678558411
99.61 0.329060765021
99.68 0.304910620854
99.75 0.283886972169
99.82 0.275412629106
99.89 0.257160517642
99.96 0.254696500036
100.03 0.245220358883
100.1 0.268816930156
100.17 0.225292857394
100.24 0.206599301192
100.31 0.214245242894
100.38 0.186176208333
100.45 0.155628219503
100.52 0.173560204858
100.59 0.225763518294
100.66 0.20533508091
100.73 0.191589077077
100.8 0.247137388746
100.87 0.219953915308
100.94 0.203285278111
101.01 0.254929940679
101.08 0.221686463865
101.15 0.208061786029
101.22 0.200321131632
101.29 0.226865958297
101.36 0.203775545839
101.43 0.183936342633
101.5 0.201521917772
101.57 0.186031974948
101.64 0.183385567906
101.71 0.184022219849
101.78 0.203564297688
101.85 0.198949034491
101.92 0.198232048848
101.99 0.247744663614
102.06 0.203293038789
102.13 0.186702669218
102.2 0.189844197174
102.27 0.196595964605
102.34 0.164548822411
102.41 0.158528660375
102.48 0.25386983064
102.55 0.251452797195
102.62 0.243151461476
102.69 0.270039681544
102.76 0.237957262538
102.83 0.224324577127
102.9 0.271035221221
102.97 0.282097591818
103.04 0.258496831893
103.11 0.276000318028
103.18 0.296394210693
103.25 0.277740492145
103.32 0.29993000392
103.39 0.303311276381
103.46 0.324892189134
103.53 0.330160578824
103.6 0.308833083273
103.67 0.320020903418
103.74 0.320739533814
103.81 0.31928207659
103.88 0.341903273909
103.95 0.341524175002
104.02 0.334989898166
104.09 0.329745281847
104.16 0.335680680775
104.23 0.303967391436
104.3 0.307188688054
104.37 0.2789150384
104.44 0.195726621308
104.51 0.196301671798
104.58 0.210591139254
104.65 0.245312894953
104.72 0.214974616387
104.79 0.207536199726
104.86 0.287070833775
104.93 0.221039979028
105.0 0.243678530391
105.07 0.245647417255
105.14 0.256533607695
105.21 0.253615768558
105.28 0.254472300226
105.35 0.279466179173
105.42 0.290417797358
105.49 0.29671456159
105.56 0.294226480725
105.63 0.288475526253
105.7 0.293158965
105.77 0.280786356668
105.84 0.335267017495
105.91 0.293289135075
105.98 0.275224989728
106.05 0.289513253407
106.12 0.292058108333
106.19 0.287068950723
106.26 0.345249552076
106.33 0.672365074628
106.4 0.787198750452
106.47 0.697213077894
106.54 0.362938955452
106.61 0.272312281384
106.68 0.281376400325
106.75 0.288161685579
106.82 0.29238289478
106.89 0.262020787568
106.96 0.234501289563
107.03 0.30544391256
107.1 0.272299216717
107.17 0.268041601856
107.24 0.319743268185
107.31 0.330319079426
107.38 0.311321818845
107.45 0.285746720665
107.52 0.357845895905
107.59 0.301844362136
107.66 0.280594544605
107.73 0.309270317247
107.8 0.25418647808
107.87 0.237875101062
107.94 0.225686270194
108.01 0.288115897827
108.08 0.244987742459
108.15 0.202154303676
108.22 0.235187669786
108.29 0.181720335059
108.36 0.162251261392
108.43 0.191547442356
108.5 0.230419669379
108.57 0.234101199484
108.64 0.160154363883
108.71 0.267067280593
108.78 0.176989462578
108.85 0.18355031218
108.92 0.184010657447
108.99 0.221831548493
109.06 0.203518740864
109.13 0.176373416106
109.2 0.266227956797
109.27 0.274453450869
109.34 0.156203627441
109.41 0.209333154046
109.48 0.181185452647
109.55 0.141478987172
109.62 0.170428515937
109.69 0.169555499892
109.76 0.144703389044
109.83 0.129891899939
109.9 0.208987361687
109.97 0.190278910586
110.04 0.184968297798
110.11 0.247794775137
110.18 0.349183602692
110.25 0.367444743714
110.32 0.367427034678
110.39 0.375348640121
110.46 0.346027469726
110.53 0.326323055167
110.6 0.369379141134
110.67 0.345095286805
110.74 0.336483698406
110.81 0.306038752901
110.88 0.363275330097
110.95 0.340018942564
111.02 0.327963022206
111.09 0.346504379212
111.16 0.347314269428
111.23 0.301981708196
111.3 0.267107582561
111.37 0.27837942758
111.44 0.251183342733
111.51 0.213757937932
111.58 0.270773108572
111.65 0.210346604208
111.72 0.18037253702
111.79 0.191053496966
111.86 0.182081826882
111.93 0.155214371971
112.0 0.195791611763
112.07 0.22348033627
112.14 0.205094352502
112.21 0.172564891195
112.28 0.191038336744
112.35 0.197001353759
112.42 0.183885254576
112.49 0.162439874847
112.56 0.270603314576
112.63 0.182626529904
112.7 0.169560283064
112.77 0.185995097603
112.84 0.207923675939
112.91 0.218463937674
112.98 0.19374781311
113.05 0.206496223474
113.12 0.193965422855
113.19 0.175577812759
113.26 0.198300850854
113.33 0.170950108894
113.4 0.162523327313
113.47 0.181413626151
113.54 0.175396547258
113.61 0.150513127149
113.68 0.123564282161
113.75 0.180161595955
113.82 0.125611102541
113.89 0.131488214087
113.96 0.125954503314
114.03 0.0990618304991
114.1 0.100670414576
114.17 0.0747656178008
114.24 0.11429112486
114.31 0.0702535576138
114.38 0.0935010752746
114.45 0.0827636987147
114.52 0.107097035655
114.59 0.0853806770897
114.66 0.126088572152
114.73 0.110735449657
114.8 0.110909044149
114.87 0.106222952179
114.94 0.115402146075
115.01 0.117749095123
115.08 0.126084044476
115.15 0.266448830251
115.22 0.196664952091
115.29 0.41593761674
115.36 0.285342413682
115.43 0.461954029035
115.5 0.308585119919
115.57 0.17571268862
115.64 0.320259121091
115.71 0.167563168854
115.78 0.0750507975228
115.85 0.515999428609
115.92 0.838292289444
115.99 0.928616680327
116.06 0.862013047527
116.13 0.628064183585
116.2 0.540034468341
116.27 0.513225972715
116.34 0.481546283499
116.41 0.810057368248
116.48 0.902252936141
116.55 0.74004497879
116.62 0.670139015515
116.69 0.638685448468
116.76 0.518221466124
116.83 0.496812167773
116.9 0.79499800423
116.97 0.857796067515
117.04 0.778758333023
117.11 0.765112422032
117.18 0.539345840248
117.25 0.528640920223
117.32 0.671519213585
117.39 0.840684792859
117.46 0.805020993094
117.53 0.647463529074
117.6 0.703695264343
117.67 0.552685779337
117.74 0.490265123529
117.81 0.629598743965
117.88 0.840194581635
117.95 0.857129973393
118.02 0.748509830438
118.09 0.734818155033
118.16 0.503210782607
118.23 0.416442315053
118.3 0.719256027343
118.37 0.928562156592
118.44 0.803781349519
118.51 0.678240976256
118.58 0.65144548388
118.65 0.52527852741
118.72 0.427839490471
118.79 0.662311192912
118.86 0.764516132246
118.93 0.71738946031
119.0 0.587072270814
119.07 0.614212353
119.14 0.387196576037
119.21 0.396782631872
119.28 0.828909456988
119.35 0.941504496684
119.42 0.893071891131
119.49 0.595882951671
119.56 0.420795432435
119.63 0.358030477935
119.7 0.451651664375
119.77 0.83141302113
119.84 0.907668610422
119.91 0.909693703853
119.98 0.800216283625
120.05 0.384528564881
120.12 0.417794352108
120.19 0.534351032256
120.26 0.903492896628
120.33 0.982838504498
120.4 0.871288877705
120.47 0.740520200531
120.54 0.402462634736
120.61 0.390616839823
120.68 0.719140176075
120.75 0.922389225407
120.82 0.895999079194
120.89 0.738428611925
120.96 0.772756346793
121.03 0.456410330596
121.1 0.339797795188
121.17 0.693868583282
121.24 0.889456964295
121.31 0.882558489594
121.38 0.7642776124
121.45 0.753069036926
121.52 0.553127860356
121.59 0.389670957181
121.66 0.670279582293
121.73 0.910489262979
121.8 0.850793398531
121.87 0.743427889861
121.94 0.61046338435
122.01 0.458134032619
122.08 0.418968974519
122.15 0.817039767099
122.22 0.946729803436
122.29 0.730819729363
122.36 0.648503861546
122.43 0.566374146811
122.5 0.463490390168
122.57 0.414868477144
122.64 0.728722817113
122.71 0.930798259874
122.78 0.867651760834
122.85 0.671527245727
122.92 0.491919187044
122.99 0.417083801759
123.06 0.398290383643
123.13 0.662454435023
123.2 0.790365130265
123.27 0.729839941969
123.34 0.543176724705
123.41 0.390220475312
123.48 0.358941173433
123.55 0.578305884043
123.62 0.849026943993
123.69 0.864056826526
123.76 0.756239067377
123.83 0.719207282967
123.9 0.680937459199
123.97 0.527831076683
124.04 0.701646715684
124.11 0.795606702748
124.18 0.770513846295
124.25 0.621884507563
124.32 0.727427640104
124.39 0.425264872769
124.46 0.404967892764
124.53 0.591198413556
124.6 0.864975003868
124.67 0.912466484157
124.74 0.779133280127
124.81 0.696618844355
124.88 0.536341711171
124.95 0.461852878589
125.02 0.816699389281
125.09 0.948485012484
125.16 0.902203102223
125.23 0.879481832943
125.3 0.634101532611
125.37 0.379279888884
125.44 0.297207257754
125.51 0.834538151922
125.58 0.832620313808
125.65 0.778076018618
125.72 0.599258895576
125.79 0.613634736499
125.86 0.51267913606
125.93 0.414255124431
126.0 0.887456785367
126.07 0.943263339174
126.14 0.857008012342
126.21 0.686770670958
126.28 0.701408556972
126.35 0.494605387519
126.42 0.364845454722
126.49 0.784408149332
126.56 0.867111558465
126.63 0.800206875738
126.7 0.776712312296
126.77 0.717009237468
126.84 0.594887344435
126.91 0.584380804428
126.98 0.937278134581
127.05 0.88599735665
127.12 0.694809976326
127.19 0.704198715887
127.26 0.566512527137
127.33 0.413887336115
127.4 0.589288316467
127.47 0.88047442828
127.54 0.862086546721
127.61 0.689168924251
127.68 0.612448898078
127.75 0.519273475233
127.82 0.475529837203
127.89 0.691561998847
127.96 0.854820115421
128.03 0.832556591004
128.1 0.721082250645
128.17 0.714713283122
128.24 0.560928109093
128.31 0.595982099917
128.38 0.643749654213
128.45 0.852675624494
128.52 0.758304672822
128.59 0.690324046702
128.66 0.655270919403
128.73 0.442777516209
128.8 0.272920874264
128.87 0.849922201663
128.94 0.946875356062
129.01 0.909117926183
129.08 0.646536569073
129.15 0.671816980148
129.22 0.411369306994
129.29 0.478717396124
129.36 0.818056351995
129.43 0.944091066174
129.5 0.825477934202
129.57 0.626303352406
129.64 0.570000005908
129.71 0.499010524043
129.78 0.545801871568
129.85 0.837826982895
129.92 0.860119401649
129.99 0.730057993918
130.06 0.732253489374
130.13 0.522290699686
130.2 0.444879099851
130.27 0.552306730792
130.34 0.786740505653
130.41 0.860881471204
130.48 0.846938998655
130.55 0.835274410283
130.62 0.515439532199
130.69 0.671288870826
130.76 0.657246844678
130.83 0.86878518213
130.9 0.809860432762
130.97 0.697088726485
131.04 0.548851079643
131.11 0.418014405029
131.18 0.313521867773
131.25 0.445367717913
131.32 0.760611994263
131.39 0.78969870449
131.46 0.582020395186
131.53 0.346437757516
131.6 0.321380453025
131.67 0.551472297033
131.74 0.556135877143
131.81 0.784843124381
131.88 0.782226047739
131.95 0.54120340352
132.02 0.238183736013
132.09 0.455462419958
132.16 0.354095630123
132.23 0.464843827534
132.3 0.780864495931
132.37 0.737240284879
132.44 0.433669105639
132.51 0.214545354366
132.58 0.466253697483
132.65 0.492201653354
132.72 0.52520202123
132.79 0.766229307361
132.86 0.809208546896
132.93 0.37990363216
133.0 0.164618736069
133.07 0.469480145776
133.14 0.367414520309
133.21 0.651806968334
133.28 0.780128596246
133.35 0.70371301023
133.42 0.317513282056
133.49 0.189482737287
133.56 0.289353835232
133.63 0.530038705723
133.7 0.730333731359
133.77 0.767576175544
133.84 0.782381105292
133.91 0.37390414561
133.98 0.294972610059
134.05 0.447875732345
134.12 0.426693833641
134.19 0.713744835801
134.26 0.767697196912
134.33 0.633908612582
134.4 0.439973739872
134.47 0.311305538373
134.54 0.356317021529
134.61 0.630056325458
134.68 0.740967543776
134.75 0.831576591107
134.82 0.606503510257
134.89 0.298192062933
134.96 0.433352044248
135.03 0.556137520667
135.1 0.453412886167
135.17 0.788355193372
135.24 0.742718991635
135.31 0.473026873722
135.38 0.286650860491
135.45 0.2440310725
135.52 0.213109603209
135.59 0.500174072933
135.66 0.81546403754
135.73 0.793699585621
135.8 0.490770008551
135.87 0.440959640734
135.94 0.35449173054
136.01 0.322612084112
136.08 0.501569910279
136.15 0.804935952379
136.22 0.830582212215
136.29 0.463792982895
136.36 0.26056715295
136.43 0.460237086589
136.5 0.448788681854
136.57 0.648576916079
136.64 0.767106184091
136.71 0.702579199549
136.78 0.415688445923
136.85 0.16524541263
136.92 0.231453738524
136.99 0.288264817345
137.06 0.274625818246
137.13 0.218785543939
137.2 0.184747086548
137.27 0.0754029625302
137.34 0.0428966751622
137.41 0.263492034183
137.48 0.469898979156
137.55 0.760223537831
137.62 0.669028102395
137.69 0.341956595095
137.76 0.0366215297851
137.83 0.0364242773861
137.9 0.0397987399074
137.97 0.423454458255
138.04 0.478256995582
138.11 0.54935596835
138.18 0.547934118362
138.25 0.467281527869
138.32 0.0899523365294
138.39 0.0624898177189
138.46 0.31040895532
138.53 0.38214614617
138.6 0.286531537923
138.67 0.288175478655
138.74 0.218114299371
138.81 0.33716808257
138.88 0.16900712535
138.95 0.430832894877
139.02 0.794397431207
139.09 0.72686777686
139.16 0.460537516202
139.23 0.22406817505
139.3 0.236229479955
139.37 0.261646050511
139.44 0.697708439564
139.51 0.834314906535
139.58 0.769681640752
139.65 0.479501965256
139.72 0.217274850283
139.79 0.466180405879
139.86 0.502132081582
139.93 0.577313186753
140.0 0.748278391996
140.07 0.788063013317
140.14 0.348277956917
140.21 0.0965797132445
140.28 0.541661095563
140.35 0.643896486775
140.42 0.701859931642
140.49 0.735234736859
140.56 0.750684313842
140.63 0.414899758153
140.7 0.178708488296
140.77 0.362979025263
140.84 0.507295984643
140.91 0.712422802278
140.98 0.744055448374
141.05 0.579934920048
141.12 0.258562491795
141.19 0.160059850179
141.26 0.231666049192
141.33 0.600295441062
141.4 0.753239340685
141.47 0.792718448277
141.54 0.601624526509
141.61 0.3960966656
141.68 0.290060684581
141.75 0.552659473121
141.82 0.521560961375
141.89 0.808341125958
141.96 0.800993631322
142.03 0.554379770175
142.1 0.232307798764
142.17 0.294960207469
142.24 0.479112716543
142.31 0.602935342794
142.38 0.805868656118
142.45 0.71546219097
142.52 0.537657311856
142.59 0.328650580412
142.66 0.29426854291
142.73 0.273891381519
142.8 0.673638922671
142.87 0.868864545438
142.94 0.734642930528
143.01 0.360141360141
143.08 0.154714192735
143.15 0.242234883438
143.22 0.39344295114
143.29 0.726312478143
143.36 0.853469575718
143.43 0.847066831191
143.5 0.552450029408
143.57 0.422653958729
143.64 0.238330018276
143.71 0.415879815783
143.78 0.79448538064
143.85 0.821000112876
143.92 0.745245130283
143.99 0.451256755452
144.06 0.14654098804
144.13 0.27556751592
144.2 0.604213308246
144.27 0.766975792915
144.34 0.837103563186
144.41 0.759047924146
144.48 0.42148808704
144.55 0.416306802911
144.62 0.556993011927
144.69 0.560533310721
144.76 0.776190581764
144.83 0.819641725283
144.9 0.651032418803
144.97 0.398304881788
145.04 0.261735102997
145.11 0.238093006838
145.18 0.508901900756
145.25 0.764583331263
145.32 0.730281701162
145.39 0.495055993246
145.46 0.25432781503
145.53 0.191147265065
145.6 0.212445711508
145.67 0.246475249893
145.74 0.202248063177
145.81 0.193533421627
145.88 0.367581630374
145.95 0.723508387349
146.02 0.758381909867
146.09 0.61912254897
146.16 0.367201148351
146.23 0.228746266815
146.3 0.185080180286
146.37 0.466288403115
146.44 0.748211269136
146.51 0.748273877832
146.58 0.60948086389
146.65 0.809055845307
146.72 0.837823482115
146.79 0.765081994722
146.86 0.523026736946
146.93 0.326592644747
147.0 0.340331116374
147.07 0.473339370587
147.14 0.81089405479
147.21 0.928713315381
147.28 0.764628180561
147.35 0.598611935369
147.42 0.60303032204
147.49 0.402134024453
147.56 0.484587840219
147.63 0.959382519657
147.7 0.96692643019
147.77 0.689057169511
147.84 0.646053020387
147.91 0.685642764926
147.98 0.566994368425
148.05 0.659525280381
148.12 0.912285025806
148.19 0.855742298393
148.26 0.589100510033
148.33 0.545997388317
148.4 0.392239307872
148.47 0.473417275851
148.54 0.715644000628
148.61 0.908552902666
148.68 0.737052776933
148.75 0.607406211692
148.82 0.656390509545
148.89 0.539454291971
148.96 0.575195657978
149.03 0.564026218773
149.1 0.830139673023
149.17 0.760075640296
149.24 0.562395918801
149.31 0.616892987848
149.38 0.502141689689
149.45 0.671480433535
149.52 0.726977171952
149.59 0.837876974041
149.66 0.716361098051
149.73 0.525872262241
149.8 0.505319243747
149.87 0.523961533782
149.94 0.402867542379
150.01 0.60914559107
150.08 0.764952244741
150.15 0.684779877806
150.22 0.591114525029
150.29 0.589772186979
150.36 0.527488568917
150.43 0.542388555297
150.5 0.818780092302
150.57 0.722810764092
150.64 0.632278103792
150.71 0.426694751214
150.78 0.275087986376
150.85 0.285208320276
150.92 0.55229478269
150.99 0.898987415452
151.06 0.896956009562
151.13 0.704192571711
151.2 0.525585168759
151.27 0.302651352232
151.34 0.253362060239
151.41 0.501717381579
151.48 0.773230843812
151.55 0.800804788167
151.62 0.69885301668
151.69 0.559240384038
151.76 0.466224505887
151.83 0.500847642756
151.9 0.684325994858
151.97 0.900516638677
152.04 0.771482472955
152.11 0.606015069077
152.18 0.655541108414
152.25 0.563503350794
152.32 0.543573530192
152.39 0.604756161382
152.46 0.903450646507
152.53 0.817265216135
152.6 0.525696362146
152.67 0.401548380725
152.74 0.334779099589
152.81 0.204996652474
152.88 0.570078828745
152.95 0.451693811315
153.02 0.456125071032
153.09 0.31720363495
153.16 0.268880579259
153.23 0.232265939255
153.3 0.114696751085
153.37 0.53406429008
153.44 0.468182170599
153.51 0.28220561485
153.58 0.471616910419
153.65 0.508367821682
153.72 0.350002790245
153.79 0.30341113461
153.86 0.615094105027
153.93 0.519011184474
154.0 0.407358246577
154.07 0.557338966427
154.14 0.212669585807
154.21 0.120457577759
154.28 0.732178883443
154.35 0.853228584445
154.42 0.9077597904
154.49 0.777031191636
154.56 0.619945807254
154.63 0.586472620278
154.7 0.518747780835
154.77 0.644816935325
154.84 0.899150478123
154.91 0.861784901047
154.98 0.63253656826
155.05 0.710179987323
155.12 0.558866301688
155.19 0.39810427601
155.26 0.649599065374
155.33 0.836094381519
155.4 0.857375703618
155.47 0.665264931631
155.54 0.730802490782
155.61 0.500519028789
155.68 0.485718489143
155.75 0.788351005947
155.82 0.866561689028
155.89 0.799716170719
155.96 0.59655195574
156.03 0.678866010521
156.1 0.535103779907
156.17 0.397216115711
156.24 0.786496377189
156.31 0.860981248362
156.38 0.80964767989
156.45 0.780156604947
156.52 0.596648582196
156.59 0.49436754572
156.66 0.494969031402
156.73 0.865489595265
156.8 0.849921012626
156.87 0.739328292862
156.94 0.646067154942
157.01 0.528041240207
157.08 0.475848168702
157.15 0.537932662369
157.22 0.819408887757
157.29 0.81311901085
157.36 0.749158725286
157.43 0.706458113486
157.5 0.517266234555
157.57 0.358624920292
157.64 0.590387307279
157.71 0.89774809616
157.78 0.872595290376
157.85 0.760495818713
157.92 0.561890980961
157.99 0.399986990854
158.06 0.312243299204
158.13 0.631449157046
158.2 0.892770946841
158.27 0.933788787498
158.34 0.793310998984
158.41 0.590119880814
158.48 0.388021012304
158.55 0.34994414173
158.62 0.671321331045
158.69 1.0
158.76 0.917912921087
158.83 0.814977985489
158.9 0.574196543819
158.97 0.401965359305
159.04 0.495935906443
159.11 0.81955796696
159.18 0.921581590431
159.25 0.867155183103
159.32 0.716401737813
159.39 0.66078046128
159.46 0.391457637632
159.53 0.389811697156
159.6 0.818389380631
159.67 0.948304346414
159.74 0.892592107319
159.81 0.776272378422
159.88 0.687637165724
159.95 0.48270130891
160.02 0.436446491005
160.09 0.80624970932
160.16 0.865641583186
160.23 0.76108899219
160.3 0.746190562123
160.37 0.499783831717
160.44 0.472901905685
160.51 0.609863685908
160.58 0.874086549173
160.65 0.856941334143
160.72 0.675377261642
160.79 0.666986633911
160.86 0.471976981049
160.93 0.403136441629
161.0 0.507707143329
161.07 0.767115674277
161.14 0.796588853475
161.21 0.670786500224
161.28 0.580798632615
161.35 0.415627909444
161.42 0.339658933351
161.49 0.528656634428
161.56 0.714481764838
161.63 0.753004812958
161.7 0.595415696969
161.77 0.489383694556
161.84 0.361752446355
161.91 0.308238922207
161.98 0.830824843327
162.05 0.887966066632
162.12 0.827011817764
162.19 0.718330546268
162.26 0.805639327971
162.33 0.631407210326
162.4 0.568964815285
162.47 0.803384921134
162.54 0.867121727925
162.61 0.734452031124
162.68 0.643568882506
162.75 0.611479690412
162.82 0.463515823031
162.89 0.354991812737
162.96 0.752645413004
163.03 0.942282082681
163.1 0.870140072628
163.17 0.781657277772
163.24 0.650055685073
163.31 0.507828215059
163.38 0.538756742416
163.45 0.873553794253
163.52 0.937998810169
163.59 0.930289311491
163.66 0.747341030377
163.73 0.534504320993
163.8 0.332335977344
163.87 0.540790751167
163.94 0.916835094642
164.01 0.834018874393
164.08 0.699587588525
164.15 0.697154358135
164.22 0.555362622287
164.29 0.444733374028
164.36 0.601390933551
164.43 0.968189697277
164.5 0.887703272252
164.57 0.717212990263
164.64 0.699071319211
164.71 0.608452077853
164.78 0.402142729728
164.85 0.518961650272
164.92 0.842757205786
164.99 0.897042858399
165.06 0.732974926537
165.13 0.759714843715
165.2 0.652834119445
165.27 0.432659580036
165.34 0.727409955635
165.41 0.896856264341
165.48 0.798567817673
165.55 0.581209949758
165.62 0.69522119643
165.69 0.475790931555
165.76 0.410107253511
165.83 0.685686627864
165.9 0.863417027566
165.97 0.824641068322
166.04 0.590499849388
166.11 0.558956528471
166.18 0.506498424544
166.25 0.453751102099
166.32 0.805764162119
166.39 0.866095738827
166.46 0.800074279684
166.53 0.70321387263
166.6 0.604030440984
166.67 0.578771410465
166.74 0.580719569023
166.81 0.717385930049
166.88 0.814764027611
166.95 0.696092694241
167.02 0.747228027639
167.09 0.569947286611
167.16 0.364133006581
167.23 0.573638413768
167.3 0.944959318701
167.37 0.925148637644
167.44 0.80567275981
167.51 0.73551235121
167.58 0.531357136512
167.65 0.379977878187
167.72 0.658037470775
167.79 0.882017221022
167.86 0.875244466105
167.93 0.700513361947
168.0 0.622282100418
168.07 0.525995260014
168.14 0.407045823412
168.21 0.67765360916
168.28 0.866969615941
168.35 0.796368048808
168.42 0.667372612773
168.49 0.696718179309
168.56 0.544900687138
168.63 0.358249772968
168.7 0.693893083832
168.77 0.839656138254
168.84 0.882132644827
168.91 0.807782413672
168.98 0.767238158603
169.05 0.562250347749
169.12 0.553934178548
169.19 0.798361529576
169.26 0.871402118741
169.33 0.786842184288
169.4 0.621856669602
169.47 0.489003272722
169.54 0.378560905953
169.61 0.29691782182
169.68 0.569558340069
169.75 0.888643096701
169.82 0.856481811866
169.89 0.696790362946
169.96 0.372687965863
170.03 0.420175890096
170.1 0.380347766971
170.17 0.314588147784
170.24 0.274447542534
170.31 0.288948557857
170.38 0.377269603142
170.45 0.475622077242
170.52 0.370777739798
170.59 0.477754421075
170.66 0.329553371516
170.73 0.330608670131
170.8 0.340790711123
170.87 0.484841141957
170.94 0.459399295766
171.01 0.552971256318
171.08 0.409990353237
171.15 0.371676540012
171.22 0.345891664009
171.29 0.28229900339
171.36 0.405743905251
171.43 0.374354592881
171.5 0.49064592615
171.57 0.452221090277
171.64 0.472342515353
171.71 0.41208713651
171.78 0.302620275128
171.85 0.267421880178
171.92 0.271292526132
171.99 0.284475890663
172.06 0.305500303378
172.13 0.269582437845
172.2 0.232655671937
172.27 0.239589783355
172.34 0.24913700755
172.41 0.250389638406
172.48 0.252955446425
172.55 0.257081811497
172.62 0.248174758452
172.69 0.232323032686
172.76 0.210890382287
172.83 0.213026956537
172.9 0.19738640645
172.97 0.221710409204
173.04 0.252370807482
173.11 0.179621663821
173.18 0.151823991339
173.25 0.242101251891
173.32 0.319906763234
173.39 0.246274123297
173.46 0.259004599838
173.53 0.441217768635
173.6 0.422083830213
173.67 0.34525383654
173.74 0.352822747559
173.81 0.482193493059
173.88 0.281674267612
173.95 0.31697719464
174.02 0.471596190712
174.09 0.365041413675
174.16 0.339639763814
174.23 0.364905234541
174.3 0.333351809265
174.37 0.352013993561
174.44 0.296740184847
174.51 0.280916227026
174.58 0.365638519082
174.65 0.337408540743
174.72 0.381699515364
174.79 0.444727336717
174.86 0.408611415448
174.93 0.465336680926
175.0 0.36109880887
175.07 0.295660777523
175.14 0.423709787988
175.21 0.429739135582
175.28 0.563190779
175.35 0.51041540732
175.42 0.433874207157
175.49 0.321616589883
175.56 0.37157665476
175.63 0.266120433701
175.7 0.315016994625
175.77 0.269766244791
175.84 0.303051309649
175.91 0.318119413335
175.98 0.296397829395
176.05 0.267432421827
176.12 0.17058816504
176.19 0.172061890453
176.26 0.16255107192
176.33 0.151639301215
176.4 0.155419385048
176.47 0.124582182614
176.54 0.105446904069
176.61 0.115948937281
176.68 0.101516934012
176.75 0.0997319879828
176.82 0.152983849056
176.89 0.155235821315
176.96 0.13263787532
177.03 0.130098518461
177.1 0.152019038861
177.17 0.155798404113
177.24 0.158445603436
177.31 0.268296000504
177.38 0.655441131036
177.45 0.735260484178
177.52 0.641775763076
177.59 0.441148868361
177.66 0.220816345484
177.73 0.467180760665
177.8 0.529308890026
177.87 0.797422041693
177.94 0.834562437512
178.01 0.662150454267
178.08 0.351755203582
178.15 0.285945975265
178.22 0.517068978471
178.29 0.538784494393
178.36 0.778893950803
178.43 0.802442976563
178.5 0.614679175325
178.57 0.409498697481
178.64 0.429181365436
178.71 0.416373929456
178.78 0.557477693146
178.85 0.880706149241
178.92 0.751691950251
178.99 0.489600367074
179.06 0.239347859768
179.13 0.383942176776
179.2 0.434382791951
179.27 0.513916391734
179.34 0.781331497594
179.41 0.701401291317
179.48 0.725559574491
179.55 0.481950744026
179.62 0.305357914966
179.69 0.354897292892
179.76 0.680325871615
179.83 0.80578973747
179.9 0.692884658825
179.97 0.641963686202
180.04 0.429642461221
180.11 0.643374382826
180.18 0.60457105362
180.25 0.556772077055
180.32 0.745481054638
180.39 0.709972575291
180.46 0.41397966828
180.53 0.271711805401
180.6 0.450190539315
180.67 0.420752218064
180.74 0.692355226576
180.81 0.747354949972
180.88 0.641490884299
180.95 0.305325067818
181.02 0.186379268342
181.09 0.238652806208
181.16 0.459902275626
181.23 0.750445899634
181.3 0.83610655318
181.37 0.780618382463
181.44 0.527168014115
181.51 0.388618790843
181.58 0.430326155056
181.65 0.648763227618
181.72 0.772998914032
181.79 0.827508225984
181.86 0.662365186002
181.93 0.274018414403
182.0 0.424947790496
182.07 0.22445324248
182.14 0.632423680986
182.21 0.89541265301
182.28 0.878668494765
182.35 0.639543241645
182.42 0.273783524314
182.49 0.611374572414
182.56 0.754513933105
182.63 0.652797977878
182.7 0.84816984483
182.77 0.689212715945
182.84 0.705010124337
182.91 0.650859701348
182.98 0.611954245162
183.05 0.639305477231
183.12 0.761091575398
183.19 0.899932532835
183.26 0.846502963545
183.33 0.558033402131
183.4 0.288724015338
183.47 0.290057442981
183.54 0.322403110854
183.61 0.589485426378
183.68 0.743684649387
183.75 0.674342887868
183.82 0.322536382497
183.89 0.166949278126
183.96 0.26801203193
184.03 0.239948371373
184.1 0.308214398318
184.17 0.223547109052
184.24 0.21720735892
184.31 0.496743219593
184.38 0.836710380086
184.45 0.761803033493
184.52 0.525090969102
184.59 0.259214451361
184.66 0.138542269616
184.73 0.246861179621
184.8 0.721994034456
184.87 0.872074309134
184.94 0.711346637782
185.01 0.739538628353
185.08 0.816236361311
185.15 0.878443209099
185.22 0.663319654768
185.29 0.506085718144
185.36 0.463464645305
185.43 0.527891406801
185.5 0.679840314587
185.57 0.920712643889
185.64 0.836459939162
185.71 0.657291109284
185.78 0.493001839653
185.85 0.523958475206
185.92 0.314474470685
185.99 0.689688994062
186.06 0.909482746819
186.13 0.865369014872
186.2 0.578248758675
186.27 0.564802612047
186.34 0.652875214923
186.41 0.69440676871
186.48 0.701919709005
186.55 0.8551894146
186.62 0.726304344048
186.69 0.591559158547
186.76 0.448245086799
186.83 0.441314971184
186.9 0.468913628592
186.97 0.647194326423
187.04 0.861474654508
187.11 0.758351637328
187.18 0.515247624325
187.25 0.592340461512
187.32 0.534970046407
187.39 0.539830764679
187.46 0.705140590442
187.53 0.752793230697
187.6 0.660614779779
187.67 0.613919645986
187.74 0.527104383437
187.81 0.499634000768
187.88 0.558947410473
187.95 0.795179571904
188.02 0.86451777491
188.09 0.643527368163
188.16 0.599763054646
188.23 0.437692799575
188.3 0.413445673961
188.37 0.456346282281
188.44 0.692535574505
188.51 0.713506381057
188.58 0.624875105203
188.65 0.590364726631
188.72 0.495004730764
188.79 0.551864990024
188.86 0.528622170779
188.93 0.778196957687
189.0 0.728968356945
189.07 0.61378384641
189.14 0.425971428543
189.21 0.397211131091
189.28 0.299737317276
189.35 0.593322351831
189.42 0.844157662935
189.49 0.806067897206
189.56 0.552626441722
189.63 0.329199565441
189.7 0.24402642199
189.77 0.377997383472
189.84 0.656612036479
189.91 0.919326496949
189.98 0.776493988883
190.05 0.550357361087
190.12 0.661244342949
190.19 0.578109419012
190.26 0.532309411456
190.33 0.729432280378
190.4 0.771311147213
190.47 0.71496886958
190.54 0.541670919859
190.61 0.493660462986
190.68 0.495277990636
190.75 0.544586059096
190.82 0.771822903592
190.89 0.836300336736
190.96 0.77919879877
191.03 0.421049487148
191.1 0.377487753358
191.17 0.180027127904
191.24 0.380354504438
191.31 0.535261813738
191.38 0.440544582055
191.45 0.416625574157
191.52 0.302065115213
191.59 0.266540007773
191.66 0.21664162542
191.73 0.347974005641
191.8 0.524064518147
191.87 0.397756151026
191.94 0.315878341401
192.01 0.574531633616
192.08 0.448018317292
192.15 0.212982860214
192.22 0.476590116753
192.29 0.604880905861
192.36 0.553444396017
192.43 0.597119478938
192.5 0.477320124072
192.57 0.351806139324
192.64 0.301903370555
192.71 0.476535682687
192.78 0.781299744901
192.85 0.78130131841
192.92 0.531248969765
192.99 0.255549258231
193.06 0.237447641022
193.13 0.23817976232
193.2 0.549412012775
193.27 0.412650611086
193.34 0.395971048997
193.41 0.22200640818
193.48 0.308861230777
193.55 0.302248723166
193.62 0.28653064983
193.69 0.400455961553
193.76 0.382024290756
193.83 0.405034284759
193.9 0.316534057244
193.97 0.388584881178
194.04 0.332910849724
194.11 0.261658498549
194.18 0.469522787739
194.25 0.443963820173
194.32 0.442670443916
194.39 0.351997673782
194.46 0.390441949427
194.53 0.192017884611
194.6 0.308507390308
194.67 0.454516657694
194.74 0.419359406129
194.81 0.35360699118
194.88 0.168785750731
194.95 0.252349902295
195.02 0.269716346999
195.09 0.299148864325
195.16 0.424466315255
195.23 0.409412440706
195.3 0.44187676907
195.37 0.37081317998
195.44 0.393173877465
195.51 0.314796301737
195.58 0.355614231858
195.65 0.484106496411
195.72 0.427872992327
195.79 0.46648495413
195.86 0.466052024274
195.93 0.467771619943
196.0 0.408966121899
196.07 0.186120509072
196.14 0.198518517103
196.21 0.20496640573
196.28 0.156675160465
196.35 0.136227301733
196.42 0.123879859713
196.49 0.114129366691
196.56 0.200954284023
196.63 0.202073836087
196.7 0.203817124056
196.77 0.184195787319
196.84 0.18335613924
196.91 0.43006772621
196.98 0.508312660436
197.05 0.443383062797
197.12 0.482402578097
197.19 0.413354977951
197.26 0.177382560922
197.33 0.309351487449
197.4 0.325791789001
197.47 0.283108595119
197.54 0.442260770298
197.61 0.340591027831
197.68 0.153085759847
197.75 0.360758207494
197.82 0.498424696062
197.89 0.318576798293
197.96 0.197413138901
198.03 0.315911124676
198.1 0.287891160002
198.17 0.293513415956
198.24 0.310142249892
198.31 0.207200481017
198.38 0.28878477292
198.45 0.274855244661
198.52 0.38361911001
198.59 0.392937178026
198.66 0.247349362849
198.73 0.449901433805
198.8 0.436105234921
198.87 0.265516423772
198.94 0.411431898493
199.01 0.449247059314
199.08 0.458700912165
199.15 0.289019003388
199.22 0.310297105997
199.29 0.286396573622
199.36 0.257031432195
199.43 0.460166026886
199.5 0.453974695108
199.57 0.419639199562
199.64 0.428430903732
199.71 0.385071164978
199.78 0.239455094203
199.85 0.115313019888
199.92 0.119432572564
199.99 0.114540920904
200.06 0.117657164627
200.13 0.128143892672
200.2 0.156236033613
200.27 0.146867709129
200.34 0.532563311397
200.41 0.624260433247
200.48 0.41194981256
200.55 0.36439884357
200.62 0.301075031839
200.69 0.284362609091
200.76 0.643361120396
200.83 0.461428868967
200.9 0.43323215787
200.97 0.363703724907
201.04 0.333226772441
201.11 0.58565008426
201.18 0.31466510968
201.25 0.168171080004
201.32 0.299450496487
201.39 0.529240603924
201.46 0.497082699492
201.53 0.498471860788
201.6 0.461521192533
201.67 0.423796319912
201.74 0.511664581616
201.81 0.4289955784
201.88 0.287298874617
201.95 0.131819956647
202.02 0.506266702354
202.09 0.469453179939
202.16 0.254117178594
202.23 0.21429985507
202.3 0.578819425205
202.37 0.462059661709
202.44 0.449269063869
202.51 0.459618934735
202.58 0.466989200413
202.65 0.48211263977
202.72 0.463521796468
202.79 0.477120526764
202.86 0.308910911151
202.93 0.195917884302
203.0 0.550554549612
203.07 0.327594898553
203.14 0.198252484808
203.21 0.270664783368
203.28 0.630636821197
203.35 0.54455542051
203.42 0.578627260607
203.49 0.567434185606
203.56 0.334376778838
203.63 0.609412216656
203.7 0.465882431726
203.77 0.4763191502
203.84 0.249218592932
203.91 0.153621862004
203.98 0.268557349124
204.05 0.28258388094
204.12 0.263217236425
204.19 0.256251781352
204.26 0.396644277341
204.33 0.412108471618
204.4 0.464819772873
204.47 0.49998438959
204.54 0.430465719505
204.61 0.33946737187
204.68 0.491809181466
204.75 0.390425870403
204.82 0.181285748166
204.89 0.303840176757
204.96 0.343622166965
205.03 0.263002256565
205.1 0.163198222519
205.17 0.514680228875
205.24 0.549615248438
205.31 0.527092703114
205.38 0.557508560204
205.45 0.513687451744
205.52 0.354931073581
205.59 0.410677375884
205.66 0.451121016065
205.73 0.303328179623
205.8 0.231342897671
205.87 0.468465679773
205.94 0.427159525889
206.01 0.295235034708
206.08 0.261488549782
206.15 0.548062281322
206.22 0.520038379806
206.29 0.484364939997
206.36 0.489447430872
206.43 0.492924872844
206.5 0.479155514506
206.57 0.514981179307
206.64 0.507325032523
206.71 0.466883653723
206.78 0.327000384952
206.85 0.140411854691
206.92 0.112922438831
206.99 0.0904933520626
207.06 0.518254262909
207.13 0.698172206997
207.2 0.438701887888
207.27 0.0586286877463
207.34 0.45716525733
207.41 0.495366596005
207.48 0.38117944801
207.55 0.498626844641
207.62 0.682800079563
207.69 0.484365369917
207.76 0.429264943192
207.83 0.448662817126
207.9 0.187316190214
207.97 0.0762244605978
208.04 0.675420966123
208.11 0.87344520127
208.18 0.919285340054
208.25 0.787049946398
208.32 0.605236683428
208.39 0.542547546007
208.46 0.507926161985
208.53 0.598223725834
208.6 0.862319122609
208.67 0.84543199863
208.74 0.652035581584
208.81 0.711620822597
208.88 0.577797360666
208.95 0.440748368016
209.02 0.609414536997
209.09 0.761761277166
209.16 0.832754627087
209.23 0.67857151381
209.3 0.73931198291
209.37 0.504929288736
209.44 0.496391603656
209.51 0.735783922108
209.58 0.867439280654
209.65 0.7987568979
209.72 0.59413883457
209.79 0.710363159215
209.86 0.494267976152
209.93 0.403730581814
210.0 0.736965919498
210.07 0.855026995581
210.14 0.810129018784
210.21 0.774089033744
210.28 0.66003669528
210.35 0.533944209623
210.42 0.432274551912
210.49 0.828878094908
210.56 0.908178696253
210.63 0.772045828381
210.7 0.668181724219
210.77 0.564766466795
210.84 0.507100873247
210.91 0.517027496065
210.98 0.831904264163
211.05 0.830561319311
211.12 0.787059990568
211.19 0.711868466582
211.26 0.5366263885
211.33 0.34828825781
211.4 0.555195567498
211.47 0.926632381431
211.54 0.898421785133
211.61 0.819463356217
211.68 0.560364189857
211.75 0.392616735003
211.82 0.325160546685
211.89 0.600411146157
211.96 0.850185812892
212.03 0.935444983418
212.1 0.823592922354
212.17 0.627697990889
212.24 0.377010504849
212.31 0.40018777597
212.38 0.670980303433
212.45 0.96872199034
212.52 0.950629003475
212.59 0.835697162081
212.66 0.646291855917
212.73 0.415969814094
212.8 0.427502158947
212.87 0.804114483792
212.94 0.907990746103
213.01 0.879216479923
213.08 0.734841238075
213.15 0.721282968203
213.22 0.413184932144
213.29 0.340186342518
213.36 0.823254265446
213.43 0.930814660724
213.5 0.912075173053
213.57 0.773219095929
213.64 0.740794939329
213.71 0.49587652952
213.78 0.424822182491
213.85 0.756467215086
213.92 0.873646622669
213.99 0.773570312655
214.06 0.749859231466
214.13 0.543443019866
214.2 0.46072293105
214.27 0.580633453507
214.34 0.858193794259
214.41 0.893904172831
214.48 0.718892766704
214.55 0.704864838261
214.62 0.510036611814
214.69 0.46580850384
214.76 0.476087580326
214.83 0.841328865229
214.9 0.861584414418
214.97 0.770339520937
215.04 0.596737929484
215.11 0.435845759527
215.18 0.372179790108
215.25 0.486591281629
215.32 0.705913756857
215.39 0.748969665942
215.46 0.63646135839
215.53 0.517717181762
215.6 0.355979486099
215.67 0.330585856097
215.74 0.749887573048
215.81 0.888514595946
215.88 0.861144926433
215.95 0.747161414542
216.02 0.835543320588
216.09 0.626605505386
216.16 0.569464645671
216.23 0.768501941595
216.3 0.892375088408
216.37 0.773334475513
216.44 0.649662228052
216.51 0.665765958424
216.58 0.456703444192
216.65 0.356750306377
216.72 0.69397525882
216.79 0.908705305767
216.86 0.835797668875
216.93 0.793224094872
217.0 0.656869856066
217.07 0.547011964871
217.14 0.453368237089
217.21 0.863313271801
217.28 0.976150410737
217.35 0.891270434929
217.42 0.80380813356
217.49 0.567292837601
217.56 0.347183404111
217.63 0.434684022444
217.7 0.884624534786
217.77 0.849479409433
217.84 0.76235726478
217.91 0.699399171605
217.98 0.558154807971
218.05 0.473378714447
218.12 0.573809541746
218.19 0.952364931207
218.26 0.899042801485
218.33 0.802203725853
218.4 0.717237038783
218.47 0.622710200426
218.54 0.441728914526
218.61 0.467663632534
218.68 0.874510652149
218.75 0.890229084161
218.82 0.77754550297
218.89 0.824829189211
218.96 0.592680626827
219.03 0.443021147194
219.1 0.653091953772
219.17 0.898184940748
219.24 0.841315619995
219.31 0.600751367976
219.38 0.716653335838
219.45 0.46626001977
219.52 0.415373527992
219.59 0.652284979644
219.66 0.909420517682
219.73 0.850723104087
219.8 0.637323218615
219.87 0.63897308365
219.94 0.583096304186
220.01 0.464884966005
220.08 0.760772510577
220.15 0.901095517915
220.22 0.812742949638
220.29 0.698044695059
220.36 0.646113527386
220.43 0.59449171693
220.5 0.605310737833
220.57 0.672544414086
220.64 0.838638683691
220.71 0.720230159441
220.78 0.73303689158
220.85 0.630315681703
220.92 0.404878274011
220.99 0.469999899902
221.06 0.935439163524
221.13 0.92706870643
221.2 0.862743597774
221.27 0.707753563187
221.34 0.640670016372
221.41 0.389317911451
221.48 0.633382215571
221.55 0.896862371667
221.62 0.885732171913
221.69 0.766557605644
221.76 0.626676314507
221.83 0.563667977147
221.9 0.453641107576
221.97 0.655368640313
222.04 0.839812443805
222.11 0.802076276561
222.18 0.689371156357
222.25 0.73045618989
222.32 0.559179988818
222.39 0.373226974282
222.46 0.673475097198
222.53 0.763779607334
222.6 0.876682952785
222.67 0.821388596332
222.74 0.748682835326
222.81 0.612650484075
222.88 0.547618771739
222.95 0.745569021268
223.02 0.872501876041
223.09 0.804929451983
223.16 0.713949523366
223.23 0.649187695412
223.3 0.485053440342
223.37 0.519354593845
223.44 0.868256593754
223.51 0.902666514665
223.58 0.90638029003
223.65 0.711940906943
223.72 0.583434473441
223.79 0.629922318037
223.86 0.472089381898
223.93 0.800529265685
224.0 0.927712388186
224.07 0.781271292768
224.14 0.676828060014
224.21 0.652714923396
224.28 0.530498355747
224.35 0.430883126778
224.42 0.725580613568
224.49 0.80446466011
224.56 0.779120916845
224.63 0.743040741616
224.7 0.622524846995
224.77 0.558884337463
224.84 0.640094368906
224.91 0.851608059635
224.98 0.802626277431
225.05 0.716089561546
225.12 0.688634009903
225.19 0.541838617072
225.26 0.535199104318
225.33 0.53255155246
225.4 0.875358153031
225.47 0.847692025141
225.54 0.747686098013
225.61 0.812942055608
225.68 0.540754851584
225.75 0.428573557467
225.82 0.687768951071
225.89 0.920981366258
225.96 0.809513591398
226.03 0.644937229513
226.1 0.701942069779
226.17 0.515581731447
226.24 0.431988845231
226.31 0.687569928628
226.38 0.856161276718
226.45 0.810839040945
226.52 0.668523835231
226.59 0.673612846156
226.66 0.396714385077
226.73 0.346560868297
226.8 0.774468682949
226.87 0.934889568008
226.94 0.87402663055
227.01 0.626797934078
227.08 0.475664531269
227.15 0.380373829975
227.22 0.416392790678
227.29 0.797655149455
227.36 0.928510013388
227.43 0.870326676512
227.5 0.775894504173
227.57 0.449455800415
227.64 0.439045788596
227.71 0.492364634955
227.78 0.879207326303
227.85 0.998792123859
227.92 0.905870942434
227.99 0.791071331047
228.06 0.489103856902
228.13 0.413899669918
228.2 0.689449384676
228.27 0.910923388014
228.34 0.922377586848
228.41 0.770258684845
228.48 0.77378640171
228.55 0.516957751919
228.62 0.368615678637
228.69 0.65034696598
228.76 0.889037584302
228.83 0.91628103778
228.9 0.792235897007
228.97 0.781654545935
229.04 0.60041063271
229.11 0.436254847225
229.18 0.613023339309
229.25 0.895492173546
229.32 0.854876438681
229.39 0.743966201809
229.46 0.749635559844
229.53 0.448332374154
229.6 0.410937943277
229.67 0.777640807727
229.74 0.927028334447
229.81 0.805894279374
229.88 0.683566023315
229.95 0.647612645127
230.02 0.505818459961
230.09 0.418765711833
230.16 0.703275644823
230.23 0.912459180423
230.3 0.871833411215
230.37 0.681203906674
230.44 0.573442515004
230.51 0.44034457448
230.58 0.33038784581
230.65 0.624324206413
230.72 0.782754235675
230.79 0.720865700961
230.86 0.554197287385
230.93 0.430885538017
231.0 0.358763256398
231.07 0.533296672095
231.14 0.90744739426
231.21 0.873151920619
231.28 0.815128092816
231.35 0.804221622416
231.42 0.697089382421
231.49 0.703609546811
231.56 0.670617504652
231.63 0.869342145254
231.7 0.813095355401
231.77 0.692992398109
231.84 0.720821657458
231.91 0.470019726603
231.98 0.445864316525
232.05 0.550356270317
232.12 0.875316201397
232.19 0.934137332576
232.26 0.824828882125
232.33 0.759662303755
232.4 0.594724909448
232.47 0.455648839591
232.54 0.742777151268
232.61 0.926657540373
232.68 0.939049407912
232.75 0.873892457303
232.82 0.732447491575
232.89 0.47806168888
232.96 0.303844533693
233.03 0.748535914324
233.1 0.90259190382
233.17 0.837216920915
233.24 0.644971076533
233.31 0.682999341533
233.38 0.540435511614
233.45 0.414322108488
233.52 0.876089677355
233.59 0.943423969724
233.66 0.873403406864
233.73 0.671423776166
233.8 0.75245958052
233.87 0.562978456048
233.94 0.375125172403
234.01 0.709398447287
234.08 0.886811721724
234.15 0.832724170297
234.22 0.798773034655
234.29 0.64811559305
234.36 0.610514230423
234.43 0.491256492979
234.5 0.856950035732
234.57 0.892460283894
234.64 0.725211644814
234.71 0.676475200992
234.78 0.636096435802
234.85 0.482180530345
234.92 0.53078504756
234.99 0.836276428247
235.06 0.890480239981
235.13 0.76624203669
235.2 0.652807276443
235.27 0.585247064581
235.34 0.530452167554
235.41 0.675562405026
235.48 0.869824633879
235.55 0.833835336455
235.62 0.73873076122
235.69 0.740661315151
235.76 0.576223062128
235.83 0.589299198367
235.9 0.656472028597
235.97 0.819356808427
236.04 0.797996406767
236.11 0.699706699818
236.18 0.734448129904
236.25 0.511005432552
236.32 0.31523578358
236.39 0.810717637562
236.46 0.943218362129
236.53 0.935863357398
236.6 0.672045179447
236.67 0.751624098983
236.74 0.451643192486
236.81 0.448528602114
236.88 0.810065252989
236.95 0.946811964912
237.02 0.847172754982
237.09 0.645212013759
237.16 0.608598341691
237.23 0.534722266076
237.3 0.455663442145
237.37 0.801819289791
237.44 0.892848065965
237.51 0.754144863627
237.58 0.726968292253
237.65 0.575621483092
237.72 0.513743689019
237.79 0.484631531188
237.86 0.760199161344
237.93 0.842255763813
238.0 0.819348970363
238.07 0.887666797804
238.14 0.562631108606
238.21 0.726290555887
238.28 0.585056365398
238.35 0.843728793984
238.42 0.819525141922
238.49 0.730884948289
238.56 0.590888060152
238.63 0.413865186616
238.7 0.353133011294
238.77 0.401709930076
238.84 0.747688129694
238.91 0.813384516186
238.98 0.731809180139
239.05 0.310380506872
239.12 0.282058940745
239.19 0.250403904394
239.26 0.242894186046
239.33 0.230529006738
239.4 0.243834729076
239.47 0.254433116051
239.54 0.272545634814
239.61 0.270753187288
239.68 0.265162278674
239.75 0.256054547378
239.82 0.25817101118
239.89 0.239913386907
239.96 0.203398430707
240.03 0.209123184601
240.1 0.171790654893
240.17 0.175979961542
240.24 0.170793326746
240.31 0.140898314552
240.38 0.148179126075
240.45 0.121455938943
240.52 0.11694021092
240.59 0.109723585287
240.66 0.0913525308119
240.73 0.0890858675583
240.8 0.085555051581
240.87 0.0882809742454
240.94 0.0990059494438
241.01 0.118553244059
241.08 0.113606807027
241.15 0.144456301499
241.22 0.148237021614
241.29 0.165090359991
241.36 0.182040147941
241.43 0.145490531557
241.5 0.146544545325
241.57 0.162956184697
241.64 0.154560304566
241.71 0.166419112556
241.78 0.166872932859
241.85 0.169144726906
241.92 0.175745295012
241.99 0.175474905781
242.06 0.180189788907
242.13 0.170960886385
242.2 0.164962450069
242.27 0.161519800942
242.34 0.1609207265
242.41 0.142470759519
242.48 0.143362529921
242.55 0.126894792076
242.62 0.135405556768
242.69 0.152655785387
242.76 0.133947118096
242.83 0.125457344576
242.9 0.120290847252
242.97 0.11494397989
243.04 0.0743870741052
243.11 0.0552506102085
243.18 0.0533027120595
243.25 0.0469342530708
243.32 0.0788196051575
243.39 0.0904891658662
243.46 0.0962316656463
243.53 0.106858973982
243.6 0.109009765086
243.67 0.11718344515
243.74 0.104035418848
243.81 0.1102955772
243.88 0.106057376316
243.95 0.0826269164644
244.02 0.0972334330282
244.09 0.0947496661075
244.16 0.0969905083412
244.23 0.102522915842
244.3 0.0992322030456
244.37 0.104980091571
244.44 0.102754521339
244.51 0.106329319403
244.58 0.104191121282
244.65 0.0966359185826
244.72 0.0964307654748
244.79 0.0929710128851
244.86 0.0884766850727
244.93 0.0803850620752
245.0 0.0814746720244
245.07 0.0640366418859
245.14 0.0659245882474
245.21 0.0608179616405
245.28 0.04966665525
245.35 0.0534362256863
245.42 0.0397481173929
245.49 0.0379123240626
245.56 0.0349823353748
245.63 0.0267591149672
245.7 0.027429251569
245.77 0.0237671870312
245.84 0.0248693875068
245.91 0.0296752000288
245.98 0.0356422865478
246.05 0.0357859831468
246.12 0.0452900973789
246.19 0.0472191748406
246.26 0.0515341693368
246.33 0.0571536750284
246.4 0.0450727296179
246.47 0.0564605782198
246.54 0.0573610133603
246.61 0.0577765314399
246.68 0.0590047735255
246.75 0.0579151451512
246.82 0.0569233752614
246.89 0.0495973238275
246.96 0.0482355410914
247.03 0.0491982557313
247.1 0.0468637276979
247.17 0.0504220438415
247.24 0.0506196094682
247.31 0.0472131608681
247.38 0.0431468261972
247.45 0.0442052963967
247.52 0.0406015880275
247.59 0.0285609101912
247.66 0.0279724203893
247.73 0.0222418109795
247.8 0.0215727946274
247.87 0.0200530615881
247.94 0.0146566391423
248.01 0.0155408859368
248.08 0.0113743699828
248.15 0.0109337420945
248.22 0.00958332276906
248.29 0.00849077093595
248.36 0.00921150548539
248.43 0.0114948963282
248.5 0.0114688898282
248.57 0.0122572987641
248.64 0.0144670860037
248.71 0.0139626480993
248.78 0.0146856845655
248.85 0.0137916183888
248.92 0.0103010048836
248.99 0.00961512828124
249.06 0.0
249.13 0.0
249.2 0.0
249.27 0.0
249.34 0.0
249.41 0.0
249.48 0.0
249.55 0.0
249.62 0.0
249.69 0.0
249.76 0.0
249.83 0.0
249.9 0.0
249.97 0.0
250.04 0.0
250.11 0.0
250.18 0.0
250.25 0.0
250.32 0.0
250.39 0.0
250.46 0.0
250.53 0.0
250.6 0.0
250.67 0.0
250.74 0.0
250.81 0.0
250.88 0.0
250.95 0.0
251.02 0.0
251.09 0.0
251.16 0.0
251.23 0.0
251.3 0.0
251.37 0.0
251.44 0.0
251.51 0.0
251.58 0.0
251.65 0.0
251.72 0.0
251.79 0.0
251.86 0.0
251.93 0.0
252.0 0.0
252.07 0.0
252.14 0.0
252.21 0.0
252.28 0.0
252.35 0.0
252.42 0.0
252.49 0.0
252.56 0.0
252.63 0.0
252.7 0.0
252.77 0.0
252.84 0.0
252.91 0.0
252.98 0.0
253.05 0.0
253.12 0.0
253.19 0.0
253.26 0.0
253.33 0.0
253.4 0.0
253.47 0.0
253.54 0.0
253.61 0.0
253.68 0.0
253.75 0.0
253.82 0.0
253.89 0.0
253.96 0.0
254.03 0.0
254.1 0.0
254.17 0.0
254.24 0.0
254.31 0.0
254.38 0.0
254.45 0.0
254.52 0.0
254.59 0.0
254.66 0.0
254.73 0.0
254.8 0.0
254.87 0.0
254.94 0.0
255.01 0.0
255.08 0.0
255.15 0.0
255.22 0.0
255.29 0.0
255.36 0.0
255.43 0.0
255.5 0.0
255.57 0.0
255.64 0.0
255.71 0.0
255.78 0.0
255.85 0.0
255.92 0.0
255.99 0.0
256.06 0.0
256.13 0.0
256.2 0.0
256.27 0.0
256.34 0.0
256.41 0.0
256.48 0.0
256.55 0.0
256.62 0.0
256.69 0.0
256.76 0.0
256.83 0.0
256.9 0.0
256.97 0.0
257.04 0.0
257.11 0.0
257.18 0.0
257.25 0.0
257.32 0.0
257.39 0.0
257.46 0.0
257.53 0.0
257.6 0.0
257.67 0.0
257.74 0.0
257.81 0.0
257.88 0.0
257.95 0.0
258.02 0.0
