0.0 0.0
0.07 0.0
0.14 0.0
0.21 0.0
0.28 0.0
0.35 0.0
0.42 0.0
0.49 0.0
0.56 0.0
0.63 0.0
0.7 0.0
0.77 0.0
0.84 0.0
0.91 0.0
0.98 0.0
1.05 0.0
1.12 0.0
1.19 0.0
1.26 0.0
1.33 0.0
1.4 0.0
1.47 0.0
1.54 0.0
1.61 0.0
1.68 0.0
1.75 0.0
1.82 0.0
1.89 0.0
1.96 0.0
2.03 0.0
2.1 0.0
2.17 0.0
2.24 0.0
2.31 0.0
2.38 0.0
2.45 0.0
2.52 0.0
2.59 0.0
2.66 0.0
2.73 0.0
2.8 0.0
2.87 0.0
2.94 0.0
3.01 0.0
3.08 0.0
3.15 0.0
3.22 0.0
3.29 0.0
3.36 0.0
3.43 0.0
3.5 0.0
3.57 0.0
3.64 0.0
3.71 0.0
3.78 0.0
3.85 0.0
3.92 0.0
3.99 0.00503319709792
4.06 0.0116581468956
4.13 0.0235697153789
4.2 0.028209304684
4.27 0.0369386672774
4.34 0.0516313598832
4.41 0.0757453371322
4.48 0.0808935128223
4.55 0.104176990049
4.62 0.140587944459
4.69 0.174213986784
4.76 0.151447753116
4.83 0.180307626729
4.9 0.225131376033
4.97 0.238884659667
5.04 0.235674187651
5.11 0.253481368059
5.18 0.236530868841
5.25 0.253130912598
5.32 0.264128035616
5.39 0.254173442316
5.46 0.200580090137
5.53 0.21677715671
5.6 0.197664052516
5.67 0.196147804909
5.74 0.23524078184
5.81 0.207570406011
5.88 0.214960137983
5.95 0.155195972225
6.02 0.186324802385
6.09 0.217811470082
6.16 0.168686117386
6.23 0.187504517232
6.3 0.189298697617
6.37 0.23271159887
6.44 0.237552949592
6.51 0.217459936244
6.58 0.192013634345
6.65 0.175274825945
6.72 0.19193011537
6.79 0.145503855438
6.86 0.115109452058
6.93 0.111200501571
7.0 0.100497099295
7.07 0.156152210203
7.14 0.203155730932
7.21 0.203653052508
7.28 0.198445612004
7.35 0.197661584166
7.42 0.180156415514
7.49 0.169099071358
7.56 0.128940722059
7.63 0.109094728957
7.7 0.0968002718396
7.77 0.080305372044
7.84 0.0918067435262
7.91 0.101754674147
7.98 0.15265406842
8.05 0.171732179192
8.12 0.203372190449
8.19 0.203050082962
8.26 0.237426095924
8.33 0.201124310366
8.4 0.189411144678
8.47 0.206385468716
8.54 0.199413491004
8.61 0.198864661465
8.68 0.21870765349
8.75 0.190619424323
8.82 0.191601030738
8.89 0.201213429436
8.96 0.21138522606
9.03 0.235075053452
9.1 0.242639976539
9.17 0.21234442491
9.24 0.225680991021
9.31 0.297449831889
9.38 0.189982282703
9.45 0.274264841689
9.52 0.204266501414
9.59 0.197843226878
9.66 0.266052378034
9.73 0.252571639598
9.8 0.296406700519
9.87 0.315854911603
9.94 0.275520914566
10.01 0.244908513797
10.08 0.178023004271
10.15 0.197158227409
10.22 0.223781253129
10.29 0.216188701465
10.36 0.214552158046
10.43 0.236810985657
10.5 0.277465183275
10.57 0.228119817156
10.64 0.235572000253
10.71 0.224332453374
10.78 0.238480708928
10.85 0.200858608772
10.92 0.191093380574
10.99 0.192767984545
11.06 0.172449327522
11.13 0.128030684875
11.2 0.173262195856
11.27 0.165899587017
11.34 0.162716862759
11.41 0.165231094909
11.48 0.138774443742
11.55 0.172561010673
11.62 0.149188150165
11.69 0.0900055572771
11.76 0.0786183372959
11.83 0.162631184158
11.9 0.196971530251
11.97 0.244344081529
12.04 0.511724923018
12.11 0.579372579802
12.18 0.608579820207
12.25 0.609791088006
12.32 0.591814982847
12.39 0.616713295222
12.46 0.799120577537
12.53 0.657220606623
12.6 0.649907083346
12.67 0.53412396268
12.74 0.6684421815
12.81 0.855985969766
12.88 0.703101869493
12.95 0.660579372061
13.02 0.633967168887
13.09 0.592797816976
13.16 0.736834778886
13.23 0.850931150553
13.3 0.685291643494
13.37 0.62687491403
13.44 0.616322283577
13.51 0.598652268193
13.58 0.621422855576
13.65 0.607166427702
13.72 0.598140473958
13.79 0.629887913728
13.86 0.586510943555
13.93 0.560048967989
14.0 0.608060238966
14.07 0.705071144786
14.14 0.656433158418
14.21 0.750968169774
14.28 0.821618797776
14.35 0.692940784849
14.42 0.661916743977
14.49 0.904621619889
14.56 0.824456146865
14.63 0.627781397307
14.7 0.827926509299
14.77 0.599885275853
14.84 0.751848240699
14.91 0.937543590826
14.98 0.722532929923
15.05 0.741265737322
15.12 0.72232440962
15.19 0.556102607422
15.26 0.545465661058
15.33 0.595252966673
15.4 0.600915725159
15.47 0.706884085494
15.54 0.719549599247
15.61 0.5477074356
15.68 0.935690910974
15.75 0.70005989863
15.82 0.797387053374
15.89 0.69168205408
15.96 0.580282782117
16.03 0.696696756501
16.1 0.767578150112
16.17 0.79089443098
16.24 0.788636182103
16.31 0.739745904218
16.38 0.809655862051
16.45 0.56600758674
16.52 0.756426414179
16.59 0.713507506034
16.66 0.699092892671
16.73 0.792785370977
16.8 0.682277496494
16.87 0.581550317961
16.94 0.743975954174
17.01 0.843852192334
17.08 0.584629012533
17.15 0.756257243886
17.22 0.578988904282
17.29 0.639874899995
17.36 0.721545599923
17.43 0.758528785094
17.5 0.616104854813
17.57 0.663357676033
17.64 0.58033387079
17.71 0.561407093287
17.78 0.534693809811
17.85 0.541786616062
17.92 0.599817111194
17.99 0.560432287399
18.06 0.498074718489
18.13 0.534068956811
18.2 0.710738119139
18.27 0.718046876591
18.34 0.816368196325
18.41 0.828355492469
18.48 0.867511838079
18.55 0.650179385874
18.62 0.766105125197
18.69 0.887148116191
18.76 0.746881052941
18.83 0.81626219799
18.9 0.622827170182
18.97 0.808126721299
19.04 0.776624096199
19.11 0.766849972464
19.18 0.554588838217
19.25 0.701766392995
19.32 0.47178815517
19.39 0.532401298396
19.46 0.512819130138
19.53 0.574760228503
19.6 0.532751611701
19.67 0.557991630464
19.74 0.603354195185
19.81 0.588436693176
19.88 0.613879258805
19.95 0.581522386404
20.02 0.652037158942
20.09 0.798019371732
20.16 0.920428980069
20.23 0.773973656785
20.3 0.866912866141
20.37 0.82124067066
20.44 0.731492090313
20.51 0.746728018105
20.58 0.659779467232
20.65 0.816940718578
20.72 0.844014840669
20.79 0.866133454792
20.86 0.790457891987
20.93 0.701355439263
21.0 0.571547638501
21.07 0.604158265625
21.14 0.617029358913
21.21 0.591612626958
21.28 0.771772191449
21.35 0.651288589764
21.42 0.875040369156
21.49 0.711439360324
21.56 0.70668200243
21.63 0.709398202769
21.7 0.610729678502
21.77 0.525762145893
21.84 0.637347521979
21.91 0.863041380297
21.98 0.725603926516
22.05 0.61501463812
22.12 0.614290752444
22.19 0.667960189829
22.26 0.750598999939
22.33 0.610128870019
22.4 0.716473905753
22.47 0.934223300921
22.54 0.733581381413
22.61 0.641542888672
22.68 0.751144653218
22.75 0.619159822207
22.82 0.6673995326
22.89 0.676965006799
22.96 0.908049049687
23.03 0.771781852333
23.1 0.561414278641
23.17 0.716873372108
23.24 0.8125143034
23.31 0.766666832085
23.38 0.732111307318
23.45 0.662958817073
23.52 0.73397048759
23.59 0.718833850942
23.66 0.682671657116
23.73 0.826597559066
23.8 0.628300899572
23.87 0.825442108432
23.94 0.904843699604
24.01 0.83477088092
24.08 0.665261721691
24.15 0.636002410442
24.22 0.669836249365
24.29 0.735567856181
24.36 0.663193004484
24.43 0.603054180797
24.5 0.757227164767
24.57 0.760616854224
24.64 0.733528250859
24.71 0.821965703638
24.78 0.716000296995
24.85 0.619154156059
24.92 0.783269713224
24.99 0.728189812616
25.06 0.875136092032
25.13 0.718132510679
25.2 0.592127758276
25.27 0.702277861275
25.34 0.753951984355
25.41 0.739768677943
25.48 0.664182409392
25.55 0.779521475449
25.62 0.742131960215
25.69 0.767360481549
25.76 0.629705274486
25.83 0.727921825034
25.9 0.526965595096
25.97 0.711134469543
26.04 0.711358843863
26.11 0.786706631596
26.18 0.658186967853
26.25 0.602339485022
26.32 0.687453514714
26.39 0.591849357387
26.46 0.59717187987
26.53 0.61584909698
26.6 0.771595933444
26.67 0.686740916821
26.74 0.621718200347
26.81 0.624988751345
26.88 0.728099386856
26.95 0.707095357024
27.02 0.803489619011
27.09 0.599459435917
27.16 0.841134146834
27.23 0.657306499177
27.3 0.653288575124
27.37 0.741243786381
27.44 0.659022955969
27.51 0.708338532448
27.58 0.684745737493
27.65 0.770447126822
27.72 0.646059201191
27.79 0.583795204146
27.86 0.631255646782
27.93 0.723995926358
28.0 0.536752366433
28.07 0.699556069455
28.14 0.741061890946
28.21 0.812241292962
28.28 0.689478183574
28.35 0.71383253993
28.42 0.622509292922
28.49 0.621155801344
28.56 0.669349399969
28.63 0.679451218364
28.7 0.86458116554
28.77 0.809701181189
28.84 0.908098148172
28.91 0.818697572168
28.98 0.898114778993
29.05 0.889500528533
29.12 0.973019530186
29.19 0.870374087494
29.26 0.952374765198
29.33 0.738932534747
29.4 0.701646460471
29.47 0.78576619594
29.54 0.909050193258
29.61 0.87059299813
29.68 0.944635683425
29.75 0.876780784309
29.82 0.715707087441
29.89 0.891547912245
29.96 0.841239747419
30.03 0.839381163055
30.1 0.755628776671
30.17 0.73827422189
30.24 0.802471201297
30.31 0.7165424337
30.38 0.544665275195
30.45 0.511683164967
30.52 0.573442498566
30.59 0.646771784724
30.66 0.67994444469
30.73 0.61557520345
30.8 0.885055476521
30.87 0.797685705073
30.94 0.85735568152
31.01 0.853021390797
31.08 0.839145938908
31.15 0.859836436581
31.22 0.925284272159
31.29 0.852916042934
31.36 0.789535988342
31.43 0.672141490229
31.5 0.733817648039
31.57 0.867968098026
31.64 0.804420418193
31.71 0.775192714462
31.78 0.87620378485
31.85 0.797987754163
31.92 0.687960826
31.99 0.718005582343
32.06 0.837064345787
32.13 0.699653804058
32.2 0.655250410904
32.27 0.64803506593
32.34 0.860160427997
32.41 0.689983092563
32.48 0.565757714752
32.55 0.585152071577
32.62 0.553687969396
32.69 0.619082038306
32.76 0.595479589646
32.83 0.642961833888
32.9 0.859106359208
32.97 0.817484743521
33.04 0.853680118635
33.11 0.898837452751
33.18 0.66977959793
33.25 0.623972293664
33.32 0.565456377879
33.39 0.813231020953
33.46 0.805592531268
33.53 0.820323884641
33.6 0.735691171737
33.67 0.784941327605
33.74 0.701142942891
33.81 0.893430693333
33.88 0.800403352822
33.95 0.874425726999
34.02 0.804125158143
34.09 0.749157380077
34.16 0.773963282248
34.23 0.764594302504
34.3 0.807487397077
34.37 0.795565442569
34.44 0.942029901189
34.51 0.797227960382
34.58 0.746272938486
34.65 0.721997083993
34.72 0.781075838172
34.79 0.698083603114
34.86 0.592465201411
34.93 0.735152822995
35.0 0.837572643551
35.07 0.888468587304
35.14 0.849135654863
35.21 0.834285961404
35.28 0.740186758157
35.35 0.748302760871
35.42 0.811749964925
35.49 0.918258310954
35.56 0.7430745196
35.63 0.618083772323
35.7 0.623593773105
35.77 0.735012572173
35.84 0.770122776425
35.91 0.855587337681
35.98 0.81331164798
36.05 0.719264860198
36.12 0.682462540906
36.19 0.770699530341
36.26 0.754022022893
36.33 0.587732779741
36.4 0.685262939411
36.47 0.846211149608
36.54 0.832758583965
36.61 0.653606387767
36.68 0.555561919562
36.75 0.506063392246
36.82 0.81484855707
36.89 0.593133190947
36.96 0.734652531932
37.03 0.878026769833
37.1 0.885600719126
37.17 0.787778145403
37.24 0.841995107072
37.31 0.841331600485
37.38 0.769560653119
37.45 0.682848982011
37.52 0.744570229212
37.59 0.918336353322
37.66 0.816223901947
37.73 0.650994877638
37.8 0.744242652298
37.87 0.904333275239
37.94 0.867946385448
38.01 0.881423317254
38.08 0.917009130503
38.15 0.823482499767
38.22 0.811128272391
38.29 0.873270353904
38.36 0.913791223282
38.43 0.778741150854
38.5 0.665525875361
38.57 0.854960958297
38.64 0.874894597213
38.71 0.612009851896
38.78 0.596018363422
38.85 0.538533958089
38.92 0.497100581741
38.99 0.594500715791
39.06 0.632207608584
39.13 0.782848370596
39.2 0.850736865981
39.27 0.784701386454
39.34 0.752652210624
39.41 0.817070827482
39.48 0.672768662243
39.55 0.821252196806
39.62 0.769560584195
39.69 0.898988905201
39.76 0.69989136445
39.83 0.610197222784
39.9 0.695683309949
39.97 0.939853264382
40.04 0.921640190431
40.11 0.881281581689
40.18 0.895797337099
40.25 0.769850983649
40.32 0.788681821452
40.39 0.859007069501
40.46 0.871060672221
40.53 0.779861883763
40.6 0.737225183137
40.67 0.776286049977
40.74 0.788397738619
40.81 0.625721070192
40.88 0.549991123273
40.95 0.535951071631
41.02 0.483773665027
41.09 0.525438761872
41.16 0.527647699747
41.23 0.825992727129
41.3 0.68843165912
41.37 0.767912284882
41.44 0.779155364129
41.51 0.751484510138
41.58 0.637502244023
41.65 0.730189586894
41.72 0.812697900402
41.79 0.821257834237
41.86 0.647854698317
41.93 0.572728872553
42.0 0.739618928497
42.07 0.762630785259
42.14 0.857470440416
42.21 0.751406605619
42.28 0.79098068395
42.35 0.608163901056
42.42 0.74253589516
42.49 0.882866852636
42.56 0.822095462176
42.63 0.837252221837
42.7 0.782757699293
42.77 0.888019949232
42.84 0.723119007281
42.91 0.573097997874
42.98 0.557057521481
43.05 0.522476826435
43.12 0.526309957363
43.19 0.494209784759
43.26 0.603987313352
43.33 0.903180393469
43.4 0.790998332869
43.47 0.881714433234
43.54 0.694180313032
43.61 0.637949520841
43.68 0.627776562557
43.75 0.777226692406
43.82 0.837650759151
43.89 0.797709590201
43.96 0.590830224583
44.03 0.668578632872
44.1 0.64585351109
44.17 0.920838611316
44.24 0.930683141185
44.31 0.770125645397
44.38 0.890866814177
44.45 0.804902557765
44.52 0.810568512613
44.59 0.874437261761
44.66 0.793141175248
44.73 0.769747964852
44.8 0.803506436531
44.87 0.890273166637
44.94 0.842626032586
45.01 0.640390295523
45.08 0.768983382271
45.15 0.866556498988
45.22 0.700766804527
45.29 0.835401079858
45.36 0.799444152536
45.43 0.854245016142
45.5 0.79298165148
45.57 0.766352399602
45.64 0.909170586713
45.71 0.800707631899
45.78 0.821395386961
45.85 0.814056397605
45.92 0.934104429544
45.99 0.742079332233
46.06 0.71110285341
46.13 0.537705418101
46.2 0.526479225298
46.27 0.653424439203
46.34 0.695561619857
46.41 0.704254955164
46.48 0.594326802648
46.55 0.504514246227
46.62 0.299920002768
46.69 0.553988048401
46.76 0.288017594032
46.83 0.247361837002
46.9 0.281166869891
46.97 0.830623120789
47.04 0.557803686925
47.11 0.447292868801
47.18 0.323097162885
47.25 0.743644691248
47.32 0.435233792346
47.39 0.217681471745
47.46 0.69234329191
47.53 0.856459455034
47.6 0.854196018171
47.67 0.818024473621
47.74 0.795093095986
47.81 0.752499618052
47.88 0.869877595881
47.95 0.778936159129
48.02 0.927042073457
48.09 0.775737988657
48.16 0.633923245465
48.23 0.597519495077
48.3 0.696323653676
48.37 0.683160709217
48.44 0.710549352817
48.51 0.697668982037
48.58 0.762162887163
48.65 0.716922156126
48.72 0.832779412015
48.79 0.903377687733
48.86 0.796583410839
48.93 0.908070880011
49.0 0.858587136948
49.07 0.925582819036
49.14 0.789711458026
49.21 0.756123059836
49.28 0.664264512547
49.35 0.687037812387
49.42 0.669185704847
49.49 0.710183132367
49.56 0.889989481555
49.63 0.829216820303
49.7 0.863176168871
49.77 0.774713725304
49.84 0.862910131272
49.91 0.77728178443
49.98 0.896950847803
50.05 0.784537589381
50.12 0.831624331849
50.19 0.628961855961
50.26 0.621021071643
50.33 0.804622959317
50.4 0.792180719966
50.47 0.801586268339
50.54 0.726836547914
50.61 0.839868038297
50.68 0.751686627664
50.75 0.683876619782
50.82 0.659124231557
50.89 0.741768904537
50.96 0.74599064912
51.03 0.817159936501
51.1 0.774701679353
51.17 0.837107775252
51.24 0.764072745434
51.31 0.666268983727
51.38 0.736015693009
51.45 0.934028094488
51.52 0.74868645075
51.59 0.676151361631
51.66 0.812580400331
51.73 0.705289654799
51.8 0.611317925539
51.87 0.658901522907
51.94 0.787199016471
52.01 0.656116892263
52.08 0.774804718253
52.15 0.833095708325
52.22 0.821262490932
52.29 0.680795028955
52.36 0.659583875972
52.43 0.825818301361
52.5 0.76241739
52.57 0.715048063803
52.64 0.681098503916
52.71 0.802901043148
52.78 0.711347411051
52.85 0.85555722783
52.92 0.683827686427
52.99 0.806564597416
53.06 0.745544439192
53.13 0.863453991084
53.2 0.817045377198
53.27 0.728897782531
53.34 0.712808685815
53.41 0.68154769051
53.48 0.697486988959
53.55 0.674892283369
53.62 0.648697181109
53.69 0.64965212245
53.76 0.856358702123
53.83 0.800200024813
53.9 0.74107228415
53.97 0.623183902059
54.04 0.756495335569
54.11 0.674337771886
54.18 0.824056855693
54.25 0.85684862152
54.32 0.757226050491
54.39 0.680652171935
54.46 0.682139580481
54.53 0.723622918304
54.6 0.657989059014
54.67 0.696848608137
54.74 0.749022667607
54.81 0.872309236662
54.88 0.638731940447
54.95 0.682605354848
55.02 0.812464860293
55.09 0.660111251398
55.16 0.727138120278
55.23 0.820928255647
55.3 0.808758557188
55.37 0.841092528068
55.44 0.721722479682
55.51 0.753032093873
55.58 0.837102288593
55.65 0.738954304762
55.72 0.638220274009
55.79 0.609190131623
55.86 0.85334245724
55.93 0.577277381318
56.0 0.63158746541
56.07 0.792586827461
56.14 0.643150598774
56.21 0.699608292507
56.28 0.762431236597
56.35 0.767987123707
56.42 0.706615082715
56.49 0.69850244293
56.56 0.611774158203
56.63 0.75455619023
56.7 0.74631807957
56.77 0.749006288044
56.84 0.693534985219
56.91 0.806879943146
56.98 0.71616226901
57.05 0.745214102436
57.12 0.809536330149
57.19 0.782557123947
57.26 0.73009868728
57.33 0.848174972705
57.4 0.862111761443
57.47 0.692447519753
57.54 0.675633178978
57.61 0.726811261325
57.68 0.748047771257
57.75 0.738851155297
57.82 0.662698105309
57.89 0.779230372393
57.96 0.770466742954
58.03 0.894825237925
58.1 0.817667216197
58.17 0.883393178403
58.24 0.675015344766
58.31 0.899818226331
58.38 0.80485792069
58.45 0.897321193657
58.52 0.731072796746
58.59 0.645081075451
58.66 0.593858119102
58.73 0.909461434174
58.8 0.828905594235
58.87 0.976421712166
58.94 0.962503436772
59.01 0.722018892778
59.08 0.873734005978
59.15 0.824136829375
59.22 0.880360138975
59.29 0.749354522133
59.36 0.748780721909
59.43 0.74800323326
59.5 0.822194447468
59.57 0.637963769496
59.64 0.515949872579
59.71 0.502930682591
59.78 0.573985696418
59.85 0.631907941689
59.92 0.649327838105
59.99 0.780585039991
60.06 0.781798740242
60.13 0.809600586228
60.2 0.899174456494
60.27 0.789646834351
60.34 0.668168434435
60.41 0.834995760684
60.48 0.829503091481
60.55 0.919464537231
60.62 0.694593946194
60.69 0.61862391884
60.76 0.766114510384
60.83 0.927013126703
60.9 0.722052427303
60.97 0.904393081395
61.04 0.853361642595
61.11 0.67927362208
61.18 0.749382160762
61.25 0.718922734521
61.32 0.810456176118
61.39 0.622683451608
61.46 0.689420526993
61.53 0.734232435684
61.6 0.841064095374
61.67 0.644513169688
61.74 0.587608321191
61.81 0.555980129009
61.88 0.54162395624
61.95 0.65026166134
62.02 0.61439913441
62.09 0.843615858219
62.16 0.713349617782
62.23 0.822762933344
62.3 0.822408942643
62.37 0.743247364417
62.44 0.614383086544
62.51 0.612434866178
62.58 0.75546638393
62.65 0.881965726785
62.72 0.743149625506
62.79 0.589236941191
62.86 0.655998299455
62.93 0.800154734394
63.0 0.841821046029
63.07 0.821542386616
63.14 0.92722201173
63.21 0.712168077878
63.28 0.860188098216
63.35 0.724734034843
63.42 0.789546034054
63.49 0.696220265847
63.56 0.736521172059
63.63 0.841932739231
63.7 0.79554509986
63.77 0.731314058945
63.84 0.753851251546
63.91 0.740290315424
63.98 0.808723441712
64.05 0.673571214912
64.12 0.804109813879
64.19 0.894728024561
64.26 0.815889241629
64.33 0.887395788347
64.4 0.812626038244
64.47 0.737087827134
64.54 0.610433272585
64.61 0.678355674401
64.68 0.834435851571
64.75 0.858367321682
64.82 0.571383680605
64.89 0.640161632104
64.96 0.74307167791
65.03 0.738323297401
65.1 0.87598237571
65.17 0.85887747753
65.24 0.918250911648
65.31 0.784017762598
65.38 0.837669838248
65.45 0.788135239132
65.52 0.736914664978
65.59 0.666206028593
65.66 0.851015202254
65.73 0.843911577765
65.8 0.693069011259
65.87 0.621676439423
65.94 0.650381776225
66.01 0.799077752595
66.08 0.695586066431
66.15 0.582336522657
66.22 0.883737054469
66.29 0.935016813025
66.36 0.800829435429
66.43 0.851812578425
66.5 0.942358921204
66.57 0.857078031618
66.64 0.804376599594
66.71 0.781522664111
66.78 0.906700105674
66.85 0.783867364115
66.92 0.731881080181
66.99 0.708679324154
67.06 0.723361960997
67.13 0.84214126097
67.2 0.826243512364
67.27 0.902109105102
67.34 0.790999366732
67.41 0.749792815823
67.48 0.84365471858
67.55 0.894600514676
67.62 0.749460233284
67.69 0.716979582959
67.76 0.819030696049
67.83 0.88614462058
67.9 0.625349822578
67.97 0.588357845256
68.04 0.548430989578
68.11 0.533666329992
68.18 0.485095640986
68.25 0.519044613581
68.32 0.742470975685
68.39 0.919857753017
68.46 0.865418283727
68.53 0.818288732113
68.6 0.886655294795
68.67 0.817114607312
68.74 0.834936906544
68.81 0.790330113585
68.88 0.932529037741
68.95 0.734924469735
69.02 0.598113169899
69.09 0.620202659213
69.16 0.829622754052
69.23 0.878832406863
69.3 0.956149801588
69.37 0.826374433999
69.44 0.827041751524
69.51 0.785614869851
69.58 0.84079045313
69.65 0.888270174457
69.72 0.74829825064
69.79 0.729957455724
69.86 0.713676373348
69.93 0.886436467443
70.0 0.65146253737
70.07 0.578822621629
70.14 0.530483394653
70.21 0.562192116219
70.28 0.512296965673
70.35 0.552516989263
70.42 0.807214461307
70.49 0.736489240022
70.56 0.709152605521
70.63 0.913176566765
70.7 0.94955475774
70.77 0.765123108108
70.84 0.826156680717
70.91 0.804874301689
70.98 0.867629540616
71.05 0.629432238202
71.12 0.685507254381
71.19 0.709855973306
71.26 0.857007915541
71.33 0.896134797465
71.4 0.818418556704
71.47 0.881443470421
71.54 0.618564213198
71.61 0.746197479343
71.68 0.879883572218
71.75 0.975032054018
71.82 0.897550559242
71.89 0.961465726008
71.96 0.880838025345
72.03 0.861215776193
72.1 0.74000003228
72.17 0.728517751382
72.24 0.730336800502
72.31 0.66582419967
72.38 0.729921448541
72.45 0.600322071876
72.52 0.833342497388
72.59 0.848652099472
72.66 0.917835821024
72.73 0.758085971122
72.8 0.837195524452
72.87 0.787660007782
72.94 0.847959014326
73.01 0.829072346435
73.08 0.898664785988
73.15 0.753118051043
73.22 0.758740987101
73.29 0.760321014061
73.36 0.900572751714
73.43 0.900754430324
73.5 0.873903134629
73.57 0.841118093225
73.64 0.776222899558
73.71 0.861177817591
73.78 0.796710070658
73.85 0.865386370358
73.92 0.75933841686
73.99 0.83248788249
74.06 0.913342389924
74.13 0.867640722141
74.2 0.678441500902
74.27 0.807310099464
74.34 0.907465064467
74.41 0.82047137969
74.48 0.805220548463
74.55 0.842372523407
74.62 0.930219695884
74.69 0.811899398469
74.76 0.82941759955
74.83 0.884128896078
74.9 0.84844002239
74.97 0.787461935248
75.04 0.844062669799
75.11 0.91947675262
75.18 0.763309798369
75.25 0.701563310529
75.32 0.573116993688
75.39 0.476904430414
75.46 0.570376333851
75.53 0.747918041436
75.6 0.555571070694
75.67 0.712188696284
75.74 0.566810106384
75.81 0.328361226106
75.88 0.321936627651
75.95 0.536071344468
76.02 0.262267382088
76.09 0.225834653355
76.16 0.694244227361
76.23 0.698896527449
76.3 0.47586295179
76.37 0.385391717789
76.44 0.694342385562
76.51 0.494019941495
76.58 0.263722297153
76.65 0.336718396249
76.72 0.919935660408
76.79 0.819970660722
76.86 0.869827890001
76.93 0.877581951314
77.0 0.838894928234
77.07 0.869218814914
77.14 0.818348690477
77.21 0.86025043734
77.28 0.867312645527
77.35 0.724837330773
77.42 0.649027098576
77.49 0.735957956016
77.56 0.719192878858
77.63 0.777584735279
77.7 0.61817088541
77.77 0.843415982168
77.84 0.799277901472
77.91 0.833086353292
77.98 0.909591041941
78.05 0.844202636308
78.12 0.875219870908
78.19 0.919957111648
78.26 0.933290392369
78.33 0.82980638408
78.4 0.86439835973
78.47 0.783656227562
78.54 0.786694798162
78.61 0.792973659137
78.68 0.75691415959
78.75 0.610809366436
78.82 0.898497681987
78.89 0.706525040347
78.96 0.689034709078
79.03 0.78474283291
79.1 0.640689030505
79.17 0.723680378164
79.24 0.791923002099
79.31 0.919273808003
79.38 0.611570245774
79.45 0.671643360229
79.52 0.749474402964
79.59 0.759102349827
79.66 0.727717592394
79.73 0.782134959971
79.8 0.747516116783
79.87 0.834755931535
79.94 0.65633271423
80.01 0.642304709975
80.08 0.700224125043
80.15 0.633298343645
80.22 0.78744153941
80.29 0.77427642958
80.36 0.874622330584
80.43 0.770240506244
80.5 0.690120613696
80.57 0.784272047175
80.64 0.843594857858
80.71 0.842696201793
80.78 0.626969126316
80.85 0.780939513162
80.92 0.786086258674
80.99 0.613715430143
81.06 0.654896018145
81.13 0.776319611785
81.2 0.564876194981
81.27 0.701680331002
81.34 0.818344813488
81.41 0.853303858217
81.48 0.73898521155
81.55 0.675456385375
81.62 0.682205584078
81.69 0.775316640285
81.76 0.67905295244
81.83 0.704892946851
81.9 0.80799999112
81.97 0.686354795926
82.04 0.728975463046
82.11 0.784318889826
82.18 0.794316533507
82.25 0.661696232289
82.32 0.7958118626
82.39 0.78910412902
82.46 0.850098322901
82.53 0.684153123817
82.6 0.653486998022
82.67 0.780884418266
82.74 0.712739392521
82.81 0.720444343861
82.88 0.672061133155
82.95 0.899040487832
83.02 0.818056010779
83.09 0.838299441278
83.16 0.863680990268
83.23 0.88647015992
83.3 0.869587828233
83.37 0.766866202692
83.44 0.805840447531
83.51 0.906434477313
83.58 0.730914395869
83.65 0.654596748999
83.72 0.540215880955
83.79 0.498398531851
83.86 0.621368642337
83.93 0.633036441501
84.0 0.897635061823
84.07 0.794007431167
84.14 0.797898741351
84.21 0.680639825876
84.28 0.847306403516
84.35 0.692482046501
84.42 0.752967162911
84.49 0.759611839407
84.56 0.770506582613
84.63 0.671170370354
84.7 0.60900348185
84.77 0.64165289323
84.84 0.559541801731
84.91 0.489038074305
84.98 0.495657726986
85.05 0.832686464776
85.12 0.810752168489
85.19 0.574150669511
85.26 0.592967507073
85.33 0.76247756806
85.4 0.706481867912
85.47 0.733661902182
85.54 0.796036182354
85.61 0.837687541732
85.68 0.780341598062
85.75 0.590609768896
85.82 0.497847598687
85.89 0.42805771697
85.96 0.617822721681
86.03 0.576758561116
86.1 0.81257075955
86.17 0.723117189404
86.24 0.726134298712
86.31 0.679680380047
86.38 0.794305596088
86.45 0.732770005002
86.52 0.724411743558
86.59 0.844728614581
86.66 0.707263019599
86.73 0.709561968252
86.8 0.457735694289
86.87 0.626232537037
86.94 0.364397344533
87.01 0.536039577563
87.08 0.421205073001
87.15 0.908154073031
87.22 0.782316038366
87.29 0.75631603341
87.36 0.781707317952
87.43 0.775824643685
87.5 0.72866684892
87.57 0.654178446218
87.64 0.833386802765
87.71 0.712363452314
87.78 0.579153798399
87.85 0.540222688661
87.92 0.543546509499
87.99 0.485782222841
88.06 0.700159507112
88.13 0.717146330852
88.2 0.921169144794
88.27 0.752445781024
88.34 0.708515963601
88.41 0.709678748926
88.48 0.601662585589
88.55 0.609013796078
88.62 0.563837925643
88.69 0.82455521544
88.76 0.641531994331
88.83 0.592795851198
88.9 0.520176538067
88.97 0.664115564345
89.04 0.680745952008
89.11 0.626806829782
89.18 0.491572600342
89.25 1.0
89.32 0.803576403272
89.39 0.717782796153
89.46 0.753608106853
89.53 0.794863919944
89.6 0.806300591647
89.67 0.777249085611
89.74 0.901477806248
89.81 0.627286799675
89.88 0.642646959141
89.95 0.604417106383
90.02 0.44310839932
90.09 0.371614774466
90.16 0.497895792541
90.23 0.501532632914
90.3 0.81837950393
90.37 0.701980819245
90.44 0.764392388879
90.51 0.836750311054
90.58 0.698066578821
90.65 0.738845381454
90.72 0.721499126303
90.79 0.887144006582
90.86 0.793002548454
90.93 0.734608585535
91.0 0.665280384371
91.07 0.697265205043
91.14 0.492624645916
91.21 0.45856238481
91.28 0.688948301028
91.35 0.845371133731
91.42 0.837632205601
91.49 0.762669161713
91.56 0.889739306587
91.63 0.899834860053
91.7 0.814513387
91.77 0.825984090058
91.84 0.906467069873
91.91 0.671756963208
91.98 0.742746135697
92.05 0.702242073788
92.12 0.668635953447
92.19 0.60986912463
92.26 0.634765050502
92.33 0.75627667622
92.4 0.779370172335
92.47 0.647045264708
92.54 0.616749537897
92.61 0.753078666571
92.68 0.613893332278
92.75 0.653936509135
92.82 0.661179953669
92.89 0.86955569086
92.96 0.742718735431
93.03 0.675657651399
93.1 0.645875245208
93.17 0.626445530237
93.24 0.628475032412
93.31 0.625156540281
93.38 0.791287425634
93.45 0.866198697349
93.52 0.938004007768
93.59 0.861660917794
93.66 0.828128491848
93.73 0.678254285375
93.8 0.723369278456
93.87 0.757687726736
93.94 0.929644690921
94.01 0.802100637182
94.08 0.656461206285
94.15 0.75037471034
94.22 0.712204231525
94.29 0.778025165621
94.36 0.628481350469
94.43 0.896994535733
94.5 0.884672697017
94.57 0.826220819051
94.64 0.760170250853
94.71 0.866635853788
94.78 0.771711144656
94.85 0.78103296441
94.92 0.824679474397
94.99 0.91570626236
95.06 0.736929200817
95.13 0.705676931612
95.2 0.722984474302
95.27 0.733654774265
95.34 0.704511476908
95.41 0.704313440272
95.48 0.880171342499
95.55 0.853046098709
95.62 0.754433026882
95.69 0.734749963556
95.76 0.817147130948
95.83 0.605895042151
95.9 0.607662238688
95.97 0.731164733096
96.04 0.806501148326
96.11 0.820588494934
96.18 0.623060336652
96.25 0.751882531955
96.32 0.698676334535
96.39 0.759059200367
96.46 0.703129302786
96.53 0.915591904086
96.6 0.714371272064
96.67 0.814018461978
96.74 0.743038367388
96.81 0.787736858334
96.88 0.862744761865
96.95 0.923508095366
97.02 0.878651598422
97.09 0.793878646184
97.16 0.654784781565
97.23 0.631305280866
97.3 0.630686399867
97.37 0.638849296926
97.44 0.65708986735
97.51 0.616365697246
97.58 0.884347101675
97.65 0.799796335411
97.72 0.717935980325
97.79 0.682569413718
97.86 0.848509159169
97.93 0.820326279759
98.0 0.950803732854
98.07 0.874191631487
98.14 0.95068064561
98.21 0.684499481157
98.28 0.733002423357
98.35 0.880363196054
98.42 0.810086918692
98.49 0.863856541799
98.56 0.871603940433
98.63 0.93992966549
98.7 0.728698608645
98.77 0.799157979
98.84 0.808849448186
98.91 0.716377513736
98.98 0.732179729008
99.05 0.758937495915
99.12 0.823120500928
99.19 0.767920611794
99.26 0.753459312295
99.33 0.754758922331
99.4 0.737130820078
99.47 0.7925959829
99.54 0.823756977716
99.61 0.834476595861
99.68 0.92818180936
99.75 0.794916223407
99.82 0.800407875977
99.89 0.87464920961
99.96 0.65542783057
100.03 0.883377951885
100.1 0.891702862602
100.17 0.843146524202
100.24 0.630054599876
100.31 0.745569267722
100.38 0.664235173786
100.45 0.847357648704
100.52 0.856638837606
100.59 0.759143323864
100.66 0.813738184339
100.73 0.798677790847
100.8 0.648770312623
100.87 0.833190203488
100.94 0.798066118177
101.01 0.682312722535
101.08 0.754438614055
101.15 0.851332252423
101.22 0.863225118021
101.29 0.684094196445
101.36 0.608992125142
101.43 0.598464851638
101.5 0.577479768798
101.57 0.619655130621
101.64 0.766634027008
101.71 0.732413808724
101.78 0.937108202008
101.85 0.915558790286
101.92 0.874635223729
101.99 0.76507396511
102.06 0.606907470634
102.13 0.888718113235
102.2 0.846502206715
102.27 0.875840368756
102.34 0.877603689739
102.41 0.61968210011
102.48 0.67326528596
102.55 0.739004765938
102.62 0.664781576616
102.69 0.745364315685
102.76 0.955385540653
102.83 0.899865677814
102.9 0.876649664516
102.97 0.883187212606
103.04 0.867874560623
103.11 0.785729019916
103.18 0.830619502265
103.25 0.775651961127
103.32 0.926350507516
103.39 0.725903300484
103.46 0.705874268953
103.53 0.73211625407
103.6 0.789890794648
103.67 0.765711649509
103.74 0.733654227179
103.81 0.870420944505
103.88 0.810157242978
103.95 0.796893035855
104.02 0.751078712802
104.09 0.849029482781
104.16 0.749099900115
104.23 0.90984699506
104.3 0.752336034932
104.37 0.86280096242
104.44 0.733077404338
104.51 0.743041444569
104.58 0.759510589666
104.65 0.785971054642
104.72 0.78659953478
104.79 0.590438730468
104.86 0.762916635712
104.93 0.685017184211
105.0 0.667393086745
105.07 0.649677363089
105.14 0.738623583179
105.21 0.695876596554
105.28 0.888791889478
105.35 0.856336525741
105.42 0.920188487524
105.49 0.697530520374
105.56 0.681187641654
105.63 0.640283800358
105.7 0.666363799101
105.77 0.683458012585
105.84 0.662520511896
105.91 0.850316511267
105.98 0.825430878085
106.05 0.865270879141
106.12 0.909736266797
106.19 0.955507418851
106.26 0.837395041524
106.33 0.964021533846
106.4 0.738381664763
106.47 0.89004598509
106.54 0.810048962963
106.61 0.715329524642
106.68 0.87661849639
106.75 0.836335990085
106.82 0.803903211968
106.89 0.52531041628
106.96 0.999034721456
107.03 0.874017001818
107.1 0.847295078398
107.17 0.832698572471
107.24 0.867334457184
107.31 0.712288596258
107.38 0.76408812416
107.45 0.769612521498
107.52 0.849377253068
107.59 0.730134203378
107.66 0.715320835877
107.73 0.748747127075
107.8 0.820852091466
107.87 0.804096981043
107.94 0.773919683344
108.01 0.92970844012
108.08 0.791329656103
108.15 0.800901478514
108.22 0.832401096793
108.29 0.760678926265
108.36 0.824053366402
108.43 0.84932326814
108.5 0.704230505718
108.57 0.746635462873
108.64 0.681393901815
108.71 0.819767245122
108.78 0.964876026691
108.85 0.812336290698
108.92 0.816066351135
108.99 0.763853784542
109.06 0.767184291033
109.13 0.711550810855
109.2 0.787444309304
109.27 0.782591235713
109.34 0.832421117855
109.41 0.740609226548
109.48 0.689346935984
109.55 0.789152219488
109.62 0.787216550517
109.69 0.779614824746
109.76 0.786493400032
109.83 0.784105181537
109.9 0.76062296838
109.97 0.72616712102
110.04 0.720072200232
110.11 0.905280653578
110.18 0.763801505489
110.25 0.749612646366
110.32 0.823850724764
110.39 0.941020456551
110.46 0.794650472992
110.53 0.867245262009
110.6 0.937934634062
110.67 0.811644809477
110.74 0.712453045239
110.81 0.655779769339
110.88 0.597588877398
110.95 0.53867064208
111.02 0.728572177138
111.09 0.579602541294
111.16 0.640572126341
111.23 0.304080778098
111.3 0.240427448859
111.37 0.50709885292
111.44 0.37010333289
111.51 0.215669384434
111.58 0.242563683125
111.65 0.761687477759
111.72 0.575965962259
111.79 0.36203935507
111.86 0.30517298785
111.93 0.234906917023
112.0 0.181971887752
112.07 0.23579611467
112.14 0.432351735821
112.21 0.936531343269
112.28 0.808780825468
112.35 0.794762309786
112.42 0.760956916481
112.49 0.577831506537
112.56 0.575444362112
112.63 0.804550024524
112.7 0.963401607496
112.77 0.780491778285
112.84 0.668592101821
112.91 0.727748888317
112.98 0.734006761855
113.05 0.626421194229
113.12 0.741219823712
113.19 0.681789221227
113.26 0.828677400363
113.33 0.656893571052
113.4 0.705686270849
113.47 0.809455032546
113.54 0.740237945908
113.61 0.699449104744
113.68 0.664740655707
113.75 0.912777511084
113.82 0.792761560516
113.89 0.730877386412
113.96 0.748526779082
114.03 0.687394620368
114.1 0.635142257192
114.17 0.49719809952
114.24 0.765034673973
114.31 0.860035676519
114.38 0.860999451653
114.45 0.913146369323
114.52 0.843349341022
114.59 0.758228298286
114.66 0.727989102293
114.73 0.853242333262
114.8 0.886330667265
114.87 0.671955646008
114.94 0.767605932333
115.01 0.808881309862
115.08 0.830810026156
115.15 0.928169140219
115.22 0.810306784216
115.29 0.93096289902
115.36 0.869292951573
115.43 0.782309704514
115.5 0.828090030674
115.57 0.800269586625
115.64 0.684040356545
115.71 0.700564737258
115.78 0.694461272734
115.85 0.881955551841
115.92 0.740931441729
115.99 0.685338148704
116.06 0.687959193356
116.13 0.739934390536
116.2 0.549011327556
116.27 0.674655591709
116.34 0.819458510379
116.41 0.846386708319
116.48 0.779462776388
116.55 0.876701752591
116.62 0.889780226059
116.69 0.795975053713
116.76 0.803074996498
116.83 0.776524423101
116.9 0.957989001003
116.97 0.815586336729
117.04 0.767452690724
117.11 0.745690402112
117.18 0.825227990904
117.25 0.860285516917
117.32 0.686303845102
117.39 0.790156659936
117.46 0.789447864366
117.53 0.737291155143
117.6 0.754717777419
117.67 0.859829862929
117.74 0.87914286615
117.81 0.756652704018
117.88 0.706800868063
117.95 0.909578127258
118.02 0.895906857751
118.09 0.883079496908
118.16 0.855594774322
118.23 0.781463361963
118.3 0.828850164769
118.37 0.758028442338
118.44 0.923715026103
118.51 0.798864620111
118.58 0.901462236545
118.65 0.866625726229
118.72 0.795371972165
118.79 0.795429355921
118.86 0.925268600505
118.93 0.859152570054
119.0 0.857664910221
119.07 0.705108653944
119.14 0.812703896813
119.21 0.893134841683
119.28 0.957821075654
119.35 0.867813512394
119.42 0.833475626036
119.49 0.925230415028
119.56 0.890110097577
119.63 0.84550674796
119.7 0.82927530254
119.77 0.822632603309
119.84 0.672574519828
119.91 0.712850897617
119.98 0.777461401056
120.05 0.763180938717
120.12 0.695103758857
120.19 0.814500937555
120.26 0.692754769753
120.33 0.65441132694
120.4 0.65627661706
120.47 0.778039210375
120.54 0.895378754313
120.61 0.832364831144
120.68 0.875404282079
120.75 0.734688608039
120.82 0.71277152415
120.89 0.831505260878
120.96 0.818245542448
121.03 0.883638868986
121.1 0.902781296146
121.17 0.762231430906
121.24 0.797936866519
121.31 0.7661575062
121.38 0.759041639039
121.45 0.823287859087
121.52 0.6949959369
121.59 0.866450233571
121.66 0.829369997296
121.73 0.786978177393
121.8 0.903454279819
121.87 0.813725772228
121.94 0.835357064537
122.01 0.833398756817
122.08 0.951896109173
122.15 0.833579869675
122.22 0.718969347425
122.29 0.931541470814
122.36 0.771432812691
122.43 0.782748500776
122.5 0.730153349964
122.57 0.826063406088
122.64 0.874327772699
122.71 0.819084472768
122.78 0.835987414246
122.85 0.897677847994
122.92 0.85311953033
122.99 0.884148426055
123.06 0.905950222628
123.13 0.952014083099
123.2 0.889786938995
123.27 0.89456869177
123.34 0.879674144412
123.41 0.861694426473
123.48 0.874996200191
123.55 0.837695824131
123.62 0.919115744568
123.69 0.901363469513
123.76 0.869167711882
123.83 0.907099543311
123.9 0.855658754704
123.97 0.879757529846
124.04 0.893649681509
124.11 0.92507634202
124.18 0.788894418338
124.25 0.883991294533
124.32 0.907459615143
124.39 0.926342721946
124.46 0.850768516577
124.53 0.886839605451
124.6 0.848867703179
124.67 0.896409846912
124.74 0.846379558863
124.81 0.92212381331
124.88 0.843741064885
124.95 0.762163365325
125.02 0.727722310834
125.09 0.664773917407
125.16 0.726462062296
125.23 0.821470187016
125.3 0.84191742225
125.37 0.788694421669
125.44 0.741525547328
125.51 0.822388627216
125.58 0.842798982226
125.65 0.852478448539
125.72 0.777611879951
125.79 0.82282415532
125.86 0.900054309159
125.93 0.808576668932
126.0 0.699200331236
126.07 0.708432958687
126.14 0.812665661079
126.21 0.865630006136
126.28 0.825572404005
126.35 0.693773280803
126.42 0.661486492888
126.49 0.811109924178
126.56 0.852867818926
126.63 0.762143642935
126.7 0.630736665756
126.77 0.717734348141
126.84 0.787476369137
126.91 0.826974890682
126.98 0.722855861629
127.05 0.663087089432
127.12 0.711356078277
127.19 0.774996514371
127.26 0.73222973356
127.33 0.636861443673
127.4 0.56055772812
127.47 0.68948164989
127.54 0.70810901322
127.61 0.620037084469
127.68 0.544804921493
127.75 0.604743643689
127.82 0.726345293109
127.89 0.738439700428
127.96 0.651841389628
128.03 0.64850273715
128.1 0.715530817949
128.17 0.738005361268
128.24 0.697641665054
128.31 0.632525520306
128.38 0.651850311012
128.45 0.698111121125
128.52 0.726509963222
128.59 0.698189838376
128.66 0.660722802015
128.73 0.645080340259
128.8 0.619228734982
128.87 0.603979728812
128.94 0.560315429185
129.01 0.538670949368
129.08 0.531260646375
129.15 0.497890229779
129.22 0.475116094232
129.29 0.455816012875
129.36 0.428766630286
129.43 0.414160821021
129.5 0.385957189665
129.57 0.358896082773
129.64 0.314057938349
129.71 0.274332159154
129.78 0.24256248413
129.85 0.324586206947
129.92 0.792696544835
129.99 0.7695284899
130.06 0.814946868914
130.13 0.80720703041
130.2 0.849615122183
130.27 0.691199156342
130.34 0.793515512966
130.41 0.87871262224
130.48 0.762311782236
130.55 0.682736648388
130.62 0.65624350326
130.69 0.735852826414
130.76 0.840751473589
130.83 0.744851005116
130.9 0.696830218283
130.97 0.841415352079
131.04 0.709519536753
131.11 0.700816240454
131.18 0.806101835614
131.25 0.799715461405
131.32 0.738136929068
131.39 0.819759054623
131.46 0.825049041982
131.53 0.758764409863
131.6 0.706666312109
131.67 0.729221885949
131.74 0.707770763097
131.81 0.815344916578
131.88 0.586037128024
131.95 0.758372920055
132.02 0.853785071619
132.09 0.809041112199
132.16 0.727634825843
132.23 0.747147522753
132.3 0.796922601491
132.37 0.773109770138
132.44 0.81582188683
132.51 0.83859190846
132.58 0.779099501014
132.65 0.697739221603
132.72 0.709613173235
132.79 0.708804364252
132.86 0.6838029699
132.93 0.779769289761
133.0 0.672720021817
133.07 0.816449307258
133.14 0.598799539238
133.21 0.802440057582
133.28 0.829374596554
133.35 0.745170286708
133.42 0.840527748306
133.49 0.868040118136
133.56 0.795088801143
133.63 0.746740747555
133.7 0.60506474603
133.77 0.611127609856
133.84 0.695188165231
133.91 0.670401685343
133.98 0.626429166469
134.05 0.598364229395
134.12 0.878966006494
134.19 0.771879815248
134.26 0.806063539571
134.33 0.737434141396
134.4 0.693737198952
134.47 0.739820158623
134.54 0.814598537182
134.61 0.850775638751
134.68 0.699561155491
134.75 0.644741782849
134.82 0.61552284255
134.89 0.709985246503
134.96 0.700372401233
135.03 0.763570670956
135.1 0.812227548316
135.17 0.857998039846
135.24 0.693875683589
135.31 0.760144477487
135.38 0.831785101997
135.45 0.656767752684
135.52 0.803271154947
135.59 0.71768777975
135.66 0.840603112679
135.73 0.818875188555
135.8 0.631172677766
135.87 0.778094098498
135.94 0.932136248424
136.01 0.760362039792
136.08 0.693739977461
136.15 0.776844290549
136.22 0.779440344413
136.29 0.719639166326
136.36 0.736473808167
136.43 0.773914969212
136.5 0.699916840581
136.57 0.829893069263
136.64 0.793942531795
136.71 0.923088771644
136.78 0.707623227843
136.85 0.702730469672
136.92 0.718671216966
136.99 0.821106297067
137.06 0.603428555848
137.13 0.806660002954
137.2 0.886358281484
137.27 0.696975799247
137.34 0.696505836295
137.41 0.665541412039
137.48 0.762865943353
137.55 0.705055412823
137.62 0.842686400188
137.69 0.84529791319
137.76 0.871981135636
137.83 0.728143038888
137.9 0.653639866292
137.97 0.626871575511
138.04 0.692824268384
138.11 0.665910912135
138.18 0.671441944869
138.25 0.817189403059
138.32 0.697125407973
138.39 0.772608293003
138.46 0.844272007141
138.53 0.818265457251
138.6 0.614138488698
138.67 0.713914689035
138.74 0.67008405219
138.81 0.877261793809
138.88 0.646791285983
138.95 0.698165928837
139.02 0.719174905421
139.09 0.751877664179
139.16 0.748681061734
139.23 0.683042689342
139.3 0.878542703831
139.37 0.700512894726
139.44 0.694616182884
139.51 0.611314858409
139.58 0.738083910516
139.65 0.594170987866
139.72 0.707091179926
139.79 0.706363400029
139.86 0.856272879929
139.93 0.668722118826
140.0 0.676646608299
140.07 0.683220239676
140.14 0.67484952448
140.21 0.638527223902
140.28 0.712532290909
140.35 0.848699061305
140.42 0.747072820341
140.49 0.700600583618
140.56 0.665492411196
140.63 0.803549919125
140.7 0.69203823887
140.77 0.80176678816
140.84 0.725628790944
140.91 0.794144553114
140.98 0.709098821622
141.05 0.677655946678
141.12 0.86750508063
141.19 0.744867523964
141.26 0.792861652904
141.33 0.693815620403
141.4 0.865651794818
141.47 0.625374316538
141.54 0.690731437736
141.61 0.707381596612
141.68 0.782432445701
141.75 0.735707842793
141.82 0.799072148191
141.89 0.800846891935
141.96 0.815840911362
142.03 0.679805262195
142.1 0.703751691742
142.17 0.678835273826
142.24 0.751474944025
142.31 0.682937459225
142.38 0.770662895659
142.45 0.834263328399
142.52 0.650390914434
142.59 0.608097396323
142.66 0.538612946729
142.73 0.805456391492
142.8 0.759935224864
142.87 0.830143789881
142.94 0.75669242306
143.01 0.706176595176
143.08 0.707117150014
143.15 0.679827659708
143.22 0.807520252411
143.29 0.714910004198
143.36 0.718460567191
143.43 0.695649202491
143.5 0.828604118077
143.57 0.711437288288
143.64 0.650300256054
143.71 0.684959958407
143.78 0.717035631308
143.85 0.677554378163
143.92 0.797142596248
143.99 0.826110899212
144.06 0.749368456322
144.13 0.653268064412
144.2 0.692944051572
144.27 0.796586838385
144.34 0.764341386361
144.41 0.718146373071
144.48 0.692358294424
144.55 0.880136794212
144.62 0.732217681865
144.69 0.736585696655
144.76 0.823872099901
144.83 0.657327163532
144.9 0.684448072273
144.97 0.707933804875
145.04 0.789168899159
145.11 0.829322064779
145.18 0.635264237341
145.25 0.705395519594
145.32 0.897701421528
145.39 0.860321031579
145.46 0.773657825714
145.53 0.836758564735
145.6 0.819189483189
145.67 0.709217018116
145.74 0.732210810978
145.81 0.728477437868
145.88 0.746351955845
145.95 0.87543405018
146.02 0.899993993251
146.09 0.869803701893
146.16 0.664629987753
146.23 0.64297806268
146.3 0.615621984357
146.37 0.730764202722
146.44 0.737463569184
146.51 0.728860823331
146.58 0.748309251239
146.65 0.796178196488
146.72 0.752443133183
146.79 0.774974247526
146.86 0.71224636866
146.93 0.708454272079
147.0 0.833222793176
147.07 0.808895907446
147.14 0.790223550933
147.21 0.729236011115
147.28 0.654471101506
147.35 0.720475279367
147.42 0.787599572691
147.49 0.697090838148
147.56 0.731369110763
147.63 0.716263067871
147.7 0.793123018013
147.77 0.746759609828
147.84 0.724057531725
147.91 0.842633954569
147.98 0.613441631384
148.05 0.815928728051
148.12 0.758623749803
148.19 0.890537324614
148.26 0.701163180778
148.33 0.699134699544
148.4 0.77503665701
148.47 0.74124554395
148.54 0.631860632362
148.61 0.685005531703
148.68 0.870793953995
148.75 0.810916837166
148.82 0.781974596188
148.89 0.838762984222
148.96 0.790511763478
149.03 0.687401673617
149.1 0.818881737796
149.17 0.769734121127
149.24 0.865148048927
149.31 0.645758656947
149.38 0.669034940204
149.45 0.743895182119
149.52 0.756184211451
149.59 0.801074690928
149.66 0.694356413085
149.73 0.821441864888
149.8 0.669612231155
149.87 0.699973507811
149.94 0.775531717008
150.01 0.802435036162
150.08 0.75850145088
150.15 0.812811322455
150.22 0.789194113952
150.29 0.879160355681
150.36 0.646062664635
150.43 0.729018598147
150.5 0.697800136291
150.57 0.736690791795
150.64 0.618601452402
150.71 0.634649272101
150.78 0.885510768656
150.85 0.718978316195
150.92 0.701141310248
150.99 0.63040762851
151.06 0.812060883707
151.13 0.696403783874
151.2 0.770082543323
151.27 0.728074067241
151.34 0.768263412355
151.41 0.63208277813
151.48 0.583745041642
151.55 0.598983508144
151.62 0.700479956108
151.69 0.792262441166
151.76 0.773657311654
151.83 0.857246397795
151.9 0.673940762394
151.97 0.709972687928
152.04 0.718250846457
152.11 0.77819688324
152.18 0.655570019886
152.25 0.651780283962
152.32 0.74870368038
152.39 0.798885281594
152.46 0.676385274781
152.53 0.672072800022
152.6 0.763531007915
152.67 0.744129370966
152.74 0.681792869905
152.81 0.609880070664
152.88 0.82533785905
152.95 0.727805045795
153.02 0.644738967005
153.09 0.646019586971
153.16 0.831025029648
153.23 0.774080650214
153.3 0.869262231455
153.37 0.778843800618
153.44 0.85670222926
153.51 0.645779935877
153.58 0.694308963038
153.65 0.754761459606
153.72 0.704263566389
153.79 0.739704487916
153.86 0.727428816968
153.93 0.814422091071
154.0 0.677823742794
154.07 0.706883707846
154.14 0.690169588692
154.21 0.818791804557
154.28 0.797560169581
154.35 0.892017450164
154.42 0.778682624104
154.49 0.75161077077
154.56 0.624362730941
154.63 0.618262770067
154.7 0.648088124689
154.77 0.644801637827
154.84 0.648772864256
154.91 0.617353544178
154.98 0.784406034504
155.05 0.667731183225
155.12 0.706664087865
155.19 0.758635076357
155.26 0.785897129063
155.33 0.838211106221
155.4 0.859251505088
155.47 0.809179672941
155.54 0.796454812526
155.61 0.589883498153
155.68 0.680453140205
155.75 0.758936575489
155.82 0.682194856304
155.89 0.75897424547
155.96 0.76726274551
156.03 0.879214647897
156.1 0.677799086575
156.17 0.732547157068
156.24 0.769066757654
156.31 0.615890378305
156.38 0.671549135019
156.45 0.707848472331
156.52 0.832279013258
156.59 0.652633267652
156.66 0.700640055681
156.73 0.76433672105
156.8 0.701354760071
156.87 0.680951352053
156.94 0.576672404353
157.01 0.564078718296
157.08 0.891072462635
157.15 0.753205749987
157.22 0.740796917365
157.29 0.83693750217
157.36 0.691548494655
157.43 0.74885825596
157.5 0.776814121825
157.57 0.805579925308
157.64 0.833872641272
157.71 0.602354348252
157.78 0.655575282541
157.85 0.752452985045
157.92 0.800703658703
157.99 0.796941572895
158.06 0.820157993994
158.13 0.715231742653
158.2 0.672852125216
158.27 0.752629587671
158.34 0.796462096959
158.41 0.706392569351
158.48 0.807751608183
158.55 0.851210085605
158.62 0.823968983002
158.69 0.708072054021
158.76 0.658055985909
158.83 0.715809475868
158.9 0.735764774234
158.97 0.671362555606
159.04 0.663507953899
159.11 0.738386650285
159.18 0.723724416459
159.25 0.605214102034
159.32 0.72846786314
159.39 0.802881346605
159.46 0.711168841211
159.53 0.737202698032
159.6 0.704045725516
159.67 0.862508107539
159.74 0.71527025552
159.81 0.619690078093
159.88 0.766276416347
159.95 0.738866805412
160.02 0.772726208056
160.09 0.779737191158
160.16 0.808758852988
160.23 0.724278749887
160.3 0.687652032383
160.37 0.811937002398
160.44 0.820445064981
160.51 0.658094421236
160.58 0.808957637739
160.65 0.747243466762
160.72 0.866160526231
160.79 0.773621977918
160.86 0.629389788036
160.93 0.703779762584
161.0 0.699916793195
161.07 0.727433488023
161.14 0.685787745972
161.21 0.79766229667
161.28 0.692743566689
161.35 0.63902785097
161.42 0.739550554193
161.49 0.842601182518
161.56 0.665238835965
161.63 0.77299331829
161.7 0.699241089886
161.77 0.85881566539
161.84 0.604652655048
161.91 0.635277928858
161.98 0.819542039404
162.05 0.893739538643
162.12 0.80949413845
162.19 0.724963200834
162.26 0.856458243116
162.33 0.726124181205
162.4 0.772950631197
162.47 0.779018701677
162.54 0.805530354404
162.61 0.796144535602
162.68 0.896819855807
162.75 0.870699889608
162.82 0.823575059307
162.89 0.658914255229
162.96 0.641411562106
163.03 0.650658525804
163.1 0.646703242418
163.17 0.566034985571
163.24 0.630087389158
163.31 0.693951427045
163.38 0.807189984579
163.45 0.814576168387
163.52 0.837407258349
163.59 0.86379008158
163.66 0.700429701706
163.73 0.568136039744
163.8 0.50425469756
163.87 0.397414751163
163.94 0.334671674497
164.01 0.331716576922
164.08 0.43702150103
164.15 0.463403254499
164.22 0.424979121477
164.29 0.475059462899
164.36 0.386674292045
164.43 0.331635297986
164.5 0.292454039127
164.57 0.330991331427
164.64 0.483893801451
164.71 0.43083270109
164.78 0.458035150104
164.85 0.430431164135
164.92 0.35116443764
164.99 0.359802393739
165.06 0.323900601519
165.13 0.432417916036
165.2 0.521264687031
165.27 0.35958086111
165.34 0.371825724349
165.41 0.373712358016
165.48 0.478020970431
165.55 0.339788804115
165.62 0.436899305493
165.69 0.547821117555
165.76 0.463585458657
165.83 0.45917450118
165.9 0.375401563878
165.97 0.339098869381
166.04 0.294454203976
166.11 0.389842849495
166.18 0.50758949315
166.25 0.526925702308
166.32 0.441660162729
166.39 0.419590374266
166.46 0.367009759294
166.53 0.367149104048
166.6 0.334844476237
166.67 0.329470797593
166.74 0.413857078978
166.81 0.421026628087
166.88 0.373459374384
166.95 0.362449592277
167.02 0.318283670488
167.09 0.297868482164
167.16 0.292719493742
167.23 0.302460374444
167.3 0.327294132068
167.37 0.317306712153
167.44 0.386944532589
167.51 0.40270157375
167.58 0.412677710189
167.65 0.396761059104
167.72 0.395352339089
167.79 0.278181250356
167.86 0.172062046402
167.93 0.160863304122
168.0 0.134085029375
168.07 0.169391081917
168.14 0.14843755203
168.21 0.088947546882
168.28 0.0784698830512
168.35 0.158160149135
168.42 0.191136505624
168.49 0.197934214084
168.56 0.0956166254383
168.63 0.0666338426357
168.7 0.0950893203726
168.77 0.121985179911
168.84 0.123933411765
168.91 0.152846988865
168.98 0.171517385345
169.05 0.194338739755
169.12 0.197446886526
169.19 0.183261055762
169.26 0.1402380447
169.33 0.20052971081
169.4 0.167234029652
169.47 0.134672419166
169.54 0.178216641241
169.61 0.169352307712
169.68 0.203089303739
169.75 0.227535159924
169.82 0.24554417929
169.89 0.232711473945
169.96 0.243478710138
170.03 0.240824298964
170.1 0.245457687957
170.17 0.268565187184
170.24 0.247388991725
170.31 0.187930841074
170.38 0.174313473212
170.45 0.17335926132
170.52 0.156587623433
170.59 0.141606841771
170.66 0.137268000611
170.73 0.140549984422
170.8 0.121390353479
170.87 0.108148854028
170.94 0.0796496151288
171.01 0.0593194707286
171.08 0.0924876319504
171.15 0.107805140222
171.22 0.109481936845
171.29 0.0778923680966
171.36 0.0453050029115
171.43 0.0536657671677
171.5 0.0698580176574
171.57 0.1073976126
171.64 0.0976399201215
171.71 0.138970751527
171.78 0.0951112296723
171.85 0.0993855806981
171.92 0.159034976073
171.99 0.188227357556
172.06 0.136465791127
172.13 0.109752058207
172.2 0.135817347363
172.27 0.177188832596
172.34 0.215016192075
172.41 0.169901997367
172.48 0.175120905145
172.55 0.177446148404
172.62 0.218307493584
172.69 0.186046453189
172.76 0.110463223049
172.83 0.155969365624
172.9 0.172100013619
172.97 0.149585481304
173.04 0.130245429619
173.11 0.129098850111
173.18 0.129153679361
173.25 0.119340298951
173.32 0.115643962581
173.39 0.121832363335
173.46 0.105884090373
173.53 0.0845533954376
173.6 0.096391909947
173.67 0.0872005753085
173.74 0.0762648566282
173.81 0.0756109534885
173.88 0.0589717463914
173.95 0.0594518584406
174.02 0.0477328341907
174.09 0.0709790434949
174.16 0.0751119561915
174.23 0.0460064882026
174.3 0.0437847921597
174.37 0.0487706497771
174.44 0.0556788337776
174.51 0.0588413072257
174.58 0.0440632490497
174.65 0.0315474215622
174.72 0.0399320680751
174.79 0.0271260766246
174.86 0.0328191632216
174.93 0.0306570277924
175.0 0.0226058023965
175.07 0.0315171106821
175.14 0.0329483373399
175.21 0.0303928669431
175.28 0.0301521547021
175.35 0.0222817521072
175.42 0.0228364172331
175.49 0.0243502998761
175.56 0.0225294845715
175.63 0.0187067813108
175.7 0.0183474719538
175.77 0.017782904709
175.84 0.0265666643402
175.91 0.0255511400089
175.98 0.0249877846823
176.05 0.0249547972434
176.12 0.0303600690459
176.19 0.0312568138992
176.26 0.0276888705056
176.33 0.0269141316474
176.4 0.0228529748511
176.47 0.0195650247842
176.54 0.0268797973135
176.61 0.0216117221261
176.68 0.0162354487709
176.75 0.0169972155086
176.82 0.0159564132043
176.89 0.0167618276668
176.96 0.0139873935055
177.03 0.016857612288
177.1 0.0145796194823
177.17 0.011774577205
177.24 0.0130161027552
177.31 0.0160396923796
177.38 0.0102986919332
177.45 0.0139959113956
177.52 0.00978905301737
177.59 0.00704410408093
177.66 0.00849466399421
177.73 0.0116424465231
177.8 0.012605466362
177.87 0.013769571299
177.94 0.00974943449007
178.01 0.00840476521784
178.08 0.00506705614159
178.15 0.00569534961026
178.22 0.00501782985936
178.29 0.000140539441882
178.36 0.0
178.43 0.0
178.5 0.0
178.57 0.0
178.64 0.0
178.71 0.0
178.78 0.0
178.85 0.0
178.92 0.0
178.99 0.0
179.06 0.0
179.13 0.0
179.2 0.0
179.27 0.0
179.34 0.0
179.41 0.0
179.48 0.0
179.55 0.0
179.62 0.0
179.69 0.0
179.76 0.0
179.83 0.0
179.9 0.0
179.97 0.0
180.04 0.0
180.11 0.0
180.18 0.0
180.25 0.0
180.32 0.0
180.39 0.0
180.46 0.0
180.53 0.0
180.6 0.0
180.67 0.0
180.74 0.0
180.81 0.0
180.88 0.0
180.95 0.0
181.02 0.0
181.09 0.0
181.16 0.0
181.23 0.0
181.3 0.0
181.37 0.0
181.44 0.0
181.51 0.0
181.58 0.0
181.65 0.0
181.72 0.0
181.79 0.0
181.86 0.0
181.93 0.0
182.0 0.0
182.07 0.0
182.14 0.0
182.21 0.0
182.28 0.0
182.35 0.0
182.42 0.0
182.49 0.0
182.56 0.0
182.63 0.0
182.7 0.0
182.77 0.0
182.84 0.0
182.91 0.0
182.98 0.0
183.05 0.0
183.12 0.0
183.19 0.0
183.26 0.0
183.33 0.0
183.4 0.0
183.47 0.0
183.54 0.0
183.61 0.0
183.68 0.0
183.75 0.0
183.82 0.0
183.89 0.0
183.96 0.0
184.03 0.0
184.1 0.0
184.17 0.0
184.24 0.0
184.31 0.0
184.38 0.0
184.45 0.0
184.52 0.0
184.59 0.0
184.66 0.0
184.73 0.0
184.8 0.0
184.87 0.0
184.94 0.0
185.01 0.0
185.08 0.0
185.15 0.0
185.22 0.0
185.29 0.0
185.36 0.0
185.43 0.0
185.5 0.0
185.57 0.0
185.64 0.0
185.71 0.0
185.78 0.0
185.85 0.0
185.92 0.0
185.99 0.0
186.06 0.0
186.13 0.0
186.2 0.0
186.27 0.0
186.34 0.0
186.41 0.0
186.48 0.0
186.55 0.0
186.62 0.0
186.69 0.0
186.76 0.0
186.83 0.0
186.9 0.0
186.97 0.0
187.04 0.0
187.11 0.0
187.18 0.0
187.25 0.0
