0.0 0.0
0.07 0.0
0.14 0.0
0.21 0.0
0.28 0.0
0.35 0.0
0.42 0.0
0.49 0.0
0.56 0.0
0.63 0.0
0.7 0.0
0.77 0.0
0.84 0.0
0.91 0.0
0.98 0.0
1.05 0.0
1.12 0.0
1.19 0.0
1.26 0.0
1.33 0.0
1.4 0.0
1.47 0.0
1.54 0.0
1.61 0.0
1.68 0.0
1.75 0.0
1.82 0.0
1.89 0.0
1.96 0.0
2.03 0.0
2.1 0.0
2.17 0.0
2.24 0.0
2.31 0.0
2.38 0.0
2.45 0.0
2.52 0.0
2.59 0.0
2.66 0.0
2.73 0.0
2.8 0.0
2.87 0.0
2.94 0.0
3.01 0.0
3.08 0.0
3.15 0.0
3.22 0.0
3.29 0.0
3.36 0.0
3.43 0.0
3.5 0.0
3.57 0.0
3.64 0.0
3.71 0.0
3.78 0.0
3.85 0.0
3.92 0.0
3.99 5.15929937284e-05
4.06 5.68280554097e-05
4.13 5.36040466574e-05
4.2 0.251678799159
4.27 0.327036918864
4.34 0.351039612167
4.41 0.192355185166
4.48 0.0818758612998
4.55 0.0415825565913
4.62 0.0281252632709
4.69 0.0307157157265
4.76 0.624564390758
4.83 0.547656204577
4.9 0.395297495237
4.97 0.187276136924
5.04 0.0606932624597
5.11 0.0499129461985
5.18 0.0325018039271
5.25 0.031243795459
5.32 0.027619599822
5.39 0.0203906803466
5.46 0.379467540169
5.53 0.581180701013
5.6 0.663213001994
5.67 0.571742942186
5.74 0.360356877304
5.81 0.137427377464
5.88 0.731151788396
5.95 0.493366092905
6.02 0.46762345558
6.09 0.384358868636
6.16 0.316920523269
6.23 0.260251601592
6.3 0.266671417558
6.37 0.116519518809
6.44 0.520030336341
6.51 0.390481302996
6.58 0.376130479887
6.65 0.338654541439
6.72 0.287129076086
6.79 0.234434212544
6.86 0.468328561092
6.93 0.358345687775
7.0 0.276925111151
7.07 0.218723805087
7.14 0.246649095073
7.21 0.431392673834
7.28 0.380331157126
7.35 0.259251965363
7.42 0.236579720172
7.49 0.440612892386
7.56 0.365480863094
7.63 0.223523268909
7.7 0.201730340802
7.77 0.282460907458
7.84 0.175327831477
7.91 0.176881736661
7.98 0.494406144974
8.05 0.322205233926
8.12 0.217762516728
8.19 0.236404518253
8.26 0.166560077067
8.33 0.499913445041
8.4 0.27965976622
8.47 0.23840465205
8.54 0.206509948322
8.61 0.508389888948
8.68 0.217121776292
8.75 0.184248954602
8.82 0.187851134901
8.89 0.205759057838
8.96 0.140446482689
9.03 0.467711672503
9.1 0.393687737169
9.17 0.264355801414
9.24 0.147385197108
9.31 0.216308707593
9.38 0.401022673284
9.45 0.394422333065
9.52 0.239520339946
9.59 0.183765993284
9.66 0.141242567477
9.73 0.134396240071
9.8 0.130552625911
9.87 0.498028050035
9.94 0.395089208335
10.01 0.240205859827
10.08 0.215662307119
10.15 0.177604602679
10.22 0.50499810273
10.29 0.293469909528
10.36 0.22678617952
10.43 0.194007123488
10.5 0.439558015442
10.57 0.263652741104
10.64 0.217952495459
10.71 0.204021754746
10.78 0.482890743334
10.85 0.274236464926
10.92 0.213783004718
10.99 0.191974352453
11.06 0.231745576437
11.13 0.128911768617
11.2 0.419449205033
11.27 0.369659851317
11.34 0.293516651963
11.41 0.227292961064
11.48 0.243666927451
11.55 0.333722083777
11.62 0.455501596265
11.69 0.237415077409
11.76 0.233122698685
11.83 0.383487737424
11.9 0.382600712569
11.97 0.224539056803
12.04 0.245262036453
12.11 0.263421084249
12.18 0.180838910805
12.25 0.146602088039
12.32 0.456885172854
12.39 0.3189894414
12.46 0.221418132853
12.53 0.256670205968
12.6 0.195005176172
12.67 0.488507644521
12.74 0.289603814579
12.81 0.234513231747
12.88 0.187192164713
12.95 0.463079998795
13.02 0.296937851412
13.09 0.219323483363
13.16 0.186125479473
13.23 0.198248391112
13.3 0.11996324711
13.37 0.380859310218
13.44 0.400906896081
13.51 0.284000450688
13.58 0.176518611331
13.65 0.202499299142
13.72 0.244855772141
13.79 0.475250299189
13.86 0.257244544977
13.93 0.223819374319
14.0 0.160855935393
14.07 0.15538357326
14.14 0.157756141412
14.21 0.678627252184
14.28 0.601408405125
14.35 0.529449630162
14.42 0.455029174636
14.49 0.310999411751
14.56 0.426332437158
14.63 0.37313138527
14.7 0.264034624878
14.77 0.549297557678
14.84 0.56223886288
14.91 0.411600682679
14.98 0.270693169268
15.05 0.268582691906
15.12 0.710527314925
15.19 0.690065479985
15.26 0.506757920761
15.33 0.379994429712
15.4 0.524781790386
15.47 0.507953147698
15.54 0.470127864061
15.61 0.638621325675
15.68 0.662469401893
15.75 0.495893569048
15.82 0.527596826861
15.89 0.531378917979
15.96 0.619312886505
16.03 0.438684392548
16.1 0.525218416538
16.17 0.660898156121
16.24 0.75590035467
16.31 0.549634066279
16.38 0.449301365778
16.45 0.339400430852
16.52 0.259180175833
16.59 0.210380728139
16.66 0.562338292372
16.73 0.581000290593
16.8 0.666581411935
16.87 0.328678440185
16.94 0.294141875671
17.01 0.54112199385
17.08 0.406590819717
17.15 0.282785208083
17.22 0.262113693681
17.29 0.652341055078
17.36 0.606331164199
17.43 0.289373188547
17.5 0.205330104043
17.57 0.270564384727
17.64 0.193494828624
17.71 0.266807659437
17.78 0.449689210616
17.85 0.672223665037
17.92 0.553394331781
17.99 0.27275274296
18.06 0.203923311808
18.13 0.522848426076
18.2 0.321731150333
18.27 0.266623954179
18.34 0.321045237095
18.41 0.68534242479
18.48 0.45852544201
18.55 0.486354056002
18.62 0.40660369172
18.69 0.324627175324
18.76 0.212068841382
18.83 0.195106042492
18.9 0.504677924131
18.97 0.700636295123
19.04 0.347869403508
19.11 0.288318391286
19.18 0.430073295366
19.25 0.344262292967
19.32 0.209745230354
19.39 0.223002280984
19.46 0.666006350718
19.53 0.670049190658
19.6 0.451037903658
19.67 0.334286285309
19.74 0.504949141812
19.81 0.462112382576
19.88 0.385617969903
19.95 0.673193525035
20.02 0.619305422843
20.09 0.574018668652
20.16 0.583213559321
20.23 0.550652722769
20.3 0.564822572617
20.37 0.365062342742
20.44 0.573813687972
20.51 0.671788355555
20.58 0.743965527072
20.65 0.602907627376
20.72 0.498938205792
20.79 0.380388459487
20.86 0.277065824145
20.93 0.191716773252
21.0 0.520755965977
21.07 0.483909976579
21.14 0.718875637054
21.21 0.420196980282
21.28 0.277085117605
21.35 0.453344282871
21.42 0.431691919774
21.49 0.287421562865
21.56 0.252753264265
21.63 0.566388826171
21.7 0.671219355323
21.77 0.338060459961
21.84 0.24200811234
21.91 0.229063808266
21.98 0.140812121202
22.05 0.134953672322
22.12 0.584506011181
22.19 0.606455018498
22.26 0.615868874887
22.33 0.272773915932
22.4 0.188448638963
22.47 0.545085356726
22.54 0.297656945758
22.61 0.26211031157
22.68 0.176019858821
22.75 0.753547690883
22.82 0.306745107698
22.89 0.657304357739
22.96 0.627145494979
23.03 0.515224362526
23.1 0.795582139921
23.17 0.765842170633
23.24 0.812177987422
23.31 0.780971655729
23.38 0.604356245717
23.45 0.614887755522
23.52 0.720043974063
23.59 0.922095311797
23.66 0.579947694107
23.73 0.468099738684
23.8 0.549422595843
23.87 0.840055749524
23.94 0.523768809112
24.01 0.311787950663
24.08 0.363222025677
24.15 0.381119878172
24.22 0.347859827607
24.29 0.70515289613
24.36 0.706104722422
24.43 0.423957274874
24.5 0.347155477188
24.57 0.353230875676
24.64 0.556780607209
24.71 0.369660983325
24.78 0.387317676424
24.85 0.234923816661
24.92 0.739963877037
24.99 0.658549012309
25.06 0.555604973492
25.13 0.610365340169
25.2 0.548026715151
25.27 0.445859621969
25.34 0.537848812957
25.41 0.607312152023
25.48 0.711602826032
25.55 0.479552685114
25.62 0.324115189074
25.69 0.450086446691
25.76 0.673780438817
25.83 0.576397653201
25.9 0.646440509422
25.97 0.658703752081
26.04 0.731976680569
26.11 0.475815736443
26.18 0.387037210429
26.25 0.349072775842
26.32 0.409481430043
26.39 0.410150716047
26.46 0.643978845302
26.53 0.726628314395
26.6 0.460832979793
26.67 0.35197082327
26.74 0.334889964189
26.81 0.636754609429
26.88 0.432794599068
26.95 0.354699185893
27.02 0.378957392957
27.09 0.69550783316
27.16 0.646383833144
27.23 0.493558506402
27.3 0.638249136694
27.37 0.758515998409
27.44 0.67859533336
27.51 0.35670931045
27.58 0.415855194162
27.65 0.708162231938
27.72 0.408812814391
27.79 0.352140462541
27.86 0.42052995373
27.93 0.649922228915
28.0 0.450738554002
28.07 0.372510246909
28.14 0.620459977183
28.21 0.883866637503
28.28 0.523365824461
28.35 0.294711464042
28.42 0.264532045539
28.49 0.224557650821
28.56 0.207478740818
28.63 0.700198315621
28.7 0.702571994278
28.77 0.440642784981
28.84 0.298662067482
28.91 0.303700513957
28.98 0.537600153218
29.05 0.45385976633
29.12 0.376270594624
29.19 0.335827465207
29.26 0.736422252198
29.33 0.732993365215
29.4 0.570988865637
29.47 0.671245844305
29.54 0.606575088477
29.61 0.5846406341
29.68 0.513385604975
29.75 0.500757210755
29.82 0.722760723172
29.89 0.475030833868
29.96 0.496505691821
30.03 0.45552809916
30.1 0.822286290743
30.17 0.555453840967
30.24 0.630318901087
30.31 0.6472625545
30.38 0.837375960785
30.45 0.584128673146
30.52 0.506253498094
30.59 0.521855313752
30.66 0.472651514144
30.73 0.430894649857
30.8 0.691727014444
30.87 0.672910592654
30.94 0.502842341262
31.01 0.360424153981
31.08 0.324325475646
31.15 0.579384627113
31.22 0.454290697028
31.29 0.341668649388
31.36 0.225335250365
31.43 0.653457470243
31.5 0.710541886838
31.57 0.307309612784
31.64 0.765182449147
31.71 0.504455274011
31.78 0.391776971276
31.85 0.40556967281
31.92 0.748359207211
31.99 0.851698194057
32.06 0.442584120143
32.13 0.311037611638
32.2 0.285000629523
32.27 0.870655669076
32.34 0.615837033215
32.41 0.309067561422
32.48 0.455223744639
32.55 0.86506956356
32.62 0.621600140479
32.69 0.2863696342
32.76 0.271488373746
32.83 0.256307370281
32.9 0.225507314283
32.97 0.621981408289
33.04 0.684666010299
33.11 0.50537350813
33.18 0.361714425303
33.25 0.321620431118
33.32 0.490786342033
33.39 0.448327840351
33.46 0.356815876018
33.53 0.264728261064
33.6 0.628840134659
33.67 0.712797238429
33.74 0.403370473864
33.81 0.710779451635
33.88 0.53006753313
33.95 0.509283524981
34.02 0.452286453853
34.09 0.499277972552
34.16 0.758998186926
34.23 0.516028115876
34.3 0.35826821038
34.37 0.296141229078
34.44 0.678719023233
34.51 0.521539250856
34.58 0.616277400685
34.65 0.600896294923
34.72 0.742066081256
34.79 0.54488769046
34.86 0.272742597893
34.93 0.242914138482
35.0 0.381950057264
35.07 0.356957629953
35.14 0.621572854665
35.21 0.676908063747
35.28 0.513731444103
35.35 0.355548592675
35.42 0.30478180273
35.49 0.498543665034
35.56 0.620231976903
35.63 0.434401172336
35.7 0.388155728977
35.77 0.582466491103
35.84 0.750537931362
35.91 0.362880121383
35.98 0.741742825368
36.05 0.716306172907
36.12 0.784379205314
36.19 0.426775359549
36.26 0.390088963012
36.33 0.737242389938
36.4 0.499883032608
36.47 0.424500832126
36.54 0.317299366432
36.61 0.607508249921
36.68 0.488977109017
36.75 0.441975570468
36.82 0.390223952726
36.89 0.907471878448
36.96 0.72107347759
37.03 0.364726123783
37.1 0.220703245276
37.17 0.254573210249
37.24 0.211703679704
37.31 0.604132798765
37.38 0.63753544563
37.45 0.556356431877
37.52 0.336294817466
37.59 0.280108423275
37.66 0.464634063345
37.73 0.624357977044
37.8 0.403159142556
37.87 0.296724325654
37.94 0.587299414292
38.01 0.771072537328
38.08 0.551799009026
38.15 0.696027590422
38.22 0.635579375394
38.29 0.608128521885
38.36 0.55206773376
38.43 0.601440834934
38.5 0.772654460653
38.57 0.591997246583
38.64 0.528475233279
38.71 0.542143083841
38.78 0.68965866042
38.85 0.461847596469
38.92 0.583374835648
38.99 0.672053819601
39.06 0.772809044853
39.13 0.690410328764
39.2 0.527492174955
39.27 0.462510672241
39.34 0.418867006474
39.41 0.417926025955
39.48 0.587325536479
39.55 0.6907453803
39.62 0.58138428787
39.69 0.433210765602
39.76 0.336568946746
39.83 0.359289220687
39.9 0.532287730505
39.97 0.362033322646
40.04 0.676496754095
40.11 0.735158154919
40.18 0.777656361617
40.25 0.436772530061
40.32 0.815790785828
40.39 0.660691772763
40.46 0.345581821947
40.53 0.253426772215
40.6 0.702395632525
40.67 0.817781756054
40.74 0.576856660222
40.81 0.413128732552
40.88 0.367115365966
40.95 0.814296335717
41.02 0.633809104947
41.09 0.40312489774
41.16 0.299530108756
41.23 0.803516787197
41.3 0.753291743292
41.37 0.504410390851
41.44 0.387233737098
41.51 0.514200933896
41.58 0.458881249131
41.65 0.545521743828
41.72 0.655168667591
41.79 0.643388516525
41.86 0.432702485255
41.93 0.550979664324
42.0 0.573306365088
42.07 0.679462031402
42.14 0.501781097248
42.21 0.472455460515
42.28 0.456405025746
42.35 0.806403792806
42.42 0.540373476156
42.49 0.728819553872
42.56 0.679718463417
42.63 0.46489743286
42.7 0.516189555363
42.77 0.627742295805
42.84 0.717240306993
42.91 0.6515350238
42.98 0.563892712335
43.05 0.587640806337
43.12 0.677470455331
43.19 0.565402405974
43.26 0.404567355176
43.33 0.579703185486
43.4 0.702117135845
43.47 0.700342433492
43.54 0.54819085122
43.61 0.520458980257
43.68 0.484214384222
43.75 0.462313385419
43.82 0.627407432726
43.89 0.656469495044
43.96 0.693895800958
44.03 0.526421516937
44.1 0.480406404909
44.17 0.520034760658
44.24 0.70727547143
44.31 0.55620896984
44.38 0.545055904286
44.45 0.538888066929
44.52 0.73238196971
44.59 0.599428593081
44.66 0.607154696697
44.73 0.617982806454
44.8 0.817879947294
44.87 0.541995767257
44.94 0.461632498549
45.01 0.653453458255
45.08 0.58253908126
45.15 0.461052954833
45.22 0.405667518756
45.29 0.619933319101
45.36 0.661257058239
45.43 0.491273118027
45.5 0.468637429731
45.57 0.744688589137
45.64 0.787350079419
45.71 0.561689889699
45.78 0.535884119224
45.85 0.609300741871
45.92 0.658622542223
45.99 0.512438897382
46.06 0.636669146004
46.13 0.74588753336
46.2 0.598049197964
46.27 0.474651376006
46.34 0.568324392521
46.41 0.674792529661
46.48 0.462662563653
46.55 0.457899674433
46.62 0.329490645017
46.69 0.789504496391
46.76 0.586213191483
46.83 0.652561565135
46.9 0.652399910629
46.97 0.506509874457
47.04 0.494839753282
47.11 0.603822320018
47.18 0.696098760194
47.25 0.634543471912
47.32 0.460650645592
47.39 0.450903636152
47.46 0.625218055054
47.53 0.705957426075
47.6 0.601152385439
47.67 0.760642259375
47.74 0.691707581855
47.81 0.743825383244
47.88 0.687424064412
47.95 0.614017484383
48.02 0.625426511441
48.09 0.567041519091
48.16 0.577557455251
48.23 0.678786879195
48.3 0.664275536117
48.37 0.482226223147
48.44 0.422791935472
48.51 0.636015218627
48.58 0.654569476268
48.65 0.513105171866
48.72 0.401504214216
48.79 0.295628280306
48.86 0.803683406094
48.93 0.653658194827
49.0 0.614273686202
49.07 0.610542001683
49.14 0.443144267949
49.21 0.418557157605
49.28 0.807873490524
49.35 0.801004930232
49.42 0.644634268953
49.49 0.481812853114
49.56 0.607256772179
49.63 0.734482414574
49.7 0.755956439015
49.77 0.564261627979
49.84 0.511548700376
49.91 0.691946808616
49.98 0.771729342156
50.05 0.537324853985
50.12 0.392691139021
50.19 0.451535832774
50.26 0.505461771852
50.33 0.292127968059
50.4 0.667174774999
50.47 0.667384483551
50.54 0.444367956976
50.61 0.456383808505
50.68 0.611340761551
50.75 0.687417402641
50.82 0.580410114859
50.89 0.508133983095
50.96 0.389041229732
51.03 0.749086009329
51.1 0.649161808064
51.17 0.632147292228
51.24 0.601056444301
51.31 0.602515985569
51.38 0.520627539378
51.45 0.475606812075
51.52 0.618507160047
51.59 0.715089859005
51.66 0.521750836391
51.73 0.433338332128
51.8 0.595249914736
51.87 0.699328437839
51.94 0.539245494275
52.01 0.616281919862
52.08 0.694823953742
52.15 0.734668987164
52.22 0.527545557659
52.29 0.372299045878
52.36 0.435015559124
52.43 0.572487069714
52.5 0.430485324697
52.57 0.694157879099
52.64 0.661454240082
52.71 0.547904474753
52.78 0.386230292516
52.85 0.551832814952
52.92 0.695079501653
52.99 0.540494757825
53.06 0.517438490062
53.13 0.40419872285
53.2 0.71449038057
53.27 0.675312003605
53.34 0.446934202173
53.41 0.574907178398
53.48 0.787203837927
53.55 0.708673719852
53.62 0.464040385343
53.69 0.469044837434
53.76 0.709310879601
53.83 0.453740251604
53.9 0.482938143472
53.97 0.458299039189
54.04 0.697948137115
54.11 0.432948232128
54.18 0.395814067699
54.25 0.655418345504
54.32 0.847941879832
54.39 0.666744389436
54.46 0.675593833069
54.53 0.652343545496
54.6 0.63590454874
54.67 0.601101084617
54.74 0.688776693553
54.81 0.677757631159
54.88 0.606537252856
54.95 0.434414715955
55.02 0.527845577666
55.09 0.799046039462
55.16 0.55863015235
55.23 0.591552050057
55.3 0.291659251067
55.37 0.700015693043
55.44 0.712468140368
55.51 0.557728905937
55.58 0.702536535241
55.65 0.488477109401
55.72 0.417922183453
55.79 0.594856726063
55.86 0.6523811193
55.93 0.717762300445
56.0 0.525132155015
56.07 0.484247103674
56.14 0.506117922771
56.21 0.74321347296
56.28 0.633228221794
56.35 0.643280479979
56.42 0.664603493317
56.49 0.743360711125
56.56 0.689366841462
56.63 0.636042595508
56.7 0.603486679079
56.77 0.627899857376
56.84 0.593623729275
56.91 0.668610948844
56.98 0.752664096202
57.05 0.626668607295
57.12 0.4913368722
57.19 0.463424972791
57.26 0.596708189926
57.33 0.580946437379
57.4 0.488855365691
57.47 0.477996765083
57.54 0.645318598644
57.61 0.659365541537
57.68 0.419126730798
57.75 0.725730684082
57.82 0.566107085245
57.89 0.696489567224
57.96 0.696084729621
58.03 0.739121052344
58.1 0.864130233622
58.17 0.637130213406
58.24 0.648503978738
58.31 0.572319456674
58.38 0.797641752822
58.45 0.61630027736
58.52 0.51165641313
58.59 0.45304331552
58.66 0.908667765617
58.73 0.747161553098
58.8 0.645232769688
58.87 0.516103776999
58.94 0.630161778407
59.01 0.550033895222
59.08 0.797656382916
59.15 0.634304485465
59.22 0.462309817381
59.29 0.356631996215
59.36 0.707106758002
59.43 0.666515758014
59.5 0.540869529554
59.57 0.436032313335
59.64 0.755245526745
59.71 0.745448800029
59.78 0.717915886707
59.85 0.481178326706
59.92 0.658619390308
59.99 0.456039211424
60.06 0.376339539589
60.13 0.431294391527
60.2 0.609027620646
60.27 0.815295409105
60.34 0.57290975889
60.41 0.584068932226
60.48 0.348794853386
60.55 0.714758692975
60.62 0.533080769623
60.69 0.496106500344
60.76 0.54447643899
60.83 0.814641742279
60.9 0.645107812472
60.97 0.565022282821
61.04 0.355052960459
61.11 0.325964415483
61.18 0.281895863561
61.25 0.720596164929
61.32 0.703900523669
61.39 0.624414394035
61.46 0.566044530115
61.53 0.437037951103
61.6 0.591455676353
61.67 0.699893318575
61.74 0.580774144529
61.81 0.549077457421
61.88 0.65499246394
61.95 0.73188031066
62.02 0.57469571555
62.09 0.787469747187
62.16 0.735663209993
62.23 0.773345333223
62.3 0.578398658454
62.37 0.576425255219
62.44 0.769957073304
62.51 0.594676008293
62.58 0.516733465497
62.65 0.471829336261
62.72 0.676559347169
62.79 0.526836915729
62.86 0.489844472351
62.93 0.398333466746
63.0 0.94800831819
63.07 0.715638620963
63.14 0.618656528157
63.21 0.500316207085
63.28 0.658974146369
63.35 0.461960746655
63.42 0.768301752871
63.49 0.611618770014
63.56 0.530277180971
63.63 0.405940552709
63.7 0.722815549028
63.77 0.625677088636
63.84 0.597250383709
63.91 0.510376613196
63.98 0.749784659235
64.05 0.611355731879
64.12 0.755498283213
64.19 0.539793284856
64.26 0.73336410472
64.33 0.596919931033
64.4 0.563017431271
64.47 0.500733609342
64.54 0.639151067372
64.61 0.73481530075
64.68 0.670079386808
64.75 0.595204358696
64.82 0.43907681348
64.89 0.736850229558
64.96 0.548349417052
65.03 0.514965276932
65.1 0.594419189245
65.17 0.79896681536
65.24 0.730815893229
65.31 0.560169399614
65.38 0.558416446989
65.45 0.594483329186
65.52 0.50355894772
65.59 0.567163641861
65.66 0.648068390998
65.73 0.637202964194
65.8 0.516422439087
65.87 0.471390003409
65.94 0.607384036415
66.01 0.702807708654
66.08 0.522655275193
66.15 0.41117622403
66.22 0.59211711925
66.29 0.800295634393
66.36 0.568128400868
66.43 0.743552927311
66.5 0.680396729594
66.57 0.621590616436
66.64 0.602471149207
66.71 0.729102254792
66.78 0.810705903002
66.85 0.663706134939
66.92 0.630594751778
66.99 0.636957767514
67.06 0.788143903986
67.13 0.782607436063
67.2 0.538228925992
67.27 0.370409913349
67.34 0.789995766266
67.41 0.793789007976
67.48 0.578054330778
67.55 0.51369013404
67.62 0.602621720155
67.69 0.563947519219
67.76 0.615637340719
67.83 0.72632080543
67.9 0.610363673145
67.97 0.423336884018
68.04 0.619860808627
68.11 0.610816227089
68.18 0.657521233987
68.25 0.486970140169
68.32 0.711087915534
68.39 0.651949920461
68.46 0.760330923085
68.53 0.594477528753
68.6 0.672060409278
68.67 0.555161465492
68.74 0.428437612423
68.81 0.400878303715
68.88 0.621498682227
68.95 0.716949491032
69.02 0.634028904178
69.09 0.505183039916
69.16 0.417518470269
69.23 0.661250630459
69.3 0.63495294632
69.37 0.360389845924
69.44 0.61492242658
69.51 0.796549341282
69.58 0.735365011318
69.65 0.534306373578
69.72 0.45686269586
69.79 0.358375374205
69.86 0.272820736786
69.93 0.53844715812
70.0 0.729220597035
70.07 0.709659605033
70.14 0.528738347302
70.21 0.461912574981
70.28 0.3363368295
70.35 0.775787172662
70.42 0.604549456046
70.49 0.561456766925
70.56 0.570179148693
70.63 0.802275254185
70.7 0.601700576965
70.77 0.723100921233
70.84 0.644173287559
70.91 0.807760602155
70.98 0.616901072466
71.05 0.491384075027
71.12 0.709920317175
71.19 0.601930684424
71.26 0.525881338002
71.33 0.483814695674
71.4 0.70254321472
71.47 0.562452679545
71.54 0.459444102372
71.61 0.39602080647
71.68 0.772596314662
71.75 0.787079640863
71.82 0.640704790422
71.89 0.552307452534
71.96 0.480760355283
72.03 0.597105828213
72.1 0.485683969371
72.17 0.763313080588
72.24 0.609254898718
72.31 0.387848545069
72.38 0.614153789503
72.45 0.57980713542
72.52 0.64362057559
72.59 0.492697297649
72.66 0.721771066318
72.73 0.607367206811
72.8 0.771579201244
72.87 0.630213222152
72.94 0.667836755442
73.01 0.615424444838
73.08 0.578841824955
73.15 0.521816482723
73.22 0.569016470458
73.29 0.706778315114
73.36 0.667493010845
73.43 0.569075032572
73.5 0.494433672368
73.57 0.678805846333
73.64 0.626259755175
73.71 0.511170977838
73.78 0.667331639657
73.85 0.695849202438
73.92 0.787146630427
73.99 0.529494031428
74.06 0.473243516269
74.13 0.460110589344
74.2 0.465910764487
74.27 0.379147470344
74.34 0.734767551524
74.41 0.662242982629
74.48 0.515879835505
74.55 0.435980172678
74.62 0.463047125036
74.69 0.76317246372
74.76 0.58228291865
74.83 0.466956842126
74.9 0.369908479435
74.97 0.771012394198
75.04 0.628162928395
75.11 0.750810119155
75.18 0.695693161173
75.25 0.616565913421
75.32 0.721123971462
75.39 0.782181247149
75.46 0.777306209476
75.53 0.713134097384
75.6 0.573281717674
75.67 0.677447323163
75.74 0.704237992264
75.81 0.812659952067
75.88 0.588349465975
75.95 0.50645197131
76.02 0.536545517853
76.09 0.86193889549
76.16 0.523987442186
76.23 0.370763976292
76.3 0.42170509417
76.37 0.403828361525
76.44 0.338813921811
76.51 0.687387130603
76.58 0.654152000652
76.65 0.430581284807
76.72 0.338690254704
76.79 0.386920631335
76.86 0.56984139931
76.93 0.324295918227
77.0 0.32633713695
77.07 0.193095269087
77.14 0.706001470664
77.21 0.598239021123
77.28 0.484979782113
77.35 0.573617091738
77.42 0.447534158708
77.49 0.359760233315
77.56 0.353034443868
77.63 0.535053561954
77.7 0.729295352552
77.77 0.413001823729
77.84 0.354545960103
77.91 0.453967442404
77.98 0.535353705912
78.05 0.312660511114
78.12 0.592492848443
78.19 0.583589912067
78.26 0.696520266769
78.33 0.450852652798
78.4 0.255760036298
78.47 0.330794809047
78.54 0.238322547968
78.61 0.274333124477
78.68 0.652031989128
78.75 0.660547195765
78.82 0.404219759223
78.89 0.294899148402
78.96 0.3737965366
79.03 0.553604089661
79.1 0.346748268061
79.17 0.338005793472
79.24 0.252669202253
79.31 0.633447613756
79.38 0.628011110341
79.45 0.499355964726
79.52 0.596129312768
79.59 0.736518815624
79.66 0.69234720799
79.73 0.32588445526
79.8 0.375810241842
79.87 0.720296845629
79.94 0.421263861568
80.01 0.431692894945
80.08 0.437394080751
80.15 0.601181563413
80.22 0.428487327169
80.29 0.437447175078
80.36 0.492826545111
80.43 0.924480722861
80.5 0.510297137396
80.57 0.301229367533
80.64 0.340850674478
80.71 0.215584437632
80.78 0.221425076678
80.85 0.689788838785
80.92 0.674431269931
80.99 0.42905136301
81.06 0.325974485926
81.13 0.41064866793
81.2 0.519885703691
81.27 0.449027104956
81.34 0.32853597669
81.41 0.267342655168
81.48 0.67255575944
81.55 0.677074381618
81.62 0.440261160494
81.69 0.668549233551
81.76 0.491137657802
81.83 0.401158705204
81.9 0.366290528181
81.97 0.344349384207
82.04 0.7552507441
82.11 0.425185335096
82.18 0.382220972654
82.25 0.28756656737
82.32 0.756396552257
82.39 0.368035993112
82.46 0.575908864889
82.53 0.589109366988
82.6 0.825617761816
82.67 0.532162244597
82.74 0.293508248545
82.81 0.3431805906
82.88 0.227012691115
82.95 0.193897336441
83.02 0.642243003069
83.09 0.621813929319
83.16 0.419759411844
83.23 0.285140046083
83.3 0.381563281193
83.37 0.546710295081
83.44 0.498752641259
83.51 0.339175684936
83.58 0.423812968546
83.65 0.609840751321
83.72 0.666554083117
83.79 0.32569937768
83.86 0.680232957791
83.93 0.48602293424
84.0 0.31131078472
84.07 0.385204757972
84.14 0.753382884463
84.21 0.811605984523
84.28 0.393700401743
84.35 0.543328093617
84.42 0.423674200835
84.49 0.886391052799
84.56 0.73634618001
84.63 0.472775231844
84.7 0.277413068481
84.77 0.828515198339
84.84 0.637657306584
84.91 0.342992745608
84.98 0.314264198079
85.05 0.325245122562
85.12 0.259823008269
85.19 0.614229150865
85.26 0.645029373819
85.33 0.437467785209
85.4 0.326353900784
85.47 0.278101355772
85.54 0.539025492674
85.61 0.419995156575
85.68 0.375068045683
85.75 0.301845944978
85.82 0.610267399362
85.89 0.731738535223
85.96 0.532065122123
86.03 0.709954205315
86.1 0.539728077413
86.17 0.553789473326
86.24 0.435397151991
86.31 0.451513511351
86.38 0.809812799456
86.45 0.595878533202
86.52 0.47229596631
86.59 0.48054875963
86.66 0.707419407168
86.73 0.623394859765
86.8 0.607084189688
86.87 0.608950215345
86.94 0.729300339711
87.01 0.619996810192
87.08 0.399211431744
87.15 0.241432127809
87.22 0.444415324229
87.29 0.404025172777
87.36 0.569208975021
87.43 0.679004070381
87.5 0.499921364036
87.57 0.37926139586
87.64 0.365071650502
87.71 0.597872961427
87.78 0.569457370413
87.85 0.471487592598
87.92 0.519380161665
87.99 0.61504898758
88.06 0.740307934043
88.13 0.390372986926
88.2 0.719263857541
88.27 0.776823434086
88.34 0.768290406232
88.41 0.475304810107
88.48 0.443590461147
88.55 0.744329808441
88.62 0.505433278141
88.69 0.354807595559
88.76 0.383272540848
88.83 0.672758434366
88.9 0.483466100518
88.97 0.384790919959
89.04 0.365572113039
89.11 0.903306126494
89.18 0.694601742512
89.25 0.393370051517
89.32 0.322628155828
89.39 0.346106568897
89.46 0.278210848118
89.53 0.630697617768
89.6 0.685302578116
89.67 0.582967601224
89.74 0.383105782821
89.81 0.490242080281
89.88 0.543127522075
89.95 0.539032743847
90.02 0.502408636828
90.09 0.388154346537
90.16 0.624208382532
90.23 0.780837244034
90.3 0.465225080181
90.37 0.708874664513
90.44 0.592609314968
90.51 0.590369189198
90.58 0.566050689755
90.65 0.638944087022
90.72 0.744463639586
90.79 0.576990214373
90.86 0.507402726306
90.93 0.428090751326
91.0 0.718503307679
91.07 0.619570551713
91.14 0.541139391355
91.21 0.633492988928
91.28 0.756541750278
91.35 0.721620425806
91.42 0.571121125885
91.49 0.506502902807
91.56 0.490513803888
91.63 0.515484155149
91.7 0.647563878529
91.77 0.726840180718
91.84 0.617576792575
91.91 0.434390234232
91.98 0.395643221796
92.05 0.369968274742
92.12 0.576557411752
92.19 0.360607903508
92.26 0.235968403085
92.33 0.47599623793
92.4 0.788049588133
92.47 0.433339624767
92.54 0.734954750196
92.61 0.535990937755
92.68 0.456296212605
92.75 0.375201019286
92.82 0.713446955244
92.89 0.831931019802
92.96 0.554785003972
93.03 0.431864659103
93.1 0.36371997503
93.17 0.823548347878
93.24 0.652412347537
93.31 0.477386864587
93.38 0.343836621362
93.45 0.795410461772
93.52 0.766536874322
93.59 0.365116231372
93.66 0.303347560255
93.73 0.353160897358
93.8 0.329661966489
93.87 0.548902201115
93.94 0.635310596273
94.01 0.653581338455
94.08 0.408310113134
94.15 0.352333795557
94.22 0.399192148402
94.29 0.620567789857
94.36 0.455774952745
94.43 0.435338665765
94.5 0.469266203769
94.57 0.784201696376
94.64 0.577197990291
94.71 0.682957372933
94.78 0.562153571469
94.85 0.610958698174
94.92 0.479658179386
94.99 0.493458641814
95.06 0.757145568288
95.13 0.606307522311
95.2 0.428240310423
95.27 0.392851669107
95.34 0.675303628012
95.41 0.678037462218
95.48 0.578719494756
95.55 0.680773130402
95.62 0.691323177309
95.69 0.703323209819
95.76 0.440877006877
95.83 0.339339786855
95.9 0.363807959228
95.97 0.406106393746
96.04 0.461860940248
96.11 0.554720255657
96.18 0.708595026971
96.25 0.403183585071
96.32 0.376711364304
96.39 0.353986416878
96.46 0.704928539776
96.53 0.524600990403
96.6 0.548151405492
96.67 0.512150130418
96.74 0.786481450007
96.81 0.560035023334
96.88 0.652825211644
96.95 0.640757826568
97.02 0.871544788461
97.09 0.540236544953
97.16 0.496129576861
97.23 0.658795051355
97.3 0.616448663976
97.37 0.41582832953
97.44 0.413102420644
97.51 0.595617712286
97.58 0.507458940927
97.65 0.465252195245
97.72 0.408722324598
97.79 0.795422782317
97.86 0.773245602705
97.93 0.49983015077
98.0 0.368659650981
98.07 0.374858172706
98.14 0.386251392129
98.21 0.369157834325
98.28 0.671636331337
98.35 0.712504814891
98.42 0.438756952349
98.49 0.438623663808
98.56 0.373108952544
98.63 0.708816986504
98.7 0.532248179797
98.77 0.513934393494
98.84 0.409440465275
98.91 0.883364029843
98.98 0.627498477772
99.05 0.568430056277
99.12 0.546245515453
99.19 0.59309942248
99.26 0.624083601125
99.33 0.591638063676
99.4 0.621442016067
99.47 0.674181051943
99.54 0.535980454984
99.61 0.390404648994
99.68 0.559462963518
99.75 0.608922772694
99.82 0.537161480599
99.89 0.634083554225
99.96 0.69013791457
100.03 0.785508362206
100.1 0.539923687093
100.17 0.603361782573
100.24 0.576930626496
100.31 0.48689871617
100.38 0.386048148037
100.45 0.729026984495
100.52 0.79202374113
100.59 0.575867610478
100.66 0.450574620304
100.73 0.405688699317
100.8 0.597417307426
100.87 0.453113322929
100.94 0.576780126377
101.01 0.813808220286
101.08 0.753467465049
101.15 0.687114407794
101.22 0.752051481417
101.29 0.838386053225
101.36 0.702224605754
101.43 0.574356757005
101.5 0.736217118475
101.57 0.814319849858
101.64 0.752021227086
101.71 0.565601041087
101.78 0.49818378142
101.85 0.697662279222
101.92 0.801113265273
101.99 0.543276308372
102.06 0.448349043679
102.13 0.610081107561
102.2 0.87808700672
102.27 0.610264657247
102.34 0.429757563851
102.41 0.522041441128
102.48 0.543528632274
102.55 0.451062452416
102.62 0.727919525473
102.69 0.717632176466
102.76 0.513759544457
102.83 0.561102669832
102.9 0.632635780779
102.97 0.732330405807
103.04 0.568201618372
103.11 0.533409948632
103.18 0.343265745411
103.25 0.825682148395
103.32 0.689956458149
103.39 0.719931172966
103.46 0.644349175007
103.53 0.516395684494
103.6 0.568796423323
103.67 0.721824906885
103.74 0.660483828625
103.81 0.767386596042
103.88 0.5812390772
103.95 0.696734346515
104.02 0.679169840589
104.09 0.681915504592
104.16 0.51823348711
104.23 0.619018252074
104.3 0.61973700492
104.37 0.837515019403
104.44 0.620612136736
104.51 0.359755099438
104.58 0.385886601041
104.65 0.553125650051
104.72 0.531182209177
104.79 0.791339988193
104.86 0.723516096154
104.93 0.603177140089
105.0 0.537987852603
105.07 0.564811624394
105.14 0.777645954734
105.21 0.6313366545
105.28 0.564298459338
105.35 0.552760904496
105.42 0.709242067441
105.49 0.741640730914
105.56 0.554115798917
105.63 0.713683161631
105.7 0.807399843291
105.77 0.65479333049
105.84 0.505998027337
105.91 0.494830044576
105.98 0.757864318605
106.05 0.512073212071
106.12 0.400771800122
106.19 0.399504712825
106.26 0.778531005215
106.33 0.583592421456
106.4 0.490820577996
106.47 0.589159791294
106.54 0.946822154904
106.61 0.622600640576
106.68 0.563724353055
106.75 0.516033792357
106.82 0.626107600681
106.89 0.494866305505
106.96 0.705078216501
107.03 0.687050642239
107.1 0.625478211944
107.17 0.586791892833
107.24 0.546870679714
107.31 0.683815309614
107.38 0.518749733251
107.45 0.353921335917
107.52 0.304718140889
107.59 0.712363427751
107.66 0.766401827691
107.73 0.522790431862
107.8 0.706327843053
107.87 0.52288457823
107.94 0.449503213516
108.01 0.549236536767
108.08 0.661478566233
108.15 0.743896594755
108.22 0.543773500102
108.29 0.53484741638
108.36 0.487362883629
108.43 0.875994005281
108.5 0.565967000863
108.57 0.653560881367
108.64 0.669771746302
108.71 0.813931944309
108.78 0.681984264895
108.85 0.575162319038
108.92 0.507387596611
108.99 0.657305843894
109.06 0.538875506069
109.13 0.694541203495
109.2 0.69082583886
109.27 0.526181389628
109.34 0.40513732805
109.41 0.653978822434
109.48 0.701333839582
109.55 0.56752389227
109.62 0.524280518368
109.69 0.457267195757
109.76 0.755976891044
109.83 0.809274077585
109.9 0.563071362904
109.97 0.732540529218
110.04 0.56091188415
110.11 0.483141183929
110.18 0.717771460222
110.25 0.837368799413
110.32 0.829658512285
110.39 0.599391212793
110.46 0.590481782866
110.53 0.662185008653
110.6 0.896553650754
110.67 0.652749030683
110.74 0.631414082567
110.81 0.47266910896
110.88 0.904182143679
110.95 0.660407585688
111.02 0.44223544151
111.09 0.452940392614
111.16 0.601371075429
111.23 0.458837202012
111.3 0.641484092404
111.37 0.674452292391
111.44 0.551057001325
111.51 0.426425012627
111.58 0.514509227045
111.65 0.670311459786
111.72 0.620584801594
111.79 0.609919379696
111.86 0.513812758941
111.93 0.648149221412
112.0 0.766438545218
112.07 0.484556664166
112.14 0.766415234711
112.21 0.555391106235
112.28 0.618991993287
112.35 0.428094987185
112.42 0.581893373903
112.49 0.774358957021
112.56 0.538437498742
112.63 0.505929554146
112.7 0.530646501356
112.77 0.759364494525
112.84 0.560423615677
112.91 0.5188920007
112.98 0.631310467808
113.05 0.766332314825
113.12 0.701443988366
113.19 0.404859119747
113.26 0.371986895048
113.33 0.549389801767
113.4 0.454914467465
113.47 0.671500785105
113.54 0.642105295271
113.61 0.616761114566
113.68 0.439073078486
113.75 0.495762172668
113.82 0.656057766739
113.89 0.672409311783
113.96 0.545034440407
114.03 0.449841711668
114.1 0.653633527176
114.17 0.76718213773
114.24 0.413918607108
114.31 0.654065030834
114.38 0.714371090981
114.45 0.798697814897
114.52 0.547772553475
114.59 0.448753662469
114.66 0.745845329074
114.73 0.533514700458
114.8 0.414590630167
114.87 0.576621853982
114.94 0.715161406956
115.01 0.529894510484
115.08 0.435915650764
115.15 0.324241217588
115.22 0.927714815969
115.29 0.76451521973
115.36 0.703702299621
115.43 0.647449730406
115.5 0.720067115084
115.57 0.557352058649
115.64 0.66772239483
115.71 0.703226221416
115.78 0.647243713843
115.85 0.535915427145
115.92 0.510977777627
115.99 0.700520960605
116.06 0.66728254467
116.13 0.560444540746
116.2 0.544486199553
116.27 0.668983995368
116.34 0.826640192508
116.41 0.539399384093
116.48 0.739522166336
116.55 0.568198040216
116.62 0.556293392325
116.69 0.540448312621
116.76 0.675969050012
116.83 0.779491520774
116.9 0.606028715751
116.97 0.540807861059
117.04 0.612651798575
117.11 0.656392149189
117.18 0.687431848072
117.25 0.609553586876
117.32 0.738346895621
117.39 0.808912166477
117.46 0.727331556837
117.53 0.644607229777
117.6 0.644727048058
117.67 0.608505413441
117.74 0.534411151965
117.81 0.610469908597
117.88 0.692681318505
117.95 0.670355854728
118.02 0.490231914978
118.09 0.48045137787
118.16 0.521255572236
118.23 0.658449049066
118.3 0.562846509479
118.37 0.439623231738
118.44 0.561225089834
118.51 0.741957003769
118.58 0.460027999574
118.65 0.731202174758
118.72 0.614771080302
118.79 0.55630483256
118.86 0.840821698874
118.93 0.792593162546
119.0 0.850331760746
119.07 0.748749058043
119.14 0.581510244288
119.21 0.680588729497
119.28 0.823956248858
119.35 0.704077524153
119.42 0.552366586344
119.49 0.503025105499
119.56 0.886855313853
119.63 0.836184247499
119.7 0.666529511592
119.77 0.567923876785
119.84 0.61826051895
119.91 0.620262585382
119.98 0.708371634406
120.05 0.714080436916
120.12 0.610034281648
120.19 0.421568897823
120.26 0.656274882037
120.33 0.657250286976
120.4 0.699177921278
120.47 0.444644364186
120.54 0.717264815278
120.61 0.674734956631
120.68 0.811816531646
120.75 0.604677575296
120.82 0.67840916804
120.89 0.548624435496
120.96 0.455735896579
121.03 0.405305129548
121.1 0.646424691668
121.17 0.807509077615
121.24 0.642513995613
121.31 0.575128508053
121.38 0.490986569546
121.45 0.657220513274
121.52 0.622904135024
121.59 0.426322247823
121.66 0.695697228813
121.73 0.793123611273
121.8 0.739642691647
121.87 0.539445215862
121.94 0.467660630968
122.01 0.353717134361
122.08 0.297241248469
122.15 0.493837011936
122.22 0.790694120205
122.29 0.735756452019
122.36 0.536592347561
122.43 0.514714862898
122.5 0.361834668561
122.57 0.774526901443
122.64 0.635398777782
122.71 0.586797447892
122.78 0.557573880317
122.85 0.812780655717
122.92 0.671689851906
122.99 0.757920072834
123.06 0.711809655869
123.13 0.8269326932
123.2 0.607257687904
123.27 0.564489492924
123.34 0.713809763105
123.41 0.645065415934
123.48 0.559842503593
123.55 0.480349952503
123.62 0.703139058082
123.69 0.571174067169
123.76 0.43763045283
123.83 0.361656620812
123.9 0.822758847707
123.97 0.804782425018
124.04 0.652342240208
124.11 0.605547525172
124.18 0.551759267332
124.25 0.611303651932
124.32 0.568738553061
124.39 0.734479762261
124.46 0.62249138728
124.53 0.417290639474
124.6 0.656648109429
124.67 0.631106089179
124.74 0.712294329743
124.81 0.538897680774
124.88 0.71923779986
124.95 0.59234694845
125.02 0.778847370402
125.09 0.68113690711
125.16 0.72129944911
125.23 0.624091028108
125.3 0.627101093713
125.37 0.521850278531
125.44 0.606678197311
125.51 0.667062763146
125.58 0.775586134404
125.65 0.619125523408
125.72 0.532788519364
125.79 0.639323364015
125.86 0.679341378344
125.93 0.506231570028
126.0 0.626939701024
126.07 0.793432037228
126.14 0.812719060581
126.21 0.564920255402
126.28 0.573999838114
126.35 0.579943302676
126.42 0.563320403351
126.49 0.356897298365
126.56 0.752633504166
126.63 0.701800634058
126.7 0.573956148938
126.77 0.48126864322
126.84 0.497396328982
126.91 0.784997898791
126.98 0.56578356248
127.05 0.52535101449
127.12 0.391736368243
127.19 0.857218878377
127.26 0.680147577843
127.33 0.754045311385
127.4 0.712872384774
127.47 0.675579799966
127.54 0.630607375878
127.61 0.731510050519
127.68 0.794350683676
127.75 0.793204152046
127.82 0.665998779546
127.89 0.674933264157
127.96 0.734498432168
128.03 0.856523757299
128.1 0.731131441347
128.17 0.462336268418
128.24 0.647452858289
128.31 0.868045193363
128.38 0.632850995063
128.45 0.578705400942
128.52 0.484598343554
128.59 0.648103934777
128.66 0.42724702482
128.73 0.838318838524
128.8 0.651890002467
128.87 0.439977897997
128.94 0.491543151843
129.01 0.695485621776
129.08 0.699735219459
129.15 0.575006223387
129.22 0.611226791766
129.29 0.70476201574
129.36 0.757731934405
129.43 0.692243428805
129.5 0.604025446483
129.57 0.630893993924
129.64 0.457595681649
129.71 0.42582395697
129.78 0.555211268775
129.85 0.651566243183
129.92 0.758823592117
129.99 0.552253679003
130.06 0.496911962457
130.13 0.551625061801
130.2 0.741774073842
130.27 0.451549528171
130.34 0.612991542569
130.41 0.6715729857
130.48 0.83082654068
130.55 0.585280370274
130.62 0.531905479936
130.69 0.368985979101
130.76 0.318875594303
130.83 0.287001498176
130.9 0.860284274499
130.97 0.748960295754
131.04 0.541979730691
131.11 0.534474011914
131.18 0.385828595444
131.25 0.673382226305
131.32 0.675403670939
131.39 0.57969858283
131.46 0.535835222812
131.53 0.710035230511
131.6 0.759996964347
131.67 0.637112017803
131.74 0.745329506646
131.81 0.804984241136
131.88 0.776690637558
131.95 0.509322633004
132.02 0.512535811161
132.09 0.847731206227
132.16 0.545371365132
132.23 0.529395437977
132.3 0.491976122685
132.37 0.735444356842
132.44 0.545406492788
132.51 0.447745099188
132.58 0.554976858422
132.65 0.925722464567
132.72 0.676713860539
132.79 0.614657287591
132.86 0.431789994652
132.93 0.648004497696
133.0 0.447079139643
133.07 0.824503028853
133.14 0.639337398382
133.21 0.470248119967
133.28 0.508233372114
133.35 0.698105978209
133.42 0.70370903981
133.49 0.552598536635
133.56 0.603571001643
133.63 0.663347681829
133.7 0.731672485414
133.77 0.73196821391
133.84 0.597589887388
133.91 0.730395153131
133.98 0.64211711495
134.05 0.538737490922
134.12 0.569593963911
134.19 0.621673693159
134.26 0.83022783631
134.33 0.640804985127
134.4 0.594841474946
134.47 0.479947996144
134.54 0.796799928596
134.61 0.546328587117
134.68 0.658012018174
134.75 0.515088809969
134.82 0.854808852783
134.89 0.69899295753
134.96 0.5584748295
135.03 0.586187363998
135.1 0.634139218653
135.17 0.534197051982
135.24 0.72606142387
135.31 0.740216766311
135.38 0.625801947197
135.45 0.599578709961
135.52 0.562013544004
135.59 0.752092675117
135.66 0.621176142222
135.73 0.52005677979
135.8 0.498418604102
135.87 0.671814414501
135.94 0.725698464231
136.01 0.580872665886
136.08 0.834367191613
136.15 0.66217324842
136.22 0.672700593195
136.29 0.86411410346
136.36 0.658741410629
136.43 0.968568416466
136.5 0.631560638998
136.57 0.678077188734
136.64 0.563472825985
136.71 0.874105030854
136.78 0.807393262468
136.85 0.566841640667
136.92 0.345846264024
136.99 0.887347028943
137.06 0.734275212882
137.13 0.429693469444
137.2 0.360201073824
137.27 0.624450045324
137.34 0.411129222308
137.41 0.643803194374
137.48 0.617167930336
137.55 0.672571659406
137.62 0.420243078927
137.69 0.527056553065
137.76 0.612283715178
137.83 0.429452884273
137.9 0.373616814238
137.97 0.525209437629
138.04 0.67034819502
138.11 0.806484570099
138.18 0.41719731397
138.25 0.763599476027
138.32 0.652785327026
138.39 0.612371037879
138.46 0.375006334184
138.53 0.348775084356
138.6 0.838892242836
138.67 0.659843939409
138.74 0.516973744583
138.81 0.537864332214
138.88 0.661279116581
138.95 0.437989352418
139.02 0.657856012324
139.09 0.686675018026
139.16 0.740831134127
139.23 0.594677259194
139.3 0.306584874842
139.37 0.272364848794
139.44 0.411345376348
139.51 0.303805571868
139.58 0.553698098164
139.65 0.654157592391
139.72 0.535501183126
139.79 0.392096924737
139.86 0.332596747886
139.93 0.48176258438
140.0 0.506930800483
140.07 0.334934176998
140.14 0.273724746816
140.21 0.596650202037
140.28 0.786142507906
140.35 0.353759189399
140.42 0.742551884609
140.49 0.717412711146
140.56 0.796877885355
140.63 0.400708128163
140.7 0.309610383817
140.77 0.753184007771
140.84 0.522440910863
140.91 0.445897709288
140.98 0.384105080081
141.05 0.601835145497
141.12 0.485268952552
141.19 0.349492671045
141.26 0.272821627214
141.33 0.85296852307
141.4 0.777811426446
141.47 0.41206094313
141.54 0.251761999834
141.61 0.541210485238
141.68 0.400243128457
141.75 0.617252342702
141.82 0.684266223096
141.89 0.601059732815
141.96 0.39413692418
142.03 0.389594904224
142.1 0.448748460292
142.17 0.723421913107
142.24 0.436624613956
142.31 0.478457883078
142.38 0.555322893596
142.45 0.814307544491
142.52 0.41129675693
142.59 0.750529796084
142.66 0.61443833199
142.73 0.574412932417
142.8 0.470073322787
142.87 0.483720152155
142.94 0.751590033307
143.01 0.589595692708
143.08 0.509606553203
143.15 0.539529248784
143.22 0.712452538898
143.29 0.507402981798
143.36 0.479044102477
143.43 0.672255075407
143.5 0.810069183408
143.57 0.825908294459
143.64 0.46888608694
143.71 0.378995839483
143.78 0.431920666294
143.85 0.444876408073
143.92 0.578073504081
143.99 0.724346023548
144.06 0.634653035087
144.13 0.442041840353
144.2 0.393053324594
144.27 0.414398015565
144.34 0.625912055507
144.41 0.400308080408
144.48 0.334238978767
144.55 0.450590717581
144.62 0.862165743525
144.69 0.445317585023
144.76 0.71512861794
144.83 0.611842103133
144.9 0.432731788446
144.97 0.351996584984
145.04 0.748585720071
145.11 0.836463836978
145.18 0.584006810928
145.25 0.425035540744
145.32 0.38103557458
145.39 0.880970579626
145.46 0.824949354857
145.53 0.519198220821
145.6 0.300788098252
145.67 0.775288221576
145.74 0.743820450473
145.81 0.446576485185
145.88 0.446177714891
145.95 0.487982296785
146.02 0.480896989255
146.09 0.543541772418
146.16 0.648471059446
146.23 0.736298210706
146.3 0.529456380469
146.37 0.597914029911
146.44 0.510261551878
146.51 0.702618749362
146.58 0.491399396974
146.65 0.697933657534
146.72 0.472675465911
146.79 0.826525695297
146.86 0.47549230348
146.93 0.671417264433
147.0 0.601882911166
147.07 0.586931901326
147.14 0.477583945245
147.21 0.464052143046
147.28 0.681200641046
147.35 0.714624295193
147.42 0.45004302945
147.49 0.65020242677
147.56 0.640196229286
147.63 0.555494538861
147.7 0.626536152266
147.77 0.648839859992
147.84 0.703932388107
147.91 0.768388032101
147.98 0.413779644615
148.05 0.337716399161
148.12 0.490900875925
148.19 0.483254775535
148.26 0.474827536654
148.33 0.65487862949
148.4 0.774241503941
148.47 0.498285153666
148.54 0.50021936793
148.61 0.465941087118
148.68 0.738928901928
148.75 0.467918755303
148.82 0.597497151287
148.89 0.451638000587
148.96 0.811427247451
149.03 0.58914909224
149.1 0.615340122274
149.17 0.613542280164
149.24 0.874355118566
149.31 0.555099652808
149.38 0.393462710465
149.45 0.650220746324
149.52 0.623733497047
149.59 0.4465152189
149.66 0.405654855447
149.73 0.580907658207
149.8 0.638541650034
149.87 0.398423923654
149.94 0.434771895398
150.01 0.747996477769
150.08 0.778915842327
150.15 0.440410952317
150.22 0.431891273301
150.29 0.419575552279
150.36 0.366190166521
150.43 0.450028661172
150.5 0.823185442626
150.57 0.794449264479
150.64 0.542402642474
150.71 0.44758948543
150.78 0.623226709179
150.85 0.678546157424
150.92 0.625840642891
150.99 0.511875796238
151.06 0.416542832604
151.13 0.795839633115
151.2 0.610738635861
151.27 0.621241058757
151.34 0.673469777937
151.41 0.50127668217
151.48 0.467128584782
151.55 0.461890232056
151.62 0.613647945186
151.69 0.728314846622
151.76 0.492195881443
151.83 0.490682222614
151.9 0.612094763475
151.97 0.640564024306
152.04 0.461891995206
152.11 0.679845112953
152.18 0.624846250577
152.25 0.806436681743
152.32 0.462239455824
152.39 0.403671724533
152.46 0.407110678164
152.53 0.309001023396
152.6 0.431833339799
152.67 0.667953968208
152.74 0.712805552046
152.81 0.501666978215
152.88 0.423939912784
152.95 0.484249358836
153.02 0.724729803276
153.09 0.564722876249
153.16 0.582788111588
153.23 0.7861597764
153.3 0.728906072151
153.37 0.704251062843
153.44 0.577529925328
153.51 0.8366625113
153.58 0.629517090489
153.65 0.507951803202
153.72 0.709488728774
153.79 0.860943971954
153.86 0.771942274716
153.93 0.52984870907
154.0 0.606944343091
154.07 0.686065013815
154.14 0.780028377045
154.21 0.633094227488
154.28 0.446167328245
154.35 0.571945049211
154.42 0.978472475227
154.49 0.640521239471
154.56 0.597756214113
154.63 0.542850615265
154.7 0.644507647243
154.77 0.557499867245
154.84 0.845968496833
154.91 0.702537897445
154.98 0.521044689937
155.05 0.433854184912
155.12 0.455444880778
155.19 0.698824741174
155.26 0.49438681357
155.33 0.424060498806
155.4 0.324076979069
155.47 0.896565122609
155.54 0.74819173583
155.61 0.664371950295
155.68 0.709655195894
155.75 0.63319484211
155.82 0.609743661733
155.89 0.682987389479
155.96 0.709548648033
156.03 0.781558023112
156.1 0.600955502092
156.17 0.538885915482
156.24 0.604450685522
156.31 0.68135150543
156.38 0.539875420558
156.45 0.669901764036
156.52 0.63617086274
156.59 0.884704144922
156.66 0.696604583009
156.73 0.649764701495
156.8 0.469028456839
156.87 0.678833662104
156.94 0.520996568855
157.01 0.826973459393
157.08 0.657927304783
157.15 0.478029309991
157.22 0.645026935259
157.29 0.605006214229
157.36 0.719019505756
157.43 0.606321421343
157.5 0.609285350359
157.57 0.685825886974
157.64 0.762920039898
157.71 0.764873920743
157.78 0.650703038555
157.85 0.804422616029
157.92 0.813471328446
157.99 0.7631982267
158.06 0.652047252894
158.13 0.597284509633
158.2 0.872085569447
158.27 0.638834884318
158.34 0.583568470954
158.41 0.592244622536
158.48 0.764873985248
158.55 0.638839999222
158.62 0.487252949863
158.69 0.539996401202
158.76 0.981849635146
158.83 0.702528265893
158.9 0.594853846083
158.97 0.409473283382
159.04 0.627447102326
159.11 0.514477731932
159.18 0.862242087648
159.25 0.663015224425
159.32 0.512700539163
159.39 0.407810358893
159.46 0.412798207782
159.53 0.624197498815
159.6 0.551710842695
159.67 0.412491606953
159.74 0.383751749464
159.81 0.833396487984
159.88 0.829034549596
159.95 0.625364004375
160.02 0.731426796722
160.09 0.631322016817
160.16 0.594195385616
160.23 0.593527413753
160.3 0.753048717031
160.37 0.835755980497
160.44 0.570324917145
160.51 0.545517539589
160.58 0.506380968494
160.65 0.802397054428
160.72 0.477660718139
160.79 0.824004894837
160.86 0.696724325401
160.93 0.876156388319
161.0 0.733661840474
161.07 0.545479867129
161.14 0.574170028844
161.21 0.590041587411
161.28 0.492590899036
161.35 0.788933526844
161.42 0.750419979946
161.49 0.539575929244
161.56 0.417059918581
161.63 0.582963680303
161.7 0.664705601683
161.77 0.502836755847
161.84 0.514003268894
161.91 0.707377701218
161.98 0.698462383586
162.05 0.758223366177
162.12 0.501847995746
162.19 0.846492343236
162.26 0.637303864664
162.33 0.581468576284
162.4 0.590174476271
162.47 0.831924404829
162.54 0.863386276844
162.61 0.656644903128
162.68 0.620314879082
162.75 0.56238197396
162.82 0.957046645227
162.89 0.746134350265
162.96 0.40817451125
163.03 0.381173766802
163.1 0.986252444707
163.17 0.754112552647
163.24 0.539282815117
163.31 0.471104739977
163.38 0.578863914917
163.45 0.543697732734
163.52 0.815550910217
163.59 0.679629154959
163.66 0.519918500297
163.73 0.407737327316
163.8 0.415163027688
163.87 0.637903252033
163.94 0.599846508852
164.01 0.410785845771
164.08 0.340424815681
164.15 0.710636078739
164.22 0.826077235553
164.29 0.627128211307
164.36 0.728585323122
164.43 0.562375355192
164.5 0.590544733882
164.57 0.551373428487
164.64 0.7609307114
164.71 0.876041480043
164.78 0.65736611983
164.85 0.562560329058
164.92 0.555162374893
164.99 0.719002127223
165.06 0.509193641033
165.13 0.606733125617
165.2 0.619671944196
165.27 0.900431150523
165.34 0.724489411622
165.41 0.560205525208
165.48 0.489102295164
165.55 0.542014482698
165.62 0.425895813535
165.69 0.73681412926
165.76 0.721489427842
165.83 0.61441227431
165.9 0.427028907791
165.97 0.693279572602
166.04 0.614872278003
166.11 0.641404882215
166.18 0.582107362583
166.25 0.705419836213
166.32 0.721655501604
166.39 0.816358345439
166.46 0.531117224341
166.53 0.804470601776
166.6 0.783855930607
166.67 0.797442451153
166.74 0.631050286887
166.81 0.608395779436
166.88 0.834818893073
166.95 0.641187992054
167.02 0.561332313105
167.09 0.602008170673
167.16 0.790668682283
167.23 0.609773430375
167.3 0.499549850466
167.37 0.457693465619
167.44 0.982955592835
167.51 0.792883136141
167.58 0.615215227033
167.65 0.447170256783
167.72 0.584353650523
167.79 0.541779286896
167.86 0.686497230828
167.93 0.738362925863
168.0 0.533304095153
168.07 0.457851144817
168.14 0.413222006199
168.21 0.495074487427
168.28 0.696302368552
168.35 0.419460093809
168.42 0.374134092466
168.49 0.609508464666
168.56 0.872217190964
168.63 0.642855277619
168.7 0.7691293821
168.77 0.583637680265
168.84 0.622428962426
168.91 0.552353229917
168.98 0.733551972478
169.05 0.90268196017
169.12 0.646626301622
169.19 0.560190451165
169.26 0.518680871763
169.33 0.780557861985
169.4 0.543707240335
169.47 0.437089477062
169.54 0.686369092607
169.61 0.84324307743
169.68 0.836586692075
169.75 0.516956514034
169.82 0.506747191351
169.89 0.482290817155
169.96 0.386022210514
170.03 0.673960057463
170.1 0.763453778405
170.17 0.673644463813
170.24 0.399101739557
170.31 0.638217354469
170.38 0.554466198961
170.45 0.732999972599
170.52 0.542874071225
170.59 0.833885187759
170.66 0.809895796496
170.73 0.79156604572
170.8 0.674483901337
170.87 0.924483760942
170.94 0.790520834478
171.01 0.646380926603
171.08 0.641022452042
171.15 0.750586762004
171.22 0.955272609431
171.29 0.784195013103
171.36 0.596206580204
171.43 0.549628670586
171.5 0.882711549412
171.57 0.840038645456
171.64 0.602969653813
171.71 0.629774808819
171.78 0.883886127009
171.85 0.792108728986
171.92 0.701827216636
171.99 0.581912606652
172.06 0.742420844906
172.13 0.642062970828
172.2 0.683671425734
172.27 0.672614917281
172.34 0.71856236307
172.41 0.507284711649
172.48 0.584932803411
172.55 0.640457118503
172.62 0.744494334072
172.69 0.579418687266
172.76 0.460337918008
172.83 0.381909055815
172.9 0.939074963058
172.97 0.614671050023
173.04 0.75486639647
173.11 0.57011831118
173.18 0.526898260433
173.25 0.525648069775
173.32 0.711472719761
173.39 0.755338743476
173.46 0.695838160619
173.53 0.542540355331
173.6 0.671444973959
173.67 0.665188951298
173.74 0.644680024834
173.81 0.507974975844
173.88 0.665078442043
173.95 0.71551062693
174.02 0.832644533792
174.09 0.576795713935
174.16 0.415102615152
174.23 0.517037384922
174.3 0.500936417073
174.37 0.619366799166
174.44 0.770110262415
174.51 0.715869679561
174.58 0.580336531823
174.65 0.561473070367
174.72 0.606041984906
174.79 0.762924012676
174.86 0.608364694123
174.93 0.567213405935
175.0 0.564748347056
175.07 0.780464434031
175.14 0.673362296644
175.21 0.642884103976
175.28 0.637328150341
175.35 0.863611555246
175.42 0.643732466022
175.49 0.510451292824
175.56 0.660944339509
175.63 0.671281706817
175.7 0.475017598863
175.77 0.472976678636
175.84 0.644730555385
175.91 0.670824121446
175.98 0.482238013735
176.05 0.457402322071
176.12 0.833804620425
176.19 0.871752527699
176.26 0.551684492842
176.33 0.567997579977
176.4 0.594299314048
176.47 0.646342204348
176.54 0.464415895723
176.61 0.731392124399
176.68 0.722475424326
176.75 0.611944706042
176.82 0.55323200313
176.89 0.627975791699
176.96 0.682763012889
177.03 0.495063955328
177.1 0.547592344161
177.17 0.322849336235
177.24 0.844317069495
177.31 0.673296342962
177.38 0.663162774998
177.45 0.6870984585
177.52 0.548485204863
177.59 0.434493104016
177.66 0.571031176167
177.73 0.749213869292
177.8 0.708010456888
177.87 0.505550756517
177.94 0.509619423942
178.01 0.615708891199
178.08 0.83989882289
178.15 0.583661561203
178.22 0.713699209581
178.29 0.70936210074
178.36 0.79714853387
178.43 0.672855091388
178.5 0.594707103725
178.57 0.589928758488
178.64 0.778097743466
178.71 0.575903504611
178.78 0.739474499323
178.85 0.722466679408
178.92 0.524669850626
178.99 0.552906264413
179.06 0.779248293408
179.13 0.759195730505
179.2 0.572061310837
179.27 0.493969349337
179.34 0.360086810603
179.41 0.860661105344
179.48 0.726690286445
179.55 0.650663376544
179.62 0.700999106779
179.69 0.651754853387
179.76 0.668186450985
179.83 0.776237916658
179.9 0.817028972144
179.97 0.774174781253
180.04 0.638394295506
180.11 0.71291401104
180.18 0.785574116048
180.25 0.842226730489
180.32 0.64129375826
180.39 0.596069452955
180.46 0.641503078515
180.53 0.828344069118
180.6 0.622193573108
180.67 0.462732328218
180.74 0.515807552697
180.81 0.607416139902
180.88 0.3531186741
180.95 0.706299206418
181.02 0.735163852903
181.09 0.505055652993
181.16 0.461931322042
181.23 0.574179512413
181.3 0.72023821395
181.37 0.590975812563
181.44 0.515007094185
181.51 0.476033372844
181.58 0.78011644725
181.65 0.747794230349
181.72 0.637797146857
181.79 0.67401447352
181.86 0.620413315696
181.93 0.543140356135
182.0 0.482230660111
182.07 0.652179435988
182.14 0.795014193278
182.21 0.501407213418
182.28 0.475221044061
182.35 0.583869152458
182.42 0.81646150613
182.49 0.598417361044
182.56 0.608588687475
182.63 0.674510062732
182.7 0.831683445273
182.77 0.583330103001
182.84 0.390658583003
182.91 0.437849779021
182.98 0.57567760898
183.05 0.478544204046
183.12 0.71479531564
183.19 0.690290911429
183.26 0.558740425086
183.33 0.451561055678
183.4 0.59317618905
183.47 0.732963662343
183.54 0.641403015351
183.61 0.577269776027
183.68 0.438031947531
183.75 0.737169088956
183.82 0.747432381216
183.89 0.444178705512
183.96 0.760556971758
184.03 0.850414933594
184.1 0.786831040571
184.17 0.553798358639
184.24 0.474864951092
184.31 0.804722386867
184.38 0.55123226269
184.45 0.495434301476
184.52 0.535467254513
184.59 0.782250515907
184.66 0.526416727089
184.73 0.437376196293
184.8 0.52352877793
184.87 1.0
184.94 0.695698637814
185.01 0.715970710307
185.08 0.683245120457
185.15 0.716045496179
185.22 0.540304142892
185.29 0.715760653931
185.36 0.743194084639
185.43 0.618600333773
185.5 0.547654612178
185.57 0.611647256136
185.64 0.761440052925
185.71 0.628319397167
185.78 0.555251124303
185.85 0.540899332347
185.92 0.779182749525
185.99 0.833401674983
186.06 0.506980322978
186.13 0.77343826537
186.2 0.578341963204
186.27 0.544627833331
186.34 0.611245952421
186.41 0.677272571517
186.48 0.779244258654
186.55 0.599676961912
186.62 0.506875721664
186.69 0.563173112063
186.76 0.743561578633
186.83 0.724202273737
186.9 0.708503870622
186.97 0.731196222547
187.04 0.793568233574
187.11 0.742051764836
187.18 0.669880169881
187.25 0.610944337485
187.32 0.672951804062
187.39 0.509054374986
187.46 0.702828013964
187.53 0.796109142033
187.6 0.704975743868
187.67 0.538894685696
187.74 0.620615909674
187.81 0.653051437391
187.88 0.633542045971
187.95 0.506200216574
188.02 0.518364149899
188.09 0.665975953463
188.16 0.712437937895
188.23 0.447764720235
188.3 0.842254644915
188.37 0.577448012233
188.44 0.67243306371
188.51 0.849437768035
188.58 0.791242202958
188.65 0.93693145763
188.72 0.738566779595
188.79 0.664118204743
188.86 0.588832931952
188.93 0.860496454496
189.0 0.64837838532
189.07 0.604884634064
189.14 0.49569947588
189.21 0.993765404539
189.28 0.800129048381
189.35 0.690311985746
189.42 0.561560331092
189.49 0.677181540384
189.56 0.611731161311
189.63 0.820759337463
189.7 0.757401863703
189.77 0.553900283608
189.84 0.408456912409
189.91 0.75560042826
189.98 0.726753336117
190.05 0.645395165374
190.12 0.445670929552
190.19 0.792978132463
190.26 0.750981599994
190.33 0.787451965179
190.4 0.554702401554
190.47 0.753532604192
190.54 0.570290834225
190.61 0.472428660389
190.68 0.463507315922
190.75 0.631033662183
190.82 0.819817022566
190.89 0.611274845813
190.96 0.613553808936
191.03 0.434333359378
191.1 0.761537473895
191.17 0.61740518399
191.24 0.540728349844
191.31 0.644058857382
191.38 0.872881331708
191.45 0.713321493367
191.52 0.580248906832
191.59 0.362788761398
191.66 0.329978499896
191.73 0.279667499288
191.8 0.711982017018
191.87 0.757398424676
191.94 0.676101114213
192.01 0.613568244249
192.08 0.501284742824
192.15 0.556341236412
192.22 0.722319805509
192.29 0.637513086263
192.36 0.603280724492
192.43 0.646459509445
192.5 0.832013400878
192.57 0.615824812591
192.64 0.826801607964
192.71 0.768873085419
192.78 0.811220057142
192.85 0.574133100094
192.92 0.553368912831
192.99 0.829287125196
193.06 0.614884269697
193.13 0.524760468165
193.2 0.484421972947
193.27 0.76175711376
193.34 0.608617587191
193.41 0.565237438923
193.48 0.408473382806
193.55 0.978005035697
193.62 0.783094344862
193.69 0.684233749018
193.76 0.618836361822
193.83 0.649260199145
193.9 0.597151778875
193.97 0.745775646723
194.04 0.717592761094
194.11 0.615139519112
194.18 0.414061353921
194.25 0.746333319289
194.32 0.660861993848
194.39 0.704042554598
194.46 0.530563300681
194.53 0.801043151621
194.6 0.684566195039
194.67 0.816052562944
194.74 0.658748422753
194.81 0.774250591624
194.88 0.627952183961
194.95 0.624341490204
195.02 0.532981877676
195.09 0.707925154094
195.16 0.774211296409
195.23 0.714387324858
195.3 0.601045391099
195.37 0.532609047435
195.44 0.771606034256
195.51 0.595379010422
195.58 0.464304904573
195.65 0.73002699511
195.72 0.877989867804
195.79 0.826663836925
195.86 0.600032067061
195.93 0.617859989301
196.0 0.632077041976
196.07 0.544251426198
196.14 0.569260205013
196.21 0.721791900321
196.28 0.729519684874
196.35 0.552136683785
196.42 0.527875573975
196.49 0.562478571535
196.56 0.830235340446
196.63 0.564408924325
196.7 0.476234212526
196.77 0.489874859487
196.84 0.933187806713
196.91 0.648480999612
196.98 0.770424612754
197.05 0.734672581763
197.12 0.704191724133
197.19 0.639934498969
197.26 0.775076662602
197.33 0.861334838431
197.4 0.736848599213
197.47 0.675472946021
197.54 0.731315637353
197.61 0.888040544972
197.68 0.84950993448
197.75 0.553979445734
197.82 0.477067127409
197.89 0.840171376214
197.96 0.882509541042
198.03 0.646262435112
198.1 0.612584968378
198.17 0.5885431114
198.24 0.641474941481
198.31 0.588937486468
198.38 0.819743047438
198.45 0.710282541958
198.52 0.440437803035
198.59 0.626969182554
198.66 0.645553083622
198.73 0.782878656274
198.8 0.570618395538
198.87 0.694999752653
198.94 0.713890043326
199.01 0.803577672773
199.08 0.683438985959
199.15 0.755215957943
199.22 0.617533185611
199.29 0.496464940806
199.36 0.404625707332
199.43 0.663995903634
199.5 0.768504579575
199.57 0.706122456367
199.64 0.58966313634
199.71 0.46911483346
199.78 0.684726384891
199.85 0.706294417835
199.92 0.401099237484
199.99 0.679573906656
200.06 0.846466441127
200.13 0.766559761117
200.2 0.60129575454
200.27 0.570432911952
200.34 0.373138396129
200.41 0.29627369549
200.48 0.439742153266
200.55 0.858947250623
200.62 0.797525040923
200.69 0.552911709434
200.76 0.547620183963
200.83 0.377608529165
200.9 0.820993983071
200.97 0.672996058609
201.04 0.610038057115
201.11 0.576297683633
201.18 0.822226685158
201.25 0.709093583435
201.32 0.797454390989
201.39 0.728972044806
201.46 0.859879521639
201.53 0.750123431852
201.6 0.558791548834
201.67 0.70875665618
201.74 0.716335772065
201.81 0.61300591717
201.88 0.544806868899
201.95 0.661094358998
202.02 0.675588909151
202.09 0.537946782855
202.16 0.459488006566
202.23 0.722562093118
202.3 0.922740069279
202.37 0.689509514916
202.44 0.610955622148
202.51 0.500093817516
202.58 0.658829215223
202.65 0.473611623698
202.72 0.824273187005
202.79 0.690774869419
202.86 0.447955198567
202.93 0.576891513413
203.0 0.646910481108
203.07 0.761880226878
203.14 0.51385900304
203.21 0.701211104643
203.28 0.61974258654
203.35 0.834444641182
203.42 0.713921709188
203.49 0.695331595359
203.56 0.726046903815
203.63 0.640514221023
203.7 0.545410912045
203.77 0.618066784988
203.84 0.689718604975
203.91 0.777125590362
203.98 0.662115159346
204.05 0.546393422704
204.12 0.616192477334
204.19 0.75601712728
204.26 0.547044764804
204.33 0.690180123914
204.4 0.694947512075
204.47 0.883098570856
204.54 0.577332651154
204.61 0.562423901251
204.68 0.509034082323
204.75 0.500389669963
204.82 0.402125804115
204.89 0.78962388084
204.96 0.736013511382
205.03 0.579138612099
205.1 0.526517687006
205.17 0.515630931658
205.24 0.826889889393
205.31 0.651167777709
205.38 0.513401436642
205.45 0.350251976331
205.52 0.833182283021
205.59 0.764076600232
205.66 0.749072558041
205.73 0.800080231652
205.8 0.686306025228
205.87 0.776753804856
205.94 0.817327691923
206.01 0.792404481512
206.08 0.872445461914
206.15 0.678684034707
206.22 0.667066706833
206.29 0.719778781952
206.36 0.970433150749
206.43 0.65801367002
206.5 0.500713080159
206.57 0.571218918709
206.64 0.751941813262
206.71 0.613921813915
206.78 0.608757829674
206.85 0.440223409615
206.92 0.577868224904
206.99 0.494674037461
207.06 0.74039548947
207.13 0.404294045494
207.2 0.25105940624
207.27 0.327040491961
207.34 0.705398080161
207.41 0.594968827718
207.48 0.463388805458
207.55 0.479096250723
207.62 0.720597982465
207.69 0.596333683808
207.76 0.523751999745
207.83 0.512013598897
207.9 0.24958641242
207.97 0.306073929533
208.04 0.225557311082
208.11 0.469186155009
208.18 0.505504998107
208.25 0.58324751576
208.32 0.491560341919
208.39 0.467424905209
208.46 0.270421298944
208.53 0.666384995305
208.6 0.382189705208
208.67 0.326737833555
208.74 0.356527742726
208.81 0.65275703695
208.88 0.50102352855
208.95 0.481315075776
209.02 0.284231170317
209.09 0.206964004864
209.16 0.168867843781
209.23 0.674032103751
209.3 0.549557560261
209.37 0.473469671187
209.44 0.530134470837
209.51 0.269274228503
209.58 0.544599282703
209.65 0.587572973142
209.72 0.53696491472
209.79 0.486940347495
209.86 0.547560947704
209.93 0.581248339427
210.0 0.54613268906
210.07 0.645321092856
210.14 0.531065693323
210.21 0.532295906257
210.28 0.543769638627
210.35 0.508864263449
210.42 0.645898884805
210.49 0.506485744352
210.56 0.49186290167
210.63 0.459209153208
210.7 0.606466628218
210.77 0.421341412322
210.84 0.376921200602
210.91 0.366103410456
210.98 0.772458522122
211.05 0.604085267086
211.12 0.62446009047
211.19 0.44513154745
211.26 0.653334956645
211.33 0.425892045657
211.4 0.691799858829
211.47 0.589021263897
211.54 0.451288585832
211.61 0.444679211053
211.68 0.643918279723
211.75 0.588695984307
211.82 0.426180511595
211.89 0.508063721459
211.96 0.747537659205
212.03 0.540420834555
212.1 0.564042711587
212.17 0.522576921282
212.24 0.451482642321
212.31 0.541319187076
212.38 0.473993555534
212.45 0.456470836505
212.52 0.58677746258
212.59 0.706617381552
212.66 0.572568939805
212.73 0.479210555683
212.8 0.38760053671
212.87 0.690132378482
212.94 0.506213072135
213.01 0.446674419668
213.08 0.383995238646
213.15 0.685886837055
213.22 0.555336308204
213.29 0.477882472772
213.36 0.524889714363
213.43 0.550459418844
213.5 0.369411700034
213.57 0.436423593406
213.64 0.613849822014
213.71 0.534198491339
213.78 0.428282749964
213.85 0.440691433489
213.92 0.549802347141
213.99 0.523436345384
214.06 0.421839614638
214.13 0.382981234139
214.2 0.563525951932
214.27 0.661727936796
214.34 0.518371229058
214.41 0.631035090157
214.48 0.649729179217
214.55 0.616612163844
214.62 0.60519690758
214.69 0.467870739201
214.76 0.772746964028
214.83 0.637260358886
214.9 0.64657086739
214.97 0.574750825989
215.04 0.684741971184
215.11 0.574598023911
215.18 0.369823838138
215.25 0.287054455903
215.32 0.79672523379
215.39 0.626500404852
215.46 0.563957469504
215.53 0.4637623402
215.6 0.608995737236
215.67 0.496483466524
215.74 0.589228414997
215.81 0.703833821217
215.88 0.640914698815
215.95 0.422597620961
216.02 0.655208113319
216.09 0.539790931039
216.16 0.556383602594
216.23 0.40958790328
216.3 0.732150549375
216.37 0.661779379277
216.44 0.673528180685
216.51 0.51462766162
216.58 0.37910901117
216.65 0.300861974724
216.72 0.227114952524
216.79 0.297269692853
216.86 0.551755207281
216.93 0.738202734747
217.0 0.639277587897
217.07 0.44153728741
217.14 0.24887725824
217.21 0.654250054028
217.28 0.425015288556
217.35 0.256896441834
217.42 0.231245273267
217.49 0.783850241477
217.56 0.609435156095
217.63 0.535851764039
217.7 0.401389580404
217.77 0.284548463876
217.84 0.193887579672
217.91 0.549064016252
217.98 0.688970058189
218.05 0.695063989984
218.12 0.534734020821
218.19 0.360494644548
218.26 0.259397679428
218.33 0.695933380813
218.4 0.545102155974
218.47 0.561235872366
218.54 0.503321189407
218.61 0.774934541871
218.68 0.514336590167
218.75 0.60683356443
218.82 0.567882487039
218.89 0.551048882489
218.96 0.493574200203
219.03 0.430309473928
219.1 0.721008063983
219.17 0.635968167577
219.24 0.479323743813
219.31 0.439269964362
219.38 0.578420902723
219.45 0.388402615447
219.52 0.310156409983
219.59 0.246641760421
219.66 0.758657830763
219.73 0.686690298233
219.8 0.578790639231
219.87 0.489223800706
219.94 0.536846773582
220.01 0.535898574774
220.08 0.526444583334
220.15 0.639483393236
220.22 0.690482732993
220.29 0.504569659919
220.36 0.64647112296
220.43 0.507963598849
220.5 0.609029923871
220.57 0.407423656181
220.64 0.712880559261
220.71 0.604535310376
220.78 0.712910307667
220.85 0.588757695806
220.92 0.48222792938
220.99 0.507463625795
221.06 0.526558821259
221.13 0.446906444583
221.2 0.583050129018
221.27 0.716793268899
221.34 0.690007127829
221.41 0.51417974954
221.48 0.458175883067
221.55 0.603707191665
221.62 0.559165441518
221.69 0.453161445275
221.76 0.329346236239
221.83 0.636975481222
221.9 0.660515402156
221.97 0.466224272461
222.04 0.377163288371
222.11 0.40010240155
222.18 0.391498222897
222.25 0.357130042959
222.32 0.496978681352
222.39 0.759165381313
222.46 0.593843188272
222.53 0.442046720003
222.6 0.368339777202
222.67 0.591969889939
222.74 0.454875044504
222.81 0.397420002237
222.88 0.407058488178
222.95 0.798129780981
223.02 0.594310465906
223.09 0.760485734951
223.16 0.690545006069
223.23 0.637799966125
223.3 0.727255661724
223.37 0.783957253524
223.44 0.840689600522
223.51 0.710611168244
223.58 0.617207873136
223.65 0.694206315119
223.72 0.74440160556
223.79 0.799183945836
223.86 0.539959667233
223.93 0.440680284161
224.0 0.822718966883
224.07 0.84753337933
224.14 0.68799702351
224.21 0.635792954274
224.28 0.579495589172
224.35 0.621419368323
224.42 0.591685774958
224.49 0.792481017886
224.56 0.64790644432
224.63 0.423519361143
224.7 0.566783834911
224.77 0.674634849199
224.84 0.780976631504
224.91 0.503045490493
224.98 0.702330535121
225.05 0.663102759614
225.12 0.830321749952
225.19 0.647084462483
225.26 0.675753895174
225.33 0.634536283979
225.4 0.500322857473
225.47 0.414564891219
225.54 0.661429900017
225.61 0.731335725115
225.68 0.668971423125
225.75 0.556984001813
225.82 0.510978477069
225.89 0.621816584161
225.96 0.702015979882
226.03 0.458423069298
226.1 0.674398474591
226.17 0.800032548196
226.24 0.797576334156
226.31 0.566996872451
226.38 0.515547096047
226.45 0.376656213391
226.52 0.335736384747
226.59 0.391818362286
226.66 0.828552170093
226.73 0.735166887189
226.8 0.667223032681
226.87 0.578364417432
226.94 0.425117280559
227.01 0.821452915468
227.08 0.657273765703
227.15 0.596120204848
227.22 0.555922607287
227.29 0.853575528409
227.36 0.740550827498
227.43 0.719601333724
227.5 0.723955531456
227.57 0.862531058246
227.64 0.713405144315
227.71 0.653610561963
227.78 0.689288545733
227.85 0.774898614854
227.92 0.570116833878
227.99 0.477991785514
228.06 0.653856914682
228.13 0.666338711997
228.2 0.576446318152
228.27 0.47898880864
228.34 0.775014622252
228.41 0.884971047061
228.48 0.673811043501
228.55 0.643751888493
228.62 0.50866018711
228.69 0.67873200654
228.76 0.542115278188
228.83 0.822733325042
228.9 0.666092063312
228.97 0.441935898338
229.04 0.64538598536
229.11 0.631926273717
229.18 0.715417908536
229.25 0.543206543807
229.32 0.691306606991
229.39 0.634455088033
229.46 0.805633157324
229.53 0.742143160235
229.6 0.68559909459
229.67 0.657832948456
229.74 0.643351338606
229.81 0.535035248724
229.88 0.617704920678
229.95 0.627751415108
230.02 0.777500699796
230.09 0.623553216903
230.16 0.566179037936
230.23 0.57636621627
230.3 0.76966549719
230.37 0.53337012093
230.44 0.696907722045
230.51 0.716335923843
230.58 0.89094681748
230.65 0.624857360696
230.72 0.598085334941
230.79 0.595550429285
230.86 0.62973090336
230.93 0.399616031561
231.0 0.759226906884
231.07 0.723192720108
231.14 0.582268826101
231.21 0.508890059313
231.28 0.570243496063
231.35 0.775936843062
231.42 0.607127694201
231.49 0.542089199006
231.56 0.416051650001
231.63 0.808760592532
231.7 0.759930064585
231.77 0.632944768311
231.84 0.743118001068
231.91 0.707371961496
231.98 0.631271667135
232.05 0.690868143066
232.12 0.856839640592
232.19 0.876888288899
232.26 0.674801996788
232.33 0.658641301931
232.4 0.626927697947
232.47 0.936338957168
232.54 0.666805940303
232.61 0.496783648427
232.68 0.63790645707
232.75 0.936432424331
232.82 0.680117589123
232.89 0.620330438813
232.96 0.490356444688
233.03 0.661776539772
233.1 0.473796137172
233.17 0.8803852203
233.24 0.692753598783
233.31 0.476497244336
233.38 0.483784345217
233.45 0.700294192253
233.52 0.658425818243
233.59 0.528806673774
233.66 0.520352811841
233.73 0.696205548369
233.8 0.692570251467
233.87 0.687839682017
233.94 0.50167077139
234.01 0.615968723032
234.08 0.442663139346
234.15 0.343936752826
234.22 0.487349040249
234.29 0.531670199391
234.36 0.731180547718
234.43 0.497647011156
234.5 0.405642636087
234.57 0.316358178483
234.64 0.614386542951
234.71 0.344817499147
234.78 0.408575692278
234.85 0.484604150311
234.92 0.739100505454
234.99 0.500622967281
235.06 0.450688831667
235.13 0.324425629876
235.2 0.257575287295
235.27 0.229718512239
235.34 0.581350354197
235.41 0.574791769256
235.48 0.429437055136
235.55 0.384846058224
235.62 0.246118753854
235.69 0.466759068351
235.76 0.509288944705
235.83 0.385425727156
235.9 0.403763377954
235.97 0.465051482044
236.04 0.545879618918
236.11 0.337893001228
236.18 0.531627792735
236.25 0.484700241962
236.32 0.505841167738
236.39 0.307243724872
236.46 0.280296404867
236.53 0.532855410273
236.6 0.323125926842
236.67 0.276610485083
236.74 0.257686856464
236.81 0.419838143934
236.88 0.292485991132
236.95 0.227933294229
237.02 0.227656221728
237.09 0.553343856882
237.16 0.399961877013
237.23 0.324719244869
237.3 0.217025448122
237.37 0.311926490708
237.44 0.229338203157
237.51 0.391228452162
237.58 0.343742105669
237.65 0.240900340909
237.72 0.211935162014
237.79 0.314133690863
237.86 0.327335718326
237.93 0.256969903447
238.0 0.231382656008
238.07 0.324807275865
238.14 0.32079326987
238.21 0.327361162572
238.28 0.216176891295
238.35 0.307205712178
238.42 0.269795250578
238.49 0.224732644047
238.56 0.188516548046
238.63 0.249948396888
238.7 0.325741303706
238.77 0.260149498285
238.84 0.198117742236
238.91 0.155015029471
238.98 0.273674614682
239.05 0.190174099609
239.12 0.195693377456
239.19 0.191953937103
239.26 0.297471541856
239.33 0.219416410451
239.4 0.161809333848
239.47 0.140668185464
239.54 0.139744077553
239.61 0.13135286561
239.68 0.203105348282
239.75 0.216485051639
239.82 0.179453342135
239.89 0.158309175908
239.96 0.146509045853
240.03 0.18436730064
240.1 0.180140405088
240.17 0.121680024814
240.24 0.124776692177
240.31 0.183900564345
240.38 0.205767936826
240.45 0.15234070599
240.52 0.214241966205
240.59 0.170101870126
240.66 0.173958552336
240.73 0.199298094971
240.8 0.158081482977
240.87 0.202796254506
240.94 0.146468029227
241.01 0.147304303453
241.08 0.154928469453
241.15 0.190879926065
241.22 0.16203115678
241.29 0.105967152236
241.36 0.0853868991624
241.43 0.189330729781
241.5 0.163927202778
241.57 0.132027991256
241.64 0.0974867342854
241.71 0.115609221393
241.78 0.104940655169
241.85 0.139293151423
241.92 0.125476981281
241.99 0.100501878116
242.06 0.0695199419853
242.13 0.107944261374
242.2 0.103768032972
242.27 0.109122563846
242.34 0.067408789213
242.41 0.113398198973
242.48 0.104812336079
242.55 0.118542979555
242.62 0.077298687126
242.69 0.090393261122
242.76 0.0742077620147
242.83 0.0603892696752
242.9 0.0522756728386
242.97 0.0831271308434
243.04 0.110800339771
243.11 0.0756587202604
243.18 0.0718021278529
243.25 0.0522898716312
243.32 0.0827327254196
243.39 0.0704506598105
243.46 0.0427465919711
243.53 0.0662501722928
243.6 0.0915072491097
243.67 0.070557900789
243.74 0.0572500970011
243.81 0.0397002919978
243.88 0.0302792249095
243.95 0.0242561112686
244.02 0.0489125611995
244.09 0.067921329451
244.16 0.0607045648301
244.23 0.0435597555312
244.3 0.0346616406229
244.37 0.031301621452
244.44 0.0568327971942
244.51 0.0418716448175
244.58 0.039000225501
244.65 0.0376757688086
244.72 0.0521649080907
244.79 0.0402654952615
244.86 0.0457851032248
244.93 0.0415758783778
245.0 0.0479787420524
245.07 0.0351185594373
245.14 0.0296928739698
245.21 0.040871296498
245.28 0.0328100781041
245.35 0.0258371441648
245.42 0.0201611230816
245.49 0.0271629112037
245.56 0.0222482216373
245.63 0.0184608663671
245.7 0.0144663562026
245.77 0.0302786076807
245.84 0.0255187805732
245.91 0.018455843794
245.98 0.0157160662315
246.05 0.0143292201002
246.12 0.013043104954
246.19 0.0137164181228
246.26 0.0136085801525
246.33 0.0116364303467
246.4 0.00673502637783
246.47 0.00965312994814
246.54 0.00838650557278
246.61 0.00894015603302
246.68 0.00564139302839
246.75 0.00773290451715
246.82 0.0059576620894
246.89 0.00348295648073
246.96 0.0
247.03 0.0
247.1 0.0
247.17 0.0
247.24 0.0
247.31 0.0
247.38 0.0
247.45 0.0
247.52 0.0
247.59 0.0
247.66 0.0
247.73 0.0
247.8 0.0
247.87 0.0
247.94 0.0
248.01 0.0
248.08 0.0
248.15 0.0
248.22 0.0
248.29 0.0
248.36 0.0
248.43 0.0
248.5 0.0
248.57 0.0
248.64 0.0
248.71 0.0
248.78 0.0
248.85 0.0
248.92 0.0
248.99 0.0
249.06 0.0
249.13 0.0
249.2 0.0
249.27 0.0
249.34 0.0
249.41 0.0
249.48 0.0
249.55 0.0
249.62 0.0
249.69 0.0
249.76 0.0
249.83 0.0
249.9 0.0
249.97 0.0
250.04 0.0
250.11 0.0
250.18 0.0
250.25 0.0
250.32 0.0
250.39 0.0
250.46 0.0
250.53 0.0
250.6 0.0
250.67 0.0
250.74 0.0
250.81 0.0
250.88 0.0
250.95 0.0
251.02 0.0
251.09 0.0
251.16 0.0
251.23 0.0
251.3 0.0
251.37 0.0
251.44 0.0
251.51 0.0
251.58 0.0
251.65 0.0
251.72 0.0
251.79 0.0
251.86 0.0
251.93 0.0
252.0 0.0
252.07 0.0
252.14 0.0
252.21 0.0
252.28 0.0
252.35 0.0
252.42 0.0
252.49 0.0
252.56 0.0
252.63 0.0
252.7 0.0
252.77 0.0
252.84 0.0
252.91 0.0
252.98 0.0
253.05 0.0
253.12 0.0
253.19 0.0
253.26 0.0
253.33 0.0
253.4 0.0
253.47 0.0
253.54 0.0
253.61 0.0
253.68 0.0
253.75 0.0
253.82 0.0
253.89 0.0
253.96 0.0
254.03 0.0
254.1 0.0
254.17 0.0
254.24 0.0
254.31 0.0
254.38 0.0
254.45 0.0
254.52 0.0
254.59 0.0
254.66 0.0
254.73 0.0
254.8 0.0
254.87 0.0
254.94 0.0
255.01 0.0
255.08 0.0
255.15 0.0
255.22 0.0
255.29 0.0
255.36 0.0
255.43 0.0
255.5 0.0
255.57 0.0
255.64 0.0
255.71 0.0
255.78 0.0
255.85 0.0
