0.0 0.0
0.07 0.0
0.14 0.0
0.21 0.0
0.28 0.0
0.35 0.0
0.42 0.0
0.49 0.0
0.56 0.0
0.63 0.0
0.7 0.0
0.77 0.0
0.84 0.0
0.91 0.0
0.98 0.0
1.05 0.0
1.12 0.0
1.19 0.0
1.26 0.0
1.33 0.0
1.4 0.0
1.47 0.0
1.54 0.0
1.61 0.0
1.68 0.0
1.75 0.0
1.82 0.0
1.89 0.0
1.96 0.0
2.03 0.0
2.1 0.0
2.17 0.0
2.24 0.0
2.31 0.0
2.38 0.0
2.45 0.0
2.52 0.0
2.59 0.0
2.66 0.0
2.73 0.0
2.8 0.0
2.87 0.0
2.94 0.0
3.01 0.0
3.08 0.0
3.15 0.0
3.22 0.0
3.29 0.0
3.36 0.0
3.43 0.0
3.5 0.0
3.57 0.0
3.64 0.0
3.71 0.0
3.78 0.0
3.85 0.0
3.92 0.0
3.99 0.361270385352
4.06 0.267724732346
4.13 0.29068506565
4.2 0.279638001063
4.27 0.316317662641
4.34 0.225636265554
4.41 0.269967635435
4.48 0.222076359186
4.55 0.141625208968
4.62 0.118299660567
4.69 0.120362064633
4.76 0.32534203954
4.83 0.36871036789
4.9 0.517654773777
4.97 0.349287239299
5.04 0.279772087706
5.11 0.240663500139
5.18 0.160061450606
5.25 0.121740690744
5.32 0.115227981009
5.39 0.178956608833
5.46 0.219072121733
5.53 0.183906361577
5.6 0.171547379222
5.67 0.14455194909
5.74 0.123128561522
5.81 0.119305346425
5.88 0.145057542732
5.95 0.44427904323
6.02 0.385566556286
6.09 0.382641262416
6.16 0.283258213986
6.23 0.373161163915
6.3 0.33231814877
6.37 0.30398268995
6.44 0.168411224503
6.51 0.126867292617
6.58 0.131167455181
6.65 0.358274904572
6.72 0.556064621068
6.79 0.416112721379
6.86 0.430323138245
6.93 0.433447036457
7.0 0.279638415797
7.07 0.142622570609
7.14 0.121167007493
7.21 0.113449168638
7.28 0.112712353197
7.35 0.185785094083
7.42 0.15293271223
7.49 0.145016426184
7.56 0.149017080017
7.63 0.127452203221
7.7 0.134991971196
7.77 0.123714947917
7.84 0.21248040579
7.91 0.329773718815
7.98 0.290708749197
8.05 0.275014193675
8.12 0.210498358475
8.19 0.25102194821
8.26 0.27737263736
8.33 0.351614967865
8.4 0.246770626168
8.47 0.228326382884
8.54 0.186948356353
8.61 0.173729036402
8.68 0.170389183559
8.75 0.152729999543
8.82 0.270652037262
8.89 0.313446292441
8.96 0.281636142651
9.03 0.219810255815
9.1 0.228647470773
9.17 0.244187767755
9.24 0.382282086363
9.31 0.345020448039
9.38 0.31831696572
9.45 0.245203712072
9.52 0.214375037609
9.59 0.184622342255
9.66 0.158769301818
9.73 0.206504105249
9.8 0.245017548565
9.87 0.287989039248
9.94 0.242072081614
10.01 0.243739140346
10.08 0.236113871031
10.15 0.231593203579
10.22 0.387349042182
10.29 0.231329939749
10.36 0.182481236829
10.43 0.181644457533
10.5 0.180619943231
10.57 0.172246251834
10.64 0.264939716586
10.71 0.322189319098
10.78 0.372685803306
10.85 0.275973263921
10.92 0.185819733221
10.99 0.14750455986
11.06 0.159686246449
11.13 0.144555422929
11.2 0.31915072254
11.27 0.136567734129
11.34 0.128988942181
11.41 0.114840647955
11.48 0.116843606836
11.55 0.115372392279
11.62 0.281184423054
11.69 0.346941840234
11.76 0.334284554358
11.83 0.246684887331
11.9 0.203527311124
11.97 0.351047151149
12.04 0.305620133613
12.11 0.258427290429
12.18 0.145480767397
12.25 0.11628897771
12.32 0.119698499932
12.39 0.316739833338
12.46 0.404312643099
12.53 0.314972040363
12.6 0.493335084715
12.67 0.377141212211
12.74 0.260638992772
12.81 0.164522642153
12.88 0.120271339536
12.95 0.115681504876
13.02 0.112673843209
13.09 0.205464654621
13.16 0.182796787844
13.23 0.160500552133
13.3 0.144357544076
13.37 0.125066811289
13.44 0.121506613071
13.51 0.115283705405
13.58 0.254515781923
13.65 0.408570722585
13.72 0.418141419754
13.79 0.292555538926
13.86 0.230704980744
13.93 0.358759531114
14.0 0.303419554645
14.07 0.219513541516
14.14 0.125083093433
14.21 0.111987247192
14.28 0.143039264693
14.35 0.347263261328
14.42 0.375837686009
14.49 0.341282333727
14.56 0.30071872513
14.63 0.289841396573
14.7 0.209465172572
14.77 0.133463823489
14.84 0.117468691089
14.91 0.124576124433
14.98 0.144966095691
15.05 0.185072041355
15.12 0.144427242994
15.19 0.123885180209
15.26 0.120699605994
15.33 0.116476448043
15.4 0.123169121547
15.47 0.127638515607
15.54 0.235742772857
15.61 0.282603771067
15.68 0.247757514303
15.75 0.197467533285
15.82 0.205544399314
15.89 0.239616285363
15.96 0.22962573339
16.03 0.26794874652
16.1 0.221855730233
16.17 0.1765154287
16.24 0.155782082631
16.31 0.145852834464
16.38 0.13822394125
16.45 0.166797330869
16.52 0.279197309132
16.59 0.274800098847
16.66 0.263253270524
16.73 0.240032058997
16.8 0.265323313491
16.87 0.272252571976
16.94 0.406070509638
17.01 0.265553562852
17.08 0.218130646363
17.15 0.193305582251
17.22 0.196793768022
17.29 0.209143497439
17.36 0.196879697093
17.43 0.457374532634
17.5 0.287733830236
17.57 0.240565436263
17.64 0.155737566683
17.71 0.122034185244
17.78 0.12080249898
17.85 0.131887082209
17.92 0.396158189939
17.99 0.156659431404
18.06 0.130479844189
18.13 0.118126058414
18.2 0.113447826366
18.27 0.111508205968
18.34 0.143438185482
18.41 0.172476912384
18.48 0.199306296555
18.55 0.166263918156
18.62 0.134312997537
18.69 0.119579978215
18.76 0.114659432895
18.83 0.304231698041
18.9 0.24020118297
18.97 0.172971278673
19.04 0.135327884343
19.11 0.121820942334
19.18 0.115326837725
19.25 0.118971499858
19.32 0.186326116157
19.39 0.21290638235
19.46 0.181286468966
19.53 0.16870444015
19.6 0.175293009551
19.67 0.162160542666
19.74 0.146589668811
19.81 0.293579011077
19.88 0.254732626283
19.95 0.246155943346
20.02 0.1745484595
20.09 0.131644460546
20.16 0.134340306166
20.23 0.159389162315
20.3 0.216686229993
20.37 0.338486770022
20.44 0.305192209813
20.51 0.206409269443
20.58 0.148397507825
20.65 0.236921195953
20.72 0.333253342872
20.79 0.204423750651
20.86 0.253176616969
20.93 0.206179713668
21.0 0.145120160453
21.07 0.157911065067
21.14 0.174823839229
21.21 0.202230693608
21.28 0.442493449784
21.35 0.450383445722
21.42 0.346171267111
21.49 0.158627193443
21.56 0.144678316484
21.63 0.142131620262
21.7 0.290941507048
21.77 0.390438980664
21.84 0.323904987945
21.91 0.228709368914
21.98 0.132414094315
22.05 0.129866149165
22.12 0.170401789814
22.19 0.400125870659
22.26 0.352841730495
22.33 0.228631207535
22.4 0.153478019888
22.47 0.155264869351
22.54 0.146904723563
22.61 0.248421666249
22.68 0.317054891635
22.75 0.27891651305
22.82 0.21588715603
22.89 0.131225841672
22.96 0.132206695489
23.03 0.143893602237
23.1 0.214315833466
23.17 0.283947330309
23.24 0.243226573031
23.31 0.192584159225
23.38 0.14739086607
23.45 0.139662690772
23.52 0.173542776005
23.59 0.255596510976
23.66 0.18903002132
23.73 0.177121091357
23.8 0.137813965618
23.87 0.146313249294
23.94 0.148090727663
24.01 0.212950699793
24.08 0.432196339786
24.15 0.287139520179
24.22 0.220642449407
24.29 0.145345649237
24.36 0.231284187871
24.43 0.274064090423
24.5 0.253546938846
24.57 0.224440279485
24.64 0.23120359835
24.71 0.147546873346
24.78 0.133408783227
24.85 0.131800663964
24.92 0.143216653803
24.99 0.268817148386
25.06 0.258405861333
25.13 0.207823417331
25.2 0.145933844627
25.27 0.143494824419
25.34 0.147012319229
25.41 0.188830978613
25.48 0.248967689942
25.55 0.25301536585
25.62 0.164429377845
25.69 0.11551375626
25.76 0.131939400116
25.83 0.122416904237
25.9 0.185814746962
25.97 0.266840082603
26.04 0.230215785039
26.11 0.146297147932
26.18 0.137284378854
26.25 0.137888784313
26.32 0.136686743838
26.39 0.194127087289
26.46 0.149193275733
26.53 0.170634417691
26.6 0.163668549196
26.67 0.164374615254
26.74 0.143797460787
26.81 0.15110446264
26.88 0.174567677865
26.95 0.19083883868
27.02 0.229376785558
27.09 0.210661273255
27.16 0.19165109669
27.23 0.169928363448
27.3 0.190804591826
27.37 0.269808007804
27.44 0.257315500057
27.51 0.256363511007
27.58 0.157031675709
27.65 0.136697252792
27.72 0.144628680759
27.79 0.2062848422
27.86 0.301530030787
27.93 0.243720313084
28.0 0.213023847736
28.07 0.160963299397
28.14 0.274377169577
28.21 0.319793388672
28.28 0.277605636252
28.35 0.248874804921
28.42 0.229462422781
28.49 0.190161672836
28.56 0.136752322593
28.63 0.142363468297
28.7 0.142040064516
28.77 0.256771651648
28.84 0.335384365894
28.91 0.285505654334
28.98 0.175666539412
29.05 0.132856612965
29.12 0.125775970718
29.19 0.202183628997
29.26 0.272946745453
29.33 0.242850528772
29.4 0.203731439341
29.47 0.123806002674
29.54 0.153377718102
29.61 0.127321316291
29.68 0.239656245146
29.75 0.395161540789
29.82 0.305862210569
29.89 0.228717368196
29.96 0.16059362857
30.03 0.167275169246
30.1 0.180820751215
30.17 0.273073657555
30.24 0.230675607898
30.31 0.193752718508
30.38 0.152301419967
30.45 0.145793896177
30.52 0.122469126436
30.59 0.142018696861
30.66 0.409154504783
30.73 0.402565017296
30.8 0.348152751996
30.87 0.199613995985
30.94 0.197908694302
31.01 0.189891773265
31.08 0.284448586379
31.15 0.550187366295
31.22 0.459629556349
31.29 0.427423499976
31.36 0.307811161887
31.43 0.440108769162
31.5 0.467649694823
31.57 0.373779469455
31.64 0.30279482841
31.71 0.259138297847
31.78 0.231576114417
31.85 0.218323397167
31.92 0.249609651854
31.99 0.199687861146
32.06 0.25352664879
32.13 0.177003601158
32.2 0.163992250735
32.27 0.157691529073
32.34 0.186081227046
32.41 0.139961381851
32.48 0.146686915036
32.55 0.273327891765
32.62 0.37691855567
32.69 0.253909020399
32.76 0.240831508702
32.83 0.204486668493
32.9 0.200383505687
32.97 0.303373389214
33.04 0.174229017549
33.11 0.163640900273
33.18 0.139951326623
33.25 0.220173166836
33.32 0.28857980339
33.39 0.305681557941
33.46 0.242955053517
33.53 0.271172787005
33.6 0.210981614387
33.67 0.119789681117
33.74 0.11289501687
33.81 0.113267233998
33.88 0.152984503153
33.95 0.120194941072
34.02 0.113027696254
34.09 0.119952165803
34.16 0.11389664519
34.23 0.126437755963
34.3 0.122154621117
34.37 0.18416483647
34.44 0.197776533631
34.51 0.213475615778
34.58 0.164990570636
34.65 0.167831965386
34.72 0.164709583138
34.79 0.240853865338
34.86 0.321539779727
34.93 0.238012675001
35.0 0.143317328967
35.07 0.132953407827
35.14 0.137815748619
35.21 0.137628864349
35.28 0.146000413545
35.35 0.33826693627
35.42 0.301116862532
35.49 0.195831573683
35.56 0.164320618325
35.63 0.165415694097
35.7 0.397573312629
35.77 0.273271861341
35.84 0.277901205603
35.91 0.275498586265
35.98 0.152415795527
36.05 0.134883108878
36.12 0.139481781741
36.19 0.17765862305
36.26 0.353056027372
36.33 0.424031915289
36.4 0.31045490701
36.47 0.153122637882
36.54 0.168493437512
36.61 0.150854248157
36.68 0.173046241521
36.75 0.306866428907
36.82 0.291541878599
36.89 0.235766949123
36.96 0.141987283431
37.03 0.15151600977
37.1 0.148802259701
37.17 0.231181748611
37.24 0.349931127183
37.31 0.242791017419
37.38 0.15599653784
37.45 0.150827477147
37.52 0.147074823519
37.59 0.15477050897
37.66 0.379244014426
37.73 0.292286579892
37.8 0.194636681755
37.87 0.132425588704
37.94 0.15818981702
38.01 0.163780386726
38.08 0.220843141597
38.15 0.240279981219
38.22 0.228291923346
38.29 0.16354970609
38.36 0.15585566185
38.43 0.138860317843
38.5 0.145160146231
38.57 0.313853605978
38.64 0.344401148791
38.71 0.264602939706
38.78 0.166643300373
38.85 0.151311263587
38.92 0.144282108598
38.99 0.152134702869
39.06 0.267096103359
39.13 0.313167408152
39.2 0.210475048306
39.27 0.142443188177
39.34 0.173591772496
39.41 0.276044025078
39.48 0.240327875298
39.55 0.198059698777
39.62 0.220226529257
39.69 0.153223555269
39.76 0.187154557058
39.83 0.143521031817
39.9 0.139388361465
39.97 0.251253305891
40.04 0.266504302974
40.11 0.258934325597
40.18 0.2150133898
40.25 0.190624111708
40.32 0.175025480225
40.39 0.194968081274
40.46 0.351215340493
40.53 0.290265495605
40.6 0.225885804175
40.67 0.119730289104
40.74 0.133601189011
40.81 0.141128129776
40.88 0.155296047648
40.95 0.204656565218
41.02 0.195914545266
41.09 0.162941126117
41.16 0.139931627356
41.23 0.170812522837
41.3 0.144736369769
41.37 0.223869084637
41.44 0.212505256737
41.51 0.228981207454
41.58 0.199422973829
41.65 0.184390268538
41.72 0.192626743293
41.79 0.189899885979
41.86 0.207681365672
41.93 0.250424264749
42.0 0.209571446053
42.07 0.172131235859
42.14 0.175434707918
42.21 0.167319533952
42.28 0.263394342655
42.35 0.266673026392
42.42 0.254333992617
42.49 0.129154677388
42.56 0.125470320145
42.63 0.129360755209
42.7 0.158413317207
42.77 0.271200382757
42.84 0.302354529944
42.91 0.264523569573
42.98 0.19407434047
43.05 0.164488323222
43.12 0.316973102812
43.19 0.234099502833
43.26 0.205411439896
43.33 0.221075806103
43.4 0.174328465054
43.47 0.129082075333
43.54 0.134672679305
43.61 0.127708812403
43.68 0.232127574551
43.75 0.335846648798
43.82 0.306984322024
43.89 0.201555570712
43.96 0.14260212813
44.03 0.136221342749
44.1 0.151974067352
44.17 0.317039138838
44.24 0.351609176952
44.31 0.229957101006
44.38 0.122111728658
44.45 0.122965516768
44.52 0.122380808213
44.59 0.186235290627
44.66 0.378249002942
44.73 0.278229210449
44.8 0.217564844236
44.87 0.177096389289
44.94 0.201562845687
45.01 0.186261854861
45.08 0.202319557719
45.15 0.334722622004
45.22 0.298941865907
45.29 0.235549232759
45.36 0.131881052617
45.43 0.126335431316
45.5 0.16916400897
45.57 0.327191968721
45.64 0.377351641784
45.71 0.27701907971
45.78 0.177600520138
45.85 0.17514873298
45.92 0.182410240539
45.99 0.262621517445
46.06 0.468495862937
46.13 0.5263519174
46.2 0.376954630425
46.27 0.287493920294
46.34 0.292214016829
46.41 0.338756820834
46.48 0.360226159967
46.55 0.218854219861
46.62 0.208838579444
46.69 0.20884054559
46.76 0.204601047598
46.83 0.227052228347
46.9 0.21506954429
46.97 0.20938428293
47.04 0.170563265432
47.11 0.179493223622
47.18 0.156021749168
47.25 0.146959851262
47.32 0.153403598203
47.39 0.166679147083
47.46 0.190483417682
47.53 0.173791775826
47.6 0.159546398432
47.67 0.14270900776
47.74 0.144186872237
47.81 0.182225542188
47.88 0.1686061565
47.95 0.244992097377
48.02 0.221235151336
48.09 0.173204756105
48.16 0.242013003901
48.23 0.213780367171
48.3 0.229083294603
48.37 0.178951151125
48.44 0.151612464338
48.51 0.154427810021
48.58 0.151243867565
48.65 0.290885805102
48.72 0.265710839143
48.79 0.261867585666
48.86 0.22471497508
48.93 0.218740556792
49.0 0.149179836466
49.07 0.139070704879
49.14 0.20051879045
49.21 0.148801551935
49.28 0.317349010008
49.35 0.252773444863
49.42 0.220549712084
49.49 0.197823491901
49.56 0.191504527858
49.63 0.193929175353
49.7 0.234471273325
49.77 0.171784751135
49.84 0.177215967337
49.91 0.173438127194
49.98 0.185775002226
50.05 0.178302336061
50.12 0.183863480933
50.19 0.208813735587
50.26 0.269387395608
50.33 0.249448769388
50.4 0.224198276969
50.47 0.224583947543
50.54 0.241013713924
50.61 0.238677242862
50.68 0.22036158952
50.75 0.214139566855
50.82 0.208275772618
50.89 0.19623807075
50.96 0.209174886056
51.03 0.19431733433
51.1 0.234507876245
51.17 0.210762593561
51.24 0.175789709456
51.31 0.160138234265
51.38 0.146762029126
51.45 0.1370474394
51.52 0.153962849662
51.59 0.576059400597
51.66 0.471321010991
51.73 0.1990481655
51.8 0.196675544062
51.87 0.207864198311
51.94 0.35381291546
52.01 0.348830645692
52.08 0.277731367958
52.15 0.151043162378
52.22 0.129971067375
52.29 0.13403462369
52.36 0.42954656507
52.43 0.385534145604
52.5 0.357391285164
52.57 0.441881785893
52.64 0.316402906398
52.71 0.240720454558
52.78 0.188624594763
52.85 0.148628005317
52.92 0.164691696412
52.99 0.205195513623
53.06 0.226251230774
53.13 0.209603335659
53.2 0.18402017825
53.27 0.161035074347
53.34 0.141619661459
53.41 0.180407686939
53.48 0.159000537796
53.55 0.156717288548
53.62 0.154492337172
53.69 0.153969635464
53.76 0.141234533229
53.83 0.164673061747
53.9 0.299689043787
53.97 0.316851195875
54.04 0.279092006909
54.11 0.236701580793
54.18 0.212412289005
54.25 0.219729784452
54.32 0.24729486511
54.39 0.239923710666
54.46 0.194141044088
54.53 0.189450023822
54.6 0.17337253426
54.67 0.162860425527
54.74 0.14117351182
54.81 0.1960583303
54.88 0.170041449907
54.95 0.147773143153
55.02 0.1419774208
55.09 0.140046360934
55.16 0.136377215326
55.23 0.135987445858
55.3 0.431404605784
55.37 0.418493239302
55.44 0.241286625336
55.51 0.141486657142
55.58 0.135137106774
55.65 0.317437195894
55.72 0.359183282763
55.79 0.267483294624
55.86 0.147247470957
55.93 0.13064234778
56.0 0.140803107232
56.07 0.332781185521
56.14 0.376398211209
56.21 0.307633801135
56.28 0.290987522418
56.35 0.276497776989
56.42 0.20689401178
56.49 0.144859904921
56.56 0.137927710215
56.63 0.136468078667
56.7 0.242300328201
56.77 0.283179592974
56.84 0.266430377552
56.91 0.215528510505
56.98 0.187527160562
57.05 0.203767042647
57.12 0.232768802703
57.19 0.177355634572
57.26 0.17061960543
57.33 0.175982689487
57.4 0.18071055726
57.47 0.18700915917
57.54 0.182789867342
57.61 0.229537263925
57.68 0.284804943187
57.75 0.248375751313
57.82 0.211416169202
57.89 0.209665187718
57.96 0.198134499748
58.03 0.195624944065
58.1 0.247708771852
58.17 0.210027205465
58.24 0.183546106743
58.31 0.168539489511
58.38 0.166039052064
58.45 0.149797899783
58.52 0.210360763727
58.59 0.226998063634
58.66 0.190805034918
58.73 0.177859406221
58.8 0.182116206058
58.87 0.189033886261
58.94 0.184358084719
59.01 0.233632835093
59.08 0.38412120647
59.15 0.310753971469
59.22 0.25103795032
59.29 0.223767507929
59.36 0.200202500949
59.43 0.190494658033
59.5 0.209428505847
59.57 0.188275419586
59.64 0.177136606656
59.71 0.168019560966
59.78 0.174582217181
59.85 0.172207506713
59.92 0.172857945265
59.99 0.210971302756
60.06 0.225335298756
60.13 0.158441554556
60.2 0.133550800621
60.27 0.129857930109
60.34 0.145773121674
60.41 0.219547221212
60.48 0.326120744281
60.55 0.273074863946
60.62 0.179738204896
60.69 0.178092844661
60.76 0.22025584066
60.83 0.341963131742
60.9 0.209052953124
60.97 0.121872198002
61.04 0.113932610058
61.11 0.115484736707
61.18 0.205425858691
61.25 0.336667203847
61.32 0.282075247723
61.39 0.301207250879
61.46 0.257109033496
61.53 0.188168615577
61.6 0.127919842218
61.67 0.115836284493
61.74 0.112983899887
61.81 0.112923884
61.88 0.111907864062
61.95 0.11540200853
62.02 0.116843143657
62.09 0.133850104939
62.16 0.143326469654
62.23 0.172602935939
62.3 0.164500518288
62.37 0.144490835517
62.44 0.142819213531
62.51 0.185778499697
62.58 0.140902809958
62.65 0.115377213117
62.72 0.199432857728
62.79 0.118076058763
62.86 0.114681097126
62.93 0.117873850609
63.0 0.14510236589
63.07 0.131312053141
63.14 0.181238450822
63.21 0.127584567123
63.28 0.117389973187
63.35 0.117587355777
63.42 0.12448322996
63.49 0.148568626301
63.56 0.118572870919
63.63 0.22248630646
63.7 0.12709469792
63.77 0.112023561807
63.84 0.112149124547
63.91 0.114476506912
63.98 0.112634891312
64.05 0.168921908383
64.12 0.27423466301
64.19 0.292207119959
64.26 0.255284136042
64.33 0.213845830132
64.4 0.20273056605
64.47 0.247190397081
64.54 0.289923242111
64.61 0.281478177501
64.68 0.20609431867
64.75 0.158977291433
64.82 0.151037175323
64.89 0.146751553256
64.96 0.144025252466
65.03 0.270466209323
65.1 0.248573969278
65.17 0.19152946506
65.24 0.154540837401
65.31 0.144074871648
65.38 0.208000713096
65.45 0.179391114022
65.52 0.225404888968
65.59 0.203768327022
65.66 0.158471708424
65.73 0.132623221789
65.8 0.146844593064
65.87 0.202219713205
65.94 0.316333446159
66.01 0.506963412585
66.08 0.360050022148
66.15 0.185937359302
66.22 0.157447148041
66.29 0.171211295928
66.36 0.143172634118
66.43 0.416796591497
66.5 0.359316491493
66.57 0.248127981515
66.64 0.180881008144
66.71 0.172929879728
66.78 0.135520228684
66.85 0.163176960796
66.92 0.288898261086
66.99 0.274149100228
67.06 0.191633833836
67.13 0.15264878733
67.2 0.148667095459
67.27 0.146178050786
67.34 0.196017022336
67.41 0.388305768178
67.48 0.290563919648
67.55 0.239884889924
67.62 0.189835445083
67.69 0.170069665987
67.76 0.15636721419
67.83 0.223383140635
67.9 0.289974679742
67.97 0.256741139762
68.04 0.186368281947
68.11 0.167255524332
68.18 0.168244741357
68.25 0.151442776753
68.32 0.202471768586
68.39 0.186737482506
68.46 0.169126789266
68.53 0.174391235199
68.6 0.148784525398
68.67 0.155841615252
68.74 0.172184744796
68.81 0.206810363153
68.88 0.241360774077
68.95 0.236868881591
69.02 0.171955433608
69.09 0.192163021226
69.16 0.24009448294
69.23 0.244502920578
69.3 0.221943361959
69.37 0.210795543042
69.44 0.182579010038
69.51 0.151115142923
69.58 0.139929902253
69.65 0.145978992719
69.72 0.274696193249
69.79 0.387023303603
69.86 0.305160373378
69.93 0.275341887766
70.0 0.244317300596
70.07 0.23110144385
70.14 0.21593641365
70.21 0.318957796862
70.28 0.349368296725
70.35 0.291098231542
70.42 0.181099915538
70.49 0.146872022213
70.56 0.145213905663
70.63 0.163935037551
70.7 0.187386598873
70.77 0.233946893775
70.84 0.196902342034
70.91 0.154400157553
70.98 0.162600299969
71.05 0.171861064526
71.12 0.178219370386
71.19 0.215853750459
71.26 0.218944910692
71.33 0.195287049412
71.4 0.163418588752
71.47 0.16045156155
71.54 0.158263133929
71.61 0.162626051278
71.68 0.17692392027
71.75 0.204517017322
71.82 0.188326616175
71.89 0.167270472474
71.96 0.149289597964
72.03 0.148088954115
72.1 0.197780586444
72.17 0.272019983091
72.24 0.240968282253
72.31 0.186848427946
72.38 0.147191604772
72.45 0.151165930686
72.52 0.155667050114
72.59 0.221628947622
72.66 0.307443762052
72.73 0.269427942636
72.8 0.19501083667
72.87 0.268669624839
72.94 0.311148731922
73.01 0.323597847402
73.08 0.201334622733
73.15 0.215599272843
73.22 0.189875676629
73.29 0.155987258908
73.36 0.133650855456
73.43 0.132608257104
73.5 0.24719381066
73.57 0.264074821644
73.64 0.203869819838
73.71 0.197193915288
73.78 0.164647684998
73.85 0.164203814622
73.92 0.18102565573
73.99 0.243937856937
74.06 0.330821099013
74.13 0.286997375175
74.2 0.215284683633
74.27 0.127764582881
74.34 0.125342361165
74.41 0.215081417967
74.48 0.299791556305
74.55 0.295162708306
74.62 0.250067232078
74.69 0.184780289682
74.76 0.17467941378
74.83 0.153070481851
74.9 0.176487810498
74.97 0.225285496429
75.04 0.221195547208
75.11 0.190456110235
75.18 0.117292945554
75.25 0.120464152964
75.32 0.143849462031
75.39 0.292513664987
75.46 0.377002219657
75.53 0.274536460458
75.6 0.214283227824
75.67 0.195355657733
75.74 0.185862723752
75.81 0.209909573476
75.88 0.321874403772
75.95 0.333778787023
76.02 0.359799658787
76.09 0.33455516642
76.16 0.2546619951
76.23 0.315311114231
76.3 0.359247318377
76.37 0.29754950986
76.44 0.271650420969
76.51 0.240656947108
76.58 0.204113846397
76.65 0.234559014937
76.72 0.205180973125
76.79 0.242752443627
76.86 0.186941886032
76.93 0.164835365651
77.0 0.137198755811
77.07 0.120066010835
77.14 0.135141629854
77.21 0.153376899269
77.28 0.345207203517
77.35 0.411055116567
77.42 0.377893664655
77.49 0.32655064368
77.56 0.171504294165
77.63 0.405533301698
77.7 0.290767993514
77.77 0.154689406644
77.84 0.121374115651
77.91 0.11687532984
77.98 0.137045065609
78.05 0.483888182646
78.12 0.416987669186
78.19 0.327858180157
78.26 0.376850470787
78.33 0.232048323757
78.4 0.137853322796
78.47 0.131207379517
78.54 0.169849390325
78.61 0.14119838049
78.68 0.149398235782
78.75 0.13235728523
78.82 0.1214623039
78.89 0.119024876458
78.96 0.11935090925
79.03 0.122151175636
79.1 0.234051794262
79.17 0.32068654105
79.24 0.230194417384
79.31 0.141747737415
79.38 0.116444955447
79.45 0.11127557691
79.52 0.114159919653
79.59 0.111888449555
79.66 0.112316055511
79.73 0.113722494785
79.8 0.112834907639
79.87 0.112525511463
79.94 0.110955532354
80.01 0.112816877941
80.08 0.213659433854
80.15 0.265177661564
80.22 0.156844010416
80.29 0.118385866128
80.36 0.114624070632
80.43 0.112186430506
80.5 0.111271574905
80.57 0.111534147511
80.64 0.1132473764
80.71 0.112308548946
80.78 0.111676368136
80.85 0.113596366069
80.92 0.11803878707
80.99 0.122661427059
81.06 0.264829925549
81.13 0.315695858448
81.2 0.185313135237
81.27 0.122121768525
81.34 0.11298471872
81.41 0.114116229628
81.48 0.113204698987
81.55 0.319122330404
81.62 0.367609012032
81.69 0.176499347425
81.76 0.118864940435
81.83 0.115468684971
81.9 0.112539705759
81.97 0.162270658638
82.04 0.333676383211
82.11 0.322259809673
82.18 0.151115001133
82.25 0.117980117
82.32 0.113719049304
82.39 0.112656191617
82.46 0.113505014737
82.53 0.111794477482
82.6 0.111705160827
82.67 0.112820858677
82.74 0.113311731041
82.81 0.112605660256
82.88 0.112441370119
82.95 0.152474876785
83.02 0.252575329695
83.09 0.255893873962
83.16 0.163523840168
83.23 0.121264690902
83.3 0.117398380114
83.37 0.117479871179
83.44 0.118821804571
83.51 0.175186347331
83.58 0.139406490415
83.65 0.125855703595
83.72 0.116448090173
83.79 0.114465229932
83.86 0.113562584757
83.93 0.112292095474
84.0 0.12121307249
84.07 0.11013394106
84.14 0.113845204014
84.21 0.115000768303
84.28 0.116912356947
84.35 0.120213650176
84.42 0.118729965246
84.49 0.120002470301
84.56 0.123469562543
84.63 0.124530729392
84.7 0.117016067584
84.77 0.114182527965
84.84 0.113250112934
84.91 0.291195638461
84.98 0.284027064368
85.05 0.146039099587
85.12 0.123202393599
85.19 0.114866170037
85.26 0.117073834928
85.33 0.133360970677
85.4 0.295941290163
85.47 0.250397233791
85.54 0.132824627651
85.61 0.112731814966
85.68 0.176931664331
85.75 0.140324595356
85.82 0.180027311015
85.89 0.355204107653
85.96 0.265476907985
86.03 0.144877496253
86.1 0.121145785173
86.17 0.13877018708
86.24 0.123304483112
86.31 0.19094103099
86.38 0.151554728897
86.45 0.135119936083
86.52 0.122659310853
86.59 0.11826786076
86.66 0.115310231829
86.73 0.11308432692
86.8 0.243633562815
86.87 0.293860566913
86.94 0.278159119247
87.01 0.147689584326
87.08 0.117267180066
87.15 0.11728472059
87.22 0.110936646013
87.29 0.11249396097
87.36 0.112657613055
87.43 0.111548665559
87.5 0.112422826435
87.57 0.111623932072
87.64 0.111858196434
87.71 0.110769647699
87.78 0.111789234821
87.85 0.11222035479
87.92 0.111717023869
87.99 0.111659608635
88.06 0.120465814262
88.13 0.109986374977
88.2 0.11059750125
88.27 0.113270417169
88.34 0.110508876999
88.41 0.11284700936
88.48 0.112035322052
88.55 0.111595408781
88.62 0.111561078035
88.69 0.213621931752
88.76 0.291314177902
88.83 0.186398148691
88.9 0.123206330617
88.97 0.116537723492
89.04 0.112016018614
89.11 0.113191556296
89.18 0.111007155493
89.25 0.113346149224
89.32 0.11095924369
89.39 0.112202665387
89.46 0.111416894809
89.53 0.110922364281
89.6 0.111028591679
89.67 0.111807037655
89.74 0.111734122483
89.81 0.111300126554
89.88 0.112738132863
89.95 0.111725325635
90.02 0.112202640574
90.09 0.111101929857
90.16 0.112696758731
90.23 0.111761712327
90.3 0.11260609035
90.37 0.110637996288
90.44 0.110769990357
90.51 0.120238960757
90.58 0.278912173114
90.65 0.283092840342
90.72 0.176953562515
90.79 0.138132916032
90.86 0.115694418341
90.93 0.111749999345
91.0 0.112933881331
91.07 0.111371804614
91.14 0.112042599391
91.21 0.111991038875
91.28 0.111746460519
91.35 0.112446969617
91.42 0.158811936694
91.49 0.129862896281
91.56 0.167394330197
91.63 0.120323509745
91.7 0.113013485416
91.77 0.112528187737
91.84 0.147784104651
91.91 0.129579513725
91.98 0.133211484529
92.05 0.128357354523
92.12 0.120631282433
92.19 0.115003001486
92.26 0.113591854805
92.33 0.164691404562
92.4 0.136528890937
92.47 0.176307537156
92.54 0.174881616026
92.61 0.128848358041
92.68 0.127773011076
92.75 0.11742184507
92.82 0.115892015978
92.89 0.112403747497
92.96 0.194341659474
93.03 0.134895103076
93.1 0.118915675028
93.17 0.113288184556
93.24 0.111660380205
93.31 0.112128576907
93.38 0.120125421754
93.45 0.253973721242
93.52 0.229634071785
93.59 0.169047512478
93.66 0.122648738094
93.73 0.114392260407
93.8 0.111264138054
93.87 0.113336080998
93.94 0.113164218128
94.01 0.11145324369
94.08 0.113228449885
94.15 0.112541117744
94.22 0.111182097555
94.29 0.112151501882
94.36 0.151577274585
94.43 0.253204719618
94.5 0.152243166994
94.57 0.12895436094
94.64 0.113377301525
94.71 0.113153606377
94.78 0.110799555799
94.85 0.11283826332
94.92 0.111931512162
94.99 0.11217539575
95.06 0.112315197685
95.13 0.113122031071
95.2 0.110939168682
95.27 0.111314901004
95.34 0.205144490726
95.41 0.27432683554
95.48 0.174713533023
95.55 0.129334916463
95.62 0.11460264508
95.69 0.113733516544
95.76 0.110750295816
95.83 0.112228224098
95.9 0.110825770287
95.97 0.113500199807
96.04 0.115086482328
96.11 0.113636970994
96.18 0.115462944865
96.25 0.119541174015
96.32 0.27249084307
96.39 0.288604444015
96.46 0.204709249413
96.53 0.123802903395
96.6 0.11517533226
96.67 0.112276505735
96.74 0.114340883036
96.81 0.302952115335
96.88 0.323489768471
96.95 0.1601666713
97.02 0.118307813454
97.09 0.113636396747
97.16 0.113004343548
97.23 0.114020362305
97.3 0.257804646135
97.37 0.290196212603
97.44 0.145840846175
97.51 0.117848847239
97.58 0.114226485026
97.65 0.113523596231
97.72 0.112054279288
97.79 0.113343793157
97.86 0.112419480207
97.93 0.111837977273
98.0 0.113097704745
98.07 0.111289293847
98.14 0.112182495852
98.21 0.148566793673
98.28 0.240422309367
98.35 0.256530899241
98.42 0.156343458566
98.49 0.118408524066
98.56 0.11402455218
98.63 0.112571119189
98.7 0.111959148088
98.77 0.112244592497
98.84 0.110920685258
98.91 0.112755160583
98.98 0.110194063289
99.05 0.111975670091
99.12 0.112021622838
99.19 0.111736853109
99.26 0.145088511889
99.33 0.116244177002
99.4 0.114434961451
99.47 0.114242099578
99.54 0.179809033402
99.61 0.145181628499
99.68 0.139278590515
99.75 0.124786359046
99.82 0.123108000885
99.89 0.118681951828
99.96 0.11750575128
100.03 0.185598567831
100.1 0.153013992975
100.17 0.222826135356
100.24 0.307030760399
100.31 0.217255296819
100.38 0.144559961369
100.45 0.118919992513
100.52 0.112695860732
100.59 0.114030439983
100.66 0.25222944403
100.73 0.324904177488
100.8 0.179291574354
100.87 0.122599918839
100.94 0.116008000847
101.01 0.114605819979
101.08 0.112220409142
101.15 0.326356399361
101.22 0.283570175367
101.29 0.146870152957
101.36 0.121906996653
101.43 0.116132604145
101.5 0.114684175137
101.57 0.115660219932
101.64 0.113523696665
101.71 0.115155545557
101.78 0.110911253903
101.85 0.113946178117
101.92 0.111361132603
101.99 0.118912777799
102.06 0.222032339501
102.13 0.267568220536
102.2 0.244403183586
102.27 0.135664480442
102.34 0.118048466556
102.41 0.113259907034
102.48 0.11244539221
102.55 0.111321838048
102.62 0.112640250949
102.69 0.112272931462
102.76 0.111935645321
102.83 0.112516483027
102.9 0.111151358806
102.97 0.111167358552
103.04 0.111184266932
103.11 0.113953052537
103.18 0.113026103487
103.25 0.11246420293
103.32 0.112684378158
103.39 0.110522396614
103.46 0.112004614024
103.53 0.111207747248
103.6 0.11195884324
103.67 0.112958282096
103.74 0.111809541419
103.81 0.111488413357
103.88 0.111489364527
103.95 0.169055906407
104.02 0.231340445159
104.09 0.289230160413
104.16 0.158742521355
104.23 0.123619510688
104.3 0.113580371049
104.37 0.112999677497
104.44 0.112088266195
104.51 0.110905913171
104.58 0.112572830114
104.65 0.111639189787
104.72 0.112279931129
104.79 0.111479292757
104.86 0.113522585982
104.93 0.112320421441
105.0 0.113103775692
105.07 0.11098617894
105.14 0.112770733779
105.21 0.110724869441
105.28 0.112494398154
105.35 0.111854960092
105.42 0.113582644405
105.49 0.109538575855
105.56 0.111957785728
105.63 0.112032710765
105.7 0.112839876174
105.77 0.110930671955
105.84 0.151290829379
105.91 0.241829432775
105.98 0.243173346491
106.05 0.155072376131
106.12 0.121794771565
106.19 0.118355370783
106.26 0.117704121669
106.33 0.124480319733
106.4 0.155282647372
106.47 0.114035760628
106.54 0.111138881343
106.61 0.112026180184
106.68 0.113641169141
106.75 0.111568133237
106.82 0.190136917597
106.89 0.164719638366
106.96 0.130166938727
107.03 0.121756204862
107.1 0.11538833531
107.17 0.113769558215
107.24 0.112670665946
107.31 0.112690252963
107.38 0.11239658359
107.45 0.111327520256
107.52 0.111470591617
107.59 0.111318614703
107.66 0.111595167739
107.73 0.212542168049
107.8 0.14334500034
107.87 0.158206828197
107.94 0.133399280977
108.01 0.121419527235
108.08 0.116734351053
108.15 0.127999512472
108.22 0.206253474851
108.29 0.228471054102
108.36 0.224441932512
108.43 0.201115725972
108.5 0.170891420338
108.57 0.291086773781
108.64 0.226519040134
108.71 0.196276202632
108.78 0.141781297772
108.85 0.139019092374
108.92 0.140807547602
108.99 0.222394972851
109.06 0.255970150724
109.13 0.277340746572
109.2 0.240026751349
109.27 0.216507841268
109.34 0.203721000101
109.41 0.278542712608
109.48 0.27803248009
109.55 0.283390061539
109.62 0.354317491764
109.69 0.367113575234
109.76 0.391819255077
109.83 0.270010094256
109.9 0.1899986718
109.97 0.193710572806
110.04 0.325164998995
110.11 0.276995830983
110.18 0.244208896731
110.25 0.173434853042
110.32 0.14340883745
110.39 0.224479446429
110.46 0.174687700186
110.53 0.314436184148
110.6 0.275194342951
110.67 0.258330649172
110.74 0.207471684038
110.81 0.160463884226
110.88 0.167941774147
110.95 0.323825993554
111.02 0.411194923229
111.09 0.357110490264
111.16 0.273019698436
111.23 0.141953043666
111.3 0.332821684104
111.37 0.34706936203
111.44 0.261572156923
111.51 0.38404922947
111.58 0.397142093408
111.65 0.269487705665
111.72 0.236229567595
111.79 0.367275078028
111.86 0.353491508545
111.93 0.403264953328
112.0 0.355468473894
112.07 0.316862078207
112.14 0.205623894694
112.21 0.318918685452
112.28 0.337486404809
112.35 0.28608855153
112.42 0.331643851797
112.49 0.312371873015
112.56 0.30779273518
112.63 0.262565313329
112.7 0.346175902441
112.77 0.313473508907
112.84 0.324860886836
112.91 0.36262285251
112.98 0.300725834684
113.05 0.250422822042
113.12 0.316983746466
113.19 0.303869334092
113.26 0.29071692099
113.33 0.310007823924
113.4 0.299046237047
113.47 0.265250822505
113.54 0.208366214136
113.61 0.276297518439
113.68 0.24894040849
113.75 0.248894762954
113.82 0.250359643071
113.89 0.243768703426
113.96 0.157513910737
114.03 0.194191125267
114.1 0.255995898488
114.17 0.266131128768
114.24 0.257453072354
114.31 0.336841229005
114.38 0.270640110415
114.45 0.178183435057
114.52 0.165414449895
114.59 0.18162388508
114.66 0.251004731439
114.73 0.241814957264
114.8 0.18289768869
114.87 0.161213158225
114.94 0.17832876914
115.01 0.299193455747
115.08 0.311726173772
115.15 0.266099811045
115.22 0.248439098068
115.29 0.240866413695
115.36 0.239191408852
115.43 0.238493252276
115.5 0.252110726172
115.57 0.247849826259
115.64 0.306230901868
115.71 0.311993057956
115.78 0.217398257112
115.85 0.169276398298
115.92 0.356511008441
115.99 0.335989197901
116.06 0.340429155312
116.13 0.280975945448
116.2 0.235699804777
116.27 0.209491205097
116.34 0.311418624403
116.41 0.307649995842
116.48 0.282414215249
116.55 0.225386572148
116.62 0.188160488684
116.69 0.168337581478
116.76 0.172952078032
116.83 0.198306934502
116.9 0.182270177475
116.97 0.217388472465
117.04 0.195505423915
117.11 0.186213802451
117.18 0.173384858118
117.25 0.17019038662
117.32 0.168546925181
117.39 0.198494022003
117.46 0.177946186029
117.53 0.154309949988
117.6 0.135881479588
117.67 0.126382474659
117.74 0.147415882438
117.81 0.19036918273
117.88 0.529158226375
117.95 0.460539302808
118.02 0.237649488673
118.09 0.194876355381
118.16 0.354245625832
118.23 0.327189580752
118.3 0.233474308693
118.37 0.331976428168
118.44 0.26152249284
118.51 0.167548747069
118.58 0.188185553497
118.65 0.231513925609
118.72 0.236384439375
118.79 0.322587627829
118.86 0.283539170763
118.93 0.267232348745
119.0 0.171725966452
119.07 0.268482549154
119.14 0.329253102591
119.21 0.367935974726
119.28 0.37566696218
119.35 0.301266623987
119.42 0.308772109661
119.49 0.353261660921
119.56 0.409535992571
119.63 0.359090819565
119.7 0.327114920389
119.77 0.295201933147
119.84 0.262002174479
119.91 0.234702642821
119.98 0.228591482886
120.05 0.256650975915
120.12 0.298581118356
120.19 0.322395965258
120.26 0.263202190911
120.33 0.161992282427
120.4 0.169113798998
120.47 0.224376931548
120.54 0.271940273846
120.61 0.34167523674
120.68 0.356640811863
120.75 0.273507154858
120.82 0.199051062729
120.89 0.372524525011
120.96 0.332855917961
121.03 0.332885450319
121.1 0.332099170481
121.17 0.309777674998
121.24 0.232530092063
121.31 0.182751301821
121.38 0.254923418031
121.45 0.285660742343
121.52 0.290984817786
121.59 0.305128792163
121.66 0.292254724551
121.73 0.308857614546
121.8 0.311188276971
121.87 0.241406186842
121.94 0.326497973663
122.01 0.22595934322
122.08 0.287119485344
122.15 0.16827440487
122.22 0.233071154311
122.29 0.165296429167
122.36 0.197176320412
122.43 0.197669229815
122.5 0.191826670896
122.57 0.170234605992
122.64 0.221120774595
122.71 0.260854427509
122.78 0.184178733008
122.85 0.197074024123
122.92 0.176633718827
122.99 0.179862263487
123.06 0.174569230458
123.13 0.348136459218
123.2 0.353004535389
123.27 0.338600760387
123.34 0.231221784016
123.41 0.188111300778
123.48 0.16894056668
123.55 0.326286169915
123.62 0.372507446484
123.69 0.272828802709
123.76 0.307138613649
123.83 0.236738462566
123.9 0.228263833695
123.97 0.158324071446
124.04 0.342778985293
124.11 0.380957935719
124.18 0.274204836439
124.25 0.410408665841
124.32 0.38298374868
124.39 0.314833238043
124.46 0.189512541109
124.53 0.294289265829
124.6 0.296604945846
124.67 0.251414978833
124.74 0.296423473203
124.81 0.276784439606
124.88 0.164331213534
124.95 0.171696093799
125.02 0.225039714045
125.09 0.214816089921
125.16 0.256076456107
125.23 0.28727051227
125.3 0.267818245966
125.37 0.181769477929
125.44 0.213903778257
125.51 0.227611096974
125.58 0.229614855783
125.65 0.28427631232
125.72 0.235527147886
125.79 0.166025533632
125.86 0.202658554785
125.93 0.499970536764
126.0 0.466355751218
126.07 0.330602638255
126.14 0.29351003174
126.21 0.244671229261
126.28 0.177780820656
126.35 0.340779273388
126.42 0.341684841787
126.49 0.276111292308
126.56 0.251733353819
126.63 0.215250257179
126.7 0.209026881608
126.77 0.199596869013
126.84 0.255039647486
126.91 0.26591310992
126.98 0.322733677948
127.05 0.270414839042
127.12 0.276412235475
127.19 0.262927344074
127.26 0.230421044027
127.33 0.379149120722
127.4 0.496192203904
127.47 0.545759417261
127.54 0.596409306911
127.61 0.425578168314
127.68 0.328667799703
127.75 0.262552017033
127.82 0.422657340808
127.89 0.374887365347
127.96 0.334805848807
128.03 0.268033219888
128.1 0.230059765948
128.17 0.197129342056
128.24 0.396505424965
128.31 0.418704325833
128.38 0.266607174692
128.45 0.336362654505
128.52 0.285766354139
128.59 0.23454282023
128.66 0.50650141326
128.73 0.389234775538
128.8 0.324066966916
128.87 0.396162573593
128.94 0.380513079907
129.01 0.330277309683
129.08 0.225926082984
129.15 0.354904997113
129.22 0.350731764373
129.29 0.267579099324
129.36 0.294546165679
129.43 0.223428893695
129.5 0.189868936909
129.57 0.182920673925
129.64 0.205246081613
129.71 0.235627955387
129.78 0.360150696131
129.85 0.324627275886
129.92 0.271258907492
129.99 0.188833750595
130.06 0.263769090723
130.13 0.228009957502
130.2 0.254081899426
130.27 0.260644663165
130.34 0.234345792114
130.41 0.196202005447
130.48 0.329533085748
130.55 0.297897107631
130.62 0.318730150518
130.69 0.254635517121
130.76 0.167519500653
130.83 0.158200253897
130.9 0.204289915685
130.97 0.189447177401
131.04 0.236503178502
131.11 0.229796066116
131.18 0.202052282433
131.25 0.179101406479
131.32 0.191245066347
131.39 0.18741461054
131.46 0.188900007576
131.53 0.226787829021
131.6 0.25686263551
131.67 0.296234865011
131.74 0.225789556383
131.81 0.292024124262
131.88 0.390369968243
131.95 0.347061908636
132.02 0.340089565094
132.09 0.333657655201
132.16 0.313431933907
132.23 0.277775323837
132.3 0.304844075606
132.37 0.324805967095
132.44 0.268848718966
132.51 0.258021327436
132.58 0.246941963236
132.65 0.238232735616
132.72 0.275918510783
132.79 0.293144886356
132.86 0.323941894531
132.93 0.221816442768
133.0 0.157628396184
133.07 0.147058159726
133.14 0.157700296381
133.21 0.224028630739
133.28 0.30408938998
133.35 0.532325047768
133.42 0.517572026694
133.49 0.397865821693
133.56 0.221085082671
133.63 0.425481830722
133.7 0.506593324661
133.77 0.374806483976
133.84 0.417974540779
133.91 0.39600279472
133.98 0.317956382408
134.05 0.227658601132
134.12 0.282065759653
134.19 0.298969251338
134.26 0.223249700316
134.33 0.298546039671
134.4 0.344865240691
134.47 0.213340062798
134.54 0.332481530274
134.61 0.314314511162
134.68 0.263028286274
134.75 0.266912360905
134.82 0.236557360938
134.89 0.193891087189
134.96 0.14357168488
135.03 0.156553842058
135.1 0.265241096937
135.17 0.451405625226
135.24 0.451511795909
135.31 0.416833884458
135.38 0.279416566274
135.45 0.411915757829
135.52 0.580999926398
135.59 0.334752998009
135.66 0.130634238611
135.73 0.119290717309
135.8 0.120566082964
135.87 0.39115865141
135.94 0.532565865161
136.01 0.445941522166
136.08 0.474245157549
136.15 0.411025942227
136.22 0.208615180872
136.29 0.127280935866
136.36 0.115501253984
136.43 0.11341007377
136.5 0.140818133359
136.57 0.117354017772
136.64 0.11324459851
136.71 0.113643661088
136.78 0.111568486528
136.85 0.113148936781
136.92 0.238070510877
136.99 0.158511012432
137.06 0.132174522304
137.13 0.122481449112
137.2 0.118610742854
137.27 0.278565209851
137.34 0.155722477933
137.41 0.125812859581
137.48 0.116911542839
137.55 0.113845167385
137.62 0.113850820054
137.69 0.235670859662
137.76 0.132392358007
137.83 0.205066447505
137.9 0.148204410818
137.97 0.138321335172
138.04 0.135050006758
138.11 0.136830655301
138.18 0.125591587849
138.25 0.254390847783
138.32 0.168876694123
138.39 0.127976773005
138.46 0.117757231233
138.53 0.115175787168
138.6 0.113928806559
138.67 0.138950183932
138.74 0.315122101939
138.81 0.24176373468
138.88 0.223852242425
138.95 0.202857011429
139.02 0.199297843547
139.09 0.18415315421
139.16 0.197706540501
139.23 0.298880699164
139.3 0.182125346745
139.37 0.163226714679
139.44 0.156297237602
139.51 0.171768795107
139.58 0.176218504079
139.65 0.317900832886
139.72 0.253501527262
139.79 0.233726933595
139.86 0.216845268016
139.93 0.209579031783
140.0 0.199262211883
140.07 0.25608067434
140.14 0.300139203702
140.21 0.235067853193
140.28 0.22583104631
140.35 0.201727660445
140.42 0.188944325019
140.49 0.186047626515
140.56 0.278778517748
140.63 0.230176823689
140.7 0.23843735537
140.77 0.214910151794
140.84 0.20453825264
140.91 0.199503705139
140.98 0.291718420518
141.05 0.266749199175
141.12 0.251305712416
141.19 0.27935284614
141.26 0.247106495597
141.33 0.259047330527
141.4 0.231884894991
141.47 0.308774325119
141.54 0.27781821866
141.61 0.265526470452
141.68 0.286618731445
141.75 0.290000479496
141.82 0.257207093828
141.89 0.349430132241
141.96 0.366914810198
142.03 0.33574639782
142.1 0.342143506699
142.17 0.318367492355
142.24 0.324001820618
142.31 0.331829575758
142.38 0.410827329615
142.45 0.373755310914
142.52 0.362527193144
142.59 0.345757099241
142.66 0.337193849663
142.73 0.368207563953
142.8 0.387973982283
142.87 0.407806674136
142.94 0.526270026961
143.01 0.385581954609
143.08 0.473217714115
143.15 0.359891350414
143.22 0.422692765695
143.29 0.551543191498
143.36 0.545470984641
143.43 0.406140779258
143.5 0.444230164897
143.57 0.465994047771
143.64 0.396506621903
143.71 0.436548151484
143.78 0.478941485463
143.85 0.364753677026
143.92 0.193475750738
143.99 0.12134294917
144.06 0.116985081885
144.13 0.142873576749
144.2 0.455866067653
144.27 0.47588766191
144.34 0.473071665178
144.41 0.401800190187
144.48 0.444365212162
144.55 0.560750297057
144.62 0.474776123214
144.69 0.158651394522
144.76 0.12470729376
144.83 0.122630324383
144.9 0.491903455382
144.97 0.638327809628
145.04 0.356295769846
145.11 0.529604865188
145.18 0.522916964077
145.25 0.383880107861
145.32 0.270070426805
145.39 0.286922823517
145.46 0.294338526993
145.53 0.455208993359
145.6 0.546162309333
145.67 0.50081512629
145.74 0.319418133708
145.81 0.160202116274
145.88 0.123649356164
145.95 0.117516845115
146.02 0.115702092689
146.09 0.113579228463
146.16 0.0956178476261
146.23 0.0175380191095
146.3 0.0638561366225
146.37 0.0329731840149
146.44 0.703253453858
146.51 0.32092211342
146.58 0.0724176835465
146.65 0.0406006817863
146.72 0.584725010269
146.79 0.766824194515
146.86 0.220080482683
146.93 0.0338368702031
147.0 0.0399050537873
147.07 0.0292229029958
147.14 1.0
147.21 0.825488158781
147.28 0.523820535609
147.35 0.32015527881
147.42 0.397156605548
147.49 0.312300480896
147.56 0.27582988535
147.63 0.0703661027342
147.7 0.037337998978
147.77 0.032073808266
147.84 0.205107943339
147.91 0.251923086873
147.98 0.213682818462
148.05 0.208516300525
148.12 0.190611523177
148.19 0.175899001868
148.26 0.146184384044
148.33 0.204725756057
148.4 0.349753479307
148.47 0.293873046739
148.54 0.233296839236
148.61 0.148067626633
148.68 0.0937844380851
148.75 0.0812598599501
148.82 0.351183988505
148.89 0.42770373599
148.96 0.516773939348
149.03 0.426360853792
149.1 0.173919735987
149.17 0.0328338535295
149.24 0.0886261864668
149.31 0.21618516652
149.38 0.363892905791
149.45 0.451393423071
149.52 0.394354417916
149.59 0.210191775636
149.66 0.247539786124
149.73 0.0651684608531
149.8 0.115797062014
149.87 0.152347219108
149.94 0.102691637903
150.01 0.0913154282476
150.08 0.0731194805638
150.15 0.0854624430848
150.22 0.139157619387
150.29 0.497704878848
150.36 0.672380739623
150.43 0.394632647611
150.5 0.155489509762
150.57 0.122183652487
150.64 0.104130315348
150.71 0.152792113912
150.78 0.453810664436
150.85 0.497375960642
150.92 0.491062844229
150.99 0.594026369116
151.06 0.620622454273
151.13 0.255701157423
151.2 0.203521643094
151.27 0.204414910085
151.34 0.207575200897
151.41 0.207109752545
151.48 0.21662313137
151.55 0.219469226436
151.62 0.192149958883
151.69 0.0890502914072
151.76 0.21662747485
151.83 0.395092237699
151.9 0.417259180429
151.97 0.140699222903
152.04 0.0630983883465
152.11 0.0611969163733
152.18 0.0611849812548
152.25 0.15272623858
152.32 0.331626994225
152.39 0.307080294508
152.46 0.203903304575
152.53 0.187396858514
152.6 0.137522697211
152.67 0.135401178802
152.74 0.231114393944
152.81 0.169196146708
152.88 0.101337118343
152.95 0.219045314093
153.02 0.309001814314
153.09 0.260894106077
153.16 0.260282373654
153.23 0.254871471139
153.3 0.276951127165
153.37 0.284243548346
153.44 0.149008543117
153.51 0.106765810695
153.58 0.261137569023
153.65 0.473707949608
153.72 0.589308905136
153.79 0.443604099934
153.86 0.359049694746
153.93 0.149075728818
154.0 0.117845987821
154.07 0.134382838244
154.14 0.2662449289
154.21 0.333721959034
154.28 0.48824069502
154.35 0.339827838498
154.42 0.159089473984
154.49 0.134777705039
154.56 0.134714402003
154.63 0.171100400115
154.7 0.345205939228
154.77 0.400591526968
154.84 0.324105945989
154.91 0.145089929782
154.98 0.135264734911
155.05 0.151706864142
155.12 0.167927336447
155.19 0.19723796215
155.26 0.191070552016
155.33 0.165704041643
155.4 0.140151602897
155.47 0.135816683037
155.54 0.14990110825
155.61 0.202288705539
155.68 0.273480532726
155.75 0.136933649902
155.82 0.138557434525
155.89 0.143468281453
155.96 0.152339620381
156.03 0.194695924889
156.1 0.173799931076
156.17 0.199350738063
156.24 0.231194591182
156.31 0.21616471577
156.38 0.212105172094
156.45 0.402764569263
156.52 0.437255212431
156.59 0.44573320171
156.66 0.449348606792
156.73 0.277039637984
156.8 0.124335843476
156.87 0.138997328891
156.94 0.10549580704
157.01 0.123256898606
157.08 0.206911522764
157.15 0.325589479677
157.22 0.207760121384
157.29 0.184192361328
157.36 0.194230110249
157.43 0.128031075962
157.5 0.0919659187889
157.57 0.145243882294
157.64 0.25404247726
157.71 0.151995586249
157.78 0.124048822842
157.85 0.140867066044
157.92 0.148254371477
157.99 0.353343016104
158.06 0.461220504922
158.13 0.348271719168
158.2 0.14477968996
158.27 0.123656679584
158.34 0.127063319937
158.41 0.146739531882
158.48 0.409552878501
158.55 0.418263117552
158.62 0.490555500669
158.69 0.395394777178
158.76 0.252105184571
158.83 0.170186255824
158.9 0.159921304832
158.97 0.165477672584
159.04 0.18063861807
159.11 0.165825435776
159.18 0.153128933329
159.25 0.126509055919
159.32 0.143120143701
159.39 0.139617419796
159.46 0.15532530588
159.53 0.146275676298
159.6 0.171223202689
159.67 0.134756238132
159.74 0.257637718716
159.81 0.331756075704
159.88 0.173450091852
159.95 0.320679765883
160.02 0.38215370556
160.09 0.383873306698
160.16 0.333163104586
160.23 0.265636908995
160.3 0.192686807624
160.37 0.170446588158
160.44 0.179632443039
160.51 0.17922695504
160.58 0.153067187612
160.65 0.131226075625
160.72 0.117360581437
160.79 0.0908264109617
160.86 0.0733697801201
160.93 0.0739442231256
161.0 0.0792271902922
161.07 0.0562575756941
161.14 0.0274594416855
161.21 0.0498816217858
161.28 0.03107597163
161.35 0.0456766447743
161.42 0.0161847803807
161.49 0.00569401921573
161.56 0.00835083495394
161.63 0.00487793880152
161.7 0.00926253574198
161.77 0.00497249693682
161.84 0.0994356676384
161.91 0.0514776487802
161.98 0.0129326915999
162.05 0.00545709039505
162.12 0.0710217189605
162.19 0.0892342867191
162.26 0.0335546054196
162.33 0.00832147628764
162.4 0.00837214707467
162.47 0.0062019192982
162.54 0.146256823041
162.61 0.117272647227
162.68 0.0753391172021
162.75 0.0527406941225
162.82 0.0700719831795
162.89 0.0592723091046
162.96 0.0514141306965
163.03 0.0105565750545
163.1 0.0350997406719
163.17 0.239068236444
163.24 0.321816341034
163.31 0.297523583678
163.38 0.249187547325
163.45 0.259043352154
163.52 0.219870655715
163.59 0.192270543635
163.66 0.170796710961
163.73 0.207081809409
163.8 0.37594257468
163.87 0.341458537715
163.94 0.260706818889
164.01 0.180454035514
164.08 0.13650284896
164.15 0.130652417187
164.22 0.288117650459
164.29 0.35768347402
164.36 0.333264137768
164.43 0.235818827482
164.5 0.173583772032
164.57 0.135743159351
164.64 0.14835771937
164.71 0.29686503123
164.78 0.339773689146
164.85 0.321394884009
164.92 0.202786008049
164.99 0.230970460031
165.06 0.141400696168
165.13 0.147359108801
165.2 0.178715102579
165.27 0.161985996433
165.34 0.118993447667
165.41 0.0817661755366
165.48 0.0909048866401
165.55 0.148315338534
165.62 0.154060661862
165.69 0.154766571952
165.76 0.140340257171
165.83 0.11259138325
165.9 0.0691421546232
165.97 0.0855290356341
166.04 0.331567395436
166.11 0.377280938525
166.18 0.387000541686
166.25 0.389157617319
166.32 0.517439301229
166.39 0.342904786712
166.46 0.142762263839
166.53 0.158736210547
166.6 0.140332689164
166.67 0.112293782767
166.74 0.154302288637
166.81 0.107390570014
166.88 0.0967790693106
166.95 0.0728621009927
167.02 0.107938480688
167.09 0.311569171607
167.16 0.374674779395
167.23 0.221728676342
167.3 0.0934295866076
167.37 0.087424336226
167.44 0.087773993487
167.51 0.101954206859
167.58 0.223543157005
167.65 0.300262988167
167.72 0.258328463253
167.79 0.17443126824
167.86 0.131310059819
167.93 0.10773896535
168.0 0.100382826398
168.07 0.148303105658
168.14 0.142716970413
168.21 0.260667494794
168.28 0.221376972588
168.35 0.134695891403
168.42 0.113272445938
168.49 0.154809768078
168.56 0.243651266397
168.63 0.189286040895
168.7 0.134379357316
168.77 0.108346804474
168.84 0.284512037113
168.91 0.398882398155
168.98 0.305496077385
169.05 0.278914154621
169.12 0.260329891991
169.19 0.2189621251
169.26 0.207551127428
169.33 0.238784718007
169.4 0.217814742056
169.47 0.441627628485
169.54 0.419978870291
169.61 0.212519381319
169.68 0.222675687404
169.75 0.186923334077
169.82 0.16220690542
169.89 0.28583997944
169.96 0.505211175084
170.03 0.522538815428
170.1 0.377118967825
170.17 0.206394203143
170.24 0.190539962093
170.31 0.17237104064
170.38 0.193859863993
170.45 0.228601073753
170.52 0.198389735937
170.59 0.201494342526
170.66 0.180987666819
170.73 0.177039244637
170.8 0.18046975759
170.87 0.196466583191
170.94 0.299749584295
171.01 0.294472441126
171.08 0.245783660049
171.15 0.200563523808
171.22 0.223362959284
171.29 0.179583005819
171.36 0.155065827826
171.43 0.259506559052
171.5 0.253905787601
171.57 0.241743428082
171.64 0.193262375492
171.71 0.236778648031
171.78 0.259166563553
171.85 0.137408497706
171.92 0.21764638611
171.99 0.256523185901
172.06 0.240151249487
172.13 0.217455870851
172.2 0.143583768877
172.27 0.14032983329
172.34 0.144120690876
172.41 0.257444325133
172.48 0.271578396706
172.55 0.216220299558
172.62 0.131819901234
172.69 0.14654272354
172.76 0.0723783925363
172.83 0.089344164012
172.9 0.124702939646
172.97 0.108869313585
173.04 0.106843656592
173.11 0.0914352792396
173.18 0.11397484556
173.25 0.10801111819
173.32 0.146407783798
173.39 0.214714774342
173.46 0.138964587367
173.53 0.138942599384
173.6 0.102204778178
173.67 0.0960782364608
173.74 0.247794274374
173.81 0.41832329886
173.88 0.488420515817
173.95 0.490572671359
174.02 0.310189029531
174.09 0.257716732012
174.16 0.168758114508
174.23 0.153637736137
174.3 0.1882685558
174.37 0.177759428188
174.44 0.15342951257
174.51 0.109605468525
174.58 0.0719159134902
174.65 0.0952783909271
174.72 0.0844934913023
174.79 0.093222498537
174.86 0.170519589586
174.93 0.187775550689
175.0 0.210256634811
175.07 0.446341851396
175.14 0.270707104701
175.21 0.211737357525
175.28 0.430244026878
175.35 0.47594535127
175.42 0.4448945697
175.49 0.367502308458
175.56 0.37048692581
175.63 0.340842989977
175.7 0.326747145994
175.77 0.270871151433
175.84 0.228220817169
175.91 0.177726757559
175.98 0.137588882116
176.05 0.0921150551894
176.12 0.0606833506247
176.19 0.0421451529918
176.26 0.0464918909945
176.33 0.0458187590572
176.4 0.043992550052
176.47 0.019289932859
176.54 0.0392812633619
176.61 0.0275786758938
176.68 0.0526502785994
176.75 0.039733771072
176.82 0.0297148789528
176.89 0.0299404055467
176.96 0.00677090814014
177.03 0.00587926345552
177.1 0.0731598881651
177.17 0.0611903314396
177.24 0.0259706050758
177.31 0.00812025475136
177.38 0.0261911525004
177.45 0.0803549130614
177.52 0.0921926517738
177.59 0.0448107112249
177.66 0.00978886962141
177.73 0.029614807575
177.8 0.346616092202
177.87 0.161852878684
177.94 0.0181849755513
178.01 0.0188163753384
178.08 0.125822777745
178.15 0.163808951372
178.22 0.241340725063
178.29 0.0865317108317
178.36 0.096633692691
178.43 0.162536742893
178.5 0.340797649288
178.57 0.463209807126
178.64 0.407564038294
178.71 0.281486160241
178.78 0.166233106149
178.85 0.145310422854
178.92 0.133925903162
178.99 0.24484237964
179.06 0.325487973864
179.13 0.310120729602
179.2 0.311541482511
179.27 0.282846111514
179.34 0.302774259502
179.41 0.316503614646
179.48 0.271489924878
179.55 0.204799343547
179.62 0.14823524882
179.69 0.221287528322
179.76 0.328720046715
179.83 0.282473521007
179.9 0.311415314803
179.97 0.290211841334
180.04 0.212884768927
180.11 0.141231595827
180.18 0.112456535671
180.25 0.0945013959285
180.32 0.0926676059195
180.39 0.106526861376
180.46 0.16626449004
180.53 0.26672408001
180.6 0.246690224518
180.67 0.159523778305
180.74 0.181716629494
180.81 0.168878725255
180.88 0.154164555645
180.95 0.117136154892
181.02 0.13011242663
181.09 0.121255148479
181.16 0.109881156646
181.23 0.0891621903799
181.3 0.315556999412
181.37 0.364785539456
181.44 0.389770110678
181.51 0.339347750396
181.58 0.381494009345
181.65 0.349967279922
181.72 0.356220526964
181.79 0.338409458197
181.86 0.280660696917
181.93 0.220408090519
182.0 0.230827008202
182.07 0.340196447087
182.14 0.208251732234
182.21 0.0979356993833
182.28 0.091265741715
182.35 0.202930253898
182.42 0.239145587261
182.49 0.21292082005
182.56 0.230531373865
182.63 0.127170431156
182.7 0.0644792653642
182.77 0.262398367005
182.84 0.492204857001
182.91 0.534977372328
182.98 0.564360125091
183.05 0.50282587177
183.12 0.630941886642
183.19 0.49689947399
183.26 0.284878199836
183.33 0.294659397472
183.4 0.355800260971
183.47 0.337384042352
183.54 0.27028138927
183.61 0.201800362934
183.68 0.144979432161
183.75 0.153872149378
183.82 0.18760440031
183.89 0.191244575992
183.96 0.136490254521
184.03 0.11792458402
184.1 0.126897598909
184.17 0.0798989362385
184.24 0.0931338990991
184.31 0.132053685876
184.38 0.267133405774
184.45 0.185286315782
184.52 0.197897712717
184.59 0.165115347626
184.66 0.149528787144
184.73 0.118347740153
184.8 0.101703153456
184.87 0.29298680541
184.94 0.323183265979
185.01 0.196656550197
185.08 0.0731901531017
185.15 0.0542406541066
185.22 0.228800862036
185.29 0.348695453092
185.36 0.226234253863
185.43 0.218830330719
185.5 0.133521335612
185.57 0.0940710286253
185.64 0.134344436962
185.71 0.168002053526
185.78 0.201997655723
185.85 0.289831359068
185.92 0.309494279444
185.99 0.20091957695
186.06 0.273290786674
186.13 0.177977666809
186.2 0.10094952416
186.27 0.15450408442
186.34 0.23451196805
186.41 0.151904864697
186.48 0.157580055469
186.55 0.0801820009502
186.62 0.0982714908276
186.69 0.114052660737
186.76 0.448772120838
186.83 0.519915932244
186.9 0.590233942394
186.97 0.530026525443
187.04 0.526896771331
187.11 0.41976914612
187.18 0.332720465414
187.25 0.361348585722
187.32 0.21030256747
187.39 0.166485030375
187.46 0.180923997493
187.53 0.262307978658
187.6 0.227550392227
187.67 0.219607816072
187.74 0.248886218964
187.81 0.330349909374
187.88 0.28564178038
187.95 0.180399020065
188.02 0.156288008297
188.09 0.209396075078
188.16 0.200477109107
188.23 0.27746016038
188.3 0.276250190336
188.37 0.20613787045
188.44 0.206661425258
188.51 0.214399415924
188.58 0.249570608975
188.65 0.234761458225
188.72 0.29785879733
188.79 0.231915737719
188.86 0.202658674124
188.93 0.197277229528
189.0 0.221315801118
189.07 0.26116513051
189.14 0.251265295362
189.21 0.298062929093
189.28 0.165866622037
189.35 0.130957186303
189.42 0.119141216982
189.49 0.116408619563
189.56 0.12670652949
189.63 0.15546435515
189.7 0.17488861333
189.77 0.149203108825
189.84 0.145981507117
189.91 0.117292014471
189.98 0.108738058003
190.05 0.113152345633
190.12 0.336678747864
190.19 0.498629145717
190.26 0.368687772576
190.33 0.271804651152
190.4 0.169509835556
190.47 0.156628093595
190.54 0.140479097301
190.61 0.353599827336
190.68 0.275453557513
190.75 0.145502215399
190.82 0.0911183398708
190.89 0.0607397177989
190.96 0.0355542405224
191.03 0.289206617473
191.1 0.217944562021
191.17 0.0104120633499
191.24 0.00739167727077
191.31 0.127812400157
191.38 0.225679527848
191.45 0.0536020927758
191.52 0.00754035285586
191.59 0.00439365846144
191.66 0.0936683527819
191.73 0.132809338033
191.8 0.0932578466217
191.87 0.0479847697821
191.94 0.159343379716
192.01 0.24463754602
192.08 0.0251338399587
192.15 0.0056358383195
192.22 0.00491192334533
192.29 0.0378755684818
192.36 0.108555916587
192.43 0.00847958204602
192.5 0.00512046121202
192.57 0.0238100745092
192.64 0.0515610551831
192.71 0.00444567506571
192.78 0.00453368016993
192.85 0.00540585481377
192.92 0.217568009684
192.99 0.233069814402
193.06 0.064672023258
193.13 0.020450805978
193.2 0.0710068972472
193.27 0.0565465955585
193.34 0.00860223692241
193.41 0.02602745906
193.48 0.00697488275294
193.55 0.0188814991864
193.62 0.184448441163
193.69 0.347659006035
193.76 0.347367917228
193.83 0.209446575718
193.9 0.177361078101
193.97 0.162230597239
194.04 0.127498829467
194.11 0.111875102451
194.18 0.253714435785
194.25 0.457841644647
194.32 0.491014880437
194.39 0.28103502198
194.46 0.196700885364
194.53 0.123658021856
194.6 0.214856450259
194.67 0.481260655861
194.74 0.508765593022
194.81 0.357420542215
194.88 0.244609793118
194.95 0.199995019413
195.02 0.162623633769
195.09 0.149235715649
195.16 0.190182814809
195.23 0.277025794617
195.3 0.205631950692
195.37 0.189076291911
195.44 0.197727702561
195.51 0.203520259467
195.58 0.13180990863
195.65 0.256985032803
195.72 0.235730573065
195.79 0.212445200676
195.86 0.188879257887
195.93 0.176472629585
196.0 0.166472477291
196.07 0.445206859559
196.14 0.541820575313
196.21 0.450296971943
196.28 0.238237274056
196.35 0.0946057753394
196.42 0.103790194603
196.49 0.185950076625
196.56 0.245479903545
196.63 0.467770413093
196.7 0.466097330677
196.77 0.515220622851
196.84 0.562991575476
196.91 0.468108210857
196.98 0.266827393637
197.05 0.22338036629
197.12 0.218267874821
197.19 0.19899607682
197.26 0.184311848394
197.33 0.191939850699
197.4 0.229036774699
197.47 0.11558742528
197.54 0.153382325075
197.61 0.287329506091
197.68 0.394249713572
197.75 0.34827860304
197.82 0.128037509654
197.89 0.0901544854155
197.96 0.105887559196
198.03 0.128025007378
198.1 0.272802537414
198.17 0.261633353206
198.24 0.217629464732
198.31 0.171842004492
198.38 0.121627364426
198.45 0.112002248505
198.52 0.183305277534
198.59 0.203177086705
198.66 0.129433319453
198.73 0.122230271643
198.8 0.335396603496
198.87 0.103177625623
198.94 0.10110685244
199.01 0.222658244951
199.08 0.272961254048
199.15 0.236627274903
199.22 0.0943369368257
199.29 0.0928452880607
199.36 0.411051072026
199.43 0.473434621098
199.5 0.427973869513
199.57 0.351134701346
199.64 0.131725120962
199.71 0.13124628297
199.78 0.115053197278
199.85 0.140255703456
199.92 0.305954524888
199.99 0.423755182653
200.06 0.36816877984
200.13 0.198860803873
200.2 0.181252586038
200.27 0.165112516566
200.34 0.141729017676
200.41 0.234984867431
200.48 0.498474409819
200.55 0.647300543301
200.62 0.426642791278
200.69 0.0755159982335
200.76 0.0920066974057
200.83 0.135158487426
200.9 0.154234739009
200.97 0.152798405814
201.04 0.158651658014
201.11 0.146207667037
201.18 0.129058608014
201.25 0.0977652910357
201.32 0.0868277882609
201.39 0.103876798356
201.46 0.256803953625
201.53 0.375547588546
201.6 0.249091329073
201.67 0.165182133955
201.74 0.148199653786
201.81 0.105906154869
201.88 0.0818108226395
201.95 0.2735135212
202.02 0.405383969155
202.09 0.331972426164
202.16 0.210866989514
202.23 0.172298691443
202.3 0.128752794383
202.37 0.24502511539
202.44 0.652563132975
202.51 0.610597234805
202.58 0.506881463068
202.65 0.273498414726
202.72 0.170127218284
202.79 0.0794795103467
202.86 0.0638715420353
202.93 0.0989324785071
203.0 0.349768608231
203.07 0.2890143393
203.14 0.224843305075
203.21 0.109068552434
203.28 0.142666330347
203.35 0.0714123084434
203.42 0.0863759800449
203.49 0.168770510442
203.56 0.181432169338
203.63 0.143992320708
203.7 0.0972808677247
203.77 0.0918864021404
203.84 0.173546650399
203.91 0.432377421327
203.98 0.492255719204
204.05 0.298787903943
204.12 0.0959501687761
204.19 0.074494488684
204.26 0.0401074486304
204.33 0.118496374383
204.4 0.348693876867
204.47 0.4464054002
204.54 0.302244106762
204.61 0.0678957423531
204.68 0.0716854502639
204.75 0.0640519713451
204.82 0.0649715402605
204.89 0.141150447419
204.96 0.217577514296
205.03 0.168612494484
205.1 0.109873218805
205.17 0.0757915398386
205.24 0.0619570738866
205.31 0.0683536439664
205.38 0.151584413679
205.45 0.24659865932
205.52 0.134371554175
205.59 0.0669289162293
205.66 0.0671637182097
205.73 0.109934787286
205.8 0.0843442757361
205.87 0.282915478408
205.94 0.405719559731
206.01 0.299714356731
206.08 0.128030225226
206.15 0.0920289276125
206.22 0.0860869589989
206.29 0.112268732134
206.36 0.138266766359
206.43 0.0400169137679
206.5 0.0223976493613
206.57 0.067769528564
206.64 0.106468174764
206.71 0.0731535182786
206.78 0.157614865935
206.85 0.0689441954236
206.92 0.00776394756984
206.99 0.0807995349205
207.06 0.13811384182
207.13 0.109648314903
207.2 0.188151166035
207.27 0.327281053788
207.34 0.0539565342458
207.41 0.0112885732031
207.48 0.00748535749368
207.55 0.00827342151409
207.62 0.103436888629
207.69 0.221378897378
207.76 0.0463456187388
207.83 0.00977510660193
207.9 0.0837115584897
207.97 0.212670241642
208.04 0.0919140498819
208.11 0.0281815429375
208.18 0.00727736197126
208.25 0.00760964176601
208.32 0.343552834931
208.39 0.278100089978
208.46 0.184941857464
208.53 0.198677942876
208.6 0.213401207091
208.67 0.1306105527
208.74 0.0355570231383
208.81 0.00869882382698
208.88 0.0081082664619
208.95 0.141179347633
209.02 0.667922368502
209.09 0.607716990955
209.16 0.501215512235
209.23 0.207562259074
209.3 0.191859817701
209.37 0.0944800566315
209.44 0.0878411177464
209.51 0.0577177224106
209.58 0.0383809837059
209.65 0.0300269029575
209.72 0.0189898959622
209.79 0.0111264985245
209.86 0.00740670221545
209.93 0.00552118863344
210.0 0.00562970593015
210.07 0.0049969945916
210.14 0.00254107427416
210.21 0.0
210.28 0.0
210.35 0.0
210.42 0.0
210.49 0.0
210.56 0.0
210.63 0.0
210.7 0.0
210.77 0.0
210.84 0.0
210.91 0.0
210.98 0.0
211.05 0.0
211.12 0.0
211.19 0.0
211.26 0.0
211.33 0.0
211.4 0.0
211.47 0.0
211.54 0.0
211.61 0.0
211.68 0.0
211.75 0.0
211.82 0.0
211.89 0.0
211.96 0.0
212.03 0.0
212.1 0.0
212.17 0.0
212.24 0.0
212.31 0.0
212.38 0.0
212.45 0.0
212.52 0.0
212.59 0.0
212.66 0.0
212.73 0.0
212.8 0.0
212.87 0.0
212.94 0.0
213.01 0.0
213.08 0.0
213.15 0.0
213.22 0.0
213.29 0.0
213.36 0.0
213.43 0.0
213.5 0.0
213.57 0.0
213.64 0.0
213.71 0.0
213.78 0.0
213.85 0.0
213.92 0.0
213.99 0.0
214.06 0.0
214.13 0.0
214.2 0.0
214.27 0.0
214.34 0.0
214.41 0.0
214.48 0.0
214.55 0.0
214.62 0.0
214.69 0.0
214.76 0.0
214.83 0.0
214.9 0.0
214.97 0.0
215.04 0.0
215.11 0.0
215.18 0.0
215.25 0.0
215.32 0.0
215.39 0.0
215.46 0.0
215.53 0.0
215.6 0.0
215.67 0.0
215.74 0.0
215.81 0.0
215.88 0.0
215.95 0.0
216.02 0.0
216.09 0.0
216.16 0.0
216.23 0.0
216.3 0.0
216.37 0.0
216.44 0.0
216.51 0.0
216.58 0.0
216.65 0.0
216.72 0.0
216.79 0.0
216.86 0.0
216.93 0.0
217.0 0.0
217.07 0.0
217.14 0.0
217.21 0.0
217.28 0.0
217.35 0.0
217.42 0.0
217.49 0.0
217.56 0.0
217.63 0.0
217.7 0.0
217.77 0.0
217.84 0.0
217.91 0.0
217.98 0.0
218.05 0.0
218.12 0.0
218.19 0.0
218.26 0.0
218.33 0.0
218.4 0.0
218.47 0.0
218.54 0.0
218.61 0.0
218.68 0.0
218.75 0.0
218.82 0.0
218.89 0.0
218.96 0.0
219.03 0.0
219.1 0.0
