0.0 0.0
0.07 0.0
0.14 0.0
0.21 0.0
0.28 0.0
0.35 0.0
0.42 0.0
0.49 0.0
0.56 0.0
0.63 0.0
0.7 0.0
0.77 0.0
0.84 0.0
0.91 0.0
0.98 0.0
1.05 0.0
1.12 0.0
1.19 0.0
1.26 0.0
1.33 0.0
1.4 0.0
1.47 0.0
1.54 0.0
1.61 0.0
1.68 0.0
1.75 0.0
1.82 0.0
1.89 0.0
1.96 0.0
2.03 0.0
2.1 0.0
2.17 0.0
2.24 0.0
2.31 0.0
2.38 0.0
2.45 0.0
2.52 0.0
2.59 0.0
2.66 0.0
2.73 0.0
2.8 0.0
2.87 0.0
2.94 0.0
3.01 0.0
3.08 0.0
3.15 0.0
3.22 0.0
3.29 0.0
3.36 0.0
3.43 0.0
3.5 0.0
3.57 0.0
3.64 0.0
3.71 0.0
3.78 0.0
3.85 0.0
3.92 0.0
3.99 0.079250271987
4.06 0.312379670533
4.13 0.0922144957333
4.2 0.657002579545
4.27 0.291611878657
4.34 0.326528507052
4.41 0.361808662275
4.48 0.125869261295
4.55 0.740634734795
4.62 0.668616784329
4.69 0.589469511589
4.76 0.494311347744
4.83 0.568118754589
4.9 0.643743083278
4.97 0.473563453933
5.04 0.676620035399
5.11 0.38599093841
5.18 0.331088437629
5.25 0.316959290118
5.32 0.315481169925
5.39 0.65842568118
5.46 0.638642308383
5.53 0.743860876572
5.6 0.74028919071
5.67 0.525689217539
5.74 0.779382914407
5.81 0.598470543925
5.88 0.542159336468
5.95 0.606778928293
6.02 0.552482977383
6.09 0.784084128135
6.16 0.35131223054
6.23 0.4560520196
6.3 0.724706164972
6.37 0.62911173338
6.44 0.605199269756
6.51 0.365488158221
6.58 0.660685888609
6.65 0.553353867953
6.72 0.454981272083
6.79 0.771124149392
6.86 0.420980795942
6.93 0.587734053515
7.0 0.708672356353
7.07 0.503862898651
7.14 0.391989348277
7.21 0.356664850224
7.28 0.867598745217
7.35 0.633922875313
7.42 0.458335502571
7.49 0.518569898753
7.56 0.47749785668
7.63 0.566608822529
7.7 0.4758046133
7.77 0.693061942764
7.84 0.421844139143
7.91 0.34145215634
7.98 0.75383092905
8.05 0.330019945936
8.12 0.478635451431
8.19 0.656236462086
8.26 0.591305750643
8.33 0.604277227575
8.4 0.526421744259
8.47 0.790576776156
8.54 0.552767527857
8.61 0.461805314593
8.68 0.624871656539
8.75 0.57109718767
8.82 0.854664992614
8.89 0.547723494058
8.96 0.362919122049
9.03 0.667775323367
9.1 0.574570538656
9.17 0.477360872363
9.24 0.469668288995
9.31 0.566660298368
9.38 0.694260405942
9.45 0.573668498444
9.52 0.770855708903
9.59 0.355174618438
9.66 0.421872326921
9.73 0.60390931804
9.8 0.511047080498
9.87 0.399453209672
9.94 0.331786036641
10.01 0.813078262258
10.08 0.591113113083
10.15 0.469946015666
10.22 0.672422760367
10.29 0.411490725614
10.36 0.5304599587
10.43 0.576138801654
10.5 0.516162250351
10.57 0.687842859818
10.64 0.372844518737
10.71 0.302318466262
10.78 0.313483195089
10.85 0.254981373984
10.92 0.621236676176
10.99 0.541507171894
11.06 0.741201870348
11.13 0.607761698694
11.2 0.696271836853
11.27 0.646269740765
11.34 0.452903278106
11.41 0.603273327294
11.48 0.635041459557
11.55 0.809416055533
11.62 0.438071118608
11.69 0.227592091765
11.76 0.740480582685
11.83 0.588138254018
11.9 0.465087124634
11.97 0.408920177213
12.04 0.370432750515
12.11 0.778272400804
12.18 0.498920619765
12.25 0.766249790573
12.32 0.405557395377
12.39 0.459456366423
12.46 0.660081100084
12.53 0.558404647942
12.6 0.351527557778
12.67 0.33285763416
12.74 0.668165062564
12.81 0.645076683051
12.88 0.513983625616
12.95 0.506838786732
13.02 0.282335689687
13.09 0.466339875293
13.16 0.659306411246
13.23 0.432740134549
13.3 0.747545542635
13.37 0.305442667851
13.44 0.745208748621
13.51 0.535060745721
13.58 0.36337236856
13.65 0.638601912619
13.72 0.595825358063
13.79 0.476841359472
13.86 0.148697690327
13.93 0.245011611933
14.0 0.906127163558
14.07 0.646361141675
14.14 0.835715817578
14.21 0.498354637162
14.28 0.549232021549
14.35 0.639112115543
14.42 0.518949043592
14.49 0.339906029705
14.56 0.143986942553
14.63 0.264921405984
14.7 0.569949922421
14.77 0.520843042742
14.84 0.785276851606
14.91 0.144031737298
14.98 0.40994559795
15.05 0.546601045371
15.12 0.468986421911
15.19 0.521349430045
15.26 0.447781347042
15.33 0.401186686077
15.4 0.3570727662
15.47 0.541882861642
15.54 0.882850054743
15.61 0.694106916058
15.68 0.798570321676
15.75 0.701766414432
15.82 0.584049069483
15.89 0.665139627736
15.96 0.497568843213
16.03 0.760474697214
16.1 0.568711790801
16.17 0.579173210954
16.24 0.614965209018
16.31 0.577971754617
16.38 0.532407474196
16.45 0.403000060194
16.52 0.661875131954
16.59 0.716614183177
16.66 0.753277329691
16.73 0.898519855826
16.8 0.667487191367
16.87 0.523423266647
16.94 0.424188713369
17.01 0.383944500924
17.08 0.708245093122
17.15 0.436616918657
17.22 0.701211739738
17.29 0.732701953798
17.36 0.614607444429
17.43 0.554530710528
17.5 0.514565163637
17.57 0.685603468055
17.64 0.48833328911
17.71 0.664637091107
17.78 0.560132125509
17.85 0.433195422819
17.92 0.566982327809
17.99 0.600563668945
18.06 0.498490266983
18.13 0.473649275373
18.2 0.509731463469
18.27 0.942960257954
18.34 0.761096620985
18.41 0.728959660333
18.48 0.713057330419
18.55 0.68112219962
18.62 0.77820611064
18.69 0.619444297993
18.76 0.880400242972
18.83 0.636593885473
18.9 0.613633333035
18.97 0.840603939175
19.04 0.664141152949
19.11 0.666350635646
19.18 0.594589850308
19.25 0.632320002575
19.32 0.81165585039
19.39 0.775792135416
19.46 0.925523945546
19.53 0.681597130579
19.6 0.626855352839
19.67 0.459786507815
19.74 0.445504781762
19.81 0.702962024656
19.88 0.434314410156
19.95 0.519793778126
20.02 0.636374720079
20.09 0.58731388699
20.16 0.566428509376
20.23 0.487540643817
20.3 0.760304708022
20.37 0.667602277171
20.44 0.670944328465
20.51 0.793646051823
20.58 0.479240433993
20.65 0.589741655034
20.72 0.67432975992
20.79 0.545729329836
20.86 0.461494277597
20.93 0.332466649378
21.0 0.816180848251
21.07 0.66683362723
21.14 0.63225355593
21.21 0.604177221488
21.28 0.448660121727
21.35 0.616483077771
21.42 0.487271942944
21.49 0.818937623517
21.56 0.566562330283
21.63 0.593090314814
21.7 0.586921112071
21.77 0.50951681473
21.84 0.45692149183
21.91 0.443427783001
21.98 0.569831044781
22.05 0.826672595585
22.12 0.690487297077
22.19 0.909720275987
22.26 0.683245613013
22.33 0.567312768392
22.4 0.553762140705
22.47 0.596414473498
22.54 0.817467153345
22.61 0.542176059856
22.68 0.647298987138
22.75 0.687287603016
22.82 0.582014926361
22.89 0.455541862994
22.96 0.373293287401
23.03 0.64052313062
23.1 0.44453664417
23.17 0.396424508782
23.24 0.691118247898
23.31 0.396594226325
23.38 0.58120734281
23.45 0.717366584178
23.52 0.570142184428
23.59 0.511602408655
23.66 0.392417517843
23.73 0.840580753766
23.8 0.770150585055
23.87 0.730512583231
23.94 0.739362162433
24.01 0.671047919835
24.08 0.734379353836
24.15 0.713298348007
24.22 0.708799724001
24.29 0.782189937452
24.36 0.629007141787
24.43 0.848898852446
24.5 0.721474909412
24.57 0.686331707209
24.64 0.548693963837
24.71 0.626106257958
24.78 0.796044517948
24.85 0.71539235808
24.92 0.872886191382
24.99 0.760401206441
25.06 0.726686379893
25.13 0.523304102334
25.2 0.451461768101
25.27 0.731528403574
25.34 0.628986392467
25.41 0.640956852116
25.48 0.69946757759
25.55 0.647139878977
25.62 0.634265110774
25.69 0.624241531935
25.76 0.576835173859
25.83 0.817554694819
25.9 0.619710411303
25.97 0.778350606023
26.04 0.44583709886
26.11 0.423614804087
26.18 0.51398301096
26.25 0.38216175443
26.32 0.357469672206
26.39 0.330175639066
26.46 0.788406673977
26.53 0.733854491815
26.6 0.711743592409
26.67 0.702641154423
26.74 0.693666723779
26.81 0.692323408443
26.88 0.556326964422
26.95 0.433441736959
27.02 0.768328501857
27.09 0.516562940682
27.16 0.519110958388
27.23 0.55728500589
27.3 0.545411378903
27.37 0.486989980033
27.44 0.41818445864
27.51 0.687117615076
27.58 0.68901312395
27.65 0.656342056407
27.72 0.852050386804
27.79 0.637070178438
27.86 0.504125276458
27.93 0.441340083475
28.0 0.666244032339
28.07 0.470053387605
28.14 0.484110796925
28.21 0.783828073393
28.28 0.736902733994
28.35 0.806563204971
28.42 0.70624450819
28.49 0.506984172176
28.56 0.730767384877
28.63 0.502714733326
28.7 0.743742389506
28.77 0.449930300563
28.84 0.44236175619
28.91 0.622562846253
28.98 0.551115082084
29.05 0.529486599665
29.12 0.452426807379
29.19 0.637012398311
29.26 0.863404959075
29.33 0.737594957587
29.4 0.696257161482
29.47 0.687220606812
29.54 0.700150610142
29.61 0.682564257933
29.68 0.629243735357
29.75 0.90246001956
29.82 0.68921168649
29.89 0.813195528775
29.96 0.701152963143
30.03 0.649377909984
30.1 0.686141638434
30.17 0.574534586939
30.24 0.770446428416
30.31 0.746390120368
30.38 0.715557824359
30.45 0.858091585962
30.52 0.636032427034
30.59 0.527032913436
30.66 0.47940564114
30.73 0.474646117756
30.8 0.722876579471
30.87 0.436956765598
30.94 0.595643412505
31.01 0.657968654099
31.08 0.525696206586
31.15 0.519645931556
31.22 0.446028673604
31.29 0.847663865458
31.36 0.689163884814
31.43 0.85460926426
31.5 0.543729718839
31.57 0.438178029869
31.64 0.68890525628
31.71 0.659712484508
31.78 0.506813744838
31.85 0.3467552105
31.92 0.365765332828
31.99 0.856143986593
32.06 0.657054854061
32.13 0.634536051196
32.2 0.493944092923
32.27 0.530538985129
32.34 0.621817867437
32.41 0.516169647499
32.48 0.832528310222
32.55 0.612006136961
32.62 0.630769409359
32.69 0.544701334055
32.76 0.451346999013
32.83 0.474048181826
32.9 0.481480824727
32.97 0.743102084905
33.04 0.826764394581
33.11 0.664018514768
33.18 0.852509132668
33.25 0.642962639713
33.32 0.657841139984
33.39 0.602869970535
33.46 0.646742030332
33.53 0.820032266237
33.6 0.596316077282
33.67 0.67907449026
33.74 0.682743574617
33.81 0.604669999991
33.88 0.558950187928
33.95 0.411537752398
34.02 0.676100416102
34.09 0.439150835589
34.16 0.399935729311
34.23 0.696587737264
34.3 0.427200247717
34.37 0.711673854665
34.44 0.636936589123
34.51 0.52324997509
34.58 0.48443392799
34.65 0.473822305295
34.72 0.938008427496
34.79 0.779294207466
34.86 0.706496222788
34.93 0.685567896899
35.0 0.706125775764
35.07 0.77487032733
35.14 0.673905253251
35.21 0.892516869216
35.28 0.723353527151
35.35 0.666932360192
35.42 0.8626974755
35.49 0.664263690982
35.56 0.633755844229
35.63 0.559641983389
35.7 0.689657623482
35.77 0.833485490421
35.84 0.774744153941
35.91 0.932234378176
35.98 0.680888152301
36.05 0.656726143526
36.12 0.51419683223
36.19 0.508276352176
36.26 0.757429348047
36.33 0.704004124967
36.4 0.698191391154
36.47 0.640310168116
36.54 0.574965057395
36.61 0.593217628634
36.68 0.554366032911
36.75 0.749493215863
36.82 0.596434337763
36.89 0.535494675022
36.96 0.685209839378
37.03 0.379823133976
37.1 0.33413692517
37.17 0.41488161511
37.24 0.428211114512
37.31 0.5459279775
37.38 0.470086430036
37.45 0.61006306301
37.52 0.473465628559
37.59 0.473945879856
37.66 0.373089060266
37.73 0.115403542308
37.8 0.56576994287
37.87 0.521993395039
37.94 0.463014821541
38.01 0.360770833257
38.08 0.138616232466
38.15 0.169144623236
38.22 0.130376651966
38.29 0.107413416826
38.36 0.15680471178
38.43 0.135924777185
38.5 0.174209139712
38.57 0.154685036394
38.64 0.145737683143
38.71 0.177558261423
38.78 0.124690299348
38.85 0.17015907281
38.92 0.120453156829
38.99 0.169575340305
39.06 0.222506877295
39.13 0.278635269163
39.2 0.224221897759
39.27 0.186397843397
39.34 0.169939247695
39.41 0.132495427276
39.48 0.112933195283
39.55 0.13706887652
39.62 0.104211028796
39.69 0.301568796785
39.76 0.17458294919
39.83 0.619471838568
39.9 0.231907752463
39.97 0.34363725937
40.04 0.393542228612
40.11 0.215590019292
40.18 0.624391415256
40.25 0.632968152485
40.32 0.636703793649
40.39 0.496250276839
40.46 0.543260700341
40.53 0.659420632026
40.6 0.527102751327
40.67 0.440235236971
40.74 0.657832298207
40.81 0.356074809676
40.88 0.299398146298
40.95 0.298728001484
41.02 0.526162268227
41.09 0.679557787295
41.16 0.650906398133
41.23 0.716575545002
41.3 0.639138853686
41.37 0.74608714525
41.44 0.599414423279
41.51 0.509569250734
41.58 0.594167041139
41.65 0.599040486113
41.72 0.785863639863
41.79 0.438597974817
41.86 0.260716165466
41.93 0.698439934829
42.0 0.616757977777
42.07 0.632601951716
42.14 0.461512448117
42.21 0.232759036647
42.28 0.773062322374
42.35 0.526266022337
42.42 0.78300994055
42.49 0.455339229457
42.56 0.452152338007
42.63 0.702117824659
42.7 0.609165385475
42.77 0.426350454479
42.84 0.369354275364
42.91 0.770230581663
42.98 0.694507568834
43.05 0.503737026956
43.12 0.519798851851
43.19 0.503096090173
43.26 0.501032668916
43.33 0.493991196069
43.4 0.422090949014
43.47 0.701334391689
43.54 0.325495978342
43.61 0.765229235755
43.68 0.327240681287
43.75 0.295068013028
43.82 0.636341796574
43.89 0.595259956315
43.96 0.737512373417
44.03 0.550822952944
44.1 0.527831045562
44.17 0.812045726037
44.24 0.471768086345
44.31 0.540239578117
44.38 0.594269616011
44.45 0.654964729712
44.52 0.740575655254
44.59 0.435600961863
44.66 0.633462817517
44.73 0.587852747135
44.8 0.444229228759
44.87 0.521040323393
44.94 0.241840603884
45.01 0.775367676317
45.08 0.549783940933
45.15 0.820694971341
45.22 0.369477630851
45.29 0.292998343815
45.36 0.587740415388
45.43 0.509196865855
45.5 0.455586357296
45.57 0.34177882762
45.64 0.43822599804
45.71 0.859604537471
45.78 0.490005900844
45.85 0.574738762748
45.92 0.451988661866
45.99 0.368226088222
46.06 0.656712730014
46.13 0.545052158419
46.2 0.71876303655
46.27 0.34700630919
46.34 0.322163031712
46.41 0.303232704445
46.48 0.136019964924
46.55 0.571418974253
46.62 0.548698579387
46.69 0.734659599218
46.76 0.690043405599
46.83 0.475807452483
46.9 0.802551316817
46.97 0.530321090358
47.04 0.498022574188
47.11 0.695718008406
47.18 0.55403883836
47.25 0.743832404624
47.32 0.30251839957
47.39 0.569094091539
47.46 0.682193520481
47.53 0.497530549295
47.6 0.468919866355
47.67 0.225485087547
47.74 0.742849923399
47.81 0.508101858847
47.88 0.663909588037
47.95 0.588635879662
48.02 0.390310770253
48.09 0.619510202589
48.16 0.555995762717
48.23 0.430588654806
48.3 0.333457243805
48.37 0.337455618301
48.44 0.823572748627
48.51 0.595490802667
48.58 0.539421763242
48.65 0.372900794147
48.72 0.25125985112
48.79 0.632399221787
48.86 0.627191330329
48.93 0.689266314472
49.0 0.317294522761
49.07 0.31137351568
49.14 0.839722709622
49.21 0.395656045367
49.28 0.590020776259
49.35 0.618941066589
49.42 0.495776265986
49.49 0.233946653846
49.56 0.0830374152784
49.63 0.833788919959
49.7 0.720985144098
49.77 0.85800091613
49.84 0.552431182324
49.91 0.395728225459
49.98 0.628741034735
50.05 0.535852686225
50.12 0.401525182278
50.19 0.135615482757
50.26 0.0812338781542
50.33 0.498478417025
50.4 0.540234473096
50.47 0.703490544567
50.54 0.11640049986
50.61 0.112514823902
50.68 0.562453292749
50.75 0.460674924206
50.82 0.488945491058
50.89 0.440184508484
50.96 0.372395817672
51.03 0.358074224133
51.1 0.424053878468
51.17 0.850501526141
51.24 0.747346769786
51.31 0.687744022953
51.38 0.792850512267
51.45 0.644877634796
51.52 0.672901290378
51.59 0.505116215143
51.66 0.740734131235
51.73 0.534525011431
51.8 0.553846300947
51.87 0.589945979813
51.94 0.584230364082
52.01 0.570803295934
52.08 0.45692882889
52.15 0.432409504937
52.22 0.795824876854
52.29 0.725126604399
52.36 0.892263563524
52.43 0.589653079537
52.5 0.614060537429
52.57 0.468180300514
52.64 0.407291038277
52.71 0.693051526168
52.78 0.416993745631
52.85 0.561039435985
52.92 0.787267235259
52.99 0.70064519756
53.06 0.686153857686
53.13 0.504827607442
53.2 0.672841896624
53.27 0.496270936026
53.34 0.49847351355
53.41 0.715716126333
53.48 0.416268822612
53.55 0.514231990278
53.62 0.606415860892
53.69 0.55606112902
53.76 0.467420243233
53.83 0.46443560476
53.9 0.828871622879
53.97 0.847935768549
54.04 0.733638682617
54.11 0.692822377316
54.18 0.672481221496
54.25 0.748593599221
54.32 0.657537467588
54.39 0.61561295333
54.46 0.919202536058
54.53 0.690179501106
54.6 0.841250405353
54.67 0.685034201864
54.74 0.70993025084
54.81 0.691875812757
54.88 0.561146830458
54.95 0.817576753567
55.02 0.751085315229
55.09 0.903598118804
55.16 0.621405745263
55.23 0.600416145351
55.3 0.529796916851
55.37 0.462085842891
55.44 0.726431406745
55.51 0.443598211591
55.58 0.405312354362
55.65 0.668763479202
55.72 0.648550462168
55.79 0.57457407762
55.86 0.549542930857
55.93 0.448296059109
56.0 0.793649531951
56.07 0.560951622862
56.14 0.77053832756
56.21 0.487280335309
56.28 0.507128671315
56.35 0.721854994385
56.42 0.637684115442
56.49 0.564148646739
56.56 0.350599077362
56.63 0.683140762288
56.7 0.708569280743
56.77 0.6017129071
56.84 0.595786652288
56.91 0.476124811293
56.98 0.571048833931
57.05 0.506329367462
57.12 0.472350531953
57.19 0.81380403653
57.26 0.592806459114
57.33 0.615882505457
57.4 0.546283704087
57.47 0.494794269225
57.54 0.473916015857
57.61 0.47448134625
57.68 0.772876254493
57.75 0.640953532225
57.82 0.853322956662
57.89 0.741681645944
57.96 0.605272685418
58.03 0.582150642559
58.1 0.532365318338
58.17 0.763988188588
58.24 0.611473527276
58.31 0.532558089845
58.38 0.677532308187
58.45 0.616882214563
58.52 0.570517466075
58.59 0.41760275162
58.66 0.358689793542
58.73 0.652988951327
58.8 0.407765154285
58.87 0.719892891148
58.94 0.392269986737
59.01 0.451907208111
59.08 0.725524185149
59.15 0.608004962091
59.22 0.565998813812
59.29 0.410508821489
59.36 0.56654831213
59.43 0.931317651326
59.5 0.728442265563
59.57 0.718517435961
59.64 0.73575762317
59.71 0.703729818335
59.78 0.737304405771
59.85 0.634260890807
59.92 0.877253786094
59.99 0.638761894568
60.06 0.834866516315
60.13 0.660412646045
60.2 0.746073266052
60.27 0.596498300749
60.34 0.610641687989
60.41 0.728577467254
60.48 0.892159977162
60.55 0.878832355527
60.62 1.0
60.69 0.731599951485
60.76 0.592612604761
60.83 0.484164308263
60.9 0.493342844613
60.97 0.819068210909
61.04 0.675131944267
61.11 0.702096903837
61.18 0.61890286656
61.25 0.550008481746
61.32 0.543177055859
61.39 0.572090558689
61.46 0.875040978498
61.53 0.658308551114
61.6 0.745342255315
61.67 0.500645887827
61.74 0.44221505005
61.81 0.511820580083
61.88 0.390804779319
61.95 0.357726899926
62.02 0.331713223116
62.09 0.370233888785
62.16 0.933595735093
62.23 0.644799857708
62.3 0.566752601857
62.37 0.696372674165
62.44 0.707912271531
62.51 0.656406244724
62.58 0.448398995764
62.65 0.738549674157
62.72 0.52643946036
62.79 0.552934178381
62.86 0.525168560463
62.93 0.53141734295
63.0 0.496025635879
63.07 0.436440717813
63.14 0.606462855128
63.21 0.78954639436
63.28 0.730858915978
63.35 0.808178290703
63.42 0.585884006619
63.49 0.576260691232
63.56 0.456949253982
63.63 0.425960242085
63.7 0.748012516871
63.77 0.435605006572
63.84 0.672111837288
63.91 0.756848435948
63.98 0.620580754817
64.05 0.729079717211
64.12 0.53325295483
64.19 0.721317716572
64.26 0.513327651679
64.33 0.485258119759
64.4 0.731086416151
64.47 0.42848463123
64.54 0.604400884757
64.61 0.5463733086
64.68 0.503024253087
64.75 0.481101061477
64.82 0.468651003994
64.89 0.898862493128
64.96 0.757982069864
65.03 0.690084039214
65.1 0.658383972231
65.17 0.715196260423
65.24 0.729587691853
65.31 0.615586082492
65.38 0.840494282619
65.45 0.66302108527
65.52 0.660750392392
65.59 0.877190137321
65.66 0.63094996537
65.73 0.646732883106
65.8 0.615977310131
65.87 0.622442667946
65.94 0.817687362776
66.01 0.741433676865
66.08 0.921096090804
66.15 0.699201105
66.22 0.588121943738
66.29 0.456668461544
66.36 0.457369052464
66.43 0.734420485685
66.5 0.480670011418
66.57 0.579423530997
66.64 0.662218196135
66.71 0.564551110933
66.78 0.562046159176
66.85 0.470214731561
66.92 0.73928005772
66.99 0.683475799643
67.06 0.687404678001
67.13 0.793117141338
67.2 0.439726110633
67.27 0.593079373695
67.34 0.651771291117
67.41 0.559963832565
67.48 0.440186329917
67.55 0.32302880975
67.62 0.79424013708
67.69 0.695063952295
67.76 0.591775083354
67.83 0.565747912914
67.9 0.503359007525
67.97 0.60716371895
68.04 0.516987543743
68.11 0.78814395066
68.18 0.577692809901
68.25 0.522588943702
68.32 0.580350223779
68.39 0.470406146069
68.46 0.474662350421
68.53 0.447291296307
68.6 0.642442624833
68.67 0.835162409751
68.74 0.678309568312
68.81 0.880380805585
68.88 0.55554740591
68.95 0.640863896416
69.02 0.62298625881
69.09 0.614203939952
69.16 0.826741257994
69.23 0.609720763705
69.3 0.63524042519
69.37 0.713125853874
69.44 0.631425263119
69.51 0.612780574178
69.58 0.434170473095
69.65 0.567027473071
69.72 0.568174573076
69.79 0.391669714866
69.86 0.718133863349
69.93 0.418785594284
70.0 0.589613673982
70.07 0.713066805629
70.14 0.682276079614
70.21 0.521389152317
70.28 0.400339748296
70.35 0.924171534309
70.42 0.778192151324
70.49 0.733900116533
70.56 0.684698972976
70.63 0.689488579432
70.7 0.735689895888
70.77 0.71867162187
70.84 0.644035239959
70.91 0.922067590851
70.98 0.674301493276
71.05 0.863575242451
71.12 0.660867553754
71.19 0.675435739343
71.26 0.600476207589
71.33 0.634155471744
71.4 0.873432207069
71.47 0.877507872937
71.54 0.906812668502
71.61 0.73180656839
71.68 0.629003510187
71.75 0.53326675391
71.82 0.478270817972
71.89 0.73254225101
71.96 0.636407822599
72.03 0.602382630043
72.1 0.681176351902
72.17 0.576338806318
72.24 0.664839743421
72.31 0.670276641021
72.38 0.587783705416
72.45 0.788281290501
72.52 0.612453005326
72.59 0.71946273115
72.66 0.436496799187
72.73 0.359095964448
72.8 0.421296309533
72.87 0.421605757939
72.94 0.5023679399
73.01 0.343709935192
73.08 0.57067514463
73.15 0.549148687524
73.22 0.469621413684
73.29 0.42555680646
73.36 0.185288952184
73.43 0.463304043898
73.5 0.54174765244
73.57 0.506883283538
73.64 0.401295029447
73.71 0.167259802608
73.78 0.15572392322
73.85 0.155294290248
73.92 0.109495941228
73.99 0.136999887379
74.06 0.152363509874
74.13 0.164739938881
74.2 0.15896766092
74.27 0.147804249033
74.34 0.160676196831
74.41 0.148507747987
74.48 0.126493775131
74.55 0.167310760183
74.62 0.150242490007
74.69 0.185045032821
74.76 0.279192239739
74.83 0.234866153531
74.9 0.204481197832
74.97 0.191317500203
75.04 0.145727272805
75.11 0.10165176452
75.18 0.125021998034
75.25 0.138498135976
75.32 0.238886704448
75.39 0.250383346028
75.46 0.0735077653881
75.53 0.663452530912
75.6 0.31986333235
75.67 0.371455412187
75.74 0.279703208792
75.81 0.136649877965
75.88 0.704216843362
75.95 0.447766351199
76.02 0.442274868179
76.09 0.424418145137
76.16 0.462785118123
76.23 0.522909616144
76.3 0.410546006273
76.37 0.686471301622
76.44 0.34359063568
76.51 0.328222922158
76.58 0.310503591534
76.65 0.0753009747967
76.72 0.555671946894
76.79 0.534240060367
76.86 0.531845218332
76.93 0.488716676449
77.0 0.383539996223
77.07 0.792806670175
77.14 0.442817594019
77.21 0.429314899452
77.28 0.439515910949
77.35 0.372234174526
77.42 0.701990416951
77.49 0.26374236517
77.56 0.431793625071
77.63 0.509523439491
77.7 0.465897553627
77.77 0.445168621503
77.84 0.23054517625
77.91 0.625490736119
77.98 0.318660251118
78.05 0.562310936768
78.12 0.56886993379
78.19 0.390850999915
78.26 0.498234313641
78.33 0.498680806452
78.4 0.308725431798
78.47 0.364960568431
78.54 0.357499179429
78.61 0.701683746388
78.68 0.418862115772
78.75 0.420267089449
78.82 0.399906512516
78.89 0.213883855626
78.96 0.554788928456
79.03 0.417141121507
79.1 0.712887212287
79.17 0.337873336218
79.24 0.390440107053
79.31 0.731671758527
79.38 0.238297568984
79.45 0.454506113289
79.52 0.558488028285
79.59 0.558673475251
79.66 0.512383232781
79.73 0.460390734263
79.8 0.753593427893
79.87 0.50700065521
79.94 0.449165297245
80.01 0.438522404731
80.08 0.435877758413
80.15 0.682486339387
80.22 0.363376266803
80.29 0.419922600669
80.36 0.514493812266
80.43 0.412960355798
80.5 0.428080722407
80.57 0.270006865815
80.64 0.648536169861
80.71 0.355738296396
80.78 0.360249183468
80.85 0.71304423112
80.92 0.3190376271
80.99 0.435361996048
81.06 0.430375952685
81.13 0.361600047426
81.2 0.338951136625
81.27 0.31826392722
81.34 0.715217755841
81.41 0.447898714958
81.48 0.408117189183
81.55 0.40946926743
81.62 0.262704567449
81.69 0.519121790597
81.76 0.43419085938
81.83 0.706541241613
81.9 0.397393421267
81.97 0.307454529396
82.04 0.326386004605
82.11 0.200203858592
82.18 0.456561997192
82.25 0.550707333854
82.32 0.524148383701
82.39 0.637388606323
82.46 0.425781711559
82.53 0.753225441995
82.6 0.474885114866
82.67 0.431855973177
82.74 0.452327772723
82.81 0.451085284684
82.88 0.735885489053
82.95 0.377301179668
83.02 0.297555132263
83.09 0.528927266858
83.16 0.42361397161
83.23 0.439248418106
83.3 0.340552662379
83.37 0.595309158804
83.44 0.342605779706
83.51 0.303913870497
83.58 0.73570501316
83.65 0.38596528812
83.72 0.458935690569
83.79 0.461742115232
83.86 0.208832487271
83.93 0.310378115422
84.0 0.334119174017
84.07 0.771851862772
84.14 0.613404274316
84.21 0.548356664398
84.28 0.455918103553
84.35 0.223907444479
84.42 0.591671709805
84.49 0.645810971117
84.56 0.421160968888
84.63 0.658734538715
84.7 0.294994199279
84.77 0.804042521286
84.84 0.472025908691
84.91 0.452716260075
84.98 0.683292046423
85.05 0.517913114873
85.12 0.36571401347
85.19 0.0887996421808
85.26 0.721639682169
85.33 0.717062898012
85.4 0.6926231175
85.47 0.820383672709
85.54 0.40966942607
85.61 0.562213817434
85.68 0.579178979453
85.75 0.472276938529
85.82 0.205937112809
85.89 0.0779929270595
85.96 0.390427666224
86.03 0.554766318896
86.1 0.583098386356
86.17 0.497574476513
86.24 0.0755386023898
86.31 0.485687902952
86.38 0.484570679463
86.45 0.469502642451
86.52 0.480308565154
86.59 0.378224180762
86.66 0.372570015565
86.73 0.251984086875
86.8 0.640345824398
86.87 0.423481271104
86.94 0.451966921085
87.01 0.444221085512
87.08 0.441216780565
87.15 0.492094246322
87.22 0.505639260738
87.29 0.442638030721
87.36 0.722255451873
87.43 0.41817159594
87.5 0.43490085791
87.57 0.452141806241
87.64 0.475412346629
87.71 0.453711600245
87.78 0.409899885603
87.85 0.578339008186
87.92 0.505568843243
87.99 0.575679173241
88.06 0.62617337434
88.13 0.465924485806
88.2 0.426515421272
88.27 0.421128852822
88.34 0.677104991127
88.41 0.436227469888
88.48 0.416074806772
88.55 0.548428605388
88.62 0.490190542874
88.69 0.502139669843
88.76 0.385502591435
88.83 0.361109902803
88.9 0.663473191351
88.97 0.414942616232
89.04 0.686369757017
89.11 0.412803155447
89.18 0.390761804756
89.25 0.530813384397
89.32 0.40955694911
89.39 0.37642942783
89.46 0.378528273778
89.53 0.405200648537
89.6 0.845281634503
89.67 0.628149525774
89.74 0.5822528569
89.81 0.548960751891
89.88 0.589895537998
89.95 0.674226311261
90.02 0.590519662511
90.09 0.803589281034
90.16 0.519521420616
90.23 0.759565125907
90.3 0.56702611482
90.37 0.560014318195
90.44 0.583597720768
90.51 0.569624784651
90.58 0.622389429511
90.65 0.643580116933
90.72 0.603552104262
90.79 0.837605316348
90.86 0.565750812185
90.93 0.490900823069
91.0 0.464808845901
91.07 0.531902421359
91.14 0.678465973742
91.21 0.412321744942
91.28 0.526442238203
91.35 0.530687362481
91.42 0.46963590879
91.49 0.437226861026
91.56 0.441014771698
91.63 0.703265628201
91.7 0.469444754665
91.77 0.705276564634
91.84 0.455246659324
91.91 0.471364730837
91.98 0.595611862273
92.05 0.462816957531
92.12 0.385920289323
92.19 0.352239549244
92.26 0.325071338978
92.33 0.724923488902
92.4 0.453571692872
92.47 0.44912070655
92.54 0.460351833201
92.61 0.460715357526
92.68 0.581212313884
92.75 0.455209001344
92.82 0.728797830662
92.89 0.416482214499
92.96 0.424204899716
93.03 0.44840340476
93.1 0.444438404435
93.17 0.506662980219
93.24 0.419307365502
93.31 0.520604920671
93.38 0.508685048051
93.45 0.465909351008
93.52 0.757013321371
93.59 0.442224478941
93.66 0.444846287863
93.73 0.437569880141
93.8 0.397124769216
93.87 0.723556407302
93.94 0.447231262861
94.01 0.503052419584
94.08 0.516073653573
94.15 0.492782805766
94.22 0.429646605649
94.29 0.362972050027
94.36 0.630659516205
94.43 0.416406708257
94.5 0.424832433001
94.57 0.704315228311
94.64 0.40397905378
94.71 0.679823772917
94.78 0.60817557345
94.85 0.558597762454
94.92 0.449752999348
94.99 0.446116191293
95.06 0.906601064249
95.13 0.761345729243
95.2 0.713341447755
95.27 0.756869890056
95.34 0.66482555001
95.41 0.767346720413
95.48 0.657542797941
95.55 0.869228053152
95.62 0.640926605053
95.69 0.647025411584
95.76 0.83652484075
95.83 0.727496847693
95.9 0.646022629199
95.97 0.571652500805
96.04 0.703404776957
96.11 0.861082285866
96.18 0.895312869771
96.25 0.997934724761
96.32 0.775558110631
96.39 0.662353033539
96.46 0.494926864576
96.53 0.486220586497
96.6 0.795821843635
96.67 0.64953750261
96.74 0.712841491176
96.81 0.634767315665
96.88 0.578177203551
96.95 0.539738378457
97.02 0.559441564365
97.09 0.840304416642
97.16 0.704824994342
97.23 0.546648358827
97.3 0.74005990666
97.37 0.458598610203
97.44 0.494253503773
97.51 0.426518537113
97.58 0.354784299637
97.65 0.347152409438
97.72 0.325541822133
97.79 0.662598231035
97.86 0.45005457866
97.93 0.449258607217
98.0 0.458808155173
98.07 0.451678193207
98.14 0.573980235221
98.21 0.483756411064
98.28 0.697425146006
98.35 0.423176787513
98.42 0.396098513498
98.49 0.425980153921
98.56 0.43243211575
98.63 0.473180059083
98.7 0.426896818179
98.77 0.384055813669
98.84 0.56999769906
98.91 0.502540685654
98.98 0.724184179689
99.05 0.448162315817
99.12 0.450061130813
99.19 0.437847066015
99.26 0.426766507444
99.33 0.733751041904
99.4 0.437704676234
99.47 0.423901165979
99.54 0.555391688995
99.61 0.489454392064
99.68 0.495871432443
99.75 0.400810382925
99.82 0.553914657907
99.89 0.54781046469
99.96 0.385817793318
100.03 0.700544256345
100.1 0.425634136639
100.17 0.451924796524
100.24 0.485998457988
100.31 0.395011712331
100.38 0.416195468291
100.45 0.392299488953
100.52 0.729268870888
100.59 0.602102650053
100.66 0.566555626656
100.73 0.54960552808
100.8 0.55088919679
100.87 0.596316222496
100.94 0.639054105077
101.01 0.584523180484
101.08 0.772792190643
101.15 0.549289819201
101.22 0.784284796276
101.29 0.568087676302
101.36 0.531782244304
101.43 0.575121832118
101.5 0.556230318284
101.57 0.656460497154
101.64 0.655953750571
101.71 0.827683393528
101.78 0.667843138278
101.85 0.544671035667
101.92 0.478448164254
101.99 0.462027369243
102.06 0.718631445179
102.13 0.485019057552
102.2 0.478479982381
102.27 0.571143949063
102.34 0.477881267804
102.41 0.449224594607
102.48 0.423296283565
102.55 0.405566100703
102.62 0.706762906939
102.69 0.520022816816
102.76 0.750193311052
102.83 0.451138556919
102.9 0.451754396726
102.97 0.51687951083
103.04 0.406222764405
103.11 0.382255652769
103.18 0.301510246774
103.25 0.623180115667
103.32 0.467550113319
103.39 0.430028986505
103.46 0.469281588024
103.53 0.455232842719
103.6 0.575585885802
103.67 0.538582064877
103.74 0.462428516497
103.81 0.728420309466
103.88 0.391651018571
103.95 0.409270956511
104.02 0.453313518757
104.09 0.424903373767
104.16 0.437156595004
104.23 0.402581373349
104.3 0.534352129227
104.37 0.517367130483
104.44 0.468278516464
104.51 0.702908403157
104.58 0.421281565311
104.65 0.401719523598
104.72 0.409013135417
104.79 0.586695954099
104.86 0.596655211924
104.93 0.456236135855
105.0 0.564969223182
105.07 0.488228909078
105.14 0.514650941262
105.21 0.400522660278
105.28 0.356984237022
105.35 0.691787363696
105.42 0.406489398483
105.49 0.722821286759
105.56 0.40366783777
105.63 0.42855325358
105.7 0.722967344444
105.77 0.664332890432
105.84 0.584774455684
105.91 0.410550047226
105.98 0.644834219583
106.05 0.949013161856
106.12 0.743727477537
106.19 0.712315289682
106.26 0.692606400371
106.33 0.652980576489
106.4 0.797166039018
106.47 0.620831877292
106.54 0.903147195716
106.61 0.71857866617
106.68 0.818008936546
106.75 0.720606263399
106.82 0.668377230148
106.89 0.613815147149
106.96 0.595917993291
107.03 0.823472871479
107.1 0.893649267561
107.17 0.771098724434
107.24 0.928254589813
107.31 0.650600687734
107.38 0.55136706082
107.45 0.491429430609
107.52 0.475011181849
107.59 0.809236321985
107.66 0.600188876769
107.73 0.652107107119
107.8 0.610373335129
107.87 0.621638975127
107.94 0.68507700117
108.01 0.608550252959
108.08 0.78374096005
108.15 0.611966770213
108.22 0.719000358693
108.29 0.514503890865
108.36 0.395665210119
108.43 0.376696448727
108.5 0.439827061863
108.57 0.481167240228
108.64 0.379537093807
108.71 0.518661769104
108.78 0.56415450537
108.85 0.4650910379
108.92 0.459224518595
108.99 0.285565833609
109.06 0.269064061796
109.13 0.585110649744
109.2 0.497072302918
109.27 0.44212990711
109.34 0.23070012954
109.41 0.121683594615
109.48 0.145499429627
109.55 0.0874572169058
109.62 0.103137891508
109.69 0.11735155103
109.76 0.112803511722
109.83 0.137160493998
109.9 0.120706030634
109.97 0.113632038628
110.04 0.139159984818
110.11 0.0904667195109
110.18 0.137595352168
110.25 0.0961119139912
110.32 0.112349928464
110.39 0.176438769593
110.46 0.184072625188
110.53 0.147072079088
110.6 0.12837814134
110.67 0.112470126801
110.74 0.0717495037176
110.81 0.0881342794118
110.88 0.0924840666381
110.95 0.0684257443728
111.02 0.0453218695306
111.09 0.0223791959337
111.16 0.0112767939313
111.23 0.00357798514184
111.3 0.0
111.37 0.0
111.44 0.0
111.51 0.0
111.58 0.0
111.65 0.0
111.72 0.0
111.79 0.0
111.86 0.0
111.93 0.0
112.0 0.0
112.07 0.0
112.14 0.0
112.21 0.0
112.28 0.0
112.35 0.0
112.42 0.0
112.49 0.0
112.56 0.0
112.63 0.0
112.7 0.0
112.77 0.0
112.84 0.0
112.91 0.0
112.98 0.0
113.05 0.0
113.12 0.0
113.19 0.0
113.26 0.0
113.33 0.0
113.4 0.0
113.47 0.0
113.54 0.0
113.61 0.0
113.68 0.0
113.75 0.0
113.82 0.0
113.89 0.0
113.96 0.0
114.03 0.0
114.1 0.0
114.17 0.0
114.24 0.0
114.31 0.0
114.38 0.0
114.45 0.0
114.52 0.0
114.59 0.0
114.66 0.0
114.73 0.0
114.8 0.0
114.87 0.0
114.94 0.0
115.01 0.0
115.08 0.0
115.15 0.0
115.22 0.0
115.29 0.0
115.36 0.0
115.43 0.0
115.5 0.0
115.57 0.0
115.64 0.0
115.71 0.0
115.78 0.0
115.85 0.0
115.92 0.0
115.99 0.0
116.06 0.0
116.13 0.0
116.2 0.0
116.27 0.0
116.34 0.0
116.41 0.0
116.48 0.0
116.55 0.0
116.62 0.0
116.69 0.0
116.76 0.0
116.83 0.0
116.9 0.0
116.97 0.0
117.04 0.0
117.11 0.0
117.18 0.0
117.25 0.0
117.32 0.0
117.39 0.0
117.46 0.0
117.53 0.0
117.6 0.0
117.67 0.0
117.74 0.0
117.81 0.0
117.88 0.0
117.95 0.0
118.02 0.0
118.09 0.0
118.16 0.0
118.23 0.0
118.3 0.0
118.37 0.0
118.44 0.0
118.51 0.0
118.58 0.0
118.65 0.0
118.72 0.0
118.79 0.0
118.86 0.0
118.93 0.0
119.0 0.0
119.07 0.0
119.14 0.0
119.21 0.0
119.28 0.0
119.35 0.0
119.42 0.0
119.49 0.0
119.56 0.0
119.63 0.0
119.7 0.0
119.77 0.0
119.84 0.0
119.91 0.0
119.98 0.0
120.05 0.0
120.12 0.0
120.19 0.0
