0.0 0
30.0075774536 0
40.6282368894 0.07773697312275372
48.9972410216 0.09375
53.2940424511 0.29540857605177995
90.3307585408 0.29753902757902356
94.4266742315 0.203125
153.308145639 0.19993837301535644
172.263816574 0
183.079938846 0.11458333333333334
242.535599301 0.1186062937103918
244.279900383 0.47889571938967507
267.302285216 0.49706649355889754
268.879324551 0.12474575832418806
319.601549382 0.12394450640535992
330.759698379 0.3178894296037415
346.598323597 0.30807422078396496
357.082272238 0.1593059523341164
357.201744915 0.5294048605915975
390.484045113 0.5658930475352372
395.625355297 0.24404320009847746
398.452103139 0.22840924974780177
398.513392016 0.621180666185229
422.1290671 0.567605044022731
445.168592861 0.486800159283469
450.787989387 0.21541186668478865
470.033777709 0.22282608695652176
472.079573049 0.10670791968617757
481.801827197 0.15760869565217392
493.292042937 0.28523973948376585
493.595118193 0.13165823182416242
496.184300025 0.24780459635057198
500.187896067 0.24225254394079554
551.010378642 0.11848565781250646
552.020354357 0.25950165032543165
574.258553556 0.21516979020606564
577.506829844 0.6891521388563351
580.18398063 0.7039806952464585
583.967687075 0
