0.0 0
92.3279357736 0.0
92.8279357736 0.483695652173913
110.510635846 0.483695652173913
118.774413 0.6721903307077491
122.181241013 0.2768236964467419
127.493088253 0
295.551599662 0.0
303.239666418 0.40624999999999994
309.744953674 0.3968360022758761
311.949224562 0
317.54054584 0
515.179924542 0.0
518.872460771 0.3097826086956522
528.46544149 0.5510947876206606
532.081842951 0.873369565217481
535.812446564 0.854638606791764
538.134556976 0.4088055379248583
547.803672462 0.3656990796710438
550.506456712 0.3383678852957576
554.122858173 0
583.967687075 0
