0.0 0
50.0079546375 0
50.287789302 0.9545454545454546
51.3043741967 0.9090909090909091
51.9495220401 0
53.8496840473 0.7159090909090908
55.1298992989 0.011363636363636409
55.926253668 0.8522727272727273
56.6621254268 0
57.6046461042 0
58.6328504795 0.8749999999999999
59.1519928846 0
60.3767657435 0
61.8535494786 0.7159090909090909
62.2487652277 0
63.9603604044 1
64.5047038972 0.8409090909090909
65.04904739 0.36363636363636365
67.8110865942 0.12346476405933579
69.0495173804 1
70.8352171098 0.9965320708521962
72.3472823676 0
74.554897644 0.0
75.7947911554 0.8846153846153847
77.5790281595 0.0
79.3330238586 0.0
80.8753304215 0.987179487179487
82.7805326463 0.0
574.767962978 0.0
575.733875111 0.0
583.967687075 0
