0.0 0.0
0.07 0.0
0.14 0.0
0.21 0.0
0.28 0.0
0.35 0.0
0.42 0.0
0.49 0.0
0.56 0.0
0.63 0.0
0.7 0.0
0.77 0.0
0.84 0.0
0.91 0.0
0.98 0.0
1.05 0.0
1.12 0.0
1.19 0.0
1.26 0.0
1.33 0.0
1.4 0.0
1.47 0.0
1.54 0.0
1.61 0.0
1.68 0.0
1.75 0.0
1.82 0.0
1.89 0.0
1.96 0.0
2.03 0.0
2.1 0.0
2.17 0.0
2.24 0.0
2.31 0.0
2.38 0.0
2.45 0.0
2.52 0.0
2.59 0.0
2.66 0.0
2.73 0.0
2.8 0.0
2.87 0.0
2.94 0.0
3.01 0.0
3.08 0.0
3.15 0.0
3.22 0.0
3.29 0.0
3.36 0.0
3.43 0.0
3.5 0.0
3.57 0.0
3.64 0.0
3.71 0.0
3.78 0.0
3.85 0.0
3.92 0.0
3.99 0.000502009277424
4.06 0.000983432252162
4.13 0.0282101556358
4.2 0.194666166311
4.27 0.216140990924
4.34 0.166637207494
4.41 0.151479420021
4.48 0.184723209748
4.55 0.259166157792
4.62 0.243738760963
4.69 0.239535339424
4.76 0.254369794411
4.83 0.258741007158
4.9 0.194047633132
4.97 0.165871527778
5.04 0.220709737621
5.11 0.251997717693
5.18 0.144712287334
5.25 0.145722775953
5.32 0.250416544311
5.39 0.351774990182
5.46 0.341659530675
5.53 0.317859523448
5.6 0.192348241725
5.67 0.103338333678
5.74 0.232986236519
5.81 0.174711745506
5.88 0.114916803992
5.95 0.335128162809
6.02 0.257228128412
6.09 0.22110752108
6.16 0.315721890981
6.23 0.24019386472
6.3 0.259716396335
6.37 0.208743399068
6.44 0.13873012636
6.51 0.159497240639
6.58 0.228645566152
6.65 0.115288292783
6.72 0.174692053689
6.79 0.176302901231
6.86 0.100804149311
6.93 0.180400026357
7.0 0.188545323582
7.07 0.105565370935
7.14 0.118387055188
7.21 0.201836192554
7.28 0.0885776715685
7.35 0.1323883019
7.42 0.146648203802
7.49 0.0920234185273
7.56 0.452291498883
7.63 0.549241589694
7.7 0.330701890311
7.77 0.186555158675
7.84 0.0909873881843
7.91 0.357507827508
7.98 0.402049747282
8.05 0.302550830555
8.12 0.126188858251
8.19 0.420027420465
8.26 0.313050005437
8.33 0.131106471861
8.4 0.574206857823
8.47 0.454625852529
8.54 0.186478625432
8.61 0.125092220303
8.68 0.0929347257604
8.75 0.0762483308942
8.82 0.670126848455
8.89 0.434083891816
8.96 0.206726225947
9.03 0.104116420917
9.1 0.221009651509
9.17 0.0985399026196
9.24 0.129171589961
9.31 0.362775675297
9.38 0.350271251825
9.45 0.221771462903
9.52 0.228600569
9.59 0.130960702803
9.66 0.139566073542
9.73 0.328940435024
9.8 0.235598877346
9.87 0.189319001138
9.94 0.18504121034
10.01 0.114883432235
10.08 0.162029091755
10.15 0.536914649393
10.22 0.534144549908
10.29 0.282379070166
10.36 0.15269124379
10.43 0.0926664092494
10.5 0.139203679904
10.57 0.36642873864
10.64 0.248192763975
10.71 0.106420847963
10.78 0.277368953898
10.85 0.188581882217
10.92 0.118951996565
10.99 0.356007440918
11.06 0.432888622598
11.13 0.327176061351
11.2 0.259912176335
11.27 0.111480385657
11.34 0.118269597403
11.41 0.306672646695
11.48 0.449891713538
11.55 0.275710889771
11.62 0.113468780563
11.69 0.0987121224799
11.76 0.0759116234403
11.83 0.425653685589
11.9 0.4529332668
11.97 0.275432304915
12.04 0.149491926898
12.11 0.0971742258603
12.18 0.0657066424084
12.25 0.206277728216
12.32 0.246125630985
12.39 0.192820776752
12.46 0.161578745226
12.53 0.221853452071
12.6 0.161768902952
12.67 0.277799386813
12.74 0.557388719667
12.81 0.490675112592
12.88 0.349663005961
12.95 0.193646950255
13.02 0.103667539418
13.09 0.220822810529
13.16 0.446642978138
13.23 0.439238509103
13.3 0.286520357784
13.37 0.165538449339
13.44 0.111526570593
13.51 0.219874915477
13.58 0.448729039786
13.65 0.50625832065
13.72 0.330315619889
13.79 0.428331406449
13.86 0.134917421406
13.93 0.1959178319
14.0 0.456963521463
14.07 0.38472800495
14.14 0.280468736279
14.21 0.356370520377
14.28 0.119420800434
14.35 0.201373610686
14.42 0.315353346842
14.49 0.364556513052
14.56 0.240644649008
14.63 0.29472587155
14.7 0.187468413931
14.77 0.193603740616
14.84 0.374072789746
14.91 0.380865898997
14.98 0.218392634561
15.05 0.159742392452
15.12 0.0776460457072
15.19 0.195552943041
15.26 0.477045005924
15.33 0.385757076399
15.4 0.14526599438
15.47 0.141351490246
15.54 0.0805550954394
15.61 0.127567791783
15.68 0.342049031752
15.75 0.302341989314
15.82 0.108397970598
15.89 0.374593842958
15.96 0.194706619534
16.03 0.113361990941
16.1 0.374145819465
16.17 0.451875943905
16.24 0.306855079451
16.31 0.223474144792
16.38 0.122975130363
16.45 0.116614750797
16.52 0.397175751885
16.59 0.447859628919
16.66 0.300740763694
16.73 0.337499178693
16.8 0.212461727761
16.87 0.136837225459
16.94 0.394025916246
17.01 0.42204626874
17.08 0.408944206281
17.15 0.180415658697
17.22 0.106435578522
17.29 0.0802590994858
17.36 0.24163573473
17.43 0.346361323722
17.5 0.141194593377
17.57 0.276757454032
17.64 0.387938899083
17.71 0.11510355742
17.78 0.281311837887
17.85 0.492831969934
17.92 0.386056527723
17.99 0.355539394371
18.06 0.374241767278
18.13 0.367529001224
18.2 0.327472274724
18.27 0.490313622195
18.34 0.317511511622
18.41 0.339232524075
18.48 0.395257421617
18.55 0.113921473475
18.62 0.269307195503
18.69 0.504819097617
18.76 0.312926818857
18.83 0.180958852253
18.9 0.130263921829
18.97 0.0739954542385
19.04 0.144957240697
19.11 0.212240010596
19.18 0.197006562478
19.25 0.204627104517
19.32 0.478300446447
19.39 0.41526900633
19.46 0.159240606431
19.53 0.245006019494
19.6 0.301033218185
19.67 0.320033438763
19.74 0.355838790245
19.81 0.178060197816
19.88 0.151351029958
19.95 0.425529035439
20.02 0.626285640722
20.09 0.509254886975
20.16 0.356182382174
20.23 0.102375127308
20.3 0.171131050868
20.37 0.360719392871
20.44 0.32931018008
20.51 0.328978117239
20.58 0.303734334295
20.65 0.105904130014
20.72 0.170305303449
20.79 0.364587621599
20.86 0.34790387371
20.93 0.280138676911
21.0 0.177224775944
21.07 0.0724749366142
21.14 0.118783541424
21.21 0.294890951576
21.28 0.368793987791
21.35 0.29689963365
21.42 0.342900015923
21.49 0.310368074804
21.56 0.312583752238
21.63 0.372132727709
21.7 0.259629641442
21.77 0.268858141819
21.84 0.219743382311
21.91 0.118565905624
21.98 0.120319501694
22.05 0.242115602205
22.12 0.115818540374
22.19 0.0654918170147
22.26 0.139481333795
22.33 0.106149556156
22.4 0.183471226054
22.47 0.486829663334
22.54 0.269404319427
22.61 0.185235942639
22.68 0.298606052533
22.75 0.198142837959
22.82 0.125116301374
22.89 0.804032085658
22.96 0.531601927025
23.03 0.521354381317
23.1 0.301663270238
23.17 0.17725613985
23.24 0.213587394905
23.31 0.750802768039
23.38 0.347839658979
23.45 0.182313843338
23.52 0.377277721615
23.59 0.263179355941
23.66 0.127583251939
23.73 0.480713999283
23.8 0.590358796784
23.87 0.387903210127
23.94 0.225658643637
24.01 0.140426377583
24.08 0.0756070970412
24.15 0.364640276599
24.22 0.441644799533
24.29 0.189247770605
24.36 0.264644991837
24.43 0.25059473665
24.5 0.106245644052
24.57 0.209361887012
24.64 0.251861300606
24.71 0.270637590422
24.78 0.181498572929
24.85 0.205500355982
24.92 0.0646660550039
24.99 0.414844685977
25.06 0.660784530979
25.13 0.248387195679
25.2 0.180847183089
25.27 0.462126553919
25.34 0.458703441971
25.41 0.209020301474
25.48 0.0765109901118
25.55 0.0552132240455
25.62 0.0457252892678
25.69 0.0258653745924
25.76 0.0256663157851
25.83 0.175593401926
25.9 0.496363545199
25.97 0.486770844701
26.04 0.386172095852
26.11 0.380805610956
26.18 0.288753587858
26.25 0.159599171145
26.32 0.0864767246867
26.39 0.0394491693748
26.46 0.0223596868806
26.53 0.0139766607594
26.6 0.0121369693511
26.67 0.0123945053401
26.74 0.192718182312
26.81 0.233290074178
26.88 0.1825519954
26.95 0.170667783179
27.02 0.233997073885
27.09 0.153912978401
27.16 0.393865517313
27.23 0.617090964451
27.3 0.656278163348
27.37 0.401910865617
27.44 0.248390173893
27.51 0.0797555843206
27.58 0.240842066223
27.65 0.373686838887
27.72 0.338663469231
27.79 0.323233079596
27.86 0.400377893776
27.93 0.325786135713
28.0 0.313722846881
28.07 0.433311310114
28.14 0.346240466016
28.21 0.366094873695
28.28 0.228179114503
28.35 0.117434414838
28.42 0.180578582035
28.49 0.416698452766
28.56 0.36745873084
28.63 0.317002511348
28.7 0.319022073168
28.77 0.235560230604
28.84 0.384925762156
28.91 0.724659723505
28.98 0.634750245978
29.05 0.489877123412
29.12 0.381611694283
29.19 0.207332624473
29.26 0.135698257766
29.33 0.376199916019
29.4 0.389164624589
29.47 0.328939848429
29.54 0.422136022276
29.61 0.321791756783
29.68 0.311105342562
29.75 0.568764884467
29.82 0.42173056054
29.89 0.402472280123
29.96 0.272360795868
30.03 0.198234705867
30.1 0.153162771973
30.17 0.359574632179
30.24 0.2752285548
30.31 0.247089348073
30.38 0.237699908861
30.45 0.253233356959
30.52 0.138725089224
30.59 0.53498760774
30.66 0.67937815165
30.73 0.645251657803
30.8 0.35660085408
30.87 0.235965145142
30.94 0.106656929429
31.01 0.291438283662
31.08 0.483540166821
31.15 0.573363128762
31.22 0.547242865158
31.29 0.423132416545
31.36 0.168019052118
31.43 0.34402278365
31.5 0.499932793922
31.57 0.520610916364
31.64 0.418158712993
31.71 0.416680717728
31.78 0.101808627512
31.85 0.240463690037
31.92 0.407286110052
31.99 0.468181819031
32.06 0.458956577032
32.13 0.468295830201
32.2 0.443140437907
32.27 0.485656327255
32.34 0.491242753477
32.41 0.440095850981
32.48 0.346795795685
32.55 0.307439655736
32.62 0.119786300695
32.69 0.328841021627
32.76 0.517192711683
32.83 0.665057329876
32.9 0.469757682407
32.97 0.37576719217
33.04 0.151063929248
33.11 0.191794047309
33.18 0.186244362121
33.25 0.115303773368
33.32 0.068843873533
33.39 0.123625306154
33.46 0.070857227944
33.53 0.271796238259
33.6 0.507050887467
33.67 0.495959452186
33.74 0.404611077027
33.81 0.540636925205
33.88 0.466374400606
33.95 0.607520712187
34.02 0.600381879125
34.09 0.424129881861
34.16 0.306852107073
34.23 0.478769394776
34.3 0.338486706901
34.37 0.407491682699
34.44 0.581125335148
34.51 0.469906941857
34.58 0.414033235736
34.65 0.504035274288
34.72 0.525074903178
34.79 0.425113716851
34.86 0.56540197009
34.93 0.51863576364
35.0 0.421584416469
35.07 0.585233964556
35.14 0.320294837237
35.21 0.359078305001
35.28 0.62495617677
35.35 0.29721092487
35.42 0.240104566452
35.49 0.243595444809
35.56 0.155292272354
35.63 0.0771435680286
35.7 0.151974528773
35.77 0.170245766893
35.84 0.181457592937
35.91 0.19979072567
35.98 0.246859564486
36.05 0.277461926415
36.12 0.350437773534
36.19 0.32177504318
36.26 0.143186366316
36.33 0.0792508828311
36.4 0.0617687824228
36.47 0.0641814918446
36.54 0.595478218323
36.61 0.42813605983
36.68 0.162413592176
36.75 0.133633609783
36.82 0.10968853391
36.89 0.102739652828
36.96 0.0806250769031
37.03 0.517248213569
37.1 0.499654801499
37.17 0.4631739149
37.24 0.377363034825
37.31 0.213541280011
37.38 0.13221115872
37.45 0.0714377564266
37.52 0.0517529391412
37.59 0.436513468056
37.66 0.588150384675
37.73 0.465904476077
37.8 0.450299775557
37.87 0.201701463754
37.94 0.108922194638
38.01 0.0995159469748
38.08 0.0685818038295
38.15 0.490229771096
38.22 0.594566099778
38.29 0.525393017587
38.36 0.459135822909
38.43 0.413521124462
38.5 0.438229163033
38.57 0.441647609939
38.64 0.559300432492
38.71 0.49664371328
38.78 0.479643960975
38.85 0.486251567327
38.92 0.433981739512
38.99 0.356378926791
39.06 0.293021956643
39.13 0.213016265088
39.2 0.15123471764
39.27 0.575208969212
39.34 0.49401633022
39.41 0.371625860776
39.48 0.305719622577
39.55 0.281167827156
39.62 0.29681475382
39.69 0.202913408635
39.76 0.161667837747
39.83 0.287402758393
39.9 0.186965731966
39.97 0.181180721174
40.04 0.139311852841
40.11 0.247552856529
40.18 0.296022201595
40.25 0.224243395154
40.32 0.397249562273
40.39 0.365199880246
40.46 0.280655202246
40.53 0.241615211173
40.6 0.231177364737
40.67 0.175111399651
40.74 0.140887539655
40.81 0.159494806704
40.88 0.159486406127
40.95 0.128266382157
41.02 0.0906751193041
41.09 0.116135719441
41.16 0.311603328843
41.23 0.315656621253
41.3 0.194643627607
41.37 0.448865262801
41.44 0.323855481097
41.51 0.321958847578
41.58 0.327639228355
41.65 0.245243514919
41.72 0.347293707547
41.79 0.248888792005
41.86 0.244403318566
41.93 0.233409776203
42.0 0.154304722258
42.07 0.101742133521
42.14 0.121992563413
42.21 0.239001499298
42.28 0.405837749549
42.35 0.241068633747
42.42 0.337930082928
42.49 0.406946460863
42.56 0.2609927865
42.63 0.228521291014
42.7 0.193661046065
42.77 0.161089001929
42.84 0.140036619688
42.91 0.111739201359
42.98 0.203193827698
43.05 0.1576204755
43.12 0.145362524411
43.19 0.116524714177
43.26 0.0993074573995
43.33 0.100198448281
43.4 0.131804596753
43.47 0.362506837854
43.54 0.253831528551
43.61 0.230223078417
43.68 0.253546155527
43.75 0.254695911038
43.82 0.280930643999
43.89 0.273267103904
43.96 0.177133494632
44.03 0.244429645336
44.1 0.0985790805074
44.17 0.149747784814
44.24 0.0809192211401
44.31 0.20370798768
44.38 0.270597539936
44.45 0.282388276218
44.52 0.329674247413
44.59 0.326298032486
44.66 0.22751272999
44.73 0.143031637809
44.8 0.120598248521
44.87 0.088359907359
44.94 0.0461753031012
45.01 0.0690241218761
45.08 0.0374943767788
45.15 0.0346482737381
45.22 0.0214811108182
45.29 0.0647664694084
45.36 0.420895032147
45.43 0.358589459109
45.5 0.234779871401
45.57 0.349735726331
45.64 0.419395351807
45.71 0.304319637259
45.78 0.233574090153
45.85 0.278389862618
45.92 0.293040723331
45.99 0.107327323806
46.06 0.135324304396
46.13 0.16657404776
46.2 0.16646705823
46.27 0.108335050172
46.34 0.101543386981
46.41 0.115208524508
46.48 0.0995061499493
46.55 0.119970029215
46.62 0.196278292107
46.69 0.0949154890834
46.76 0.0953341463065
46.83 0.0776639397977
46.9 0.270446408341
46.97 0.319440203623
47.04 0.271493540229
47.11 0.238901292099
47.18 0.192909406709
47.25 0.138312156417
47.32 0.12452267517
47.39 0.16978885837
47.46 0.122239170042
47.53 0.0644412137056
47.6 0.237713253186
47.67 0.221450009859
47.74 0.12788971177
47.81 0.0866154779427
47.88 0.0696400927111
47.95 0.110240653353
48.02 0.216120060251
48.09 0.220831190678
48.16 0.234398922658
48.23 0.216208243695
48.3 0.131495592089
48.37 0.181997234817
48.44 0.319749282706
48.51 0.267635775378
48.58 0.177519363776
48.65 0.231900293001
48.72 0.322312922354
48.79 0.272055335585
48.86 0.307456849414
48.93 0.260428800895
49.0 0.122751440368
49.07 0.1086218284
49.14 0.104892101946
49.21 0.191774978567
49.28 0.252081431627
49.35 0.111751562188
49.42 0.139695344958
49.49 0.144144948502
49.56 0.332594667181
49.63 0.264648137858
49.7 0.326692287615
49.77 0.225696267484
49.84 0.154382593581
49.91 0.123903383211
49.98 0.0893097577306
50.05 0.0904013016333
50.12 0.092915973664
50.19 0.0799971114972
50.26 0.142337960539
50.33 0.0635150241574
50.4 0.0566815652858
50.47 0.046822596985
50.54 0.0227460375584
50.61 0.134860886411
50.68 0.0795156972776
50.75 0.253855663613
50.82 0.308003422463
50.89 0.219288995274
50.96 0.123269096578
51.03 0.11492413498
51.1 0.107994966144
51.17 0.107649312375
51.24 0.133293146365
51.31 0.245037618331
51.38 0.128709571343
51.45 0.0958261834551
51.52 0.0916026046161
51.59 0.0847992883058
51.66 0.0765208688522
51.73 0.0583979956961
51.8 0.309770049131
51.87 0.425244232959
51.94 0.306428408337
52.01 0.259791553558
52.08 0.225503233687
52.15 0.207769435523
52.22 0.158689469025
52.29 0.184412897646
52.36 0.439951281379
52.43 0.2309316059
52.5 0.195678118501
52.57 0.08162011704
52.64 0.178859730823
52.71 0.309361877673
52.78 0.178957422372
52.85 0.242987000494
52.92 0.335782886906
52.99 0.318267242556
53.06 0.283247974693
53.13 0.305128351512
53.2 0.302480288761
53.27 0.284347624416
53.34 0.150193842774
53.41 0.0974654794349
53.48 0.0673706381575
53.55 0.0598956652677
53.62 0.199631181825
53.69 0.218609499907
53.76 0.290739348919
53.83 0.293383730124
53.9 0.312435318692
53.97 0.303996144262
54.04 0.24632862086
54.11 0.223953250567
54.18 0.342723773066
54.25 0.547945955685
54.32 0.206836400898
54.39 0.262513788577
54.46 0.18825458948
54.53 0.200606865759
54.6 0.0977041305409
54.67 0.112417841639
54.74 0.289035457359
54.81 0.140962470703
54.88 0.30128801235
54.95 0.390907085553
55.02 0.203288828494
55.09 0.246901058114
55.16 0.191662015098
55.23 0.228697247869
55.3 0.120721223517
55.37 0.113086737424
55.44 0.159889187324
55.51 0.0978191821161
55.58 0.0864631979624
55.65 0.0921432022671
55.72 0.0658418965183
55.79 0.0734456067596
55.86 0.114290239412
55.93 0.302549238575
56.0 0.233933782824
56.07 0.179683826435
56.14 0.280778747787
56.21 0.410717014094
56.28 0.381381513796
56.35 0.171808675549
56.42 0.217928860532
56.49 0.358947483922
56.56 0.0869392832071
56.63 0.290175682877
56.7 0.277781775806
56.77 0.208142382049
56.84 0.211221871425
56.91 0.164253458687
56.98 0.381374382717
57.05 0.2548324828
57.12 0.168272670173
57.19 0.130320936898
57.26 0.189711699308
57.33 0.106747613931
57.4 0.0852372696292
57.47 0.0627381947433
57.54 0.0400454775766
57.61 0.0388798591722
57.68 0.0254255970018
57.75 0.0231103150153
57.82 0.315845775055
57.89 0.15935286511
57.96 0.175784038268
58.03 0.257196809741
58.1 0.219006113093
58.17 0.162991413854
58.24 0.0650867740675
58.31 0.114307131036
58.38 0.0709316701624
58.45 0.0487701052868
58.52 0.104471734548
58.59 0.115347654236
58.66 0.0231384935021
58.73 0.018425467583
58.8 0.117872266294
58.87 0.142788330416
58.94 0.0298314947796
59.01 0.182605400425
59.08 0.201483877566
59.15 0.119681162881
59.22 0.0559286476764
59.29 0.0387396365082
59.36 0.0618208639592
59.43 0.0751662367289
59.5 0.177028609258
59.57 0.349091384395
59.64 0.240583705789
59.71 0.156573518715
59.78 0.137058868205
59.85 0.0937721204623
59.92 0.058703025517
59.99 0.0500280293572
60.06 0.180940288393
60.13 0.121767589328
60.2 0.0504370369333
60.27 0.040347269447
60.34 0.0429208958157
60.41 0.0461571244679
60.48 0.0611816890283
60.55 0.0528531871335
60.62 0.028597768516
60.69 0.024872720237
60.76 0.0135166529093
60.83 0.0130565823139
60.9 0.0117758335379
60.97 0.0211110243118
61.04 0.0270548581074
61.11 0.0904592301583
61.18 0.165536648694
61.25 0.0804591797286
61.32 0.0359591840449
61.39 0.0394850363524
61.46 0.0404111193794
61.53 0.0270807091804
61.6 0.301172560955
61.67 0.477242412925
61.74 0.421216164169
61.81 0.153099291217
61.88 0.117126346976
61.95 0.149577422507
62.02 0.150183640093
62.09 0.111483433913
62.16 0.153331444534
62.23 0.219039268889
62.3 0.190752597521
62.37 0.267126163702
62.44 0.145373393944
62.51 0.168355421039
62.58 0.111730457871
62.65 0.125458136434
62.72 0.182930333646
62.79 0.0818681668118
62.86 0.0480551442202
62.93 0.0590063758062
63.0 0.0375744135453
63.07 0.0238848710059
63.14 0.0551121004729
63.21 0.146319781649
63.28 0.0672629029788
63.35 0.0460864177849
63.42 0.0320409487534
63.49 0.045329696058
63.56 0.0314534205193
63.63 0.0476866438572
63.7 0.293384150372
63.77 0.377916559472
63.84 0.344971177746
63.91 0.113753043141
63.98 0.110423764634
64.05 0.139148306427
64.12 0.11937361741
64.19 0.111819884548
64.26 0.22807739412
64.33 0.23886173628
64.4 0.37592327335
64.47 0.320005409114
64.54 0.405978803953
64.61 0.386906116905
64.68 0.381556716247
64.75 0.392466943035
64.82 0.363771539878
64.89 0.385231409216
64.96 0.375887415127
65.03 0.348812369077
65.1 0.378412044695
65.17 0.353726886279
65.24 0.367813927735
65.31 0.389854484608
65.38 0.380228985817
65.45 0.377218678266
65.52 0.408809427868
65.59 0.269117504719
65.66 0.295013535509
65.73 0.281163197135
65.8 0.235315590968
65.87 0.167657967377
65.94 0.14672098254
66.01 0.135546627126
66.08 0.0961968478022
66.15 0.0597856916861
66.22 0.0603963291686
66.29 0.236379264274
66.36 0.189666195816
66.43 0.221495285716
66.5 0.22870108263
66.57 0.204486153715
66.64 0.22587334354
66.71 0.242575433492
66.78 0.22867052128
66.85 0.223608720376
66.92 0.201852426082
66.99 0.206752462248
67.06 0.215207773899
67.13 0.217933130132
67.2 0.134401309023
67.27 0.230464029212
67.34 0.175780426764
67.41 0.202685657705
67.48 0.207257388453
67.55 0.160867246825
67.62 0.202943095928
67.69 0.169230569456
67.76 0.192228120912
67.83 0.171415811031
67.9 0.143833655822
67.97 0.192598026478
68.04 0.1657759506
68.11 0.153969049372
68.18 0.164345355779
68.25 0.157544663099
68.32 0.150643064265
68.39 0.196056938281
68.46 0.183069855897
68.53 0.154587363672
68.6 0.165483726662
68.67 0.162782282234
68.74 0.157874567792
68.81 0.172125632818
68.88 0.134109131779
68.95 0.173674984107
69.02 0.15258995241
69.09 0.117539001077
69.16 0.181506439442
69.23 0.151627663872
69.3 0.174852475969
69.37 0.168060164897
69.44 0.141904721595
69.51 0.145348880951
69.58 0.144707476373
69.65 0.171596580306
69.72 0.187793465347
69.79 0.14392438264
69.86 0.137195140832
69.93 0.127392452167
70.0 0.136247457363
70.07 0.106662884398
70.14 0.134676402029
70.21 0.486707242832
70.28 0.129794305189
70.35 0.103502484198
70.42 0.083637971604
70.49 0.45833555301
70.56 0.264539433775
70.63 0.149587787159
70.7 0.123378467513
70.77 0.0861102059085
70.84 0.241291635002
70.91 0.441562473291
70.98 0.377363519277
71.05 0.37435720554
71.12 0.303959188726
71.19 0.330953466954
71.26 0.259295792548
71.33 0.207039805183
71.4 0.179307761612
71.47 0.364623352872
71.54 0.432358716459
71.61 0.41104599074
71.68 0.335073266488
71.75 0.340889346428
71.82 0.429381525306
71.89 0.218479064054
71.96 0.129514307833
72.03 0.103965617641
72.1 0.355516457307
72.17 0.287041073923
72.24 0.305546251413
72.31 0.414561799418
72.38 0.208078643015
72.45 0.153362046741
72.52 0.171817019218
72.59 0.152440357346
72.66 0.240682112343
72.73 0.358065386825
72.8 0.270598022929
72.87 0.221011065467
72.94 0.204484059773
73.01 0.334190133364
73.08 0.149496295723
73.15 0.102747948343
73.22 0.0809335343697
73.29 0.164297425648
73.36 0.322390736768
73.43 0.167857501881
73.5 0.141514129041
73.57 0.143256832232
73.64 0.398875198741
73.71 0.130171178405
73.78 0.122491925713
73.85 0.118818938542
73.92 0.256906538203
73.99 0.4604786808
74.06 0.365811814951
74.13 0.33181540821
74.2 0.320823024447
74.27 0.217948653033
74.34 0.0934052106203
74.41 0.105703814842
74.48 0.108209266228
74.55 0.334576853218
74.62 0.194565187199
74.69 0.182523236154
74.76 0.14992925888
74.83 0.259856011975
74.9 0.436827989931
74.97 0.249659621215
75.04 0.139884132502
75.11 0.12792486812
75.18 0.465255339232
75.25 0.513409285447
75.32 0.347227143515
75.39 0.205616771903
75.46 0.293677217724
75.53 0.363073032678
75.6 0.167475511274
75.67 0.69786842056
75.74 0.452241019541
75.81 0.487567228768
75.88 0.182819776387
75.95 0.468655927068
76.02 0.55227132203
76.09 0.571752584732
76.16 0.413716844634
76.23 0.282984365541
76.3 0.183962657638
76.37 0.380553322227
76.44 0.493660154206
76.51 0.380474922676
76.58 0.295242201353
76.65 0.302971173147
76.72 0.366818711036
76.79 0.168069379704
76.86 0.106309747884
76.93 0.0990474159751
77.0 0.410886102524
77.07 0.32714642367
77.14 0.241639648287
77.21 0.37808632205
77.28 0.302677055175
77.35 0.129270974175
77.42 0.160482202126
77.49 0.130341960959
77.56 0.210469473289
77.63 0.445296657581
77.7 0.377306982823
77.77 0.290426875751
77.84 0.268834880815
77.91 0.39643956393
77.98 0.203696338938
78.05 0.12469140318
78.12 0.102421437734
78.19 0.220015170243
78.26 0.261101690493
78.33 0.183146915909
78.4 0.156770654305
78.47 0.158145411626
78.54 0.450575830171
78.61 0.116331956168
78.68 0.143739657491
78.75 0.106230917871
78.82 0.39633579338
78.89 0.436457865485
78.96 0.288660581779
79.03 0.22637028212
79.1 0.226360267675
79.17 0.332285904743
79.24 0.0956929941041
79.31 0.100763189748
79.38 0.128339014976
79.45 0.474558026469
79.52 0.36217170487
79.59 0.137936924794
79.66 0.132913834836
79.73 0.252454162192
79.8 0.363976172805
79.87 0.248699377008
79.94 0.196865922485
80.01 0.143008878767
80.08 0.716364009689
80.15 0.504473770707
80.22 0.19669886671
80.29 0.16711453889
80.36 0.207465950988
80.43 0.273537016773
80.5 0.150769218844
80.57 0.562283089784
80.64 0.557464313189
80.71 0.325403297314
80.78 0.165760646578
80.85 0.154497723953
80.92 0.142388028389
80.99 0.509092526886
81.06 0.470656714904
81.13 0.181243108995
81.2 0.161314673509
81.27 0.363768268366
81.34 0.616086430801
81.41 0.396145838481
81.48 0.371646968011
81.55 0.329995237893
81.62 0.537700210622
81.69 0.409837394708
81.76 0.380977112893
81.83 0.167005566316
81.9 0.485352285308
81.97 0.620809325246
82.04 0.542047670616
82.11 0.523591679622
82.18 0.351010596016
82.25 0.294377480334
82.32 0.177619248493
82.39 0.511622311784
82.46 0.352844924888
82.53 0.398521323875
82.6 0.328228916195
82.67 0.264362964743
82.74 0.218941397859
82.81 0.262342579937
82.88 0.341075675231
82.95 0.274568637433
83.02 0.187310057869
83.09 0.165165971214
83.16 0.390554572114
83.23 0.192248656143
83.3 0.214053884493
83.37 0.207486048461
83.44 0.515456935285
83.51 0.312132768041
83.58 0.15625172276
83.65 0.185430492538
83.72 0.249881199757
83.79 0.636306019178
83.86 0.548417979994
83.93 0.430041063283
84.0 0.443655153842
84.07 0.402715196452
84.14 0.1952910499
84.21 0.182678262337
84.28 0.243379520642
84.35 0.154115380221
84.42 0.578345304392
84.49 0.507545635797
84.56 0.380174763643
84.63 0.310676888314
84.7 0.28722753989
84.77 0.129840488665
84.84 0.122893371748
84.91 0.105523613193
84.98 0.159487194091
85.05 0.669243419114
85.12 0.491597141979
85.19 0.385301688355
85.26 0.267615097146
85.33 0.300477431789
85.4 0.267097238108
85.47 0.26204478188
85.54 0.229867383937
85.61 0.297629872473
85.68 0.354199041916
85.75 0.276340506984
85.82 0.235395230834
85.89 0.240246872845
85.96 0.248316561956
86.03 0.206050136338
86.1 0.157991123796
86.17 0.119235754262
86.24 0.230917594723
86.31 0.674403661593
86.38 0.243758697924
86.45 0.15575491113
86.52 0.150681471699
86.59 0.279003020128
86.66 0.237728919088
86.73 0.138323783271
86.8 0.116651232095
86.87 0.236063144582
86.94 0.191316066571
87.01 0.153329070426
87.08 0.14562478381
87.15 0.123666960293
87.22 0.13312618252
87.29 0.112567556357
87.36 0.103620899214
87.43 0.141971937887
87.5 0.171737869641
87.57 0.238525888291
87.64 0.226650167118
87.71 0.163769568216
87.78 0.138897112093
87.85 0.159568115129
87.92 0.158803357623
87.99 0.297633183383
88.06 0.478915830686
88.13 0.616091305967
88.2 0.452727241803
88.27 0.243727425947
88.34 0.166950430687
88.41 0.122263884403
88.48 0.070624352326
88.55 0.0599437515321
88.62 0.0664318966263
88.69 0.30636380546
88.76 0.370801984043
88.83 0.431492032824
88.9 0.266034241868
88.97 0.214639413632
89.04 0.398047453687
89.11 0.373864231589
89.18 0.300094577338
89.25 0.200778126929
89.32 0.344310780304
89.39 0.474334187637
89.46 0.307343096521
89.53 0.428725976764
89.6 0.353957034664
89.67 0.225028588666
89.74 0.181377223475
89.81 0.246812274942
89.88 0.464879961689
89.95 0.621113631307
90.02 0.231973686059
90.09 0.162389176949
90.16 0.144629880837
90.23 0.303116860491
90.3 0.282962511199
90.37 0.219441073886
90.44 0.354028290004
90.51 0.34865545178
90.58 0.501245944091
90.65 0.313730275636
90.72 0.317277926836
90.79 0.241211766043
90.86 0.314468353247
90.93 0.210100507443
91.0 0.119014404814
91.07 0.10064271581
91.14 0.284971212242
91.21 0.513876497336
91.28 0.367921140522
91.35 0.307643481729
91.42 0.35922767535
91.49 0.325544226228
91.56 0.178513722469
91.63 0.109177032578
91.7 0.111014879566
91.77 0.380256444921
91.84 0.266199310221
91.91 0.157815590107
91.98 0.153734411049
92.05 0.279977109164
92.12 0.440474844405
92.19 0.339406048454
92.26 0.30074771967
92.33 0.176942493491
92.4 0.63651104025
92.47 0.386314161478
92.54 0.320169496888
92.61 0.374847844781
92.68 0.33389259942
92.75 0.195316746299
92.82 0.285226032671
92.89 0.774729329664
92.96 0.414411660075
93.03 0.424228358457
93.1 0.226521885035
93.17 0.175600557811
93.24 0.163891842799
93.31 0.425960644464
93.38 0.260176248052
93.45 0.200015362682
93.52 0.145001322934
93.59 0.288917287487
93.66 0.576928421612
93.73 0.470899972684
93.8 0.336497569267
93.87 0.301932405357
93.94 0.347924267399
94.01 0.404229354911
94.08 0.405030387968
94.15 0.456498536303
94.22 0.57117741149
94.29 0.488359360745
94.36 0.481142145642
94.43 0.445883828313
94.5 0.470404129959
94.57 0.449781099371
94.64 0.420266842025
94.71 0.463133559443
94.78 0.445230169427
94.85 0.512250875459
94.92 0.51536466318
94.99 0.394094695335
95.06 0.42890712397
95.13 0.5530904987
95.2 0.461245695678
95.27 0.453844105632
95.34 0.452747191897
95.41 0.449550253491
95.48 0.642508303877
95.55 0.535187606268
95.62 0.360015581502
95.69 0.331467459129
95.76 0.487665228207
95.83 0.488831638954
95.9 0.496085685562
95.97 0.495499650082
96.04 0.409372237364
96.11 0.618366940205
96.18 0.52636249849
96.25 0.497742166464
96.32 0.410227440064
96.39 0.355877362568
96.46 0.324258657735
96.53 0.288687480553
96.6 0.216713072135
96.67 0.210934953114
96.74 0.514014391127
96.81 0.418144850654
96.88 0.340034581486
96.95 0.238452722867
97.02 0.420755794439
97.09 0.284985210285
97.16 0.241739706649
97.23 0.301958790495
97.3 0.329181797312
97.37 0.587508257795
97.44 0.48814214957
97.51 0.516310540168
97.58 0.407178291699
97.65 0.370865416646
97.72 0.340219839241
97.79 0.303675638234
97.86 0.326442119094
97.93 0.439523235705
98.0 0.350020858588
98.07 0.250263556622
98.14 0.240432526041
98.21 0.237946228029
98.28 0.446164276559
98.35 0.282097755159
98.42 0.163266111419
98.49 0.179293401688
98.56 0.572379337548
98.63 0.484044506431
98.7 0.346780873972
98.77 0.359542783821
98.84 0.474693286416
98.91 0.546965555637
98.98 0.43072026827
99.05 0.425242992645
99.12 0.399050258192
99.19 0.486935075477
99.26 0.40078212833
99.33 0.238388083511
99.4 0.216532915721
99.47 0.353190104419
99.54 0.208206882781
99.61 0.203226572001
99.68 0.209651895894
99.75 0.353338521914
99.82 0.527325153285
99.89 0.43027976692
99.96 0.271475059543
100.03 0.299726435937
100.1 0.561428701313
100.17 0.450784435023
100.24 0.587948298041
100.31 0.654177798684
100.38 0.53748556179
100.45 0.608668534267
100.52 0.452231699671
100.59 0.444291783939
100.66 0.372984556753
100.73 0.384255771976
100.8 0.260669780874
100.87 0.244644247473
100.94 0.12058352088
101.01 0.315609381321
101.08 0.440322908794
101.15 0.227096375374
101.22 0.201462997965
101.29 0.147067383416
101.36 0.277023609477
101.43 0.128501164941
101.5 0.146081222472
101.57 0.198723955956
101.64 0.48603625894
101.71 0.466540163535
101.78 0.391165542293
101.85 0.277535189605
101.92 0.255630892227
101.99 0.385065234795
102.06 0.247799102737
102.13 0.192854415541
102.2 0.223970542011
102.27 0.501214272295
102.34 0.340986629404
102.41 0.318701342425
102.48 0.1950969363
102.55 0.39148103745
102.62 0.538522689447
102.69 0.339483163915
102.76 0.319331673184
102.83 0.300737471754
102.9 0.34045061508
102.97 0.418405840554
103.04 0.313561498013
103.11 0.191799122384
103.18 0.515159596873
103.25 0.770473680669
103.32 0.487686071328
103.39 0.277422650762
103.46 0.205172923162
103.53 0.758600178929
103.6 0.632225396072
103.67 0.406926725271
103.74 0.288289618297
103.81 0.407535038258
103.88 0.550747645251
103.95 0.343074671178
104.02 0.214620890629
104.09 0.196231594995
104.16 0.617958576133
104.23 0.646720912498
104.3 0.544571774874
104.37 0.258988320037
104.44 0.64033042831
104.51 0.821627833898
104.58 0.357047449023
104.65 0.125960542612
104.72 0.26701881375
104.79 0.767086979977
104.86 0.58980456151
104.93 0.290150431532
105.0 0.197726751835
105.07 0.549092244152
105.14 0.673055937292
105.21 0.52495640061
105.28 0.47287555587
105.35 0.503099700666
105.42 0.488387172974
105.49 0.379619648475
105.56 0.348188165472
105.63 0.490691391355
105.7 0.31234000271
105.77 0.493350314883
105.84 0.268514949709
105.91 0.169940382488
105.98 0.115469343683
106.05 0.380185622962
106.12 0.38275179431
106.19 0.29242776719
106.26 0.242254136582
106.33 0.293826846349
106.4 0.311691065774
106.47 0.230571218653
106.54 0.181884163367
106.61 0.293386237018
106.68 0.527544758997
106.75 0.384720628726
106.82 0.362235880203
106.89 0.267835511251
106.96 0.320411132045
107.03 0.206956456048
107.1 0.192188997014
107.17 0.210019020238
107.24 0.486095064441
107.31 0.50103440772
107.38 0.399921644808
107.45 0.362525254336
107.52 0.289975907605
107.59 0.275393631908
107.66 0.218081239737
107.73 0.200995352696
107.8 0.199660383206
107.87 0.411980426191
107.94 0.458469639765
108.01 0.314570161181
108.08 0.283184062016
108.15 0.355475427703
108.22 0.229470878731
108.29 0.218171797289
108.36 0.381649399844
108.43 0.343539797879
108.5 0.487110893708
108.57 0.421380724722
108.64 0.474117374821
108.71 0.424812173043
108.78 0.415521632133
108.85 0.353104616106
108.92 0.303177148532
108.99 0.320885756637
109.06 0.480225658272
109.13 0.300087684108
109.2 0.273171520889
109.27 0.231229843174
109.34 0.261232529083
109.41 0.2417342945
109.48 0.206675062244
109.55 0.230494781717
109.62 0.19549754184
109.69 0.508545483977
109.76 0.341709038194
109.83 0.257225533966
109.9 0.300256314352
109.97 0.279855661943
110.04 0.229848159062
110.11 0.195912664896
110.18 0.183384310649
110.25 0.202600970489
110.32 0.382025000643
110.39 0.247752354553
110.46 0.197555143377
110.53 0.137482120428
110.6 0.411520151308
110.67 0.168016056394
110.74 0.162614188973
110.81 0.0463738701603
110.88 0.270369092971
110.95 0.661726997832
111.02 0.367053412105
111.09 0.290236324043
111.16 0.249209766434
111.23 0.560188305076
111.3 0.346216548374
111.37 0.294304265297
111.44 0.133812582791
111.51 0.557791378292
111.58 0.650220117013
111.65 0.435670477347
111.72 0.27059538033
111.79 0.258626390422
111.86 0.664793074301
111.93 0.378975448082
112.0 0.218495068489
112.07 0.0840851166629
112.14 0.535341824058
112.21 0.480533478071
112.28 0.282822081329
112.35 0.13370850581
112.42 0.238469912167
112.49 0.409351903501
112.56 0.291936140075
112.63 0.224606735809
112.7 0.13538339298
112.77 0.365427005182
112.84 0.289498771741
112.91 0.220991614417
112.98 0.180726652242
113.05 0.491665864159
113.12 0.233441001486
113.19 0.210464361733
113.26 0.161833771402
113.33 0.290735956294
113.4 0.691375270432
113.47 0.526562140975
113.54 0.365694037603
113.61 0.26541755311
113.68 0.650018719119
113.75 0.485460093446
113.82 0.309277974044
113.89 0.0991432879101
113.96 0.495743294549
114.03 0.603053878487
114.1 0.335040942432
114.17 0.272655501894
114.24 0.260506656167
114.31 0.419238138293
114.38 0.273864907779
114.45 0.213010807704
114.52 0.115046174633
114.59 0.558984759313
114.66 0.586399720124
114.73 0.409405226811
114.8 0.248683645442
114.87 0.383038163964
114.94 0.614283829174
115.01 0.398770999189
115.08 0.325315604159
115.15 0.237636487931
115.22 0.384678246449
115.29 0.183999573775
115.36 0.189017914058
115.43 0.134791754198
115.5 0.271797735391
115.57 0.189383018878
115.64 0.179077877341
115.71 0.228474868231
115.78 0.316981116652
115.85 0.571640555147
115.92 0.312713111206
115.99 0.263139499528
116.06 0.359026077546
116.13 0.559366474133
116.2 0.593313167609
116.27 0.413710524867
116.34 0.386993497793
116.41 0.499085964075
116.48 0.68159868674
116.55 0.589831136343
116.62 0.187922342781
116.69 0.246252640652
116.76 0.550204273673
116.83 0.329628719114
116.9 0.273331458717
116.97 0.208104944979
117.04 0.682082815059
117.11 0.556315265387
117.18 0.32016585766
117.25 0.131151288073
117.32 0.469136684651
117.39 0.588745888861
117.46 0.530829281119
117.53 0.557488680262
117.6 0.522100932465
117.67 0.427338541969
117.74 0.33437453749
117.81 0.264098674147
117.88 0.166306844614
117.95 0.295263915612
118.02 0.716174425425
118.09 0.309124212982
118.16 0.299243348022
118.23 0.237114931297
118.3 0.833962729722
118.37 0.553337826171
118.44 0.629841924511
118.51 0.50703307655
118.58 0.536922914266
118.65 0.368527702477
118.72 0.453902689335
118.79 0.37610334659
118.86 0.369648316434
118.93 0.527092087972
119.0 0.294776619384
119.07 0.358939645134
119.14 0.141737499473
119.21 0.314507783575
119.28 0.180472224335
119.35 0.106801062732
119.42 0.0383324937815
119.49 0.296043642985
119.56 0.189287342475
119.63 0.119759606208
119.7 0.0871216940752
119.77 0.270381125481
119.84 0.380397238129
119.91 0.0840820800811
119.98 0.0495949757304
120.05 0.126290444388
120.12 0.583476330897
120.19 0.412488082547
120.26 0.218843446573
120.33 0.145690949482
120.4 0.307004203195
120.47 0.499898650252
120.54 0.108786380198
120.61 0.111501792027
120.68 0.131538626625
120.75 0.228107071199
120.82 0.259655238615
120.89 0.149098894573
120.96 0.105021870948
121.03 0.23822923716
121.1 0.510199084431
121.17 0.251215490722
121.24 0.0939349226873
121.31 0.117499420452
121.38 0.392991288188
121.45 0.507988896483
121.52 0.271612226655
121.59 0.178985015722
121.66 0.161255968693
121.73 0.575263715236
121.8 0.183063832346
121.87 0.129651547906
121.94 0.140089178381
122.01 0.129539786812
122.08 0.253093662523
122.15 0.18773447307
122.22 0.0999363741997
122.29 0.0352845623841
122.36 0.552510335016
122.43 0.516405549719
122.5 0.212405795413
122.57 0.112249592244
122.64 0.164061663745
122.71 0.484346630997
122.78 0.405717955594
122.85 0.331383304518
122.92 0.235672286455
122.99 0.339866955168
123.06 0.216925815259
123.13 0.186398095458
123.2 0.190085365216
123.27 0.140461513504
123.34 0.356976587665
123.41 0.352639956347
123.48 0.366114495471
123.55 0.495703092307
123.62 0.413199588244
123.69 0.503430050414
123.76 0.469669145838
123.83 0.376387108665
123.9 0.512332286786
123.97 0.407997588023
124.04 0.403999648661
124.11 0.405791363245
124.18 0.350238447694
124.25 0.39750143805
124.32 0.429019080596
124.39 0.381131539347
124.46 0.354021231885
124.53 0.409107551326
124.6 0.416903816749
124.67 0.387060359501
124.74 0.4707449144
124.81 0.244675585114
124.88 0.289330221753
124.95 0.195647231751
125.02 0.177018291301
125.09 0.164474358704
125.16 0.221955923938
125.23 0.520751584082
125.3 0.298403550029
125.37 0.158893611663
125.44 0.10200037576
125.51 0.0631583169967
125.58 0.0567778676829
125.65 0.0630898457983
125.72 0.0373331198397
125.79 0.214499793615
125.86 0.537039622025
125.93 0.434978867755
126.0 0.345245186571
126.07 0.23931325892
126.14 0.380791356095
126.21 0.199712455987
126.28 0.113382515958
126.35 0.100743643851
126.42 0.290166967114
126.49 0.405235341918
126.56 0.204630943655
126.63 0.169645291234
126.7 0.212324492066
126.77 0.472174953268
126.84 0.222879335182
126.91 0.094280554569
126.98 0.169092669828
127.05 0.499877966184
127.12 0.38931433347
127.19 0.358746471254
127.26 0.258222266767
127.33 0.259868289629
127.4 0.174453366103
127.47 0.149599120716
127.54 0.0987689230482
127.61 0.151500238336
127.68 0.30833152943
127.75 0.217138815202
127.82 0.167911693412
127.89 0.155319230955
127.96 0.387280594125
128.03 0.341211101526
128.1 0.139563493688
128.17 0.142497869183
128.24 0.316610080211
128.31 0.47609000314
128.38 0.384919953107
128.45 0.343935512202
128.52 0.397114210397
128.59 0.384280359387
128.66 0.147957441873
128.73 0.144351215725
128.8 0.0959807164303
128.87 0.290130571908
128.94 0.308349540256
129.01 0.179685308975
129.08 0.131194189823
129.15 0.161755326615
129.22 0.321800262423
129.29 0.184083290628
129.36 0.0917871896826
129.43 0.0605850437528
129.5 0.561285504813
129.57 0.481898642653
129.64 0.336360285418
129.71 0.327999288742
129.78 0.333823773638
129.85 0.186947280463
129.92 0.135473382906
129.99 0.537639058738
130.06 0.482412290458
130.13 0.532092580858
130.2 0.263463415692
130.27 0.105158625108
130.34 0.161813846114
130.41 0.45624873404
130.48 0.247100630558
130.55 0.184381937936
130.62 0.162897612515
130.69 0.431028925646
130.76 0.726355415856
130.83 0.389911237023
130.9 0.347322805326
130.97 0.27864142175
131.04 0.655466517575
131.11 0.295060158202
131.18 0.0822976600063
131.25 0.185747978035
131.32 0.431432621758
131.39 0.286036770825
131.46 0.522011276694
131.53 0.406570435439
131.6 0.376379929432
131.67 0.420026471989
131.74 0.42647528598
131.81 0.238312800797
131.88 0.129290928647
131.95 0.545898892443
132.02 0.55259147931
132.09 0.4988420088
132.16 0.341564678716
132.23 0.384574116938
132.3 0.615261485938
132.37 0.379117202899
132.44 0.428651465963
132.51 0.554518407146
132.58 0.406362110753
132.65 0.479047700926
132.72 0.343878275334
132.79 0.273049357205
132.86 0.402266310575
132.93 0.273205015218
133.0 0.121819068217
133.07 0.13776406143
133.14 0.436676341781
133.21 0.491211875482
133.28 0.322157877202
133.35 0.289927735249
133.42 0.44748129505
133.49 0.346046683653
133.56 0.136326144375
133.63 0.150897950359
133.7 0.179890627723
133.77 0.375492811251
133.84 0.468661305656
133.91 0.231811321592
133.98 0.113809797015
134.05 0.319969216736
134.12 0.479305592959
134.19 0.282815586459
134.26 0.166547648031
134.33 0.335579253527
134.4 0.698350113485
134.47 0.471369787774
134.54 0.361249039274
134.61 0.215596773013
134.68 0.28239154773
134.75 0.246849834584
134.82 0.453271436366
134.89 0.546382545066
134.96 0.512753658109
135.03 0.333506956451
135.1 0.209306916272
135.17 0.148141768662
135.24 0.209917998809
135.31 0.433837304156
135.38 0.273800569017
135.45 0.0627462232262
135.52 0.224121454727
135.59 0.501428077713
135.66 0.237300222613
135.73 0.250750359643
135.8 0.260420525808
135.87 0.5883213292
135.94 0.236119308942
136.01 0.165578241547
136.08 0.15051659596
136.15 0.302871669279
136.22 0.640331048468
136.29 0.506008420621
136.36 0.390597943724
136.43 0.30814099669
136.5 0.443418580627
136.57 0.30614756319
136.64 0.44014792814
136.71 0.603381045733
136.78 0.638998048889
136.85 0.461398630836
136.92 0.414634427859
136.99 0.461417902406
137.06 0.352233897801
137.13 0.411368457924
137.2 0.208286458443
137.27 0.209058803755
137.34 0.150433299355
137.41 0.34311964936
137.48 0.198305953911
137.55 0.144802265586
137.62 0.11842083406
137.69 0.406368204345
137.76 0.429252040847
137.83 0.207407368744
137.9 0.302734945761
137.97 0.556564171705
138.04 0.584610532864
138.11 0.282148176133
138.18 0.194874330486
138.25 0.331823964921
138.32 0.521894755711
138.39 0.266415918749
138.46 0.206630281053
138.53 0.170112818309
138.6 0.319290990867
138.67 0.611212401842
138.74 0.201841898001
138.81 0.0920592169228
138.88 0.143334062969
138.95 0.663393925101
139.02 0.502707953891
139.09 0.127275064423
139.16 0.0738226769663
139.23 0.419133177041
139.3 0.799686419013
139.37 0.577684350997
139.44 0.463400912887
139.51 0.297400917708
139.58 0.741773554102
139.65 0.576318699044
139.72 0.555326380128
139.79 0.585614243529
139.86 0.799767019028
139.93 0.595403106335
140.0 0.460305691945
140.07 0.448680509927
140.14 0.453186509842
140.21 0.409917454821
140.28 0.138023733678
140.35 0.12011880859
140.42 0.0845062545151
140.49 0.395382560598
140.56 0.297137295422
140.63 0.312343052424
140.7 0.288491820207
140.77 0.33185868935
140.84 0.465933066056
140.91 0.424340688636
140.98 0.396884156859
141.05 0.370662902469
141.12 0.655049523833
141.19 0.49148410701
141.26 0.385400684424
141.33 0.324033753692
141.4 0.423055594381
141.47 0.414168380407
141.54 0.300116230312
141.61 0.291311006964
141.68 0.414399769107
141.75 0.836104580717
141.82 0.680124622542
141.89 0.62096288348
141.96 0.658615045776
142.03 0.67349224492
142.1 0.590837273647
142.17 0.681605852839
142.24 0.705395180229
142.31 0.767311491498
142.38 0.668443452727
142.45 0.478311339327
142.52 0.409522265808
142.59 0.36948748558
142.66 0.379746439263
142.73 0.277393053939
142.8 0.200127231756
142.87 0.16762238786
142.94 0.396931353015
143.01 0.304082302345
143.08 0.298174697407
143.15 0.302451911824
143.22 0.489859891795
143.29 0.62167990055
143.36 0.510165095435
143.43 0.459443394645
143.5 0.548151348851
143.57 0.584296206521
143.64 0.502131461537
143.71 0.49994215319
143.78 0.361178291734
143.85 0.56350758227
143.92 0.644050278942
143.99 0.434870880136
144.06 0.403844990195
144.13 0.602402914731
144.2 0.96277455843
144.27 0.662795692222
144.34 0.780395791193
144.41 0.738102040717
144.48 0.640470346003
144.55 0.718495150204
144.62 0.684984008494
144.69 0.717950498913
144.76 0.69846297627
144.83 0.55955742712
144.9 0.312742222117
144.97 0.190892395559
145.04 0.242337237655
145.11 0.245939935472
145.18 0.109060018388
145.25 0.0783573354428
145.32 0.110312210746
145.39 0.923568337487
145.46 0.922793917201
145.53 0.697879571717
145.6 0.910517498559
145.67 0.715339966621
145.74 0.873255402047
145.81 0.623709224376
145.88 0.82990886093
145.95 0.728686903646
146.02 0.685810253497
146.09 0.821038322619
146.16 0.886917702902
146.23 0.68910119899
146.3 0.866038707876
146.37 0.593288546636
146.44 0.657461862619
146.51 0.744642319878
146.58 0.731974215746
146.65 0.817523189548
146.72 0.720500610378
146.79 0.804006971478
146.86 0.839091757132
146.93 0.764710528597
147.0 0.710643035607
147.07 0.84350299118
147.14 0.794430673775
147.21 0.653151210782
147.28 0.733998461578
147.35 0.840496764994
147.42 0.729938512327
147.49 0.739457846032
147.56 0.762697639669
147.63 0.780836581464
147.7 0.853171347945
147.77 0.749759109032
147.84 0.713260147403
147.91 0.749258361957
147.98 0.827886657969
148.05 0.832448619416
148.12 0.765769150175
148.19 0.839841913947
148.26 0.772778360155
148.33 0.81312134541
148.4 0.833790199053
148.47 0.763819336347
148.54 0.810312291293
148.61 0.862091538235
148.68 0.789249467063
148.75 0.899932216665
148.82 0.802044736995
148.89 0.732134147738
148.96 0.90107986802
149.03 0.662792109902
149.1 0.649582881351
149.17 0.53552594656
149.24 0.579156440906
149.31 0.37739523339
149.38 0.17869422909
149.45 0.123497056173
149.52 0.1048184331
149.59 0.093705534542
149.66 0.0870358993308
149.73 0.0710310864786
149.8 0.0735855215337
149.87 0.244681486092
149.94 0.145311353411
150.01 0.207057157913
150.08 0.115186585533
150.15 0.175600436698
150.22 0.0871743563706
150.29 0.103438962584
150.36 0.120492350467
150.43 0.256403103294
150.5 0.466519712937
150.57 0.479661590951
150.64 0.329277956708
150.71 0.268248773835
150.78 0.292352058392
150.85 0.126219895297
150.92 0.069872492632
150.99 0.148101245398
151.06 0.279125907572
151.13 0.539500171108
151.2 0.396747283044
151.27 0.305046537447
151.34 0.289748231094
151.41 0.201620621512
151.48 0.118338501982
151.55 0.659427966884
151.62 0.479885866083
151.69 0.526770240945
151.76 0.66990683125
151.83 0.38868742452
151.9 0.20713026497
151.97 0.336430700263
152.04 0.497173941901
152.11 0.229060801566
152.18 0.273715985403
152.25 0.360678488757
152.32 0.657552713469
152.39 0.425045930014
152.46 0.204975656245
152.53 0.229125875762
152.6 0.388102540344
152.67 0.187195645421
152.74 0.383362253771
152.81 0.530328961587
152.88 0.275912826108
152.95 0.491616436896
153.02 0.581789780393
153.09 0.576869928379
153.16 0.509725545479
153.23 0.388059686748
153.3 0.583515184844
153.37 0.477564394197
153.44 0.543850552408
153.51 0.769327921889
153.58 0.613419267207
153.65 0.354435893836
153.72 0.543884232054
153.79 0.570728921055
153.86 0.321018518444
153.93 0.512615644664
154.0 0.77364164241
154.07 0.475761798407
154.14 0.560595798009
154.21 0.752102630791
154.28 0.450547793226
154.35 0.341679162665
154.42 0.656135464432
154.49 0.621669398734
154.56 0.538645721352
154.63 0.4722757529
154.7 0.773158233472
154.77 0.8577922112
154.84 0.797445420193
154.91 0.552777843133
154.98 0.592495817849
155.05 0.828452721466
155.12 0.759313959508
155.19 0.527559159778
155.26 0.556052978263
155.33 0.54501331663
155.4 0.489957686947
155.47 0.393408315492
155.54 0.617875323304
155.61 0.349264463721
155.68 0.274814739181
155.75 0.255322841876
155.82 0.748668960118
155.89 0.696777776979
155.96 0.44322945601
156.03 0.27680517112
156.1 0.202938336039
156.17 0.433235487499
156.24 0.496386358231
156.31 0.31162870276
156.38 0.170792452299
156.45 0.126202816896
156.52 0.683349046319
156.59 0.466120509683
156.66 0.358982748252
156.73 0.19451584165
156.8 0.283169133006
156.87 0.73000219883
156.94 0.514540264056
157.01 0.463881323181
157.08 0.406020808299
157.15 0.765216093929
157.22 0.630947577357
157.29 0.411834738847
157.36 0.292326715118
157.43 0.401291160706
157.5 0.424505533732
157.57 0.28062376538
157.64 0.173776752643
157.71 0.161509242377
157.78 0.212215230571
157.85 0.60739401187
157.92 0.498863407874
157.99 0.228474529698
158.06 0.189197335039
158.13 0.293857444179
158.2 0.60391794141
158.27 0.525834700885
158.34 0.497064140505
158.41 0.449839014763
158.48 0.76998680031
158.55 0.718205532385
158.62 0.488925540977
158.69 0.319277599848
158.76 0.441929432746
158.83 0.438271904271
158.9 0.27141265713
158.97 0.187622786395
159.04 0.344732282955
159.11 0.365299633636
159.18 0.375940417415
159.25 0.213348187846
159.32 0.196601814288
159.39 0.15506738728
159.46 0.754124358055
159.53 0.503405566605
159.6 0.277532636017
159.67 0.187932446237
159.74 0.170973328096
159.81 0.309011811302
159.88 0.18775953326
159.95 0.693811726769
160.02 0.711428856572
160.09 0.582383158534
160.16 0.525733097237
160.23 0.457428724042
160.3 0.336703287833
160.37 0.472835344873
160.44 0.628060813888
160.51 0.36891704888
160.58 0.286355242737
160.65 0.247277387051
160.72 0.295905670398
160.79 0.650759300706
160.86 0.400535216729
160.93 0.324855730555
161.0 0.274407596454
161.07 0.548904122001
161.14 0.361888926292
161.21 0.277568934916
161.28 0.313511751186
161.35 0.478324581509
161.42 0.498842550161
161.49 0.334197398689
161.56 0.281072702329
161.63 0.310550277007
161.7 0.58039782064
161.77 0.602861369999
161.84 0.430165033449
161.91 0.320747105525
161.98 0.529752648715
162.05 0.503992887634
162.12 0.553531382359
162.19 0.422164836971
162.26 0.408311495578
162.33 0.512488172434
162.4 0.671494924128
162.47 0.417186852145
162.54 0.351471244452
162.61 0.486064958359
162.68 0.438857373583
162.75 0.447379719128
162.82 0.287613657097
162.89 0.281719854671
162.96 0.298420942157
163.03 0.662644499341
163.1 0.622409376215
163.17 0.318030406687
163.24 0.196107635043
163.31 0.199989241658
163.38 0.617348088948
163.45 0.46011451716
163.52 0.402785695929
163.59 0.441559074829
163.66 0.528420261998
163.73 0.413106806881
163.8 0.306981050171
163.87 0.362139192578
163.94 0.589235709494
164.01 0.406023525317
164.08 0.376817904919
164.15 0.221128542222
164.22 0.173701537052
164.29 0.4181339461
164.36 0.411988797584
164.43 0.282591468921
164.5 0.295719623219
164.57 0.378514928055
164.64 0.810437555764
164.71 0.877124688691
164.78 0.685245509111
164.85 0.735852625268
164.92 0.615581850424
164.99 0.424767189024
165.06 0.275236192219
165.13 0.625582020508
165.2 0.586189863285
165.27 0.503835109412
165.34 0.360509769502
165.41 0.251923619844
165.48 0.739453239357
165.55 0.557346051388
165.62 0.446928017007
165.69 0.313538648501
165.76 0.196573946609
165.83 0.334684273211
165.9 0.466979990738
165.97 0.654262564697
166.04 0.261053661137
166.11 0.227800983463
166.18 0.252084363147
166.25 0.745185049411
166.32 0.707207523432
166.39 0.710962933151
166.46 0.702037937737
166.53 0.688581002324
166.6 0.670805983401
166.67 0.554731471293
166.74 0.405787017766
166.81 0.401123832062
166.88 0.435832919151
166.95 0.424654871978
167.02 0.397974742072
167.09 0.237587288302
167.16 0.190269547545
167.23 0.486832443098
167.3 0.419577858981
167.37 0.248803185497
167.44 0.246428498281
167.51 0.483476599972
167.58 0.349583692954
167.65 0.300895044229
167.72 0.244554965256
167.79 0.251432363364
167.86 0.435331306774
167.93 0.304302925115
168.0 0.272587182452
168.07 0.221748604636
168.14 0.463031779234
168.21 0.430967473169
168.28 0.321242300368
168.35 0.232227857148
168.42 0.223751410537
168.49 0.558648787293
168.56 0.504652968431
168.63 0.369938307806
168.7 0.275762497069
168.77 0.411468374743
168.84 0.356549111077
168.91 0.184319137164
168.98 0.154981008859
169.05 0.0869950448297
169.12 0.335412660317
169.19 0.423120548923
169.26 0.278221080618
169.33 0.187714385812
169.4 0.156481281631
169.47 0.531802356015
169.54 0.48223556169
169.61 0.423212250483
169.68 0.309321879718
169.75 0.472913754639
169.82 0.412298504121
169.89 0.341309969185
169.96 0.486489249529
170.03 0.233798508285
170.1 0.37241794314
170.17 0.315753257806
170.24 0.263001023519
170.31 0.790744383136
170.38 0.464928884072
170.45 0.661847836568
170.52 0.67025387855
170.59 0.679889301316
170.66 0.660141979475
170.73 0.557519638513
170.8 0.504266969419
170.87 0.462426639992
170.94 0.584958505292
171.01 0.450752699022
171.08 0.667596501767
171.15 0.526570862574
171.22 0.346606930804
171.29 0.160720399423
171.36 0.507481130687
171.43 0.808214341595
171.5 0.461438777629
171.57 0.315226534167
171.64 0.369451770358
171.71 0.300231512439
171.78 0.55998119298
171.85 0.417396144277
171.92 0.298522825969
171.99 0.326216265116
172.06 0.460309170662
172.13 0.219235177297
172.2 0.167793263803
172.27 0.190663637786
172.34 0.395336350856
172.41 0.877296138097
172.48 0.580696222803
172.55 0.34455802606
172.62 0.36971396993
172.69 0.362065290262
172.76 0.509388287909
172.83 0.303850115467
172.9 0.318923844636
172.97 0.319313906043
173.04 0.511755766708
173.11 0.386063575627
173.18 0.242766209917
173.25 0.818623920533
173.32 0.512072290597
173.39 0.200467396039
173.46 0.152022123289
173.53 0.573447410323
173.6 0.619467053951
173.67 0.483900837152
173.74 0.220911811122
173.81 0.202319090773
173.88 0.907350507182
173.95 0.697442759208
174.02 0.856344667845
174.09 0.404998635917
174.16 0.408417157242
174.23 0.49667827282
174.3 0.469073349814
174.37 0.525111372802
174.44 0.367419237766
174.51 0.226633628618
174.58 0.350073827314
174.65 0.513674021098
174.72 0.224388838813
174.79 0.173959357584
174.86 0.171512810923
174.93 0.366882455906
175.0 0.940860793804
175.07 0.642035481389
175.14 0.577784064989
175.21 0.485118621726
175.28 0.515855556321
175.35 0.527539501522
175.42 0.304320470458
175.49 0.264310719777
175.56 0.347705935563
175.63 0.452049857889
175.7 0.362566391921
175.77 0.240964032916
175.84 0.506153258714
175.91 0.649731997799
175.98 0.38125307266
176.05 0.298574059714
176.12 0.676106435411
176.19 0.576203434427
176.26 0.464147696046
176.33 0.419190877932
176.4 0.378428959667
176.47 0.285726149375
176.54 0.282249142112
176.61 0.702753422654
176.68 0.55121346361
176.75 0.345091545163
176.82 0.226491036224
176.89 0.175606250125
176.96 0.559361111596
177.03 0.487766230667
177.1 0.439143557919
177.17 0.50350704768
177.24 0.610935213435
177.31 0.417440086432
177.38 0.329106107483
177.45 0.329330780974
177.52 0.583904005936
177.59 0.514140617207
177.66 0.614349155811
177.73 0.365484469683
177.8 0.214786204126
177.87 0.225561159293
177.94 0.682151811567
178.01 0.563041887943
178.08 0.288685008679
178.15 0.223347196411
178.22 0.230437363909
178.29 0.90085593434
178.36 0.726575039078
178.43 0.720497719715
178.5 0.668762461622
178.57 0.636000897427
178.64 0.581427960218
178.71 0.442283641767
178.78 0.189393227396
178.85 0.774258927978
178.92 0.425514898772
178.99 0.382853189293
179.06 0.324644449542
179.13 0.292600633473
179.2 0.245314806739
179.27 0.236332800632
179.34 0.364265700154
179.41 0.264190852863
179.48 0.233168711591
179.55 0.274247649871
179.62 0.231524223801
179.69 0.221829684726
179.76 0.188176388379
179.83 0.236107203472
179.9 0.28669649412
179.97 0.345020326304
180.04 0.318283705178
180.11 0.320742457993
180.18 0.327338469593
180.25 0.251442458065
180.32 0.415379673029
180.39 0.487998423382
180.46 0.245692758298
180.53 0.226645176676
180.6 0.345150836575
180.67 0.318759500043
180.74 0.234611047084
180.81 0.220047800729
180.88 0.239825358521
180.95 0.482419704621
181.02 0.572722876946
181.09 0.503014381619
181.16 0.512273176314
181.23 0.350139747842
181.3 0.403037357205
181.37 0.357551007964
181.44 0.316284620221
181.51 0.357861992754
181.58 0.363594209922
181.65 0.255330120333
181.72 0.331903101365
181.79 0.36807614044
181.86 0.308552753387
181.93 0.348202010301
182.0 0.41587273745
182.07 0.315873130556
182.14 0.368613349843
182.21 0.307805441999
182.28 0.426321376081
182.35 0.467439967945
182.42 0.396055066428
182.49 0.457782384406
182.56 0.371990165958
182.63 0.402404427623
182.7 0.332195412855
182.77 0.36369608352
182.84 0.335913233748
182.91 0.548692893519
182.98 0.584149915071
183.05 0.351503685243
183.12 0.138120806529
183.19 0.100931363265
183.26 0.591543025743
183.33 0.51471312888
183.4 0.322931693381
183.47 0.146220020963
183.54 0.109498848962
183.61 0.747594201319
183.68 0.453345230703
183.75 0.219709793134
183.82 0.112676975445
183.89 0.142058651923
183.96 0.684805213507
184.03 0.325727029619
184.1 0.163226062392
184.17 0.277701327547
184.24 0.489315914652
184.31 0.714393192229
184.38 0.528282499534
184.45 0.361519082011
184.52 0.697703482075
184.59 0.639052104714
184.66 0.317224838456
184.73 0.210804420955
184.8 0.632495772964
184.87 0.603196751046
184.94 0.387454141851
185.01 0.261189313606
185.08 0.637355310672
185.15 0.714757198276
185.22 0.650735591729
185.29 0.434961373483
185.36 0.502269584422
185.43 0.525524833837
185.5 0.390647887542
185.57 0.712196633149
185.64 0.591280674415
185.71 0.341597906013
185.78 0.242145479193
185.85 0.593010211302
185.92 0.672577377255
185.99 0.283984731734
186.06 0.313032441124
186.13 0.319126008607
186.2 0.660665355723
186.27 0.710067843395
186.34 0.614376654313
186.41 0.420120177022
186.48 0.485190498682
186.55 0.464253346037
186.62 0.405368405778
186.69 0.415206830093
186.76 0.826200326345
186.83 0.665144038076
186.9 0.51175245142
186.97 0.487491264611
187.04 0.773364414604
187.11 0.62707493019
187.18 0.678473504176
187.25 0.673319734681
187.32 0.674801601186
187.39 0.756166889041
187.46 0.801891600468
187.53 0.759922754029
187.6 0.547206922302
187.67 0.443177024267
187.74 0.692353662629
187.81 0.697246970453
187.88 0.282672246957
187.95 0.599095999825
188.02 0.585286583075
188.09 0.740154815242
188.16 0.541694243722
188.23 0.646785117015
188.3 0.585247275319
188.37 0.597975976841
188.44 0.66250512301
188.51 0.551026755417
188.58 0.532315948371
188.65 0.516415246061
188.72 0.561373947994
188.79 0.486755406433
188.86 0.396316883691
188.93 0.43853410968
189.0 0.349608052731
189.07 0.79376087329
189.14 0.46852602674
189.21 0.411578570122
189.28 0.521415104198
189.35 0.583111497487
189.42 0.660992439796
189.49 0.405943614041
189.56 0.51334441262
189.63 0.562582096053
189.7 0.672445842629
189.77 0.513124341426
189.84 0.496898489934
189.91 0.42183002501
189.98 0.477463184532
190.05 0.637499846712
190.12 0.588108742209
190.19 0.422766576291
190.26 0.40270989812
190.33 0.567756135207
190.4 0.565925266083
190.47 0.498541858523
190.54 0.344945153029
190.61 0.216458117459
190.68 0.498167001912
190.75 0.94241429504
190.82 0.682504135311
190.89 0.680425273323
190.96 0.549944198687
191.03 0.400735674903
191.1 0.433398650144
191.17 0.403465328461
191.24 0.339157884865
191.31 0.654091553049
191.38 0.596817848477
191.45 0.221323786698
191.52 0.190811886014
191.59 0.160255700265
191.66 0.280411500871
191.73 0.659403086175
191.8 0.432142776241
191.87 0.141630450115
191.94 0.108162268522
192.01 0.376827796792
192.08 0.815963030012
192.15 0.64500295869
192.22 0.579403184699
192.29 0.329360598135
192.36 0.230539765736
192.43 0.405433380749
192.5 0.343996526921
192.57 0.27222573729
192.64 0.513718716196
192.71 0.631573689587
192.78 0.480608644049
192.85 0.255211575449
192.92 0.193858596066
192.99 0.232066045715
193.06 0.547741439494
193.13 0.342912251261
193.2 0.171846349008
193.27 0.0974574305232
193.34 0.283994895017
193.41 0.682935468548
193.48 0.686152650347
193.55 0.602634046613
193.62 0.588166005342
193.69 0.233418745866
193.76 0.303408022136
193.83 0.356752424892
193.9 0.308269525377
193.97 0.281515046641
194.04 0.606673753931
194.11 0.652974775312
194.18 0.352573757112
194.25 0.201569325022
194.32 0.17638056389
194.39 0.149494988286
194.46 0.114355535405
194.53 0.0692231164789
194.6 0.0563816616118
194.67 0.058649182734
194.74 0.043550650193
194.81 0.0752178878032
194.88 0.754201686558
194.95 0.751276003479
195.02 0.686180288932
195.09 0.63699066258
195.16 0.625824159087
195.23 0.411355720623
195.3 0.286922857357
195.37 0.474161052862
195.44 0.723865526769
195.51 0.704126690138
195.58 0.648767399358
195.65 0.634707726537
195.72 0.658267414799
195.79 0.544054857016
195.86 0.609226334351
195.93 0.715324059952
196.0 0.595559931703
196.07 0.633043456459
196.14 0.559650923488
196.21 0.47885716235
196.28 0.482185606198
196.35 0.310047287152
196.42 0.53915797125
196.49 0.608145706675
196.56 0.618408864295
196.63 0.527115325629
196.7 0.48904291267
196.77 0.378527287424
196.84 0.321656826614
196.91 0.214483758537
196.98 0.400761962275
197.05 0.885439373482
197.12 0.824676410258
197.19 0.75561017022
197.26 0.773575581799
197.33 0.795858447976
197.4 0.718475651
197.47 0.740307387061
197.54 0.749761493354
197.61 0.782076032144
197.68 0.80036068609
197.75 0.742463100395
197.82 0.784253379482
197.89 0.75247178925
197.96 0.789892209722
198.03 0.659892988523
198.1 0.828352930137
198.17 0.742697586963
198.24 0.692276297646
198.31 0.765009440019
198.38 0.627889373237
198.45 0.76362885322
198.52 0.698769554295
198.59 0.807467632854
198.66 0.842286921159
198.73 0.717917490496
198.8 0.684891157089
198.87 0.744906868752
198.94 0.727514030131
199.01 0.650036214849
199.08 0.719740331137
199.15 0.782652105709
199.22 0.723439186892
199.29 0.760877462056
199.36 0.781084942044
199.43 0.768762579233
199.5 0.727065415665
199.57 0.741766173501
199.64 0.767191129917
199.71 0.84006743377
199.78 0.80487085638
199.85 0.839506982332
199.92 0.813123996764
199.99 0.77633926521
200.06 0.792642443746
200.13 0.797442271253
200.2 0.81147336431
200.27 0.78082289131
200.34 0.706843750856
200.41 0.816023875465
200.48 0.777911248591
200.55 0.824150441023
200.62 0.769746551387
200.69 0.871809249304
200.76 0.88299581379
200.83 0.804199951285
200.9 0.803596385055
200.97 0.871247262794
201.04 0.785073090217
201.11 0.812878621694
201.18 0.742210084987
201.25 0.840812797134
201.32 0.803056270397
201.39 0.6579022735
201.46 0.841916518007
201.53 0.61134597788
201.6 0.779649779947
201.67 0.789369596632
201.74 0.641058046422
201.81 0.844801968202
201.88 0.70664287973
201.95 0.744209946236
202.02 0.761387796032
202.09 0.75650186881
202.16 0.713993787606
202.23 0.659681001261
202.3 0.526552516134
202.37 0.619961506065
202.44 0.792684763278
202.51 0.801102977852
202.58 0.742196990184
202.65 0.700421084154
202.72 0.692518633216
202.79 0.695942680507
202.86 0.761874577166
202.93 0.787181172556
203.0 0.62067122279
203.07 0.441621795346
203.14 0.870281761112
203.21 0.75003899257
203.28 0.764074543463
203.35 0.609648991224
203.42 0.853843944245
203.49 0.747320113697
203.56 0.731596334228
203.63 0.435514356769
203.7 0.450853593501
203.77 0.678496400383
203.84 0.851137570661
203.91 0.702628048743
203.98 0.804823593101
204.05 0.769071372315
204.12 0.713200409478
204.19 0.722181274495
204.26 0.714319818141
204.33 0.738031125369
204.4 0.711243951942
204.47 0.720116168325
204.54 0.870977166066
204.61 0.687256492333
204.68 0.801633852896
204.75 0.737358294139
204.82 0.80547514783
204.89 0.760807261713
204.96 0.714653013316
205.03 0.681426726616
205.1 0.701194548668
205.17 0.529229570142
205.24 0.271196808842
205.31 0.159610421528
205.38 0.147082850868
205.45 0.288107703555
205.52 0.116922920803
205.59 0.316091126778
205.66 0.512374838329
205.73 0.233066910953
205.8 0.205921849877
205.87 0.0954266650147
205.94 0.219111290305
206.01 0.234268599163
206.08 0.146156983802
206.15 0.441165766717
206.22 0.422105606846
206.29 0.14793788722
206.36 0.0915086004489
206.43 0.066939840444
206.5 0.4194404905
206.57 0.3628818112
206.64 0.186998356615
206.71 0.567444848364
206.78 0.411879934449
206.85 0.365710745369
206.92 0.341432738435
206.99 0.279103339685
207.06 0.358376575902
207.13 0.232635862258
207.2 0.264703682061
207.27 0.435930868978
207.34 0.195671984052
207.41 0.0801600450496
207.48 0.0626947939494
207.55 0.0668940567869
207.62 0.408666876331
207.69 0.320504908578
207.76 0.358254953578
207.83 0.46744694435
207.9 0.153051797385
207.97 0.316890290608
208.04 0.21057195683
208.11 0.330510004899
208.18 0.23844616817
208.25 0.187100498705
208.32 0.371606708861
208.39 0.32346563711
208.46 0.116314480866
208.53 0.0874280984564
208.6 0.0836913780881
208.67 0.337220741215
208.74 0.411036024448
208.81 0.282655259026
208.88 0.345458333892
208.95 0.222619444054
209.02 0.333077518706
209.09 0.174207662714
209.16 0.376034971698
209.23 0.452797837587
209.3 0.271497147355
209.37 0.557791578201
209.44 0.398189090309
209.51 0.195374474914
209.58 0.100996322184
209.65 0.146223460282
209.72 0.462780795024
209.79 0.4167651598
209.86 0.840581857866
209.93 0.813418063664
210.0 0.705730650287
210.07 0.840540934783
210.14 0.557518987712
210.21 0.777872708371
210.28 0.711503991907
210.35 0.628110719766
210.42 0.893510426939
210.49 0.718044126608
210.56 0.847887109035
210.63 0.729829228944
210.7 0.728795148083
210.77 0.675021676758
210.84 0.484431437868
210.91 0.564390870069
210.98 0.78977208745
211.05 0.933223724939
211.12 0.666341363297
211.19 0.745780706812
211.26 0.47937657397
211.33 0.508195575199
211.4 0.821756482238
211.47 0.826411111231
211.54 0.716783333764
211.61 0.399014048304
211.68 0.600988972226
211.75 0.742043769024
211.82 0.658049992041
211.89 0.691659887594
211.96 0.507156457202
212.03 0.858004754414
212.1 0.7929595732
212.17 0.438163868499
212.24 0.414863617554
212.31 0.456926113577
212.38 0.853113145092
212.45 0.711429755435
212.52 0.754342676758
212.59 0.756246096986
212.66 0.735894822227
212.73 0.787791995356
212.8 0.694709164368
212.87 0.770859770151
212.94 0.705907552699
213.01 0.629738406402
213.08 0.902168483321
213.15 0.830078033994
213.22 0.822187271197
213.29 0.782482585357
213.36 0.698377870265
213.43 0.668571791719
213.5 0.518235226682
213.57 0.394261482617
213.64 0.607581071729
213.71 0.50224592068
213.78 0.400226163911
213.85 0.232961338299
213.92 0.20161098208
213.99 0.281014479047
214.06 0.198421618347
214.13 0.420941273991
214.2 0.582406534815
214.27 0.410836244799
214.34 0.321132729524
214.41 0.143773318168
214.48 0.203426704775
214.55 0.189687441674
214.62 0.136863746302
214.69 0.482808754806
214.76 0.322993979058
214.83 0.176372309232
214.9 0.0843304260692
214.97 0.0609303210504
215.04 0.323557799774
215.11 0.195562385483
215.18 0.244714688583
215.25 0.582034920533
215.32 0.396787038773
215.39 0.248021213884
215.46 0.272134202078
215.53 0.294375208369
215.6 0.274576166871
215.67 0.101866734059
215.74 0.338398762765
215.81 0.446280644327
215.88 0.2451638269
215.95 0.0912834410464
216.02 0.0690810669047
216.09 0.291776035899
216.16 0.34601961999
216.23 0.21132919657
216.3 0.413020320478
216.37 0.359759153041
216.44 0.235825840311
216.51 0.276473544579
216.58 0.184905285001
216.65 0.504284123698
216.72 0.387687849209
216.79 0.264857777278
216.86 0.424861085211
216.93 0.261562147774
217.0 0.104817702044
217.07 0.0545400163433
217.14 0.139027953602
217.21 0.545710962905
217.28 0.269252583725
217.35 0.345697113408
217.42 0.398827166467
217.49 0.299874319367
217.56 0.495212130584
217.63 0.377616762319
217.7 0.381985519243
217.77 0.2293598735
217.84 0.206608209291
217.91 0.317960006435
217.98 0.324009672621
218.05 0.219075487532
218.12 0.162374091806
218.19 0.128351603439
218.26 0.103654892588
218.33 0.0894838584914
218.4 0.61230672405
218.47 0.345810771453
218.54 0.251385834059
218.61 0.201262069931
218.68 0.129721304654
218.75 0.210209001402
218.82 0.511087251772
218.89 0.72577000783
218.96 0.569877230633
219.03 0.433236846008
219.1 0.234587250555
219.17 0.611705962389
219.24 0.632734504326
219.31 0.32058345259
219.38 0.08537547131
219.45 0.591745925148
219.52 0.615687074331
219.59 0.561557581666
219.66 0.208329558643
219.73 0.0905640148476
219.8 0.53103508286
219.87 0.709746537729
219.94 0.680348588324
220.01 0.379637138369
220.08 0.437281660503
220.15 0.391280910513
220.22 0.674033335779
220.29 0.61368206067
220.36 0.453690391265
220.43 0.307237370652
220.5 0.611559586306
220.57 0.452138055925
220.64 0.516151463264
220.71 0.300912672746
220.78 0.508467155926
220.85 0.551500103215
220.92 0.517870133536
220.99 0.589299070597
221.06 0.660866312941
221.13 0.625850892972
221.2 0.577262763713
221.27 0.517614929338
221.34 0.613790621753
221.41 0.474572514802
221.48 0.558282623098
221.55 0.65169633498
221.62 0.54439615947
221.69 0.532458923074
221.76 0.27325534864
221.83 0.252649243238
221.9 0.157855035027
221.97 0.273076489449
222.04 0.200246193969
222.11 0.759928948305
222.18 0.758335972966
222.25 0.667937290585
222.32 0.611487367899
222.39 0.574208270323
222.46 0.361820976025
222.53 0.361964419129
222.6 0.690942495511
222.67 0.787441517492
222.74 0.61737690802
222.81 0.62588726629
222.88 0.53330982699
222.95 0.48137160091
223.02 0.530001902321
223.09 0.508330003405
223.16 0.673916968011
223.23 0.632641067785
223.3 0.552269153668
223.37 0.485547601284
223.44 0.502151944237
223.51 0.473369268173
223.58 0.499277328555
223.65 0.315780690645
223.72 0.608819765087
223.79 0.62351816049
223.86 0.491208773237
223.93 0.53717537372
224.0 0.559531068247
224.07 0.386382638513
224.14 0.452780114222
224.21 0.627029530301
224.28 0.518168500679
224.35 0.604411081709
224.42 0.440899748436
224.49 0.416388557994
224.56 0.439377926292
224.63 0.143003287137
224.7 0.176643717774
224.77 0.771005269259
224.84 0.643533873261
224.91 0.519271073167
224.98 0.541404865212
225.05 0.558502204004
225.12 0.498913131353
225.19 0.39057889833
225.26 0.349274594901
225.33 0.642008127346
225.4 0.556867396504
225.47 0.495618578735
225.54 0.268723175171
225.61 0.101611096481
225.68 0.0634413348829
225.75 0.0507652577174
225.82 0.643208799957
225.89 0.529399554518
225.96 0.454348410221
226.03 0.33495954132
226.1 0.164613355645
226.17 0.623404448454
226.24 0.460564673994
226.31 0.600790316157
226.38 0.694951715898
226.45 0.511449852616
226.52 0.532172025192
226.59 0.449154016777
226.66 0.569903859457
226.73 0.515678386876
226.8 0.592557080631
226.87 0.684049228673
226.94 0.572532100522
227.01 0.420189319449
227.08 0.334020614471
227.15 0.396351775927
227.22 0.262195846352
227.29 0.399833744447
227.36 0.361846252176
227.43 0.40022330827
227.5 0.424673285541
227.57 0.330295809877
227.64 0.412879069083
227.71 0.30644399982
227.78 0.441199666702
227.85 0.39405933032
227.92 0.477127488299
227.99 0.583630318134
228.06 0.364806934013
228.13 0.488905771823
228.2 0.445904292043
228.27 0.442173005712
228.34 0.446124424524
228.41 0.349118646509
228.48 0.592094879613
228.55 0.389763759248
228.62 0.441659125895
228.69 0.447145085181
228.76 0.392766816066
228.83 0.545700110883
228.9 0.417463153364
228.97 0.640040658736
229.04 0.477712902162
229.11 0.283829207966
229.18 0.556736428045
229.25 0.336651963618
229.32 0.537512688199
229.39 0.514000692218
229.46 0.228411132115
229.53 0.677112628164
229.6 0.296283136046
229.67 0.586839486041
229.74 0.46468590062
229.81 0.464288267458
229.88 0.544501640195
229.95 0.337170293976
230.02 0.593424181596
230.09 0.561491596933
230.16 0.335230936729
230.23 0.245656402491
230.3 0.17806708521
230.37 0.141614076504
230.44 0.105412603584
230.51 0.0977476013762
230.58 0.152221117892
230.65 0.102869394104
230.72 0.0606900925561
230.79 0.043897785044
230.86 0.034288954621
230.93 0.0323306439093
231.0 0.805752375636
231.07 0.40940157445
231.14 0.442348774331
231.21 0.30222186996
231.28 0.329337510775
231.35 0.320888796137
231.42 0.641032065481
231.49 0.65756418419
231.56 0.540170135023
231.63 0.34621977757
231.7 0.261749798606
231.77 0.620836547961
231.84 0.58099199696
231.91 0.450446943982
231.98 0.338716634948
232.05 0.225335805818
232.12 0.473704463902
232.19 0.63098605775
232.26 0.452780061691
232.33 0.288919375593
232.4 0.222147101641
232.47 0.223671268708
232.54 0.850862159551
232.61 0.541143434635
232.68 0.579088642396
232.75 0.580578333097
232.82 0.404373390447
232.89 0.686897740842
232.96 0.599699488718
233.03 0.494726134497
233.1 0.567979813528
233.17 0.530738592239
233.24 0.615014640001
233.31 0.612730379011
233.38 0.546119058486
233.45 0.544275654889
233.52 0.667186179457
233.59 0.542991608335
233.66 0.681119165094
233.73 0.53359298204
233.8 0.437152844356
233.87 0.41483970429
233.94 0.396051005492
234.01 0.482830741935
234.08 0.584948880452
234.15 0.395224969153
234.22 0.340087618795
234.29 0.289079355738
234.36 0.315161797045
234.43 0.796330730562
234.5 0.625391461503
234.57 0.593187595248
234.64 0.575991839688
234.71 0.363064680254
234.78 0.567673902354
234.85 0.649130785248
234.92 0.490587534713
234.99 0.49689181996
235.06 0.327393313383
235.13 0.470972367654
235.2 0.586604243612
235.27 0.472405923179
235.34 0.522591398062
235.41 0.423436070346
235.48 0.283351308944
235.55 0.847047900556
235.62 0.741071247162
235.69 0.642094177449
235.76 0.653355581054
235.83 0.606650618417
235.9 0.67239067198
235.97 0.721319924212
236.04 0.583022806244
236.11 0.6701434497
236.18 0.547755682682
236.25 0.541046817052
236.32 0.697731597817
236.39 0.634635029514
236.46 0.674627485833
236.53 0.691511747346
236.6 0.688629882389
236.67 0.597682006248
236.74 0.58693645529
236.81 0.443525574535
236.88 0.439155358418
236.95 0.327279424785
237.02 0.491286041913
237.09 0.626811531162
237.16 0.491449694848
237.23 0.528883259735
237.3 0.25065240252
237.37 0.309827033558
237.44 0.710734843688
237.51 0.654630601036
237.58 0.620170760258
237.65 0.339845662615
237.72 0.265739070359
237.79 0.44773351082
237.86 0.655619420631
237.93 0.451762094705
238.0 0.481120206667
238.07 0.325570351629
238.14 0.334583028525
238.21 0.756218702086
238.28 0.63260905016
238.35 0.433963188784
238.42 0.385847666053
238.49 0.449159925051
238.56 0.973598959831
238.63 0.588525031161
238.7 0.628868584042
238.77 0.690681747837
238.84 0.448620156222
238.91 0.769951950391
238.98 0.560709908405
239.05 0.647510576979
239.12 0.496331019774
239.19 0.249374038067
239.26 0.202828289498
239.33 0.624190923138
239.4 0.460020181756
239.47 0.493200239744
239.54 0.442099493
239.61 0.233809974628
239.68 0.732723473698
239.75 0.520399979721
239.82 0.479627838345
239.89 0.190495487616
239.96 0.124407447033
240.03 0.625424710688
240.1 0.631371252746
240.17 0.488822481055
240.24 0.335160209617
240.31 0.290293058947
240.38 0.470954707035
240.45 0.776032847696
240.52 0.620671361414
240.59 0.61387349811
240.66 0.711961145575
240.73 0.526507247572
240.8 0.772663619388
240.87 0.720651331939
240.94 0.637995207903
241.01 0.849058562755
241.08 0.615913106331
241.15 0.65318313356
241.22 1.0
241.29 0.732586636363
241.36 0.835428406475
241.43 0.79460292136
241.5 0.695055918369
241.57 0.716215999309
241.64 0.796546184868
241.71 0.632925464609
241.78 0.69417985212
241.85 0.499193499344
241.92 0.669794203396
241.99 0.770091091792
242.06 0.759261656174
242.13 0.643975089617
242.2 0.654097411711
242.27 0.661559297094
242.34 0.681867270283
242.41 0.686101924401
242.48 0.622166547438
242.55 0.657047194831
242.62 0.653052632043
242.69 0.479311957961
242.76 0.868457057081
242.83 0.674935749227
242.9 0.637571227542
242.97 0.354942044305
243.04 0.155883317245
243.11 0.602834507705
243.18 0.586424818254
243.25 0.638626399586
243.32 0.471390667375
243.39 0.326252569851
243.46 0.552173519581
243.53 0.715600078087
243.6 0.591784189581
243.67 0.666299639116
243.74 0.642922929348
243.81 0.592138417571
243.88 0.755251265513
243.95 0.726769292761
244.02 0.738546141898
244.09 0.740401238012
244.16 0.78257873162
244.23 0.702319003222
244.3 0.894821267204
244.37 0.732664434727
244.44 0.79436172688
244.51 0.761072550397
244.58 0.610741057518
244.65 0.824494424016
244.72 0.896149031197
244.79 0.803767176364
244.86 0.765712584536
244.93 0.760237170842
245.0 0.758847242286
245.07 0.817989628064
245.14 0.70924170929
245.21 0.764091735682
245.28 0.722020359007
245.35 0.665777174864
245.42 0.63072588208
245.49 0.680722461438
245.56 0.510753518155
245.63 0.433778425696
245.7 0.23986017196
245.77 0.462430279221
245.84 0.470216006348
245.91 0.352568835253
245.98 0.319886684748
246.05 0.186016700202
246.12 0.371877041977
246.19 0.777344273098
246.26 0.677356800858
246.33 0.635980194389
246.4 0.60325654442
246.47 0.515461295355
246.54 0.598409284368
246.61 0.638607889716
246.68 0.544340066611
246.75 0.533463779206
246.82 0.423330617346
246.89 0.581197658618
246.96 0.788541956639
247.03 0.698076904298
247.1 0.64632310861
247.17 0.700472726473
247.24 0.540035698061
247.31 0.625469935473
247.38 0.372682280431
247.45 0.337078716447
247.52 0.287069033531
247.59 0.282350287573
247.66 0.609790036873
247.73 0.740907009091
247.8 0.638137258937
247.87 0.71774719823
247.94 0.612617342582
248.01 0.513130350385
248.08 0.679105152587
248.15 0.558263207069
248.22 0.434809963182
248.29 0.430614469442
248.36 0.417997530472
248.43 0.758810836866
248.5 0.793430155826
248.57 0.712384921649
248.64 0.720569709029
248.71 0.722247780159
248.78 0.477255329706
248.85 0.658376712774
248.92 0.457249799187
248.99 0.356372173643
249.06 0.26326930501
249.13 0.407102102826
249.2 0.890099299347
249.27 0.842961767535
249.34 0.74164641019
249.41 0.763748587347
249.48 0.75819890216
249.55 0.77847995031
249.62 0.769485806631
249.69 0.706142967314
249.76 0.768493231073
249.83 0.659542269893
249.9 0.743658524287
249.97 0.773798615156
250.04 0.74890555668
250.11 0.785969417369
250.18 0.716023360953
250.25 0.717883272407
250.32 0.777746615078
250.39 0.72277451839
250.46 0.798749389116
250.53 0.73746155543
250.6 0.7106513355
250.67 0.780729737853
250.74 0.784784104229
250.81 0.745532086496
250.88 0.694344770175
250.95 0.596175155431
251.02 0.594258729411
251.09 0.602770036156
251.16 0.597774902888
251.23 0.574439263581
251.3 0.597268772848
251.37 0.568399569524
251.44 0.395744792265
251.51 0.359001195377
251.58 0.857485493092
251.65 0.605118530847
251.72 0.556107911064
251.79 0.487206729163
251.86 0.509391873148
251.93 0.287669207136
252.0 0.235643315626
252.07 0.195742146455
252.14 0.175793343545
252.21 0.128214310835
252.28 0.115881133941
252.35 0.0980500177814
252.42 0.0765751435565
252.49 0.0591337867507
252.56 0.0493108897146
252.63 0.0456175292828
252.7 0.0318258446538
252.77 0.0234847630513
252.84 0.0198870440019
252.91 0.0173112740779
252.98 0.012226108567
253.05 0.0106458836608
253.12 0.0103166910538
253.19 0.00745180965128
253.26 0.00725367013591
253.33 0.0061675806987
253.4 0.00380870822316
253.47 0.0
253.54 0.0
253.61 0.0
253.68 0.0
253.75 0.0
253.82 0.0
253.89 0.0
253.96 0.0
254.03 0.0
254.1 0.0
254.17 0.0
254.24 0.0
254.31 0.0
254.38 0.0
254.45 0.0
254.52 0.0
254.59 0.0
254.66 0.0
254.73 0.0
254.8 0.0
254.87 0.0
254.94 0.0
255.01 0.0
255.08 0.0
255.15 0.0
255.22 0.0
255.29 0.0
255.36 0.0
255.43 0.0
255.5 0.0
255.57 0.0
255.64 0.0
255.71 0.0
255.78 0.0
255.85 0.0
255.92 0.0
255.99 0.0
256.06 0.0
256.13 0.0
256.2 0.0
256.27 0.0
256.34 0.0
256.41 0.0
256.48 0.0
256.55 0.0
256.62 0.0
256.69 0.0
256.76 0.0
256.83 0.0
256.9 0.0
256.97 0.0
257.04 0.0
257.11 0.0
257.18 0.0
257.25 0.0
257.32 0.0
257.39 0.0
257.46 0.0
257.53 0.0
257.6 0.0
257.67 0.0
257.74 0.0
257.81 0.0
257.88 0.0
257.95 0.0
258.02 0.0
258.09 0.0
258.16 0.0
258.23 0.0
258.3 0.0
258.37 0.0
258.44 0.0
258.51 0.0
258.58 0.0
258.65 0.0
258.72 0.0
258.79 0.0
258.86 0.0
258.93 0.0
259.0 0.0
259.07 0.0
259.14 0.0
259.21 0.0
259.28 0.0
259.35 0.0
259.42 0.0
259.49 0.0
259.56 0.0
259.63 0.0
259.7 0.0
259.77 0.0
259.84 0.0
259.91 0.0
259.98 0.0
260.05 0.0
260.12 0.0
260.19 0.0
260.26 0.0
260.33 0.0
260.4 0.0
260.47 0.0
260.54 0.0
260.61 0.0
260.68 0.0
260.75 0.0
260.82 0.0
260.89 0.0
260.96 0.0
261.03 0.0
261.1 0.0
261.17 0.0
261.24 0.0
261.31 0.0
261.38 0.0
261.45 0.0
261.52 0.0
261.59 0.0
261.66 0.0
261.73 0.0
261.8 0.0
261.87 0.0
261.94 0.0
262.01 0.0
262.08 0.0
262.15 0.0
262.22 0.0
262.29 0.0
262.36 0.0
