0.0 0.0
0.07 0.0
0.14 0.0
0.21 0.0
0.28 0.0
0.35 0.0
0.42 0.0
0.49 0.0
0.56 0.0
0.63 0.0
0.7 0.0
0.77 0.0
0.84 0.0
0.91 0.0
0.98 0.0
1.05 0.0
1.12 0.0
1.19 0.0
1.26 0.0
1.33 0.0
1.4 0.0
1.47 0.0
1.54 0.0
1.61 0.0
1.68 0.0
1.75 0.0
1.82 0.0
1.89 0.0
1.96 0.0
2.03 0.0
2.1 0.0
2.17 0.0
2.24 0.0
2.31 0.0
2.38 0.0
2.45 0.0
2.52 0.0
2.59 0.0
2.66 0.0
2.73 0.0
2.8 0.0
2.87 0.0
2.94 0.0
3.01 0.0
3.08 0.0
3.15 0.0
3.22 0.0
3.29 0.0
3.36 0.0
3.43 0.0
3.5 0.0
3.57 0.0
3.64 0.0
3.71 0.0
3.78 0.0
3.85 0.0
3.92 0.0
3.99 0.412915585365
4.06 0.512690545214
4.13 0.376269484855
4.2 0.250694827125
4.27 0.180013581123
4.34 0.184409736308
4.41 0.168950314627
4.48 0.0738493276643
4.55 0.0314607984659
4.62 0.225609936231
4.69 0.473468906395
4.76 0.28151715186
4.83 0.234479880301
4.9 0.154462771271
4.97 0.104250485825
5.04 0.0340314805159
5.11 0.431447172843
5.18 0.18562363783
5.25 0.0768843633928
5.32 0.100411643333
5.39 0.370871987256
5.46 0.502955816814
5.53 0.494177839814
5.6 0.391433621108
5.67 0.274899989965
5.74 0.175052897202
5.81 0.180404407469
5.88 0.165888874176
5.95 0.0660133899519
6.02 0.0257908966225
6.09 0.277978917126
6.16 0.459011949118
6.23 0.283685044423
6.3 0.210938213836
6.37 0.152591172217
6.44 0.0903343778005
6.51 0.0330595926996
6.58 0.441565672914
6.65 0.157132740849
6.72 0.0643693193598
6.79 0.102305552132
6.86 0.383837796745
6.93 0.527203958877
7.0 0.481241102384
7.07 0.368657869106
7.14 0.269095406666
7.21 0.173676999188
7.28 0.199596392086
7.35 0.134821737405
7.42 0.0647539842555
7.49 0.0208368069999
7.56 0.30851026309
7.63 0.445907400216
7.7 0.287049469503
7.77 0.200951025456
7.84 0.152298898696
7.91 0.0821506043557
7.98 0.035883692502
8.05 0.44868723459
8.12 0.152253597658
8.19 0.0683769206545
8.26 0.11180811888
8.33 0.409109518826
8.4 0.516709725213
8.47 0.497788933623
8.54 0.351871127191
8.61 0.24976477376
8.68 0.16517995716
8.75 0.207514934615
8.82 0.108217749603
8.89 0.0631681346672
8.96 0.0187512126528
9.03 0.347838547866
9.1 0.422386239011
9.17 0.297328397936
9.24 0.18242977509
9.31 0.149212549508
9.38 0.0656486503369
9.45 0.150454046088
9.52 0.432911228667
9.59 0.132904837313
9.66 0.0613948046187
9.73 0.130320319291
9.8 0.418577307696
9.87 0.542715294879
9.94 0.480496792389
10.01 0.325091323064
10.08 0.244985538894
10.15 0.158619822138
10.22 0.211481107729
10.29 0.115127103386
10.36 0.201566445245
10.43 0.109845726955
10.5 0.377666431087
10.57 0.410762817829
10.64 0.287112355021
10.71 0.178048826565
10.78 0.146735714952
10.85 0.160514632705
10.92 0.341486311235
10.99 0.392568937802
11.06 0.14276189959
11.13 0.08277278266
11.2 0.283809591903
11.27 0.469986073452
11.34 0.590602250423
11.41 0.44757607769
11.48 0.306713574397
11.55 0.236619823744
11.62 0.149110996169
11.69 0.21415172753
11.76 0.102174843202
11.83 0.0527236719642
11.9 0.0183547279488
11.97 0.403354516641
12.04 0.404496611784
12.11 0.273949905955
12.18 0.167775628631
12.25 0.141332882682
12.32 0.0437208385838
12.39 0.329583531752
12.46 0.321871715315
12.53 0.139559510867
12.6 0.0754049034697
12.67 0.154093476302
12.74 0.443051354088
12.81 0.576251093339
12.88 0.443139370463
12.95 0.297201146101
13.02 0.255085725476
13.09 0.167147776781
13.16 0.390439842157
13.23 0.169994229044
13.3 0.0967112887084
13.37 0.0267973126692
13.44 0.490206210528
13.51 0.412052270442
13.58 0.283216813141
13.65 0.169659058884
13.72 0.141348660778
13.79 0.147627081511
13.86 0.395058331618
13.93 0.262075191397
14.0 0.134252039163
14.07 0.115053953846
14.14 0.224626493442
14.21 0.488514343372
14.28 0.561544670903
14.35 0.450061675536
14.42 0.30508528285
14.49 0.261383568397
14.56 0.168669449898
14.63 0.220805803069
14.7 0.0925110336515
14.77 0.0430855438234
14.84 0.0211439426103
14.91 0.479503203283
14.98 0.354483745261
15.05 0.244369236321
15.12 0.155901115309
15.19 0.120510262869
15.26 0.0381191626253
15.33 0.398938604189
15.4 0.255671888107
15.47 0.112881155665
15.54 0.0670289034161
15.61 0.244844418812
15.68 0.50592188531
15.75 0.560818457972
15.82 0.480214121275
15.89 0.295291219999
15.96 0.184232424945
16.03 0.11709925624
16.1 0.219815244854
16.17 0.0881081152053
16.24 0.0382979329538
16.31 0.0299336331055
16.38 0.601847773768
16.45 0.564135090286
16.52 0.370328421308
16.59 0.313351848109
16.66 0.295637452483
16.73 0.275705759736
16.8 0.53330571752
16.87 0.329703807698
16.94 0.276556716637
17.01 0.193080716136
17.08 0.510767853872
17.15 0.533033768906
17.22 0.67957256046
17.29 0.562328907397
17.36 0.433388050477
17.43 0.258534830388
17.5 0.198174256145
17.57 0.307388968417
17.64 0.164179132076
17.71 0.0757298191017
17.78 0.248815280171
17.85 0.648667502762
17.92 0.577882042729
17.99 0.385799739684
18.06 0.258755242475
18.13 0.194391026174
18.2 0.24397124424
18.27 0.426580988536
18.34 0.350709420013
18.41 0.276769932613
18.48 0.179366147613
18.55 0.506540563804
18.62 0.5376379848
18.69 0.591068548124
18.76 0.48829747571
18.83 0.279088093933
18.9 0.166691667162
18.97 0.18336760929
19.04 0.280496491673
19.11 0.124922325245
19.18 0.0426659871422
19.25 0.281238041308
19.32 0.709974608048
19.39 0.489062551054
19.46 0.346660967669
19.53 0.374933105172
19.6 0.349714523818
19.67 0.251732695898
19.74 0.477614445953
19.81 0.216709713633
19.88 0.101089094334
19.95 0.0765260101953
20.02 0.54635949877
20.09 0.519703377374
20.16 0.536945856809
20.23 0.426481588049
20.3 0.289591296868
20.37 0.166138906975
20.44 0.169343968728
20.51 0.16925834726
20.58 0.0686812209159
20.65 0.0290305596966
20.72 0.453331619037
20.79 0.762236400976
20.86 0.504646471803
20.93 0.463767102027
21.0 0.398256532338
21.07 0.339062331687
21.14 0.281417141968
21.21 0.507221997773
21.28 0.237020149031
21.35 0.122658567128
21.42 0.104526567386
21.49 0.552875862912
21.56 0.526486987647
21.63 0.525191060338
21.7 0.421968772534
21.77 0.276841046055
21.84 0.154347632556
21.91 0.173828467772
21.98 0.156378938557
22.05 0.0611861819652
22.12 0.0228925708543
22.19 0.422295542011
22.26 0.489981547791
22.33 0.400674332401
22.4 0.329627392809
22.47 0.271315968187
22.54 0.272174998287
22.61 0.310440031889
22.68 0.469167774799
22.75 0.313321564834
22.82 0.300240179036
22.89 0.306961703041
22.96 0.568573434934
23.03 0.542287634624
23.1 0.592819701319
23.17 0.465551202985
23.24 0.32054008368
23.31 0.172396257656
23.38 0.199069001013
23.45 0.121496765975
23.52 0.0593610211272
23.59 0.0193943433044
23.66 0.494922291244
23.73 0.663251940639
23.8 0.405423288739
23.87 0.280531531538
23.94 0.265117507717
24.01 0.276757265143
24.08 0.46954320274
24.15 0.558783034212
24.22 0.428011864035
24.29 0.405400671443
24.36 0.354877854992
24.43 0.627762162327
24.5 0.668371686032
24.57 0.492637906365
24.64 0.461682428433
24.71 0.343314205855
24.78 0.234434374229
24.85 0.324169397953
24.92 0.37476604644
24.99 0.24169372514
25.06 0.256955505805
25.13 0.694540513715
25.2 0.677560433644
25.27 0.524747002139
25.34 0.404459096328
25.41 0.375177361909
25.48 0.295860881221
25.55 0.321642364333
25.62 0.481527504919
25.69 0.25277985763
25.76 0.108171870484
25.83 0.210451139395
25.9 0.659543371381
25.97 0.730414107362
26.04 0.48803144839
26.11 0.403722142863
26.18 0.316683906355
26.25 0.214052791216
26.32 0.320865414125
26.39 0.357234855943
26.46 0.294386351597
26.53 0.293993492951
26.6 0.626232505239
26.67 0.546362681537
26.74 0.498189384209
26.81 0.448578952161
26.88 0.359913825169
26.95 0.368237236947
27.02 0.580217042435
27.09 0.500908887441
27.16 0.393544071035
27.23 0.383162858355
27.3 0.359048284302
27.37 0.473524384125
27.44 0.655845293958
27.51 0.661584902485
27.58 0.510431017813
27.65 0.462514387451
27.72 0.248314972519
27.79 0.382501011741
27.86 0.219526322114
27.93 0.0706614820905
28.0 0.0673517383366
28.07 0.695617698633
28.14 0.707014777891
28.21 0.502309283174
28.28 0.485584182338
28.35 0.506845981309
28.42 0.455253834815
28.49 0.525973797049
28.56 0.52461698235
28.63 0.37734828726
28.7 0.210041245872
28.77 0.266945962382
28.84 0.633483539948
28.91 0.712760117866
28.98 0.702871245004
29.05 0.567056862028
29.12 0.533823064795
29.19 0.318085619619
29.26 0.426400297915
29.33 0.318785084206
29.4 0.325092213442
29.47 0.297719545122
29.54 0.703022984118
29.61 0.472384432342
29.68 0.434120083135
29.75 0.324859305695
29.82 0.324656645154
29.89 0.259070076338
29.96 0.458023015035
30.03 0.455558113244
30.1 0.427303811767
30.17 0.30298089945
30.24 0.473146837503
30.31 0.568856649007
30.38 0.605573091235
30.45 0.538841907071
30.52 0.317153590908
30.59 0.227072807416
30.66 0.126836576986
30.73 0.436972242167
30.8 0.324607606049
30.87 0.198858219811
30.94 0.283938300806
31.01 0.81628593136
31.08 0.596721952355
31.15 0.44132091973
31.22 0.381939814801
31.29 0.255059865611
31.36 0.276636194691
31.43 0.594157389989
31.5 0.548190186972
31.57 0.441733806174
31.64 0.386821642414
31.71 0.397318003301
31.78 0.518049388281
31.85 0.688090236843
31.92 0.568288647038
31.99 0.52415488594
32.06 0.473196816345
32.13 0.403140154945
32.2 0.511444854938
32.27 0.19821082427
32.34 0.0753054033137
32.41 0.356027636048
32.48 0.865117840327
32.55 0.558752021928
32.62 0.510244987776
32.69 0.40486571311
32.76 0.385281867486
32.83 0.495075639302
32.9 0.571035428284
32.97 0.465443838461
33.04 0.40437764008
33.11 0.345438112062
33.18 0.523064053946
33.25 0.619541978329
33.32 0.646128792667
33.39 0.568172639778
33.46 0.376940482043
33.53 0.207228595678
33.6 0.147311682855
33.67 0.351408041684
33.74 0.249856361137
33.81 0.254488472994
33.88 0.30657921283
33.95 0.774641629574
34.02 0.486987198895
34.09 0.368216467801
34.16 0.27452174471
34.23 0.208973794355
34.3 0.304621680961
34.37 0.477120231407
34.44 0.446892435813
34.51 0.363478020386
34.58 0.334251891843
34.65 0.55320042543
34.72 0.706317016222
34.79 0.77641863504
34.86 0.562490675123
34.93 0.414139812609
35.0 0.316364794313
35.07 0.394540215467
35.14 0.407567696409
35.21 0.320885178037
35.28 0.326748736029
35.35 0.440898966244
35.42 0.797614092346
35.49 0.522275631349
35.56 0.400809786531
35.63 0.365142151999
35.7 0.355061093344
35.77 0.433914068016
35.84 0.527453664192
35.91 0.426483050812
35.98 0.384704773796
36.05 0.343655000201
36.12 0.503664830652
36.19 0.614485583577
36.26 0.596065503061
36.33 0.553918082004
36.4 0.439214765068
36.47 0.323304715191
36.54 0.306673267256
36.61 0.456777324758
36.68 0.384154030722
36.75 0.348972408442
36.82 0.471846650051
36.89 0.725416409178
36.96 0.536914669867
37.03 0.344621523921
37.1 0.337522843426
37.17 0.207747953421
37.24 0.24362663399
37.31 0.52277749289
37.38 0.315364596671
37.45 0.286988613437
37.52 0.235365099648
37.59 0.502489844699
37.66 0.618632184374
37.73 0.619883773164
37.8 0.440401634427
37.87 0.343462933063
37.94 0.325889713523
38.01 0.347056111111
38.08 0.357968387435
38.15 0.167135402622
38.22 0.0618162208408
38.29 0.49128454876
38.36 0.659993765687
38.43 0.534777508617
38.5 0.432665963848
38.57 0.374588520552
38.64 0.336476667944
38.71 0.495553653346
38.78 0.617379066375
38.85 0.376183071729
38.92 0.368768328119
38.99 0.3430384252
39.06 0.644219381997
39.13 0.606190865113
39.2 0.58655159017
39.27 0.514795522832
39.34 0.414090676682
39.41 0.251165083114
39.48 0.340341219374
39.55 0.382638627267
39.62 0.227040318131
39.69 0.198602178388
39.76 0.495430860042
39.83 0.801925790767
39.9 0.544241021207
39.97 0.462071632545
40.04 0.567441424407
40.11 0.462553105581
40.18 0.462741249553
40.25 0.644875650937
40.32 0.466985077101
40.39 0.364086070355
40.46 0.238029971863
40.53 0.421334600712
40.6 0.64760803142
40.67 0.647914986676
40.74 0.508384036232
40.81 0.467378452128
40.88 0.212997758472
40.95 0.3353094353
41.02 0.295645906323
41.09 0.274151319209
41.16 0.128356312726
41.23 0.67634307028
41.3 0.672260833902
41.37 0.556738182702
41.44 0.534390991774
41.51 0.460352530091
41.58 0.435156124641
41.65 0.47182927535
41.72 0.536069449161
41.79 0.385089750039
41.86 0.41286552394
41.93 0.371675785477
42.0 0.531035544508
42.07 0.670835743008
42.14 0.690733140086
42.21 0.464951250894
42.28 0.293498350057
42.35 0.208669648819
42.42 0.423494614668
42.49 0.351959925732
42.56 0.331114859484
42.63 0.306265344334
42.7 0.756187835267
42.77 0.562786287085
42.84 0.50275469972
42.91 0.444460519755
42.98 0.338198070382
43.05 0.220472544658
43.12 0.284303715323
43.19 0.563741957312
43.26 0.39403067181
43.33 0.249423337735
43.4 0.264670337944
43.47 0.588595931944
43.54 0.733769787189
43.61 0.649923233041
43.68 0.529111399895
43.75 0.452470780655
43.82 0.216567047256
43.89 0.404600459412
43.96 0.288569061909
44.03 0.162827497323
44.1 0.186031767684
44.17 0.621264641344
44.24 0.728188940178
44.31 0.55125895168
44.38 0.523348781091
44.45 0.473314465773
44.52 0.379932460712
44.59 0.499863507413
44.66 0.483531415202
44.73 0.396464357232
44.8 0.35711177882
44.87 0.411237536147
44.94 0.605986840529
45.01 0.667896759833
45.08 0.633421545756
45.15 0.48154809466
45.22 0.445132135841
45.29 0.277651648354
45.36 0.394256320797
45.43 0.210739364451
45.5 0.187624895966
45.57 0.213944978656
45.64 0.691561219602
45.71 0.439917785469
45.78 0.422501892209
45.85 0.26722446353
45.92 0.223211194802
45.99 0.19075218638
46.06 0.367926110775
46.13 0.513754221645
46.2 0.357391934475
46.27 0.215741537304
46.34 0.373770903445
46.41 0.587233396237
46.48 0.800822054945
46.55 0.547019853194
46.62 0.48779770722
46.69 0.620173384095
46.76 0.469025684605
46.83 0.574990997553
46.9 0.426932541451
46.97 0.347168847326
47.04 0.462702642483
47.11 0.517005165364
47.18 0.465305180681
47.25 0.5090076156
47.32 0.439778726165
47.39 0.396670306855
47.46 0.594979604215
47.53 0.54186209305
47.6 0.485242045781
47.67 0.446035827198
47.74 0.440025259154
47.81 0.525639861837
47.88 0.604820083448
47.95 0.597781336368
48.02 0.570091120337
48.09 0.507351731844
48.16 0.427595471136
48.23 0.452422846453
48.3 0.667630890086
48.37 0.528317333178
48.44 0.458137405757
48.51 0.419467279837
48.58 0.785967229937
48.65 0.583828207436
48.72 0.619502896644
48.79 0.552371425161
48.86 0.621969301065
48.93 0.642575049418
49.0 0.483393637358
49.07 0.496055760737
49.14 0.492443151957
49.21 0.419573926743
49.28 0.458463494637
49.35 0.627746603503
49.42 0.72994177351
49.49 0.477557661134
49.56 0.401121213609
49.63 0.292687514248
49.7 0.330165947773
49.77 0.583678283249
49.84 0.409885909937
49.91 0.379626613206
49.98 0.572852510228
50.05 0.662069497538
50.12 0.528935805689
50.19 0.52532864264
50.26 0.508857419933
50.33 0.546090782282
50.4 0.479048976936
50.47 0.580866750299
50.54 0.555468121902
50.61 0.453205828066
50.68 0.372497575397
50.75 0.517703706351
50.82 0.602241741114
50.89 0.703961011013
50.96 0.544416558459
51.03 0.491261484377
51.1 0.430132597916
51.17 0.328820003652
51.24 0.583720094919
51.31 0.420283097204
51.38 0.292598816326
51.45 0.503507083863
51.52 0.657404077211
51.59 0.59230931
51.66 0.55620863308
51.73 0.506178687066
51.8 0.501938347937
51.87 0.364015095501
51.94 0.521806883686
52.01 0.438126725708
52.08 0.333546538235
52.15 0.2856213088
52.22 0.613120283713
52.29 0.631394280625
52.36 0.709986589226
52.43 0.468631713461
52.5 0.419231467448
52.57 0.359496576065
52.64 0.421016982758
52.71 0.47516630661
52.78 0.302546136109
52.85 0.253037030535
52.92 0.533894729739
52.99 0.637269662222
53.06 0.529604323489
53.13 0.486320120127
53.2 0.404080347981
53.27 0.431147912042
53.34 0.284211761543
53.41 0.585326537097
53.48 0.564243635652
53.55 0.404411586432
53.62 0.239350140601
53.69 0.564355191974
53.76 0.625374636996
53.83 0.652623338764
53.9 0.53867331818
53.97 0.418267619607
54.04 0.475933774962
54.11 0.554426948861
54.18 0.503047314964
54.25 0.352313456842
54.32 0.377030223168
54.39 0.500430622801
54.46 0.647747660261
54.53 0.489179758141
54.6 0.370862245312
54.67 0.344055054009
54.74 0.322629525255
54.81 0.330501707405
54.88 0.538419592877
54.95 0.349216513302
55.02 0.287127837907
55.09 0.4322252944
55.16 0.579890474194
55.23 0.618202713938
55.3 0.612060166894
55.37 0.477264765867
55.44 0.511843691833
55.51 0.502739840478
55.58 0.545051402336
55.65 0.568814407336
55.72 0.466521124947
55.79 0.363671462958
55.86 0.521615271229
55.93 0.597024487049
56.0 0.56834159602
56.07 0.511374176244
56.14 0.520193121049
56.21 0.466585396341
56.28 0.467527835255
56.35 0.557846209042
56.42 0.438315567364
56.49 0.412212386509
56.56 0.423697541943
56.63 0.563976629676
56.7 0.681912228477
56.77 0.616987553736
56.84 0.463111730109
56.91 0.436518845447
56.98 0.414346180842
57.05 0.526932197261
57.12 0.512047248448
57.19 0.450517229855
57.26 0.415304994917
57.33 0.685299271802
57.4 0.531629579101
57.47 0.511892148111
57.54 0.42766107335
57.61 0.407331947619
57.68 0.392122767568
57.75 0.281962800967
57.82 0.564598633322
57.89 0.429207908649
57.96 0.332854656095
58.03 0.304220108386
58.1 0.706651123245
58.17 0.603538995447
58.24 0.548496342028
58.31 0.410942678822
58.38 0.307056614621
58.45 0.282069325423
58.52 0.520228735198
58.59 0.48807286613
58.66 0.378886875651
58.73 0.430513085252
58.8 0.560657447731
58.87 0.529614461262
58.94 0.630957713747
59.01 0.51007680041
59.08 0.441991460339
59.15 0.422866215112
59.22 0.462135506212
59.29 0.573774690682
59.36 0.484481897889
59.43 0.38285539526
59.5 0.35979779038
59.57 0.608194761158
59.64 0.831754224542
59.71 0.650163883654
59.78 0.604736857835
59.85 0.594461895284
59.92 0.551994717658
59.99 0.640066049263
60.06 0.521119964119
60.13 0.420394052664
60.2 0.501565932851
60.27 0.654873202058
60.34 0.644853771193
60.41 0.669292615401
60.48 0.674502074392
60.55 0.522785570834
60.62 0.528863673724
60.69 0.593501130541
60.76 0.585909022412
60.83 0.510775013912
60.9 0.422855594181
60.97 0.426659213606
61.04 0.59876431973
61.11 0.681542382006
61.18 0.545184642861
61.25 0.43980693917
61.32 0.400075161527
61.39 0.355641499846
61.46 0.514667074018
61.53 0.430170436111
61.6 0.385057990711
61.67 0.490768216212
61.74 0.819456663272
61.81 0.522200726684
61.88 0.524220627691
61.95 0.468585328402
62.02 0.53767644379
62.09 0.54276405586
62.16 0.555001847932
62.23 0.59037993608
62.3 0.534685617486
62.37 0.39793071209
62.44 0.532072371976
62.51 0.573063397744
62.58 0.623105752088
62.65 0.578022117709
62.72 0.49018618273
62.79 0.426505187798
62.86 0.361309621884
62.93 0.600994225469
63.0 0.462875902533
63.07 0.298314517553
63.14 0.379008530828
63.21 0.720899534757
63.28 0.482868847174
63.35 0.599213513261
63.42 0.534427968068
63.49 0.518144651076
63.56 0.417097042826
63.63 0.518153760833
63.7 0.442087991304
63.77 0.296108811477
63.84 0.256753533455
63.91 0.330072475226
63.98 0.695601519013
64.05 0.713632060338
64.12 0.515199135302
64.19 0.427962637932
64.26 0.462357470289
64.33 0.4585415441
64.4 0.553405757104
64.47 0.326207104611
64.54 0.241020966181
64.61 0.346928736825
64.68 0.677707985706
64.75 0.477355889071
64.82 0.467188554929
64.89 0.41424942301
64.96 0.432986674393
65.03 0.308820494138
65.1 0.525189633645
65.17 0.550030314315
65.24 0.412815515671
65.31 0.302846672675
65.38 0.538777140179
65.45 0.646905066074
65.52 0.639705668511
65.59 0.547932220511
65.66 0.335890814762
65.73 0.51786490359
65.8 0.515722167513
65.87 0.601473930091
65.94 0.410154368234
66.01 0.376951436154
66.08 0.472240752188
66.15 0.722716816039
66.22 0.447024778368
66.29 0.475513232031
66.36 0.415190684879
66.43 0.397253104467
66.5 0.361943359908
66.57 0.621130777174
66.64 0.441123968805
66.71 0.316726394826
66.78 0.434060228507
66.85 0.641012143661
66.92 0.609744735559
66.99 0.667656478471
67.06 0.485954154108
67.13 0.437602767049
67.2 0.47516831613
67.27 0.477551178844
67.34 0.543111294527
67.41 0.439554512414
67.48 0.546530382898
67.55 0.609305175761
67.62 0.648972709538
67.69 0.575575126934
67.76 0.511768959928
67.83 0.50575062054
67.9 0.580967377191
67.97 0.465676321902
68.04 0.574115502115
68.11 0.490003564225
68.18 0.455564668625
68.25 0.523390000442
68.32 0.661041796913
68.39 0.673681056196
68.46 0.639200091685
68.53 0.546806248983
68.6 0.431520431544
68.67 0.367024932978
68.74 0.444335148343
68.81 0.57479299678
68.88 0.444368594452
68.95 0.387410740063
69.02 0.473881706459
69.09 0.562163399706
69.16 0.606713703682
69.23 0.488389784502
69.3 0.42858767057
69.37 0.396419951318
69.44 0.321697563938
69.51 0.462604306082
69.58 0.475667591969
69.65 0.372922474343
69.72 0.341221293896
69.79 0.435932263257
69.86 0.612845912664
69.93 0.632238933692
70.0 0.438244043855
70.07 0.335011323067
70.14 0.348212956335
70.21 0.446999970249
70.28 0.572801531847
70.35 0.444384067845
70.42 0.38699353937
70.49 0.636713762933
70.56 0.49930207981
70.63 0.572068006051
70.7 0.486952255851
70.77 0.501763349847
70.84 0.43006103359
70.91 0.357374423085
70.98 0.638909381545
71.05 0.485573286131
71.12 0.480590899021
71.19 0.426251581149
71.26 0.573023856631
71.33 0.593602106749
71.4 0.550401981408
71.47 0.475032212727
71.54 0.315159831687
71.61 0.184900257401
71.68 0.162144555029
71.75 0.28621685077
71.82 0.233801694596
71.89 0.213854996426
71.96 0.384219977506
72.03 0.373033681349
72.1 0.331766219957
72.17 0.311515139892
72.24 0.2726227357
72.31 0.195809862593
72.38 0.167824229192
72.45 0.241537010163
72.52 0.278151209911
72.59 0.25447191558
72.66 0.203709241123
72.73 0.401971215585
72.8 0.544003187908
72.87 0.53110331856
72.94 0.45839829015
73.01 0.357463812995
73.08 0.312735180083
73.15 0.280820602358
73.22 0.2722597028
73.29 0.203589215773
73.36 0.131530018574
73.43 0.377376257263
73.5 0.41887315127
73.57 0.521018525636
73.64 0.325590906454
73.71 0.320193582564
73.78 0.291040237158
73.85 0.255971919682
73.92 0.519082950399
73.99 0.316405768763
74.06 0.353231583136
74.13 0.268396709056
74.2 0.401297944992
74.27 0.591902700812
74.34 0.514157646167
74.41 0.413843317863
74.48 0.269784969837
74.55 0.137771357648
74.62 0.166431593411
74.69 0.276738095449
74.76 0.257542644244
74.83 0.210459721381
74.9 0.412287302565
74.97 0.362729516694
75.04 0.357376192449
75.11 0.295123343031
75.18 0.282554181514
75.25 0.203524833319
75.32 0.194490654476
75.39 0.260514371098
75.46 0.268711054066
75.53 0.250024180203
75.6 0.217335839783
75.67 0.444235795318
75.74 0.548708710342
75.81 0.528741382563
75.88 0.408886325496
75.95 0.341698433699
76.02 0.349939856711
76.09 0.398472461213
76.16 0.385355216364
76.23 0.374357193273
76.3 0.355359248293
76.37 0.449985010049
76.44 0.389397705647
76.51 0.3667859644
76.58 0.298969087372
76.65 0.316675468652
76.72 0.310315751142
76.79 0.320811241586
76.86 0.365880053744
76.93 0.322873694662
77.0 0.303382222378
77.07 0.28821338459
77.14 0.417850388539
77.21 0.590751532931
77.28 0.471095127808
77.35 0.366427278023
77.42 0.195313033868
77.49 0.114794537911
77.56 0.175210659178
77.63 0.140525320766
77.7 0.0978041624949
77.77 0.262763405713
77.84 0.622051407536
77.91 0.507829089969
77.98 0.387174211955
78.05 0.227848795105
78.12 0.141172123038
78.19 0.0538491100249
78.26 0.130374749071
78.33 0.202808050986
78.4 0.112125629572
78.47 0.0686872751029
78.54 0.37776085856
78.61 0.55716405271
78.68 0.584647209469
78.75 0.397364985426
78.82 0.298793361223
78.89 0.185677446815
78.96 0.174049746505
79.03 0.240049980133
79.1 0.196202379516
79.17 0.165186140442
79.24 0.188358273682
79.31 0.448886119096
79.38 0.332420096838
79.45 0.271512874498
79.52 0.231760393206
79.59 0.205340642346
79.66 0.118376321406
79.73 0.163506188018
79.8 0.211666179993
79.87 0.173706553455
79.94 0.174240663177
80.01 0.398653846669
80.08 0.570549478681
80.15 0.578568199116
80.22 0.51712725434
80.29 0.434303114556
80.36 0.230626279186
80.43 0.128614848725
80.5 0.373170786188
80.57 0.156319595564
80.64 0.127139619518
80.71 0.221746013192
80.78 0.431467750245
80.85 0.340953523791
80.92 0.319248615852
80.99 0.291211765813
81.06 0.288763894153
81.13 0.20594957415
81.2 0.221012019426
81.27 0.294897130202
81.34 0.135029966128
81.41 0.115585840472
81.48 0.310698250845
81.55 0.461608736883
81.62 0.575090105677
81.69 0.469172400395
81.76 0.379740716312
81.83 0.134384202313
81.9 0.047132683383
81.97 0.207824499305
82.04 0.134799096378
82.11 0.136271325069
82.18 0.372177572028
82.25 0.340156130972
82.32 0.2746884864
82.39 0.126709236872
82.46 0.129957425928
82.53 0.132315589686
82.6 0.26844552794
82.67 0.32182148113
82.74 0.30817101314
82.81 0.288053233402
82.88 0.212953821477
82.95 0.378950937265
83.02 0.514610217057
83.09 0.541364181253
83.16 0.410117307458
83.23 0.287846480731
83.3 0.167784491589
83.37 0.138255299631
83.44 0.305625507509
83.51 0.28289698538
83.58 0.269810094998
83.65 0.372213750969
83.72 0.459302337469
83.79 0.353962064753
83.86 0.372375670572
83.93 0.320105830075
84.0 0.254432361179
84.07 0.191568960571
84.14 0.260461480968
84.21 0.34060718879
84.28 0.29727075881
84.35 0.243867366237
84.42 0.38305063947
84.49 0.54263415947
84.56 0.586281532421
84.63 0.475226199208
84.7 0.412408569507
84.77 0.389795332274
84.84 0.295294683739
84.91 0.328556819275
84.98 0.292814926503
85.05 0.222175804468
85.12 0.514805571378
85.19 0.559095961073
85.26 0.412595980673
85.33 0.365823326827
85.4 0.365290351435
85.47 0.39454982357
85.54 0.535918225479
85.61 0.44218215584
85.68 0.443935130606
85.75 0.355729452623
85.82 0.311946667309
85.89 0.372623373962
85.96 0.580430157792
86.03 0.532060570203
86.1 0.421897678077
86.17 0.291276459614
86.24 0.174806338583
86.31 0.163384081007
86.38 0.301149067426
86.45 0.278017473887
86.52 0.23404944165
86.59 0.418342251843
86.66 0.413466173714
86.73 0.38200751766
86.8 0.33151084964
86.87 0.319763941267
86.94 0.238919228285
87.01 0.171336997992
87.08 0.348141644504
87.15 0.349220426976
87.22 0.288295987508
87.29 0.196215947806
87.36 0.42636220248
87.43 0.583883030198
87.5 0.575090473978
87.57 0.473182646244
87.64 0.505643788534
87.71 0.486894034847
87.78 0.449629439993
87.85 0.431147420341
87.92 0.258631460074
87.99 0.304291947988
88.06 0.463758382403
88.13 0.484057614044
88.2 0.539187647853
88.27 0.641669257415
88.34 0.367776784603
88.41 0.355441742049
88.48 0.34482991781
88.55 0.393039777568
88.62 0.429930400599
88.69 0.261024877273
88.76 0.236171876552
88.83 0.461012061533
88.9 0.631290702578
88.97 0.451087306839
89.04 0.32707622882
89.11 0.244509024633
89.18 0.280163400325
89.25 0.302232595096
89.32 0.214850336861
89.39 0.142313018355
89.46 0.13509453558
89.53 0.411627241452
89.6 0.401007186442
89.67 0.317829594333
89.74 0.208763451698
89.81 0.183464546526
89.88 0.14344033684
89.95 0.177402311909
90.02 0.260495676019
90.09 0.18009183562
90.16 0.105121485711
90.23 0.187624999432
90.3 0.514014784249
90.37 0.612622280791
90.44 0.454556194648
90.51 0.317185605578
90.58 0.235725384528
90.65 0.200959108147
90.72 0.276790038247
90.79 0.213715070476
90.86 0.151949642916
90.93 0.137687875743
91.0 0.483243597365
91.07 0.41563095755
91.14 0.305215029261
91.21 0.21420159816
91.28 0.194212602314
91.35 0.15092593665
91.42 0.164647648127
91.49 0.236788781885
91.56 0.164530881483
91.63 0.125887949095
91.7 0.235090295751
91.77 0.548141967053
91.84 0.608679375196
91.91 0.530685609079
91.98 0.341239059679
92.05 0.321713424618
92.12 0.20669534501
92.19 0.318444241449
92.26 0.230352006857
92.33 0.181048411412
92.4 0.234567749545
92.47 0.47768467851
92.54 0.391046412277
92.61 0.302993975089
92.68 0.233391184074
92.75 0.229966281671
92.82 0.272143384192
92.89 0.359286049257
92.96 0.36955632736
93.03 0.250723377107
93.1 0.240709855197
93.17 0.39974996872
93.24 0.363114973247
93.31 0.443947691763
93.38 0.279787059225
93.45 0.255060184552
93.52 0.447361626766
93.59 0.353342001332
93.66 0.588677180311
93.73 0.456790116578
93.8 0.304212126313
93.87 0.44448774746
93.94 0.534935362668
94.01 0.568701136704
94.08 0.428359775706
94.15 0.423646704048
94.22 0.503407495429
94.29 0.687267290762
94.36 0.575153537003
94.43 0.605209860895
94.5 0.655736338525
94.57 0.706166557619
94.64 0.703657277441
94.71 0.76747237575
94.78 1.0
94.85 0.846471740626
94.92 0.516907504816
94.99 0.447311580529
95.06 0.598553929611
95.13 0.727795197799
95.2 0.631686829422
95.27 0.494910686911
95.34 0.453381620661
95.41 0.679057447672
95.48 0.763886859884
95.55 0.702578985722
95.62 0.754881589831
95.69 0.53086637279
95.76 0.508726549634
95.83 0.509087589151
95.9 0.597401672964
95.97 0.4721711129
96.04 0.411448172116
96.11 0.500137532942
96.18 0.686870456741
96.25 0.79276262015
96.32 0.609176691825
96.39 0.504344425963
96.46 0.538002227967
96.53 0.428725776847
96.6 0.642838329667
96.67 0.541062978329
96.74 0.520720813978
96.81 0.657904679124
96.88 0.880629498118
96.95 0.611283565054
97.02 0.604135375586
97.09 0.518175090974
97.16 0.504003186427
97.23 0.439467454761
97.3 0.608239024689
97.37 0.572103254747
97.44 0.519751390362
97.51 0.451433935151
97.58 0.453983548099
97.65 0.667077789125
97.72 0.701285614688
97.79 0.674865739479
97.86 0.537085540706
97.93 0.40372043425
98.0 0.458707957356
98.07 0.737804895262
98.14 0.542738195995
98.21 0.428433901053
98.28 0.475530371323
98.35 0.790610792351
98.42 0.624363298244
98.49 0.652176041794
98.56 0.604188434679
98.63 0.497214631617
98.7 0.467873407074
98.77 0.595607014673
98.84 0.570878005183
98.91 0.505322422072
98.98 0.37700694236
99.05 0.382289206321
99.12 0.794188550162
99.19 0.804252104072
99.26 0.641782321114
99.33 0.524745544123
99.4 0.540271973826
99.47 0.478280165424
99.54 0.572956362603
99.61 0.483527926783
99.68 0.339943601289
99.75 0.545871977242
99.82 0.808090838351
99.89 0.68454583971
99.96 0.584209988572
100.03 0.528483879326
100.1 0.532737218155
100.17 0.429887292281
100.24 0.577746692066
100.31 0.555022937917
100.38 0.455809336378
100.45 0.461935990468
100.52 0.676761305634
100.59 0.736076175213
100.66 0.726233337143
100.73 0.677144723242
100.8 0.433873156216
100.87 0.573151521382
100.94 0.590441360734
101.01 0.797472154978
101.08 0.631506397942
101.15 0.551231931856
101.22 0.596246546795
101.29 0.745757347124
101.36 0.521095551829
101.43 0.521406730209
101.5 0.450130339015
101.57 0.416278344547
101.64 0.349963847543
101.71 0.698737771105
101.78 0.550225055433
101.85 0.399866598675
101.92 0.479286063191
101.99 0.659190709764
102.06 0.651973959334
102.13 0.736015650429
102.2 0.525763122161
102.27 0.534183780625
102.34 0.550257805756
102.41 0.560145099101
102.48 0.547575582572
102.55 0.464963561454
102.62 0.514688418397
102.69 0.673489213076
102.76 0.67859594453
102.83 0.583447607142
102.9 0.529478014239
102.97 0.54246538548
103.04 0.534588909014
103.11 0.566457093138
103.18 0.631081678401
103.25 0.578242298183
103.32 0.611471649225
103.39 0.621752983006
103.46 0.685708367972
103.53 0.786816887342
103.6 0.676210542626
103.67 0.616725217022
103.74 0.500586974222
103.81 0.448173788649
103.88 0.513181730769
103.95 0.564972228301
104.02 0.478649513549
104.09 0.432132821391
104.16 0.455364244468
104.23 0.629584344482
104.3 0.623013814446
104.37 0.508365584156
104.44 0.436003983256
104.51 0.406524428418
104.58 0.307081640112
104.65 0.51758135349
104.72 0.52099620355
104.79 0.451639810734
104.86 0.234084624849
104.93 0.447241057508
105.0 0.674183822353
105.07 0.609139726922
105.14 0.442332500536
105.21 0.314080828994
105.28 0.285176190313
105.35 0.441117942146
105.42 0.34346421832
105.49 0.172076131837
105.56 0.143977675841
105.63 0.549558114304
105.7 0.552329952366
105.77 0.348495935948
105.84 0.274434195356
105.91 0.271570119694
105.98 0.254698019248
106.05 0.266188975425
106.12 0.273551780033
106.19 0.223852178296
106.26 0.208753463903
106.33 0.201129671435
106.4 0.199656546671
106.47 0.191378477697
106.54 0.186560615826
106.61 0.180228553174
106.68 0.167278804652
106.75 0.174617800681
106.82 0.163457296993
106.89 0.147372528479
106.96 0.146418775697
107.03 0.13947403558
107.1 0.139263873276
107.17 0.131546867401
107.24 0.11859374152
107.31 0.106737716345
107.38 0.100774595548
107.45 0.0966832598537
107.52 0.0886735808318
107.59 0.0806380713712
107.66 0.0788415573364
107.73 0.0749060595299
107.8 0.0624637207967
107.87 0.0543605540398
107.94 0.0462346095669
108.01 0.0356422549777
108.08 0.0284131066577
108.15 0.0232780397476
108.22 0.0181300936888
108.29 0.0144312711211
108.36 0.0103696036009
108.43 0.00609062512781
108.5 0.00182002265762
108.57 0.000938480626069
108.64 0.000692409911642
108.71 0.00036284020637
108.78 0.000234455939779
108.85 0.000142379709336
108.92 0.0583916658559
108.99 0.158862522138
109.06 0.136976775499
109.13 0.0882282440211
109.2 0.0318388462813
109.27 0.0289362129087
109.34 0.0229120528447
109.41 0.0200914158324
109.48 0.0217590273211
109.55 0.0151810913944
109.62 0.0155348920863
109.69 0.108544615902
109.76 0.0903341053716
109.83 0.0661639406305
109.9 0.0426687256699
109.97 0.038677451126
110.04 0.034562228066
110.11 0.144936554464
110.18 0.160700087509
110.25 0.127682919682
110.32 0.0855323471825
110.39 0.0736391084065
110.46 0.0708424299519
110.53 0.0261267331423
110.6 0.0244568188222
110.67 0.124267931034
110.74 0.122961529924
110.81 0.106708412675
110.88 0.0323205366911
110.95 0.0283327391757
111.02 0.0296942459174
111.09 0.0292591076307
111.16 0.0339854846414
111.23 0.0229699169382
111.3 0.0156427027483
111.37 0.15577574105
111.44 0.152029748411
111.51 0.111085339314
111.58 0.073213714912
111.65 0.059732520207
111.72 0.0493950062654
111.79 0.133663519595
111.86 0.160211894876
111.93 0.136059976228
112.0 0.080894776306
112.07 0.0631148619978
112.14 0.0782263084089
112.21 0.0604200244995
112.28 0.0389068571638
112.35 0.128786493186
112.42 0.155329894503
112.49 0.127969583255
112.56 0.0510779753416
112.63 0.031922108914
112.7 0.0262688432704
112.77 0.0250019642885
112.84 0.0395012144948
112.91 0.0257643276831
112.98 0.0151563924376
113.05 0.113906729065
113.12 0.137863348448
113.19 0.118693475187
113.26 0.0814596553085
113.33 0.0716992037328
113.4 0.050733349904
113.47 0.0987491709736
113.54 0.130510405387
113.61 0.127197903171
113.68 0.0944786444418
113.75 0.069458140748
113.82 0.0748120630077
113.89 0.0528790675112
113.96 0.0453881966282
114.03 0.106895524834
114.1 0.145742879534
114.17 0.128177470256
114.24 0.0706010455845
114.31 0.0271401753872
114.38 0.0322512884858
114.45 0.0198655618121
114.52 0.0316759470735
114.59 0.023390096314
114.66 0.0157995790937
114.73 0.0792205382446
114.8 0.121528011769
114.87 0.104668412679
114.94 0.0596097658217
115.01 0.0546536638322
115.08 0.0455893849146
115.15 0.041817741241
115.22 0.164936299387
115.29 0.140983347828
115.36 0.330683951914
115.43 0.140144336983
115.5 0.102971872465
115.57 0.0799054226632
115.64 0.209431854641
115.71 0.227795119013
115.78 0.387497564205
115.85 0.248691156997
115.92 0.216633212363
115.99 0.183262398568
116.06 0.203009256358
116.13 0.130895393021
116.2 0.189162764841
116.27 0.0974014584379
116.34 0.07475664413
116.41 0.0640139619311
116.48 0.355013795127
116.55 0.152140141927
116.62 0.243614247492
116.69 0.0793657760846
116.76 0.0652264510003
116.83 0.107286118619
116.9 0.359013288101
116.97 0.167052586128
117.04 0.218471615905
117.11 0.120750132266
117.18 0.127200199358
117.25 0.228871601501
117.32 0.21389155316
117.39 0.126751991127
117.46 0.352247535687
117.53 0.165441846787
117.6 0.0946137046409
117.67 0.0624396986406
117.74 0.0602184707597
117.81 0.495287405805
117.88 0.729797352956
117.95 0.392051783222
118.02 0.224455532426
118.09 0.352622748154
118.16 0.269992938471
118.23 0.439070882728
118.3 0.359649396352
118.37 0.278513111329
118.44 0.170229544986
118.51 0.361269944083
118.58 0.185914313798
118.65 0.287124343793
118.72 0.521108546784
118.79 0.400320656059
118.86 0.306492549108
118.93 0.284932505962
119.0 0.144378858283
119.07 0.396247713588
119.14 0.349818431247
119.21 0.217444907225
119.28 0.158396679118
119.35 0.123840025878
119.42 0.122205276721
119.49 0.360356841113
119.56 0.250199562731
119.63 0.16352183512
119.7 0.13543060656
119.77 0.349913346624
119.84 0.195781279388
119.91 0.444284538263
119.98 0.33914731907
120.05 0.182144008538
120.12 0.223076888291
120.19 0.356656628873
120.26 0.176439425638
120.33 0.399507189934
120.4 0.227416659232
120.47 0.201045983548
120.54 0.264574541683
120.61 0.154171424198
120.68 0.320555335903
120.75 0.355768784905
120.82 0.252335254574
120.89 0.184168419335
120.96 0.166965799005
121.03 0.150922172955
121.1 0.379328011171
121.17 0.333475084969
121.24 0.24796289373
121.31 0.195511765547
121.38 0.337166850963
121.45 0.242915532797
121.52 0.404328659827
121.59 0.28920837286
121.66 0.212764324853
121.73 0.158977473855
121.8 0.35322738849
121.87 0.208892820316
121.94 0.223152882672
122.01 0.240357889366
122.08 0.122809784165
122.15 0.153336751332
122.22 0.270479164301
122.29 0.18761866807
122.36 0.506916542299
122.43 0.439178476965
122.5 0.375533015497
122.57 0.240721482311
122.64 0.335638475335
122.71 0.289267123534
122.78 0.403452797037
122.85 0.329707319848
122.92 0.260273313265
122.99 0.20304992041
123.06 0.378829822199
123.13 0.255690607865
123.2 0.404146824436
123.27 0.320138254813
123.34 0.314803643682
123.41 0.390790319595
123.48 0.281571392744
123.55 0.219665052035
123.62 0.287006810171
123.69 0.231340245154
123.76 0.186677784944
123.83 0.287321269088
123.9 0.221990402821
123.97 0.381645474807
124.04 0.447103065138
124.11 0.347253771111
124.18 0.32782130864
124.25 0.290637908047
124.32 0.306591076303
124.39 0.311897720279
124.46 0.288065054159
124.53 0.257343123754
124.6 0.169516423831
124.67 0.338058224167
124.74 0.190584100581
124.81 0.360130714663
124.88 0.358838599461
124.95 0.334174537216
125.02 0.315253862381
125.09 0.471248058206
125.16 0.214911896305
125.23 0.267415917465
125.3 0.143140410629
125.37 0.134401390965
125.44 0.340292739365
125.51 0.307538517658
125.58 0.448479929467
125.65 0.335557896175
125.72 0.181461713618
125.79 0.115661710504
125.86 0.0535487860868
125.93 0.0456149429243
126.0 0.114851688184
126.07 0.0523208331166
126.14 0.0287477585388
126.21 0.0292605912767
126.28 0.315932700206
126.35 0.15864649834
126.42 0.260297505333
126.49 0.0984931086673
126.56 0.0853997160622
126.63 0.0687063764522
126.7 0.358252400759
126.77 0.155935472679
126.84 0.194962256472
126.91 0.130861886161
126.98 0.11123418043
127.05 0.241028807768
127.12 0.12707897703
127.19 0.300575001778
127.26 0.286266972946
127.33 0.16826125075
127.4 0.0673179134854
127.47 0.0450384472487
127.54 0.0401782184083
127.61 0.15734084902
127.68 0.0633940276058
127.75 0.031846973586
127.82 0.023858464285
127.89 0.310774885006
127.96 0.179429029335
128.03 0.227210999124
128.1 0.0784922844702
128.17 0.0527600312587
128.24 0.0479523641148
128.31 0.347188557132
128.38 0.176137417767
128.45 0.271751777579
128.52 0.148129695791
128.59 0.103442785321
128.66 0.252414375717
128.73 0.184953511086
128.8 0.344234556194
128.87 0.441174994648
128.94 0.33589346691
129.01 0.327491108646
129.08 0.236069392017
129.15 0.334502375526
129.22 0.276844473723
129.29 0.309948575804
129.36 0.27520846304
129.43 0.200279206235
129.5 0.292214468473
129.57 0.195662934175
129.64 0.321184186343
129.71 0.366782924018
129.78 0.29066208113
129.85 0.310158504597
129.92 0.372869496884
129.99 0.208163057266
130.06 0.261702362446
130.13 0.32199046585
130.2 0.243586488219
130.27 0.157062233016
130.34 0.259819484646
130.41 0.147590146034
130.48 0.47219001681
130.55 0.302864381504
130.62 0.323021884607
130.69 0.273794033895
130.76 0.274165460833
130.83 0.257633730428
130.9 0.333387618198
130.97 0.278435590587
131.04 0.248712079918
131.11 0.273377416978
131.18 0.266124236061
131.25 0.306766191148
131.32 0.343377619145
131.39 0.332852833574
131.46 0.311665625074
131.53 0.425705201684
131.6 0.295385335175
131.67 0.235952244732
131.74 0.255847371253
131.81 0.174539861329
131.88 0.121867818917
131.95 0.411204076749
132.02 0.322472055641
132.09 0.419945640349
132.16 0.183763151409
132.23 0.116730627631
132.3 0.0627001900527
132.37 0.0464757822561
132.44 0.0583709204407
132.51 0.116128856816
132.58 0.0429174020199
132.65 0.0372393956533
132.72 0.238640596144
132.79 0.25084412577
132.86 0.222055919604
132.93 0.143418911776
133.0 0.0651599185411
133.07 0.0529469886934
133.14 0.309490179491
133.21 0.218315124947
133.28 0.171293797599
133.35 0.222862426926
133.42 0.144941627148
133.49 0.111057660725
133.56 0.248185970304
133.63 0.0893322114552
133.7 0.369897313451
133.77 0.175785809795
133.84 0.114948126125
133.91 0.0441177067765
133.98 0.0416366623859
134.05 0.0458939908279
134.12 0.103427051839
134.19 0.0404921058897
134.26 0.0329877597418
134.33 0.0239719067268
134.4 0.33644709849
134.47 0.216706751087
134.54 0.210312724618
134.61 0.0711352749092
134.68 0.0572319738921
134.75 0.304245893262
134.82 0.253315721528
134.89 0.1804808945
134.96 0.245282935407
135.03 0.13009679468
135.1 0.0949640235583
135.17 0.285594232972
135.24 0.177800972248
135.31 0.38429494577
135.38 0.290880816877
135.45 0.27306341464
135.52 0.145064298001
135.59 0.184338454852
135.66 0.186495271802
135.73 0.389223674822
135.8 0.331793798877
135.87 0.32619745664
135.94 0.140496588532
136.01 0.33898346114
136.08 0.2701962929
136.15 0.380829782738
136.22 0.368818790119
136.29 0.345061094161
136.36 0.424446873363
136.43 0.396980978346
136.5 0.269655553758
136.57 0.397172725594
136.64 0.365368956198
136.71 0.244378595726
136.78 0.306897754385
136.85 0.119059594032
136.92 0.369560082513
136.99 0.269455457086
137.06 0.2192443914
137.13 0.16928286966
137.2 0.094146167246
137.27 0.0942613904427
137.34 0.359506330349
137.41 0.324967451436
137.48 0.323262545661
137.55 0.361611873708
137.62 0.275743298923
137.69 0.251761252524
137.76 0.349784013128
137.83 0.305100454388
137.9 0.284320828036
137.97 0.36562079728
138.04 0.312779380015
138.11 0.284755332238
138.18 0.409474021133
138.25 0.348377395193
138.32 0.229410737394
138.39 0.327046205633
138.46 0.121737285594
138.53 0.446772660111
138.6 0.349080141267
138.67 0.282532052122
138.74 0.161495038909
138.81 0.0916748942259
138.88 0.08493316112
138.95 0.0990835751058
139.02 0.0435908292359
139.09 0.0302608022089
139.16 0.220812638473
139.23 0.245551094697
139.3 0.257890139203
139.37 0.118624101683
139.44 0.0718048567957
139.51 0.0581600338744
139.58 0.32133307492
139.65 0.304276860931
139.72 0.357438593861
139.79 0.396186115225
139.86 0.338324347359
139.93 0.288956628599
140.0 0.240278884978
140.07 0.182138815302
140.14 0.456994449662
140.21 0.344435480594
140.28 0.294802695136
140.35 0.173962705938
140.42 0.0808673321768
140.49 0.113683045933
140.56 0.13905893838
140.63 0.0610653735009
140.7 0.0572267398395
140.77 0.303586261201
140.84 0.203071712825
140.91 0.260889780054
140.98 0.126732666709
141.05 0.0742839220424
141.12 0.0758390422175
141.19 0.346408520978
141.26 0.197206985382
141.33 0.215295183869
141.4 0.322527243856
141.47 0.237447696328
141.54 0.259876920636
141.61 0.268559756344
141.68 0.288920101291
141.75 0.566510306006
141.82 0.504061455842
141.89 0.470104886636
141.96 0.409305932486
142.03 0.293332327884
142.1 0.231341588315
142.17 0.369801398535
142.24 0.344889191509
142.31 0.32132525042
142.38 0.214364849532
142.45 0.329883971496
142.52 0.346021483958
142.59 0.431023712929
142.66 0.401905377962
142.73 0.291013617909
142.8 0.349056334586
142.87 0.376523209208
142.94 0.350746075467
143.01 0.426908352231
143.08 0.335797531112
143.15 0.155810238905
143.22 0.24403665471
143.29 0.158708702312
143.36 0.458775503593
143.43 0.471470016587
143.5 0.348861922851
143.57 0.329920196949
143.64 0.269373702779
143.71 0.307947760958
143.78 0.426164951598
143.85 0.321039234221
143.92 0.239429655675
143.99 0.151630165421
144.06 0.369798253737
144.13 0.248812468553
144.2 0.476875117516
144.27 0.338617369822
144.34 0.275336581523
144.41 0.260526837331
144.48 0.431935075012
144.55 0.348632067827
144.62 0.386526230739
144.69 0.280889555353
144.76 0.171401440247
144.83 0.269681297817
144.9 0.28464868628
144.97 0.396546161848
145.04 0.447296252367
145.11 0.30296052993
145.18 0.224390555754
145.25 0.149578912306
145.32 0.0949577406069
145.39 0.257021792414
145.46 0.139337758469
145.53 0.231797771024
145.6 0.16150554878
145.67 0.406915083902
145.74 0.296137446889
145.81 0.427769031143
145.88 0.381225137859
145.95 0.319344698781
146.02 0.242490315859
146.09 0.41967271118
146.16 0.249709141306
146.23 0.367924536003
146.3 0.288713093278
146.37 0.30612772691
146.44 0.261098366637
146.51 0.195842462938
146.58 0.193393739818
146.65 0.337171596162
146.72 0.306970276484
146.79 0.292764827109
146.86 0.210267445412
146.93 0.125424272217
147.0 0.242520622865
147.07 0.183343495059
147.14 0.162547137584
147.21 0.19815295638
147.28 0.335324192974
147.35 0.354446182343
147.42 0.336378541324
147.49 0.305261294717
147.56 0.272549514019
147.63 0.231997167164
147.7 0.38952526883
147.77 0.323031828737
147.84 0.358418682072
147.91 0.46049762175
147.98 0.39058595044
148.05 0.177393497362
148.12 0.36729085873
148.19 0.227607702151
148.26 0.497059980266
148.33 0.460042464208
148.4 0.411467337064
148.47 0.371281322632
148.54 0.328575791529
148.61 0.330980891849
148.68 0.357278442673
148.75 0.286702894347
148.82 0.238793174377
148.89 0.258944634683
148.96 0.286393445464
149.03 0.250693764937
149.1 0.425280979539
149.17 0.340146167857
149.24 0.257599569549
149.31 0.38903323941
149.38 0.328762590443
149.45 0.350277994164
149.52 0.323679435007
149.59 0.241388370284
149.66 0.195159491217
149.73 0.317551736764
149.8 0.139757769831
149.87 0.490744942049
149.94 0.50317270536
150.01 0.401077723701
150.08 0.291564115133
150.15 0.27355730455
150.22 0.249012027012
150.29 0.398368176939
150.36 0.292960863926
150.43 0.258038185814
150.5 0.252770900698
150.57 0.314182540855
150.64 0.290817043829
150.71 0.491549135149
150.78 0.310556496678
150.85 0.256933381159
150.92 0.348536492736
150.99 0.457981001179
151.06 0.352983060561
151.13 0.359502905529
151.2 0.235958168875
151.27 0.12184993543
151.34 0.275008845729
151.41 0.180797423687
151.48 0.405998317855
151.55 0.493248156649
151.62 0.398247468144
151.69 0.300317180549
151.76 0.255637567757
151.83 0.186725478041
151.9 0.349915711155
151.97 0.269097181725
152.04 0.149964636542
152.11 0.0673512789094
152.18 0.387017155256
152.25 0.245145640722
152.32 0.384002457723
152.39 0.296380766736
152.46 0.171939911679
152.53 0.126859619537
152.6 0.454993498128
152.67 0.271218966404
152.74 0.462829610498
152.81 0.281557911784
152.88 0.215768479291
152.95 0.276344661569
153.02 0.263642307937
153.09 0.178366034452
153.16 0.481992970145
153.23 0.306221280142
153.3 0.272605211021
153.37 0.233859018578
153.44 0.229412335896
153.51 0.29218335747
153.58 0.308692648085
153.65 0.206936231031
153.72 0.116282004587
153.79 0.354008392857
153.86 0.319975530263
153.93 0.37331163479
154.0 0.401159552997
154.07 0.282146093426
154.14 0.213486272894
154.21 0.400516340711
154.28 0.371855014283
154.35 0.355176781664
154.42 0.295096979125
154.49 0.236139904597
154.56 0.175099006984
154.63 0.349652321745
154.7 0.237502359619
154.77 0.525696778599
154.84 0.419071954142
154.91 0.337052415627
154.98 0.197043410323
155.05 0.350924443322
155.12 0.328138447233
155.19 0.333671120837
155.26 0.286323575513
155.33 0.242070267477
155.4 0.245522672861
155.47 0.343769611145
155.54 0.418032635895
155.61 0.427829272108
155.68 0.377376226887
155.75 0.381084305394
155.82 0.419525188544
155.89 0.391390186255
155.96 0.344184761502
156.03 0.405545207802
156.1 0.342860220612
156.17 0.266442190042
156.24 0.288398907738
156.31 0.123056317155
156.38 0.402355436241
156.45 0.372951731501
156.52 0.382308807914
156.59 0.239540561775
156.66 0.204590079775
156.73 0.161346316447
156.8 0.41549636627
156.87 0.269998472481
156.94 0.199387483715
157.01 0.23688130805
157.08 0.418892961694
157.15 0.310479726776
157.22 0.354399184082
157.29 0.246525085057
157.36 0.199650894008
157.43 0.195190991405
157.5 0.43483524988
157.57 0.285535929386
157.64 0.464267490364
157.71 0.28771196444
157.78 0.314416786066
157.85 0.309586212111
157.92 0.298377902367
157.99 0.352392300811
158.06 0.338042346401
158.13 0.33419671312
158.2 0.2376066961
158.27 0.204742684587
158.34 0.128589947582
158.41 0.306438372772
158.48 0.227345352147
158.55 0.251724982457
158.62 0.22164341475
158.69 0.396261626448
158.76 0.352673630663
158.83 0.407087810485
158.9 0.334638865265
158.97 0.364219585209
159.04 0.278734322667
159.11 0.540636943155
159.18 0.392798039137
159.25 0.530031694229
159.32 0.464882620637
159.39 0.442357124503
159.46 0.349419414948
159.53 0.365426142541
159.6 0.18533327321
159.67 0.512130281367
159.74 0.48129609126
159.81 0.334310620685
159.88 0.185281864828
159.95 0.0930632983405
160.02 0.0740357269519
160.09 0.102281357216
160.16 0.159252363183
160.23 0.1425194948
160.3 0.123303136811
160.37 0.131219066111
160.44 0.0785030477858
160.51 0.147879083961
160.58 0.225689625963
160.65 0.284066242731
160.72 0.207068682747
160.79 0.134054384859
160.86 0.142951185485
160.93 0.149749427184
161.0 0.443557234668
161.07 0.408481549271
161.14 0.524118559868
161.21 0.411166809991
161.28 0.402591855188
161.35 0.625250734992
161.42 0.570795859793
161.49 0.519149238906
161.56 0.403451207077
161.63 0.546259875214
161.7 0.552593074094
161.77 0.548529112286
161.84 0.540429831675
161.91 0.427253738951
161.98 0.298070641458
162.05 0.496347252093
162.12 0.324071551356
162.19 0.543287404164
162.26 0.528266292147
162.33 0.485496517178
162.4 0.378978116559
162.47 0.401372720562
162.54 0.294571961126
162.61 0.491167463174
162.68 0.354109394695
162.75 0.277901198944
162.82 0.298962876562
162.89 0.424829204103
162.96 0.366178771585
163.03 0.603194296919
163.1 0.534008830946
163.17 0.431333833867
163.24 0.368417435867
163.31 0.582268673343
163.38 0.439223727694
163.45 0.527610965792
163.52 0.431093549657
163.59 0.286587192739
163.66 0.307840923257
163.73 0.370448297629
163.8 0.325709701602
163.87 0.601357440621
163.94 0.493896713097
164.01 0.516315441773
164.08 0.443412802724
164.15 0.497777482116
164.22 0.359058530288
164.29 0.461641786214
164.36 0.339068469406
164.43 0.279110674209
164.5 0.391272256805
164.57 0.548254156511
164.64 0.501832364542
164.71 0.442695551471
164.78 0.23402866586
164.85 0.0844033067951
164.92 0.281808644165
164.99 0.297163330688
165.06 0.401692060419
165.13 0.438069796606
165.2 0.337127243404
165.27 0.168045226004
165.34 0.306474878248
165.41 0.342911842571
165.48 0.353147016262
165.55 0.397779866201
165.62 0.348431253538
165.69 0.310543436226
165.76 0.355849632697
165.83 0.251906885244
165.9 0.36190895223
165.97 0.323904715692
166.04 0.262767445635
166.11 0.206017467805
166.18 0.399784677304
166.25 0.335437645857
166.32 0.444389328476
166.39 0.303925409583
166.46 0.111213178722
166.53 0.0644587643255
166.6 0.410270853906
166.67 0.397692607312
166.74 0.4584481978
166.81 0.36557966241
166.88 0.292865949498
166.95 0.216314706879
167.02 0.346677965525
167.09 0.280817992925
167.16 0.428186114131
167.23 0.322148860013
167.3 0.268635674786
167.37 0.220976670111
167.44 0.432844583249
167.51 0.301901200022
167.58 0.402826159251
167.65 0.377218620584
167.72 0.280772834272
167.79 0.231571360755
167.86 0.43127278226
167.93 0.392896650814
168.0 0.639784846608
168.07 0.518705689495
168.14 0.450061592953
168.21 0.319981020608
168.28 0.599654815846
168.35 0.411274077693
168.42 0.584170769249
168.49 0.508888096189
168.56 0.412780574526
168.63 0.286344600002
168.7 0.381915281959
168.77 0.253072361814
168.84 0.545303345934
168.91 0.431413309073
168.98 0.374199324983
169.05 0.383741713816
169.12 0.427239820396
169.19 0.272091598965
169.26 0.488632625937
169.33 0.379742132563
169.4 0.35135869313
169.47 0.374307296064
169.54 0.388839332665
169.61 0.20098429216
169.68 0.635819767957
169.75 0.530502841545
169.82 0.430504441566
169.89 0.340181513374
169.96 0.533439494361
170.03 0.418689941394
170.1 0.559602790882
170.17 0.526471987919
170.24 0.403995287507
170.31 0.291155951106
170.38 0.484418769367
170.45 0.28240381024
170.52 0.575518577524
170.59 0.568478525253
170.66 0.433469658602
170.73 0.457852492563
170.8 0.618896574272
170.87 0.382502128985
170.94 0.501730914668
171.01 0.297437842223
171.08 0.26143676228
171.15 0.367147763302
171.22 0.575211648845
171.29 0.476817590399
171.36 0.514969714076
171.43 0.30157181162
171.5 0.171022097682
171.57 0.0878306458707
171.64 0.426218066695
171.71 0.344152687979
171.78 0.47391199448
171.85 0.364419548039
171.92 0.217899716399
171.99 0.293334911687
172.06 0.30923579827
172.13 0.285311256207
172.2 0.439142599879
172.27 0.358369440781
172.34 0.298443566281
172.41 0.216678689009
172.48 0.393207811159
172.55 0.355475454891
172.62 0.420545895244
172.69 0.319287314998
172.76 0.233730341
172.83 0.261257670163
172.9 0.298708489646
172.97 0.318750680325
173.04 0.393252132592
173.11 0.238208822876
173.18 0.14182615844
173.25 0.185425820259
173.32 0.504958776919
173.39 0.47805865413
173.46 0.413076495937
173.53 0.32684625799
173.6 0.176169652658
173.67 0.253932533837
173.74 0.289266868191
173.81 0.270224814405
173.88 0.40804960799
173.95 0.321245680291
174.02 0.277943444412
174.09 0.234624236306
174.16 0.402706408229
174.23 0.366366802599
174.3 0.340048633556
174.37 0.232142539795
174.44 0.174232356468
174.51 0.324677627876
174.58 0.415523830333
174.65 0.511350558459
174.72 0.525327067868
174.79 0.430651144068
174.86 0.312103951823
174.93 0.387405741419
175.0 0.484371285101
175.07 0.58104767443
175.14 0.621663777246
175.21 0.534887542374
175.28 0.381645093216
175.35 0.421231045447
175.42 0.387676272834
175.49 0.488134633456
175.56 0.584090257484
175.63 0.507549967077
175.7 0.504367237851
175.77 0.559823519062
175.84 0.494580663474
175.91 0.495289258701
175.98 0.607719269219
176.05 0.501950067127
176.12 0.411373122219
176.19 0.376762203415
176.26 0.351775135388
176.33 0.471376770906
176.4 0.457737111794
176.47 0.420606086849
176.54 0.295858155983
176.61 0.364114085921
176.68 0.328203363154
176.75 0.560585844487
176.82 0.576741842248
176.89 0.522176452032
176.96 0.425700392886
177.03 0.401667069099
177.1 0.386798901718
177.17 0.461826012715
177.24 0.61693283539
177.31 0.508407534414
177.38 0.411347235776
177.45 0.516855802172
177.52 0.419535834155
177.59 0.4969542693
177.66 0.561237654895
177.73 0.500060857964
177.8 0.357458652983
177.87 0.472847126767
177.94 0.29128978585
178.01 0.572537282435
178.08 0.597068362344
178.15 0.521268320178
178.22 0.282330388272
178.29 0.41128247363
178.36 0.282715476524
178.43 0.434057424482
178.5 0.409904925855
178.57 0.297748792787
178.64 0.159881708171
178.71 0.354324003191
178.78 0.274952409277
178.85 0.429874080902
178.92 0.377224302673
178.99 0.338803815622
179.06 0.24151223242
179.13 0.51081331533
179.2 0.426324280753
179.27 0.590600193442
179.34 0.589894391798
179.41 0.536920549396
179.48 0.38743089126
179.55 0.462672769275
179.62 0.395341464057
179.69 0.451459316604
179.76 0.541086436642
179.83 0.443844482967
179.9 0.346099653973
179.97 0.379221568349
180.04 0.391700567282
180.11 0.44631819266
180.18 0.582317707702
180.25 0.363657815882
180.32 0.291590091753
180.39 0.409109540658
180.46 0.312398101971
180.53 0.424466755928
180.6 0.419391475302
180.67 0.365096125749
180.74 0.376115994412
180.81 0.358994907217
180.88 0.394225822996
180.95 0.458806250092
181.02 0.308121299133
181.09 0.361040387117
181.16 0.320415229599
181.23 0.335641346755
181.3 0.439640132933
181.37 0.461359146425
181.44 0.428829011272
181.51 0.332261377089
181.58 0.281440613571
181.65 0.389275968836
181.72 0.398189996082
181.79 0.487563032008
181.86 0.3385871435
181.93 0.234624098668
182.0 0.176022107241
182.07 0.324783118621
182.14 0.283405052985
182.21 0.466589288182
182.28 0.329209128978
182.35 0.250216422948
182.42 0.175389910766
182.49 0.440588081176
182.56 0.376462058882
182.63 0.422685967782
182.7 0.268955320295
182.77 0.196112297618
182.84 0.22716221821
182.91 0.284279135969
182.98 0.443106845107
183.05 0.410941519813
183.12 0.254397813963
183.19 0.166009376988
183.26 0.256629153988
183.33 0.351296340129
183.4 0.328324677558
183.47 0.420976701246
183.54 0.253717443132
183.61 0.14939082339
183.68 0.295053813854
183.75 0.341503500836
183.82 0.347734406926
183.89 0.406223330858
183.96 0.306805742702
184.03 0.248418492663
184.1 0.291421452553
184.17 0.305934656436
184.24 0.349287644779
184.31 0.404248213559
184.38 0.253799071191
184.45 0.214490444962
184.52 0.350280683331
184.59 0.325738061738
184.66 0.335330607868
184.73 0.347090725721
184.8 0.19902795632
184.87 0.133333818896
184.94 0.314080585991
185.01 0.399183154238
185.08 0.441232627129
185.15 0.373567549966
185.22 0.324255867084
185.29 0.273757957471
185.36 0.315307970373
185.43 0.293565547927
185.5 0.393737971136
185.57 0.388468056654
185.64 0.389385927605
185.71 0.248165888401
185.78 0.415690445775
185.85 0.278088850266
185.92 0.383819102615
185.99 0.244049196882
186.06 0.288918198086
186.13 0.206025979547
186.2 0.342342031371
186.27 0.232367803394
186.34 0.456620744573
186.41 0.320100270437
186.48 0.258037724488
186.55 0.146487117388
186.62 0.434490533316
186.69 0.346125872647
186.76 0.458329280202
186.83 0.30512199241
186.9 0.324915830426
186.97 0.264449002257
187.04 0.415598660009
187.11 0.29322418689
187.18 0.412827727511
187.25 0.251064531211
187.32 0.265758855716
187.39 0.216286034447
187.46 0.443332913654
187.53 0.318404853162
187.6 0.344169211221
187.67 0.270672476828
187.74 0.27368585778
187.81 0.291742004576
187.88 0.340451872029
187.95 0.331911488173
188.02 0.415728833573
188.09 0.354787385807
188.16 0.240576428622
188.23 0.207330728998
188.3 0.472333560275
188.37 0.419167573847
188.44 0.383328436289
188.51 0.265519980162
188.58 0.151178964269
188.65 0.256597924331
188.72 0.308065815707
188.79 0.339168167951
188.86 0.464782673394
188.93 0.352304603377
189.0 0.308405685504
189.07 0.316066912743
189.14 0.438203477574
189.21 0.400544915373
189.28 0.36882974328
189.35 0.309891797629
189.42 0.224269250843
189.49 0.361132118777
189.56 0.39635110084
189.63 0.441146763607
189.7 0.430978885557
189.77 0.310252136615
189.84 0.205086384526
189.91 0.388951701528
189.98 0.364297491338
190.05 0.421350924615
190.12 0.336905306855
190.19 0.256265805944
190.26 0.119908804351
190.33 0.307832693435
190.4 0.317472910831
190.47 0.382458080929
190.54 0.41939905585
190.61 0.347046264751
190.68 0.272916860219
190.75 0.376739379187
190.82 0.488683837828
190.89 0.385178229638
190.96 0.388560752731
191.03 0.291990791037
191.1 0.191369910899
191.17 0.357631536189
191.24 0.329501206009
191.31 0.364283580377
191.38 0.36957893991
191.45 0.190059595166
191.52 0.0988257937445
191.59 0.296022255017
191.66 0.469788892814
191.73 0.382149935339
191.8 0.30673052669
191.87 0.263562572642
191.94 0.14002346587
192.01 0.309467032524
192.08 0.245861374156
192.15 0.375615891793
192.22 0.385716238795
192.29 0.259905296909
192.36 0.202830233535
192.43 0.412173833544
192.5 0.353193321585
192.57 0.356313360834
192.64 0.276553744599
192.71 0.263071499097
192.78 0.237659979211
192.85 0.361215648144
192.92 0.323008194816
192.99 0.482268120512
193.06 0.364642060771
193.13 0.253198437553
193.2 0.119208029827
193.27 0.371255810185
193.34 0.375238946983
193.41 0.395614235653
193.48 0.320447351532
193.55 0.189845428062
193.62 0.137483777119
193.69 0.384918501406
193.76 0.325930033953
193.83 0.426790131367
193.9 0.302219325814
193.97 0.278206926847
194.04 0.185247777989
194.11 0.433941140996
194.18 0.250012339512
194.25 0.404251586172
194.32 0.229053000246
194.39 0.196737212551
194.46 0.270111417526
194.53 0.365753907761
194.6 0.346785657533
194.67 0.398854344865
194.74 0.258191603166
194.81 0.17428192809
194.88 0.213519405757
194.95 0.358118940012
195.02 0.326845402734
195.09 0.39658330141
195.16 0.24273970603
195.23 0.141765059372
195.3 0.262293194338
195.37 0.323639387955
195.44 0.359212615898
195.51 0.375448755224
195.58 0.292720011127
195.65 0.242533327355
195.72 0.36481932752
195.79 0.32866616674
195.86 0.302803747558
195.93 0.385827920416
196.0 0.240770736892
196.07 0.128798916704
196.14 0.290612014959
196.21 0.315836371427
196.28 0.385588580689
196.35 0.383557951488
196.42 0.298812270828
196.49 0.181652081635
196.56 0.370643635813
196.63 0.350420486831
196.7 0.395861593523
196.77 0.322682307173
196.84 0.217244313157
196.91 0.147703424259
196.98 0.349813736357
197.05 0.349968739872
197.12 0.40032559585
197.19 0.339731393395
197.26 0.264222985919
197.33 0.215147653639
197.4 0.366581427232
197.47 0.27614145617
197.54 0.391878056151
197.61 0.319079569432
197.68 0.26185685053
197.75 0.22343944183
197.82 0.277117160838
197.89 0.267929892127
197.96 0.39392161481
198.03 0.450768162524
198.1 0.423998518002
198.17 0.352276816576
198.24 0.43541418033
198.31 0.374517403313
198.38 0.410277023899
198.45 0.466321309246
198.52 0.421812544512
198.59 0.386180837375
198.66 0.409289077015
198.73 0.343552381826
198.8 0.384043985573
198.87 0.480970540594
198.94 0.390459561454
199.01 0.401918497266
199.08 0.386215444391
199.15 0.426485892805
199.22 0.37184565298
199.29 0.478446646076
199.36 0.405018756466
199.43 0.351243411081
199.5 0.400698941182
199.57 0.439141384865
199.64 0.432157753859
199.71 0.459180908208
199.78 0.302643837475
199.85 0.164530475212
199.92 0.48739346636
199.99 0.491102274825
200.06 0.467474821725
200.13 0.402148063723
200.2 0.352115264325
200.27 0.331013215968
200.34 0.30890219244
200.41 0.283397660384
200.48 0.333457578326
200.55 0.443428650114
200.62 0.471378254552
200.69 0.481123613375
200.76 0.463080106522
200.83 0.520297610356
200.9 0.591606796487
200.97 0.504433640266
201.04 0.496308099215
201.11 0.49053665922
201.18 0.456738408239
201.25 0.470836388674
201.32 0.546152909366
201.39 0.484651074353
201.46 0.468726462722
201.53 0.404023065765
201.6 0.483006044089
201.67 0.419549565712
201.74 0.590518439135
201.81 0.505731281884
201.88 0.481657684179
201.95 0.456307750316
202.02 0.498029503551
202.09 0.415487426425
202.16 0.543877797512
202.23 0.482213738193
202.3 0.466248523262
202.37 0.395685546535
202.44 0.478472101569
202.51 0.44328992304
202.58 0.526486784512
202.65 0.411521230529
202.72 0.390824446302
202.79 0.409832908747
202.86 0.481064833275
202.93 0.46686526248
203.0 0.476357460793
203.07 0.440351473333
203.14 0.431155802989
203.21 0.472948192203
203.28 0.477587419485
203.35 0.564640381394
203.42 0.48381123388
203.49 0.438226210676
203.56 0.429472404861
203.63 0.461988023444
203.7 0.440490979724
203.77 0.512928007365
203.84 0.479303133189
203.91 0.447667671712
203.98 0.380289903598
204.05 0.434219883248
204.12 0.398559627078
204.19 0.516280244335
204.26 0.448572786914
204.33 0.400860489636
204.4 0.387770605383
204.47 0.4450584946
204.54 0.487105922851
204.61 0.578623007639
204.68 0.434208771565
204.75 0.438022097813
204.82 0.419044614428
204.89 0.524131600386
204.96 0.440627569132
205.03 0.591202671433
205.1 0.502615009179
205.17 0.438874897169
205.24 0.360468907171
205.31 0.419453180928
205.38 0.395335771526
205.45 0.559188764413
205.52 0.407633080301
205.59 0.399600087248
205.66 0.325554762634
205.73 0.447328909666
205.8 0.42641629908
205.87 0.546546690664
205.94 0.436294024189
206.01 0.378769788167
206.08 0.422977375606
206.15 0.407931095712
206.22 0.502133774399
206.29 0.561598868122
206.36 0.488920683928
206.43 0.467155714429
206.5 0.433052431331
206.57 0.48636398593
206.64 0.506878325362
206.71 0.482073895774
206.78 0.431769535047
206.85 0.432187235035
206.92 0.438805897662
206.99 0.413744634045
207.06 0.549773523
207.13 0.410628031957
207.2 0.427731771979
207.27 0.372054921109
207.34 0.427165599176
207.41 0.403244207606
207.48 0.542450386701
207.55 0.454971016571
207.62 0.417997517244
207.69 0.375644316477
207.76 0.482482453731
207.83 0.485815178336
207.9 0.54756168395
207.97 0.459059787447
208.04 0.384351693569
208.11 0.350925829198
208.18 0.438006450711
208.25 0.411928770912
208.32 0.561127990388
208.39 0.433493964578
208.46 0.40270876042
208.53 0.409406622027
208.6 0.444432039067
208.67 0.474984784465
208.74 0.561805227812
208.81 0.453599354021
208.88 0.377961785808
208.95 0.388370039195
209.02 0.440125618363
209.09 0.52704346217
209.16 0.484273098679
209.23 0.365674483813
209.3 0.353898463515
209.37 0.426173106431
209.44 0.404056025868
209.51 0.475873930776
209.58 0.386439573661
209.65 0.353937774914
209.72 0.348201998427
209.79 0.447008870227
209.86 0.446063862697
209.93 0.54907272
210.0 0.446879999006
210.07 0.415676119051
210.14 0.374429708727
210.21 0.441008875653
210.28 0.43573647324
210.35 0.541198571046
210.42 0.490529220107
210.49 0.426306493138
210.56 0.376627010324
210.63 0.494121458417
210.7 0.401102348618
210.77 0.551101307408
210.84 0.425387859006
210.91 0.383924498436
210.98 0.406806266108
211.05 0.479434361348
211.12 0.490313931013
211.19 0.507259587269
211.26 0.454105951269
211.33 0.418551201981
211.4 0.422090666917
211.47 0.477950146733
211.54 0.456835755542
211.61 0.524306644988
211.68 0.438893732734
211.75 0.395567147215
211.82 0.407781977421
211.89 0.412731187054
211.96 0.474959379281
212.03 0.571854740715
212.1 0.47374900035
212.17 0.430101093932
212.24 0.411023911053
212.31 0.416148846834
212.38 0.485387299758
212.45 0.512574402214
212.52 0.419250041025
212.59 0.398771723912
212.66 0.438940431039
212.73 0.471828325171
212.8 0.507463353663
212.87 0.527333860013
212.94 0.485270222716
213.01 0.42517036675
213.08 0.529901363093
213.15 0.532825183272
213.22 0.615949132512
213.29 0.499474928844
213.36 0.448743221107
213.43 0.408437033245
213.5 0.49478748354
213.57 0.439687753889
213.64 0.551550235154
213.71 0.488102809581
213.78 0.417891388617
213.85 0.394067087109
213.92 0.452948598207
213.99 0.441326801157
214.06 0.539284773036
214.13 0.407077857812
214.2 0.42995569757
214.27 0.466851199642
214.34 0.531732491738
214.41 0.583304703458
214.48 0.528265176802
214.55 0.440042691758
214.62 0.415705921067
214.69 0.462693232768
214.76 0.434174631569
214.83 0.512498663176
214.9 0.501832093063
214.97 0.384470432713
215.04 0.387215866053
215.11 0.490140912067
215.18 0.466672838432
215.25 0.54121721012
215.32 0.523765452114
215.39 0.441683511238
215.46 0.387028176762
215.53 0.460324680641
215.6 0.406400108753
215.67 0.558258653145
215.74 0.467930609555
215.81 0.372493469029
215.88 0.303791648879
215.95 0.489104878155
216.02 0.44041509925
216.09 0.576484128282
216.16 0.485459512408
216.23 0.412272603743
216.3 0.394131236053
216.37 0.448683451909
216.44 0.430326238877
216.51 0.556278185039
216.58 0.397302604897
216.65 0.363074623391
216.72 0.339308913087
216.79 0.461621045545
216.86 0.48290451448
216.93 0.520241937085
217.0 0.463382249184
217.07 0.414938778301
217.14 0.437460730011
217.21 0.472974168823
217.28 0.507800584601
217.35 0.454845788494
217.42 0.373470500721
217.49 0.344660884679
217.56 0.411267616287
217.63 0.434891347457
217.7 0.543090233018
217.77 0.501482440504
217.84 0.435149390805
217.91 0.429398408608
217.98 0.446526432773
218.05 0.451428229332
218.12 0.517894927725
218.19 0.406777176963
218.26 0.359854700498
218.33 0.312612724706
218.4 0.451622552789
218.47 0.394893441875
218.54 0.549977694716
218.61 0.450692918984
218.68 0.438091065996
218.75 0.39618566529
218.82 0.458637349854
218.89 0.452876804168
218.96 0.499128104041
219.03 0.379480801082
219.1 0.394185702853
219.17 0.405848057641
219.24 0.443959110996
219.31 0.490410869198
219.38 0.466812537516
219.45 0.496187828964
219.52 0.386614189211
219.59 0.408165651321
219.66 0.441416960893
219.73 0.535937458771
219.8 0.5154663596
219.87 0.407214575366
219.94 0.396084342613
220.01 0.419140598637
220.08 0.368803308182
220.15 0.543491541707
220.22 0.429748520594
220.29 0.433128850018
220.36 0.392706089155
220.43 0.442377142808
220.5 0.429873067125
220.57 0.509520397079
220.64 0.437005820219
220.71 0.427531568043
220.78 0.437220443903
220.85 0.433450011446
220.92 0.415557324852
220.99 0.515621318502
221.06 0.534914200541
221.13 0.460206560395
221.2 0.39891146761
221.27 0.374933635792
221.34 0.435481039324
221.41 0.342764108257
221.48 0.345168152084
221.55 0.300180462046
221.62 0.291686543932
221.69 0.266027713638
221.76 0.342639560777
221.83 0.398434436969
221.9 0.33019219967
221.97 0.326186914495
222.04 0.31986324778
222.11 0.272043962822
222.18 0.345836110787
222.25 0.270184386712
222.32 0.248455060788
222.39 0.18046735184
222.46 0.372351595259
222.53 0.382389422196
222.6 0.548074443598
222.67 0.463478275159
222.74 0.42299022343
222.81 0.356880611012
222.88 0.297154289275
222.95 0.240245330657
223.02 0.411134690905
223.09 0.316667299581
223.16 0.281479101988
223.23 0.231950847603
223.3 0.379482242013
223.37 0.174917918636
223.44 0.450333665916
223.51 0.331780739375
223.58 0.317447135447
223.65 0.274382510748
223.72 0.136373154635
223.79 0.2673456346
223.86 0.438206146808
223.93 0.212374587273
224.0 0.114677753232
224.07 0.309319250749
224.14 0.412467412256
224.21 0.442630275792
224.28 0.538950391686
224.35 0.425939135547
224.42 0.318080414993
224.49 0.29798753355
224.56 0.317785262458
224.63 0.361050428069
224.7 0.339559585667
224.77 0.274335590324
224.84 0.250564057444
224.91 0.412078100881
224.98 0.219510028586
225.05 0.283234145126
225.12 0.391898274743
225.19 0.241941352591
225.26 0.153920528549
225.33 0.176313262569
225.4 0.186519426851
225.47 0.353946274316
225.54 0.272723001884
225.61 0.198487970867
225.68 0.183609622048
225.75 0.419062794076
225.82 0.396796888534
225.89 0.508393723121
225.96 0.478036252309
226.03 0.424238178568
226.1 0.387112971451
226.17 0.236212432391
226.24 0.219951655807
226.31 0.38730245004
226.38 0.33574125413
226.45 0.320467922289
226.52 0.192045527039
226.59 0.295619214933
226.66 0.186081775953
226.73 0.3890761351
226.8 0.356961978982
226.87 0.28114183308
226.94 0.261246177839
227.01 0.150038567298
227.08 0.23836949709
227.15 0.275578941698
227.22 0.147156668899
227.29 0.0634527554983
227.36 0.334368993565
227.43 0.38096645378
227.5 0.38444457
227.57 0.541823056927
227.64 0.424491792811
227.71 0.341623560358
227.78 0.276677938016
227.85 0.276898792444
227.92 0.350271676091
227.99 0.370459783308
228.06 0.343859939844
228.13 0.203505838284
228.2 0.353011148268
228.27 0.185658173655
228.34 0.394088982991
228.41 0.336967583918
228.48 0.207581045616
228.55 0.208861035359
228.62 0.213828389518
228.69 0.158681418602
228.76 0.427239523287
228.83 0.281103074133
228.9 0.206166646846
228.97 0.280809048334
229.04 0.420806500563
229.11 0.328364636331
229.18 0.470549042605
229.25 0.376750666477
229.32 0.333815679028
229.39 0.285192912892
229.46 0.287226042364
229.53 0.376356698181
229.6 0.293414488461
229.67 0.230576818623
229.74 0.195420865413
229.81 0.302669860607
229.88 0.338533152264
229.95 0.440954147814
230.02 0.360710685469
230.09 0.266440052377
230.16 0.226957569981
230.23 0.194066450366
230.3 0.181584067429
230.37 0.365482308463
230.44 0.158058529325
230.51 0.0985529215294
230.58 0.230927414715
230.65 0.415157290029
230.72 0.382965971028
230.79 0.554764837615
230.86 0.439658491985
230.93 0.344513602199
231.0 0.288649890716
231.07 0.314710173982
231.14 0.368412306229
231.21 0.424605335871
231.28 0.376176359725
231.35 0.303715583306
231.42 0.28170061518
231.49 0.312623581995
231.56 0.424066923291
231.63 0.351107544986
231.7 0.292757982214
231.77 0.20903912509
231.84 0.27624048266
231.91 0.325994345215
231.98 0.45937014854
232.05 0.284518872474
232.12 0.157387927017
232.19 0.26584808046
232.26 0.492555249341
232.33 0.460150635578
232.4 0.510571114625
232.47 0.487131139138
232.54 0.349458162504
232.61 0.296677735147
232.68 0.144815612159
232.75 0.325547680432
232.82 0.304006094108
232.89 0.29455292907
232.96 0.231399011965
233.03 0.217639478431
233.1 0.253493680265
233.17 0.228518077984
233.24 0.159028150381
233.31 0.229144300007
233.38 0.248487177026
233.45 0.315756493747
233.52 0.495470967845
233.59 0.541478555839
233.66 0.465605659344
233.73 0.393912326597
233.8 0.344213551639
233.87 0.429964023264
233.94 0.497536868523
234.01 0.506067911959
234.08 0.371643563874
234.15 0.27823790306
234.22 0.232667796051
234.29 0.511610272452
234.36 0.415785617444
234.43 0.52379743451
234.5 0.468676295932
234.57 0.320479197239
234.64 0.193520002557
234.71 0.399899869176
234.78 0.328781542763
234.85 0.44037323822
234.92 0.421402923418
234.99 0.350353642076
235.06 0.319504867055
235.13 0.521364182886
235.2 0.400117084257
235.27 0.653694708701
235.34 0.548853184052
235.41 0.475045490552
235.48 0.305225105334
235.55 0.461029789347
235.62 0.354963529617
235.69 0.474682140609
235.76 0.480622452366
235.83 0.370884979363
235.9 0.291287466882
235.97 0.487711680431
236.04 0.397083636589
236.11 0.529128977731
236.18 0.333696776617
236.25 0.370885014485
236.32 0.292719808941
236.39 0.41445606557
236.46 0.331501658248
236.53 0.504529463106
236.6 0.456412972429
236.67 0.389529585926
236.74 0.346210544885
236.81 0.596410296513
236.88 0.503664471843
236.95 0.610897274128
237.02 0.481332329053
237.09 0.440673115071
237.16 0.327203155069
237.23 0.512391161963
237.3 0.476295358388
237.37 0.418414939108
237.44 0.331626217119
237.51 0.288798837197
237.58 0.207696194773
237.65 0.367063184087
237.72 0.321743833191
237.79 0.497520881596
237.86 0.360328190512
237.93 0.234964458267
238.0 0.305646375375
238.07 0.406428548624
238.14 0.32536161907
238.21 0.446403946071
238.28 0.339702427651
238.35 0.289766407916
238.42 0.230963080123
238.49 0.432620611551
238.56 0.430401440651
238.63 0.493593991405
238.7 0.335829575208
238.77 0.305627407867
238.84 0.310199048096
238.91 0.350042132415
238.98 0.302301240541
239.05 0.484662018022
239.12 0.3960767184
239.19 0.325837355911
239.26 0.159663083485
239.33 0.0864246420881
239.4 0.0723219990364
239.47 0.181556552107
239.54 0.219105805762
239.61 0.152962947523
239.68 0.161039160902
239.75 0.146396414693
239.82 0.1036515608
239.89 0.189546935188
239.96 0.3405737816
240.03 0.338238350944
240.1 0.269530344665
240.17 0.150913623243
240.24 0.183193909747
240.31 0.0796242323482
240.38 0.291447665531
240.45 0.388646487158
240.52 0.275701372396
240.59 0.136838220236
240.66 0.352995118626
240.73 0.573602484277
240.8 0.647742406275
240.87 0.545804290519
240.94 0.476063245148
241.01 0.624482278492
241.08 0.564276812179
241.15 0.601802715732
241.22 0.528101773553
241.29 0.430013626211
241.36 0.346590791117
241.43 0.355293996344
241.5 0.295440885047
241.57 0.61085624842
241.64 0.542657047297
241.71 0.497566495881
241.78 0.417652508318
241.85 0.432145872351
241.92 0.383676201778
241.99 0.534300623207
242.06 0.353432304401
242.13 0.349433197763
242.2 0.294274833244
242.27 0.408674327382
242.34 0.448128860658
242.41 0.645412997532
242.48 0.502255994368
242.55 0.42982931428
242.62 0.386565825009
242.69 0.539964365499
242.76 0.595231200395
242.83 0.559305826268
242.9 0.479039146713
242.97 0.393565766629
243.04 0.368541312241
243.11 0.368536542362
243.18 0.467622670896
243.25 0.588381759144
243.32 0.520271991596
243.39 0.497264626596
243.46 0.556704317983
243.53 0.489818340083
243.6 0.483905851199
243.67 0.378645063181
243.74 0.353053799057
243.81 0.295785369998
243.88 0.580338414742
243.95 0.56940887098
244.02 0.659299185836
244.09 0.572521095221
244.16 0.223278639471
244.23 0.187481549941
244.3 0.522311480907
244.37 0.447500250374
244.44 0.524264861795
244.51 0.409881142905
244.58 0.350170693238
244.65 0.339748204253
244.72 0.487080205371
244.79 0.43050373439
244.86 0.507138734191
244.93 0.453326115403
245.0 0.399986886012
245.07 0.382027509387
245.14 0.542124350029
245.21 0.414602839264
245.28 0.534084891773
245.35 0.4506959176
245.42 0.433435978983
245.49 0.400848957444
245.56 0.464599557492
245.63 0.353616758717
245.7 0.563765149841
245.77 0.451272343982
245.84 0.386178340901
245.91 0.335601220917
245.98 0.636554164196
246.05 0.553747333616
246.12 0.546913249952
246.19 0.428051181129
246.26 0.386071241212
246.33 0.389770312478
246.4 0.487690257266
246.47 0.393749962755
246.54 0.520302711517
246.61 0.422102967035
246.68 0.392941100394
246.75 0.375269409662
246.82 0.563046731985
246.89 0.469309722609
246.96 0.400841949281
247.03 0.332968489619
247.1 0.333263516856
247.17 0.374257371328
247.24 0.499818018427
247.31 0.534664995471
247.38 0.694612030579
247.45 0.52668990543
247.52 0.384276952171
247.59 0.439628212506
247.66 0.55171293977
247.73 0.55273070101
247.8 0.601007363758
247.87 0.421252100311
247.94 0.309405279437
248.01 0.36969841091
248.08 0.359889878002
248.15 0.526694015594
248.22 0.597153927808
248.29 0.469452190597
248.36 0.418232123162
248.43 0.482654375367
248.5 0.343052001083
248.57 0.557899640233
248.64 0.53634566836
248.71 0.332156910563
248.78 0.266314901187
248.85 0.438315950852
248.92 0.369906752591
248.99 0.501576678131
249.06 0.574754514059
249.13 0.524447860942
249.2 0.473267263428
249.27 0.497232421131
249.34 0.450150084892
249.41 0.627269388711
249.48 0.564922228576
249.55 0.416128582678
249.62 0.281262498211
249.69 0.446889081235
249.76 0.321135984458
249.83 0.537026983675
249.9 0.626552166884
249.97 0.511466659693
250.04 0.449308738941
250.11 0.530772346842
250.18 0.407094562356
250.25 0.484311626963
250.32 0.343778361144
250.39 0.30949583595
250.46 0.309557286234
250.53 0.575152735853
250.6 0.509875689011
250.67 0.590334672062
250.74 0.424211431174
250.81 0.274352639438
250.88 0.26456514241
250.95 0.64588352595
251.02 0.529312608115
251.09 0.547163799133
251.16 0.417143598746
251.23 0.437386501198
251.3 0.422473123904
251.37 0.518960061223
251.44 0.424169424911
251.51 0.532441296745
251.58 0.438987580227
251.65 0.473249266982
251.72 0.426659932173
251.79 0.618890342579
251.86 0.466404689584
251.93 0.627424600108
252.0 0.52367219694
252.07 0.46932816899
252.14 0.444467445335
252.21 0.497005054039
252.28 0.416851925138
252.35 0.585876217033
252.42 0.443555602942
252.49 0.430836499203
252.56 0.409108154782
252.63 0.63932866295
252.7 0.52873118309
252.77 0.605135589366
252.84 0.497908268883
252.91 0.462211401873
252.98 0.463965166399
253.05 0.54691492914
253.12 0.458691891644
253.19 0.563699249569
253.26 0.490496057818
253.33 0.451223491875
253.4 0.314046328291
253.47 0.531016523843
253.54 0.400570221837
253.61 0.385175085789
253.68 0.317252851858
253.75 0.26128653434
253.82 0.3366300815
253.89 0.448546554951
253.96 0.476761213748
254.03 0.500174790208
254.1 0.439132491532
254.17 0.365652108571
254.24 0.32408995597
254.31 0.489251573063
254.38 0.541628616715
254.45 0.639521311017
254.52 0.517384101659
254.59 0.42790886312
254.66 0.381152280682
254.73 0.345709881272
254.8 0.434609710055
254.87 0.628712601349
254.94 0.577462445231
255.01 0.511431907445
255.08 0.596044867757
255.15 0.522659310944
255.22 0.551987576603
255.29 0.597808294492
255.36 0.502560974278
255.43 0.396828621283
255.5 0.449687367685
255.57 0.359966012868
255.64 0.478540130014
255.71 0.45420819375
255.78 0.415828006245
255.85 0.331336720095
255.92 0.348615738229
255.99 0.299704535359
256.06 0.510715543722
256.13 0.516757051908
256.2 0.371367362711
256.27 0.352268152007
256.34 0.368394505325
256.41 0.252521946224
256.48 0.549904607825
256.55 0.53601513139
256.62 0.434369227455
256.69 0.417130345601
256.76 0.578997922996
256.83 0.458190210456
256.9 0.714784721357
256.97 0.61584685491
257.04 0.512673971664
257.11 0.41373283512
257.18 0.403085864701
257.25 0.408621763787
257.32 0.653373623211
257.39 0.520600560813
257.46 0.427277505764
257.53 0.158238829812
257.6 0.0987007137465
257.67 0.282127134461
257.74 0.112856292491
257.81 0.055764295808
257.88 0.0416519003703
257.95 0.329701025506
258.02 0.289384336316
258.09 0.319702982685
258.16 0.303372271603
258.23 0.239265110502
258.3 0.249626832649
258.37 0.455942409839
258.44 0.339138732338
258.51 0.517352212287
258.58 0.567461224389
258.65 0.471638397597
258.72 0.243876027009
258.79 0.334853095968
258.86 0.154911015572
258.93 0.572861341862
259.0 0.548783088185
259.07 0.411331622845
259.14 0.241148987842
259.21 0.126196722126
259.28 0.182811852385
259.35 0.251218275099
259.42 0.0617219205651
259.49 0.0465041158135
259.56 0.126560720393
259.63 0.348814909402
259.7 0.245864496173
259.77 0.34801907427
259.84 0.25229651556
259.91 0.222819894791
259.98 0.229883993898
260.05 0.422964988158
260.12 0.325140861464
260.19 0.564704732523
260.26 0.577411946211
260.33 0.410763253525
260.4 0.422846600229
260.47 0.337302629729
260.54 0.355063761629
260.61 0.52003304485
260.68 0.467985715186
260.75 0.356689906018
260.82 0.276617210097
260.89 0.215761052518
260.96 0.354105833185
261.03 0.327734755028
261.1 0.283415821046
261.17 0.111322134155
261.24 0.387721233099
261.31 0.427704293677
261.38 0.402937614955
261.45 0.339752783338
261.52 0.323801888486
261.59 0.315973712625
261.66 0.437218975444
261.73 0.370243336155
261.8 0.554743168599
261.87 0.626449968068
261.94 0.587307488361
262.01 0.408822595163
262.08 0.353783329546
262.15 0.239922415052
262.22 0.434986943431
262.29 0.524132265796
262.36 0.445959000343
262.43 0.316216814149
262.5 0.23301817477
262.57 0.290400790467
262.64 0.358996079516
262.71 0.252859597671
262.78 0.237672699838
262.85 0.315013023821
262.92 0.463826777251
262.99 0.444488297064
263.06 0.376590522883
263.13 0.332662250082
263.2 0.312862063618
263.27 0.321697551598
263.34 0.473662342322
263.41 0.444209824393
263.48 0.682915416193
263.55 0.558600452726
263.62 0.437698138055
263.69 0.469506652651
263.76 0.369814281481
263.83 0.433812806089
263.9 0.585296990424
263.97 0.541851829029
264.04 0.379367077668
264.11 0.349254073372
264.18 0.209242044771
264.25 0.39249379583
264.32 0.32103282692
264.39 0.248026401943
264.46 0.157900599335
264.53 0.452244887716
264.6 0.391861523417
264.67 0.426148181557
264.74 0.362716648936
264.81 0.336836961367
264.88 0.33095601064
264.95 0.465551616849
265.02 0.385323467478
265.09 0.683389997822
265.16 0.607756530281
265.23 0.591387217824
265.3 0.371472731005
265.37 0.335460283087
265.44 0.353058688539
265.51 0.580409590832
265.58 0.55542898706
265.65 0.532144521976
265.72 0.356070006815
265.79 0.235825461816
265.86 0.415357842332
265.93 0.279516598053
266.0 0.251584860016
266.07 0.176021231102
266.14 0.436981021593
266.21 0.386501079
266.28 0.467391644523
266.35 0.390332963638
266.42 0.323422886695
266.49 0.273554381872
266.56 0.387313824659
266.63 0.319926901225
266.7 0.508235869069
266.77 0.398952790427
266.84 0.366533758814
266.91 0.278091369521
266.98 0.297995689331
267.05 0.249506121955
267.12 0.489914028133
267.19 0.325018663327
267.26 0.256028198562
267.33 0.172960995223
267.4 0.226410762413
267.47 0.130407178555
267.54 0.239597974984
267.61 0.148839407312
267.68 0.150555758898
267.75 0.108513944392
267.82 0.189967581584
267.89 0.183041543192
267.96 0.261334156245
268.03 0.234562140547
268.1 0.166953929837
268.17 0.0997371558272
268.24 0.255621053059
268.31 0.179801763362
268.38 0.162740986427
268.45 0.0898257567948
268.52 0.118005346301
268.59 0.136470416507
268.66 0.421878540656
268.73 0.217866187708
268.8 0.298514105439
268.87 0.306487864659
268.94 0.384540093833
269.01 0.285775903198
269.08 0.38064239815
269.15 0.315243594563
269.22 0.449445012256
269.29 0.479702240615
269.36 0.424379243594
269.43 0.398220098055
269.5 0.532822773178
269.57 0.65505966969
269.64 0.573939122896
269.71 0.481497776943
269.78 0.407525357917
269.85 0.366461667666
269.92 0.309601865858
269.99 0.354984096577
270.06 0.316685265652
270.13 0.31118699498
270.2 0.293134445765
270.27 0.269014014965
270.34 0.265755915002
270.41 0.253589022795
270.48 0.246734468993
270.55 0.226194873407
270.62 0.203691065273
270.69 0.205228532623
270.76 0.193178078627
270.83 0.18344684624
270.9 0.199126065855
270.97 0.195919142662
271.04 0.187764320723
271.11 0.197940257734
271.18 0.184774840427
271.25 0.208960987348
271.32 0.200411746229
271.39 0.19307202404
271.46 0.176926369085
271.53 0.193462153651
271.6 0.215499944107
271.67 0.208783516515
271.74 0.227756762539
271.81 0.19742713643
271.88 0.191368001049
271.95 0.214892643079
272.02 0.223036474837
272.09 0.189173811976
272.16 0.207776533779
272.23 0.207100677484
272.3 0.211769529276
272.37 0.230719304646
272.44 0.225199544363
272.51 0.193677660118
272.58 0.179893034646
272.65 0.195131400662
272.72 0.201348401487
272.79 0.193565737393
272.86 0.172576128142
272.93 0.18852384687
273.0 0.198409522727
273.07 0.193130062791
273.14 0.193814427032
273.21 0.196007631754
273.28 0.18157693112
273.35 0.192657795385
273.42 0.207978324826
273.49 0.176565130229
273.56 0.201502352306
273.63 0.179272380805
273.7 0.182753379835
273.77 0.176822139867
273.84 0.193969789356
273.91 0.195419140662
273.98 0.199511279405
274.05 0.196288916042
274.12 0.404796007376
274.19 0.167136337614
274.26 0.135114122935
274.33 0.112923399234
274.4 0.0659657424177
274.47 0.0450000062934
274.54 0.0386072859648
274.61 0.0256950547978
274.68 0.0246219923844
274.75 0.0218483972977
274.82 0.0143395337657
274.89 0.0211446070711
274.96 0.0114102944337
275.03 0.00809949798411
275.1 0.0
275.17 0.0
275.24 0.0
275.31 0.0
275.38 0.0
275.45 0.0
275.52 0.0
275.59 0.0
275.66 0.0
275.73 0.0
275.8 0.0
275.87 0.0
275.94 0.0
276.01 0.0
276.08 0.0
276.15 0.0
276.22 0.0
276.29 0.0
276.36 0.0
276.43 0.0
276.5 0.0
276.57 0.0
276.64 0.0
276.71 0.0
276.78 0.0
276.85 0.0
276.92 0.0
276.99 0.0
277.06 0.0
277.13 0.0
277.2 0.0
277.27 0.0
277.34 0.0
277.41 0.0
277.48 0.0
277.55 0.0
277.62 0.0
277.69 0.0
277.76 0.0
277.83 0.0
277.9 0.0
277.97 0.0
278.04 0.0
278.11 0.0
278.18 0.0
278.25 0.0
278.32 0.0
278.39 0.0
278.46 0.0
278.53 0.0
278.6 0.0
278.67 0.0
278.74 0.0
278.81 0.0
278.88 0.0
278.95 0.0
279.02 0.0
279.09 0.0
279.16 0.0
279.23 0.0
279.3 0.0
279.37 0.0
279.44 0.0
279.51 0.0
279.58 0.0
279.65 0.0
279.72 0.0
279.79 0.0
279.86 0.0
279.93 0.0
280.0 0.0
280.07 0.0
280.14 0.0
280.21 0.0
280.28 0.0
280.35 0.0
280.42 0.0
280.49 0.0
280.56 0.0
280.63 0.0
280.7 0.0
280.77 0.0
280.84 0.0
280.91 0.0
280.98 0.0
281.05 0.0
281.12 0.0
281.19 0.0
281.26 0.0
281.33 0.0
281.4 0.0
281.47 0.0
281.54 0.0
281.61 0.0
281.68 0.0
281.75 0.0
281.82 0.0
281.89 0.0
281.96 0.0
282.03 0.0
282.1 0.0
282.17 0.0
282.24 0.0
282.31 0.0
282.38 0.0
282.45 0.0
282.52 0.0
282.59 0.0
282.66 0.0
282.73 0.0
282.8 0.0
282.87 0.0
282.94 0.0
283.01 0.0
283.08 0.0
283.15 0.0
283.22 0.0
283.29 0.0
283.36 0.0
283.43 0.0
283.5 0.0
283.57 0.0
283.64 0.0
283.71 0.0
283.78 0.0
283.85 0.0
283.92 0.0
283.99 0.0
