0.0 0.0
0.07 0.0
0.14 0.0
0.21 0.0
0.28 0.0
0.35 0.0
0.42 0.0
0.49 0.0
0.56 0.0
0.63 0.0
0.7 0.0
0.77 0.0
0.84 0.0
0.91 0.0
0.98 0.0
1.05 0.0
1.12 0.0
1.19 0.0
1.26 0.0
1.33 0.0
1.4 0.0
1.47 0.0
1.54 0.0
1.61 0.0
1.68 0.0
1.75 0.0
1.82 0.0
1.89 0.0
1.96 0.0
2.03 0.0
2.1 0.0
2.17 0.0
2.24 0.0
2.31 0.0
2.38 0.0
2.45 0.0
2.52 0.0
2.59 0.0
2.66 0.0
2.73 0.0
2.8 0.0
2.87 0.0
2.94 0.0
3.01 0.0
3.08 0.0
3.15 0.0
3.22 0.0
3.29 0.0
3.36 0.0
3.43 0.0
3.5 0.0
3.57 0.0
3.64 0.0
3.71 0.0
3.78 0.0
3.85 0.0
3.92 0.0
3.99 0.00669250627388
4.06 0.0247105311525
4.13 0.051937100064
4.2 0.0598477023063
4.27 0.0372431122685
4.34 0.0284957857335
4.41 0.02405498996
4.48 0.0335815016541
4.55 0.0578111845019
4.62 0.037515596651
4.69 0.0280959111496
4.76 0.0294469217207
4.83 0.0366955759996
4.9 0.0333214184017
4.97 0.0392906788756
5.04 0.0438967185087
5.11 0.0294533352054
5.18 0.0225035558346
5.25 0.0386656772643
5.32 0.0645506491463
5.39 0.0760987522111
5.46 0.0846226665849
5.53 0.0806626069018
5.6 0.0600374463105
5.67 0.0431153657893
5.74 0.152140834231
5.81 0.159493027876
5.88 0.107924118611
5.95 0.0885052599667
6.02 0.331827930451
6.09 0.109810078256
6.16 0.0678567952254
6.23 0.102665463033
6.3 0.0876906409521
6.37 0.0611931414803
6.44 0.19292776556
6.51 0.145787704592
6.58 0.0613113329779
6.65 0.144219262791
6.72 0.151139614175
6.79 0.0568249330796
6.86 0.050780969464
6.93 0.0420519616904
7.0 0.0506723881229
7.07 0.213947624486
7.14 0.250239737918
7.21 0.209437568449
7.28 0.152647978111
7.35 0.160863963696
7.42 0.14391939234
7.49 0.178848835453
7.56 0.192151744463
7.63 0.140474377581
7.7 0.0896097489233
7.77 0.28824121334
7.84 0.212951942258
7.91 0.0771772764815
7.98 0.105155322227
8.05 0.123699042807
8.12 0.0597200828808
8.19 0.0760585113592
8.26 0.193708432524
8.33 0.0707335409056
8.4 0.0721133550914
8.47 0.155839189787
8.54 0.117697176856
8.61 0.0526251863104
8.68 0.0448407984159
8.75 0.0411594409441
8.82 0.0714422448699
8.89 0.249743041487
8.96 0.246751955086
9.03 0.198002925654
9.1 0.190877707218
9.17 0.16212869386
9.24 0.136610798306
9.31 0.17331866514
9.38 0.167247499602
9.45 0.121489755105
9.52 0.0841110561885
9.59 0.284357879535
9.66 0.158739059307
9.73 0.0696787926611
9.8 0.129257209175
9.87 0.098592833122
9.94 0.055439708625
10.01 0.164710931403
10.08 0.17411949521
10.15 0.063318324008
10.22 0.268609349701
10.29 0.282282848213
10.36 0.140474645169
10.43 0.0986523690965
10.5 0.0870696915276
10.57 0.0828898997401
10.64 0.191918594586
10.71 0.30152667349
10.78 0.18497558932
10.85 0.0899199929727
10.92 0.0711972482205
10.99 0.0770186839627
11.06 0.130012781355
11.13 0.276629001324
11.2 0.20562464007
11.27 0.109087652484
11.34 0.0915485788155
11.41 0.0827931642117
11.48 0.0875636583672
11.55 0.0784629207246
11.62 0.0634454504575
11.69 0.0554818388989
11.76 0.049283184373
11.83 0.0467032985372
11.9 0.0393306578939
11.97 0.0531777693502
12.04 0.0398058571146
12.11 0.0339654542611
12.18 0.0363347366822
12.25 0.0308947397525
12.32 0.0476181633769
12.39 0.0499015077887
12.46 0.0389117663257
12.53 0.0454380590924
12.6 0.0606337852943
12.67 0.038568392173
12.74 0.057240462052
12.81 0.0997539299287
12.88 0.250224681047
12.95 0.233728334295
13.02 0.168829297794
13.09 0.260881017216
13.16 0.193724746772
13.23 0.0818393485061
13.3 0.139870271826
13.37 0.310150263985
13.44 0.117987136953
13.51 0.110840749318
13.58 0.380337971979
13.65 0.184458014297
13.72 0.0981953159997
13.79 0.331566572558
13.86 0.462972197437
13.93 0.162071210354
14.0 0.10674741633
14.07 0.0888582682533
14.14 0.0760573009782
14.21 0.227653042721
14.28 0.279611062618
14.35 0.256562295367
14.42 0.223958152384
14.49 0.198871775875
14.56 0.200203777134
14.63 0.226495298919
14.7 0.21843102145
14.77 0.217757097237
14.84 0.167526494338
14.91 0.131864840741
14.98 0.266376823068
15.05 0.094116169981
15.12 0.144878296057
15.19 0.219979692416
15.26 0.105056717417
15.33 0.0958677830909
15.4 0.240091648591
15.47 0.176152443254
15.54 0.106809711627
15.61 0.339304959261
15.68 0.410402537115
15.75 0.187512992893
15.82 0.110949751703
15.89 0.0871258044833
15.96 0.0915317984465
16.03 0.164907272079
16.1 0.186227658439
16.17 0.192860355395
16.24 0.187228622416
16.31 0.16909611487
16.38 0.182064841717
16.45 0.158573839425
16.52 0.290273929282
16.59 0.195940050892
16.66 0.166166630339
16.73 0.201632156179
16.8 0.4304807321
16.87 0.0979901564222
16.94 0.17142439012
17.01 0.200600924045
17.08 0.143674527087
17.15 0.123455494395
17.22 0.198952919356
17.29 0.162800357481
17.36 0.152114200095
17.43 0.436699273512
17.5 0.483371719802
17.57 0.20178602802
17.64 0.175780433329
17.71 0.0994904601031
17.78 0.169285093514
17.85 0.338267051809
17.92 0.26667962548
17.99 0.191762509147
18.06 0.162198880612
18.13 0.133623456221
18.2 0.118228650161
18.27 0.245540453871
18.34 0.299610859059
18.41 0.211237730113
18.48 0.137347753445
18.55 0.119864179869
18.62 0.134651457156
18.69 0.162643734948
18.76 0.0916006031388
18.83 0.078304763636
18.9 0.0954258635928
18.97 0.124542351304
19.04 0.101949453623
19.11 0.142328928703
19.18 0.248029804744
19.25 0.269901577189
19.32 0.187045317792
19.39 0.181948227935
19.46 0.175860013481
19.53 0.137061858003
19.6 0.227604754082
19.67 0.271984042475
19.74 0.259250024039
19.81 0.198994627627
19.88 0.218331587021
19.95 0.199351113601
20.02 0.211414900349
20.09 0.249538085238
20.16 0.194736873685
20.23 0.150790073984
20.3 0.177246615199
20.37 0.353723069387
20.44 0.133711887884
20.51 0.15587578511
20.58 0.254532203516
20.65 0.152688613152
20.72 0.165034441688
20.79 0.196918760931
20.86 0.170800564362
20.93 0.111278653075
21.0 0.252220547506
21.07 0.232737483042
21.14 0.130195112495
21.21 0.143334951919
21.28 0.120667302183
21.35 0.0757419027392
21.42 0.161560175416
21.49 0.31758005245
21.56 0.284939326613
21.63 0.338006288556
21.7 0.245777738418
21.77 0.200279639825
21.84 0.220063480129
21.91 0.26709982238
21.98 0.240758372859
22.05 0.231828760262
22.12 0.190380320236
22.19 0.403115902577
22.26 0.176247690263
22.33 0.203002203876
22.4 0.20268874685
22.47 0.204920607869
22.54 0.1418784272
22.61 0.242383222059
22.68 0.277426166683
22.75 0.12032312047
22.82 0.255648302347
22.89 0.389206907276
22.96 0.168218885973
23.03 0.189001968674
23.1 0.095540508348
23.17 0.0933352315918
23.24 0.164582919707
23.31 0.240871695978
23.38 0.290453137601
23.45 0.287611647384
23.52 0.240189257857
23.59 0.219282145632
23.66 0.183731138313
23.73 0.316321131539
23.8 0.241420022544
23.87 0.219770611089
23.94 0.220860785516
24.01 0.451262592911
24.08 0.184921284263
24.15 0.275979365294
24.22 0.199916020084
24.29 0.195258762729
24.36 0.197991727232
24.43 0.214756896532
24.5 0.263501586048
24.57 0.150953159875
24.64 0.418580068647
24.71 0.369683281621
24.78 0.257283544326
24.85 0.237506520328
24.92 0.176308148889
24.99 0.116760490631
25.06 0.367309500074
25.13 0.61200030965
25.2 0.41184544265
25.27 0.268405862789
25.34 0.186427375138
25.41 0.211330696388
25.48 0.273174264194
25.55 0.51316083119
25.62 0.451694739206
25.69 0.274042903414
25.76 0.216284880725
25.83 0.226544771084
25.9 0.219411517329
25.97 0.233713602558
26.04 0.179774955301
26.11 0.155944731748
26.18 0.149078193405
26.25 0.135292316485
26.32 0.169972356855
26.39 0.186465881942
26.46 0.151605441095
26.53 0.127111585403
26.6 0.18795239572
26.67 0.192131924714
26.74 0.0877078519559
26.81 0.254084360632
26.88 0.213639510592
26.95 0.221977308268
27.02 0.168617839823
27.09 0.17716396114
27.16 0.156120853691
27.23 0.155387914293
27.3 0.336207577048
27.37 0.297965144695
27.44 0.248327283206
27.51 0.279003068682
27.58 0.378035897353
27.65 0.17072521383
27.72 0.276444587024
27.79 0.248074840124
27.86 0.215623216654
27.93 0.205282202955
28.0 0.274758333529
28.07 0.369865607006
28.14 0.199478294719
28.21 0.213425969462
28.28 0.315178387063
28.35 0.185952294846
28.42 0.190543696733
28.49 0.15895158763
28.56 0.0980928872688
28.63 0.0777267405363
28.7 0.338424810872
28.77 0.356028821193
28.84 0.326426486362
28.91 0.344276975138
28.98 0.260541516858
29.05 0.303994267237
29.12 0.293867673201
29.19 0.303452935369
29.26 0.2525853431
29.33 0.213473619342
29.4 0.341489698864
29.47 0.415902705901
29.54 0.186548663561
29.61 0.327052041372
29.68 0.282512147315
29.75 0.236663182099
29.82 0.221099022446
29.89 0.286877584883
29.96 0.229585096589
30.03 0.227256838603
30.1 0.280393026283
30.17 0.309286835542
30.24 0.202800549799
30.31 0.316965758203
30.38 0.173674445218
30.45 0.124702016093
30.52 0.353091880638
30.59 0.331847124868
30.66 0.354636969375
30.73 0.284108039443
30.8 0.23810247855
30.87 0.220758445981
30.94 0.183037011671
31.01 0.405342203709
31.08 0.261841971484
31.15 0.224516455481
31.22 0.174430730966
31.29 0.414954031917
31.36 0.328490367216
31.43 0.279232324624
31.5 0.401336660747
31.57 0.256876429516
31.64 0.140444405786
31.71 0.115927296776
31.78 0.181192131129
31.85 0.142465707509
31.92 0.452810706641
31.99 0.5566227726
32.06 0.506354704477
32.13 0.432195573414
32.2 0.31131603831
32.27 0.232665204498
32.34 0.321626814543
32.41 0.719127190011
32.48 0.728480152061
32.55 0.723035762465
32.62 0.599353296699
32.69 0.356747768318
32.76 0.229183260651
32.83 0.313446581233
32.9 0.563916934135
32.97 0.429612395956
33.04 0.290159189576
33.11 0.217561954473
33.18 0.152395973336
33.25 0.143250706717
33.32 0.623338275422
33.39 0.542682038845
33.46 0.299477616445
33.53 0.233427881672
33.6 0.153714589431
33.67 0.106073996601
33.74 0.33566383305
33.81 0.536438604059
33.88 0.327762207001
33.95 0.237201332641
34.02 0.146842167984
34.09 0.103879713979
34.16 0.165072905333
34.23 0.654621520617
34.3 0.410753828617
34.37 0.218668961061
34.44 0.163938683396
34.51 0.137579189416
34.58 0.115392206715
34.65 0.474817756905
34.72 0.537701084181
34.79 0.344833781084
34.86 0.216674347183
34.93 0.166041177514
35.0 0.127883505399
35.07 0.228738724735
35.14 0.348294413785
35.21 0.311786596458
35.28 0.199137272273
35.35 0.249844792136
35.42 0.400470927592
35.49 0.337471063262
35.56 0.357466225345
35.63 0.236310768453
35.7 0.157592052601
35.77 0.0970165957773
35.84 0.0689157682941
35.91 0.0545888059946
35.98 0.375688715414
36.05 0.883098382015
36.12 0.596774263501
36.19 0.445888537768
36.26 0.292781949945
36.33 0.297704035208
36.4 0.230008289709
36.47 0.149016461097
36.54 0.138141429608
36.61 0.0779764962273
36.68 0.0665421737709
36.75 0.0584948934275
36.82 0.0696007672058
36.89 0.0437597776149
36.96 0.041383095757
37.03 0.0545021659259
37.1 0.0457598516342
37.17 0.0283097342545
37.24 0.0248277779391
37.31 0.0203580490727
37.38 0.160757665007
37.45 0.197448420583
37.52 0.201107421493
37.59 0.190882705074
37.66 0.170761405372
37.73 0.191301090239
37.8 0.200236680891
37.87 0.231454299843
37.94 0.152264258564
38.01 0.17991075391
38.08 0.190520777181
38.15 0.179667897966
38.22 0.337847318153
38.29 0.450676657257
38.36 0.497663153296
38.43 0.468427247402
38.5 0.346858028195
38.57 0.2992651121
38.64 0.231682793302
38.71 0.224734696188
38.78 0.185971069178
38.85 0.167122525367
38.92 0.146775493447
38.99 0.112139319317
39.06 0.171588140665
39.13 0.121973989983
39.2 0.119483770168
39.27 0.109323901206
39.34 0.0844451136685
39.41 0.0824420990564
39.48 0.0604503224194
39.55 0.05810539436
39.62 0.109211714617
39.69 0.111498811977
39.76 0.0977276591215
39.83 0.0884705799618
39.9 0.0695881042421
39.97 0.0921592994657
40.04 0.129191912861
40.11 0.148075650753
40.18 0.125002455289
40.25 0.0834950585841
40.32 0.113442214846
40.39 0.116441515918
40.46 0.115620780738
40.53 0.128720059931
40.6 0.161774048394
40.67 0.184534162798
40.74 0.219830181591
40.81 0.20179546458
40.88 0.199194566837
40.95 0.198857555337
41.02 0.200564453405
41.09 0.16331935101
41.16 0.118904095503
41.23 0.119900928647
41.3 0.103022507201
41.37 0.0830464148538
41.44 0.0988717962078
41.51 0.120620145279
41.58 0.12289969646
41.65 0.120707246673
41.72 0.126600865049
41.79 0.126305562779
41.86 0.116979300084
41.93 0.120640978794
42.0 0.119636930359
42.07 0.126195463187
42.14 0.124939240217
42.21 0.122252756454
42.28 0.119999244768
42.35 0.107437099473
42.42 0.0994516262472
42.49 0.10389632267
42.56 0.108659749236
42.63 0.115044428387
42.7 0.233917030006
42.77 0.263872125677
42.84 0.300118584152
42.91 0.294835379515
42.98 0.100647455809
43.05 0.155897252588
43.12 0.256126157308
43.19 0.173579848477
43.26 0.145070187481
43.33 0.263269377045
43.4 0.329353226915
43.47 0.258957297905
43.54 0.223360127306
43.61 0.315543829089
43.68 0.391158364645
43.75 0.454922946149
43.82 0.417435851956
43.89 0.322253262474
43.96 0.324069288569
44.03 0.22386971113
44.1 0.193152301783
44.17 0.120277169152
44.24 0.135031166716
44.31 0.404807737061
44.38 0.394930365458
44.45 0.326558755492
44.52 0.219384443926
44.59 0.231770429873
44.66 0.147209280758
44.73 0.104596805251
44.8 0.0609667983172
44.87 0.0932184921677
44.94 0.215434242805
45.01 0.332052331442
45.08 0.308220917648
45.15 0.210423225231
45.22 0.194458323011
45.29 0.257690498008
45.36 0.322309578758
45.43 0.232280321567
45.5 0.300699366575
45.57 0.409650888603
45.64 0.159315034733
45.71 0.186581176006
45.78 0.208849690623
45.85 0.170438071561
45.92 0.168384039678
45.99 0.168264246487
46.06 0.167996757084
46.13 0.166649678813
46.2 0.180734069061
46.27 0.177752466216
46.34 0.163373629212
46.41 0.175662726175
46.48 0.167114719273
46.55 0.164095142882
46.62 0.1343462992
46.69 0.147938625459
46.76 0.145729572736
46.83 0.141505176203
46.9 0.1205892633
46.97 0.101796166831
47.04 0.0881304370084
47.11 0.0834292568259
47.18 0.0834742221919
47.25 0.0806396604952
47.32 0.0870586945161
47.39 0.0849949815034
47.46 0.0986950239968
47.53 0.100649513073
47.6 0.476617829373
47.67 0.576509863581
47.74 0.564719137633
47.81 0.499653266129
47.88 0.280168653106
47.95 0.195144677127
48.02 0.262096608022
48.09 0.315804057165
48.16 0.219284418693
48.23 0.274376679878
48.3 0.203710438841
48.37 0.16714157592
48.44 0.230640802013
48.51 0.265989893422
48.58 0.202338416363
48.65 0.239560963664
48.72 0.166366739309
48.79 0.13537263706
48.86 0.149111273635
48.93 0.135025204007
49.0 0.149406427245
49.07 0.152064065193
49.14 0.143362501034
49.21 0.118844156707
49.28 0.112506951922
49.35 0.227093076549
49.42 0.302544549233
49.49 0.30986059929
49.56 0.216116265638
49.63 0.152108180799
49.7 0.13512267804
49.77 0.174709573206
49.84 0.206299636554
49.91 0.188674630631
49.98 0.144171036494
50.05 0.186133780061
50.12 0.181848793506
50.19 0.17822267717
50.26 0.186796992115
50.33 0.232756800223
50.4 0.204921411593
50.47 0.175786822836
50.54 0.174066183778
50.61 0.171182339818
50.68 0.194619052399
50.75 0.178695994642
50.82 0.196796427092
50.89 0.160523093747
50.96 0.165872299634
51.03 0.131872402265
51.1 0.141749208959
51.17 0.140809583101
51.24 0.126472493691
51.31 0.116576154018
51.38 0.110199446886
51.45 0.106682708902
51.52 0.0921710580005
51.59 0.0760986102647
51.66 0.0704033783203
51.73 0.0635686887259
51.8 0.0430644156552
51.87 0.0301765560689
51.94 0.023939481058
52.01 0.0298682685783
52.08 0.0345463613669
52.15 0.0329079179203
52.22 0.192734377944
52.29 0.316977845708
52.36 0.455795384353
52.43 0.0977626182237
52.5 0.202715339745
52.57 0.315432350314
52.64 0.233466488222
52.71 0.214116486061
52.78 0.352385541808
52.85 0.753095030506
52.92 0.576430393725
52.99 0.354070516827
53.06 0.570077657315
53.13 0.770550567746
53.2 0.78901940871
53.27 0.771057555293
53.34 0.579807425738
53.41 0.256616432582
53.48 0.2364421696
53.55 0.163081819975
53.62 0.158370496378
53.69 0.452083761602
53.76 0.560352666157
53.83 0.253941122304
53.9 0.197815973582
53.97 0.166064684993
54.04 0.281100008667
54.11 0.22174336234
54.18 0.161080503924
54.25 0.315387725428
54.32 0.39261501021
54.39 0.217767187901
54.46 0.21482947815
54.53 0.203727625868
54.6 0.183254207921
54.67 0.109163789477
54.74 0.250567758839
54.81 0.537851814019
54.88 0.565215108027
54.95 0.519502797894
55.02 0.523903663564
55.09 0.524332029096
55.16 0.529413743662
55.23 0.43652787992
55.3 0.346856319083
55.37 0.293171486418
55.44 0.297162814596
55.51 0.267141250594
55.58 0.296290807985
55.65 0.214680232036
55.72 0.212881323913
55.79 0.206760893375
55.86 0.283119840094
55.93 0.33678414232
56.0 0.37254602256
56.07 0.444198679984
56.14 0.245555850263
56.21 0.148957325066
56.28 0.12886006706
56.35 0.144414661634
56.42 0.199723797772
56.49 0.168148591802
56.56 0.175582966672
56.63 0.157142206162
56.7 0.14751426128
56.77 0.146559905603
56.84 0.151450428887
56.91 0.13825610985
56.98 0.146248862626
57.05 0.132591651506
57.12 0.112767279744
57.19 0.111405815011
57.26 0.128508505092
57.33 0.159964747491
57.4 0.16752393163
57.47 0.182489203018
57.54 0.187915434981
57.61 0.187635249046
57.68 0.182031429639
57.75 0.180538969457
57.82 0.172480580847
57.89 0.536497621162
57.96 0.610115607382
58.03 0.300682989986
58.1 0.283258689592
58.17 0.189831511245
58.24 0.67623304964
58.31 0.716828084751
58.38 0.700947658875
58.45 0.46421213781
58.52 0.337478738919
58.59 0.278843255232
58.66 0.203898214777
58.73 0.32445769906
58.8 0.383971140558
58.87 0.356432144691
58.94 0.310501827871
59.01 0.226479747153
59.08 0.248218270271
59.15 0.241390030607
59.22 0.188257311983
59.29 0.166777458408
59.36 0.28399143717
59.43 0.315864306708
59.5 0.314332558058
59.57 0.133968365889
59.64 0.142822933906
59.71 0.465155688295
59.78 0.559526491937
59.85 0.518604754665
59.92 0.549987054486
59.99 0.468936587614
60.06 0.595944543497
60.13 0.46387659181
60.2 0.452312474695
60.27 0.352714989866
60.34 0.256154483293
60.41 0.193654014294
60.48 0.376107235812
60.55 0.625478931069
60.62 0.657743616853
60.69 0.609851589912
60.76 0.682491753258
60.83 0.630248422008
60.9 0.664166426841
60.97 0.647518179194
61.04 0.26780087946
61.11 0.2153289598
61.18 0.155332514906
61.25 0.252296742044
61.32 0.300593714318
61.39 0.318174953747
61.46 0.321923167984
61.53 0.267372845775
61.6 0.213118307303
61.67 0.271310713861
61.74 0.18698841454
61.81 0.225799617579
61.88 0.447048691782
61.95 0.380655126325
62.02 0.315244266508
62.09 0.332778886128
62.16 0.365133362616
62.23 0.26096074411
62.3 0.30729748615
62.37 0.497977288403
62.44 0.490023124914
62.51 0.343927493452
62.58 0.345676715532
62.65 0.54644911757
62.72 0.349822517865
62.79 0.547842093451
62.86 0.419891244065
62.93 0.37821380034
63.0 0.610227218512
63.07 0.454793263705
63.14 0.589336813765
63.21 0.307557949205
63.28 0.268117386416
63.35 0.287293797692
63.42 0.280822835257
63.49 0.206722747192
63.56 0.216366346463
63.63 0.400487827849
63.7 0.12132775779
63.77 0.192425364417
63.84 0.182068455596
63.91 0.133184742986
63.98 0.172243059403
64.05 0.21329848431
64.12 0.216317271364
64.19 0.166920103054
64.26 0.235214292756
64.33 0.230252565118
64.4 0.229181605249
64.47 0.264198776047
64.54 0.304635420049
64.61 0.25879199554
64.68 0.264301111746
64.75 0.244198302483
64.82 0.225851172904
64.89 0.233300337056
64.96 0.204651590624
65.03 0.20083302467
65.1 0.231475114176
65.17 0.730752670181
65.24 0.628185080166
65.31 0.634000708574
65.38 0.602644762832
65.45 0.574493977881
65.52 0.395035860424
65.59 0.276907886723
65.66 0.275988106509
65.73 0.275158844953
65.8 0.220820015242
65.87 0.439602260099
65.94 0.35597754017
66.01 0.336721744398
66.08 0.195034041399
66.15 0.231274706926
66.22 0.194262382278
66.29 0.431939089654
66.36 0.705968828496
66.43 0.61640839061
66.5 0.621956418358
66.57 0.582605697105
66.64 0.379619456447
66.71 0.247422984743
66.78 0.255392452551
66.85 0.193748275351
66.92 0.5985703279
66.99 0.713525410604
67.06 0.485116396719
67.13 0.584711326513
67.2 0.442553356932
67.27 0.403789888173
67.34 0.365565830209
67.41 0.368571817148
67.48 0.319862170176
67.55 0.179058931505
67.62 0.29290491583
67.69 0.441043585041
67.76 0.34419130088
67.83 0.268484855015
67.9 0.213193364352
67.97 0.167022855001
68.04 0.208968792304
68.11 0.31805563531
68.18 0.291711657609
68.25 0.22529509779
68.32 0.346428758233
68.39 0.528148294175
68.46 0.470291079709
68.53 0.405594245888
68.6 0.255706824555
68.67 0.257269911715
68.74 0.569912354951
68.81 0.693349252446
68.88 0.476896383883
68.95 0.28606851137
69.02 0.305428624336
69.09 0.161510498964
69.16 0.120797467053
69.23 0.22768035398
69.3 0.134248839553
69.37 0.0817413901284
69.44 0.259489068529
69.51 0.112472283426
69.58 0.0793341888304
69.65 0.186190801282
69.72 0.176922510274
69.79 0.161953182862
69.86 0.269700544608
69.93 0.123016598931
70.0 0.159575502584
70.07 0.186243252404
70.14 0.18362989119
70.21 0.103300547635
70.28 0.0682420617959
70.35 0.229602617382
70.42 0.312036375167
70.49 0.336665781062
70.56 0.463898676947
70.63 0.553543990163
70.7 0.318108184259
70.77 0.267565694378
70.84 0.476785482486
70.91 0.746819245363
70.98 0.305312612867
71.05 0.227564697377
71.12 0.323621687377
71.19 0.288505564576
71.26 0.275119161337
71.33 0.20544594295
71.4 0.224649172509
71.47 0.289828095707
71.54 0.390282832392
71.61 0.630813123245
71.68 0.5101207234
71.75 0.386319364076
71.82 0.597868399959
71.89 0.750772684397
71.96 0.663676272414
72.03 0.815417471835
72.1 0.647822257205
72.17 0.544381497195
72.24 0.302272709364
72.31 0.367329436832
72.38 0.250294798744
72.45 0.316340824688
72.52 0.315943935774
72.59 0.41905924045
72.66 0.355530695707
72.73 0.363604752133
72.8 0.28631424077
72.87 0.325941765221
72.94 0.3385987173
73.01 0.480094900046
73.08 0.408428892944
73.15 0.334799671857
73.22 0.291981884276
73.29 0.441392394399
73.36 0.498936810739
73.43 0.467340816332
73.5 0.251470848839
73.57 0.241946855735
73.64 0.203200469461
73.71 0.462489924873
73.78 0.729410154336
73.85 0.643936782695
73.92 0.615844369374
73.99 0.48246195832
74.06 0.322728541299
74.13 0.253386064793
74.2 0.23016368172
74.27 0.314878254778
74.34 0.48344871231
74.41 0.507676295693
74.48 0.521315825851
74.55 0.500297421875
74.62 0.492810981442
74.69 0.374689294625
74.76 0.343911563803
74.83 0.296827994634
74.9 0.214307661039
74.97 0.377246539047
75.04 0.363366083609
75.11 0.275519698657
75.18 0.171082760565
75.25 0.163897316563
75.32 0.195587769602
75.39 0.294238150489
75.46 0.28994745059
75.53 0.266725031072
75.6 0.544547751943
75.67 0.493118429722
75.74 0.545121292221
75.81 0.350855750676
75.88 0.200683309557
75.95 0.325583807992
76.02 0.391907423594
76.09 0.326034206871
76.16 0.238564721323
76.23 0.230183586829
76.3 0.158521661646
76.37 0.0954303675145
76.44 0.217336915683
76.51 0.125108662864
76.58 0.0882666336425
76.65 0.201590537104
76.72 0.122821788974
76.79 0.0799177229041
76.86 0.159653121382
76.93 0.186511826546
77.0 0.156063304008
77.07 0.226470160974
77.14 0.33228319579
77.21 0.28255497773
77.28 0.163072285587
77.35 0.253317542075
77.42 0.210362765645
77.49 0.223573615686
77.56 0.470440618348
77.63 0.476648722861
77.7 0.290624329783
77.77 0.386389362845
77.84 0.81167056293
77.91 0.474135306315
77.98 0.742533826255
78.05 0.610739530009
78.12 0.584726194442
78.19 0.615924275619
78.26 0.489506500356
78.33 0.75015955833
78.4 0.429851365637
78.47 0.598357121495
78.54 0.543644146908
78.61 0.391818552665
78.68 0.423994393416
78.75 0.323005465344
78.82 0.389398748826
78.89 0.411766332455
78.96 0.418633298556
79.03 0.359565462368
79.1 0.413077354417
79.17 0.314994572199
79.24 0.353494632515
79.31 0.368197328915
79.38 0.334839142553
79.45 0.370417365222
79.52 0.407215798669
79.59 0.464031379589
79.66 0.574121333033
79.73 0.638594946512
79.8 0.499194549957
79.87 0.385686652281
79.94 0.615795487054
80.01 0.46236909298
80.08 0.193399541762
80.15 0.285275974615
80.22 0.23797431148
80.29 0.242694612229
80.36 0.29536770258
80.43 0.670942621082
80.5 0.7282128305
80.57 0.738161376725
80.64 0.657037439152
80.71 0.554129181557
80.78 0.623707544247
80.85 0.459388816566
80.92 0.359241784241
80.99 0.3692700142
81.06 0.315929486971
81.13 0.365973638447
81.2 0.365115657677
81.27 0.29839171192
81.34 0.372613147873
81.41 0.605222120487
81.48 0.531263929931
81.55 0.534446912552
81.62 0.439327472923
81.69 0.444927895207
81.76 0.507406749985
81.83 0.471132321351
81.9 0.54022609046
81.97 0.414142438855
82.04 0.483330762505
82.11 0.435900648407
82.18 0.343377347479
82.25 0.426278358363
82.32 0.582402547796
82.39 0.476566004542
82.46 0.473848690591
82.53 0.458058699933
82.6 0.371778820364
82.67 0.439553488075
82.74 0.386604446204
82.81 0.364442276313
82.88 0.384224353795
82.95 0.287111878005
83.02 0.224895661514
83.09 0.192913225642
83.16 0.832889626397
83.23 1.0
83.3 0.654577933474
83.37 0.245398068181
83.44 0.264875754986
83.51 0.400888230895
83.58 0.22267426233
83.65 0.398204376018
83.72 0.640313529265
83.79 0.394631982567
83.86 0.245769606231
83.93 0.635882048246
84.0 0.744403497548
84.07 0.623176428685
84.14 0.540480283895
84.21 0.458925666487
84.28 0.325953001048
84.35 0.496289388138
84.42 0.597382688071
84.49 0.367541494239
84.56 0.278511608923
84.63 0.800633049782
84.7 0.816097730887
84.77 0.682272224482
84.84 0.788921366891
84.91 0.628899524329
84.98 0.710426529322
85.05 0.658404524196
85.12 0.533098740909
85.19 0.369098116122
85.26 0.304774098827
85.33 0.39093377663
85.4 0.404870047704
85.47 0.445588193523
85.54 0.533445476698
85.61 0.343997255324
85.68 0.322460291332
85.75 0.346851305881
85.82 0.321369668047
85.89 0.340392355183
85.96 0.707732420733
86.03 0.610323010289
86.1 0.514836674642
86.17 0.403149451806
86.24 0.650069269087
86.31 0.733212540316
86.38 0.636498801619
86.45 0.608912261373
86.52 0.475993744659
86.59 0.398353908902
86.66 0.500125014517
86.73 0.399406268035
86.8 0.314993947827
86.87 0.361504833191
86.94 0.578948410102
87.01 0.573279743239
87.08 0.468590827227
87.15 0.429622278496
87.22 0.261078583619
87.29 0.440769138345
87.36 0.431660732718
87.43 0.317879910433
87.5 0.543866523243
87.57 0.652845767983
87.64 0.749559921969
87.71 0.624907652342
87.78 0.58761102915
87.85 0.528900633238
87.92 0.402785544336
87.99 0.570745907508
88.06 0.547233458838
88.13 0.555416124419
88.2 0.448610763257
88.27 0.268335923485
88.34 0.225638923678
88.41 0.193207657052
88.48 0.174687399832
88.55 0.31299250038
88.62 0.441800224696
88.69 0.624777778079
88.76 0.554146578626
88.83 0.534919518373
88.9 0.537044121606
88.97 0.570597242607
89.04 0.430413282613
89.11 0.60269942851
89.18 0.486616641895
89.25 0.295521047877
89.32 0.307290826178
89.39 0.492400971116
89.46 0.397762280046
89.53 0.286327667175
89.6 0.255549973758
89.67 0.212432299421
89.74 0.283078256506
89.81 0.247173087105
89.88 0.28023802942
89.95 0.553288482765
90.02 0.626778500448
90.09 0.570978933662
90.16 0.387977844028
90.23 0.19704694047
90.3 0.455823525232
90.37 0.342524296471
90.44 0.280337868588
90.51 0.230300889243
90.58 0.236211642854
90.65 0.157191703264
90.72 0.121283716994
90.79 0.234755448065
90.86 0.115533194041
90.93 0.0893636867166
91.0 0.131835186407
91.07 0.139817807277
91.14 0.132194481577
91.21 0.310116514305
91.28 0.191454682024
91.35 0.300570858066
91.42 0.216228680491
91.49 0.118649237413
91.56 0.138651479553
91.63 0.0760208188292
91.7 0.245846499951
91.77 0.163443760336
91.84 0.216106976779
91.91 0.342105440389
91.98 0.222834975413
92.05 0.2353580231
92.12 0.294987230538
92.19 0.286823392999
92.26 0.229762556473
92.33 0.238277713328
92.4 0.193539460653
92.47 0.152596177257
92.54 0.12789237801
92.61 0.347448354597
92.68 0.191064185495
92.75 0.150573162586
92.82 0.133625079014
92.89 0.170498933008
92.96 0.15146958494
93.03 0.153289030218
93.1 0.411776471074
93.17 0.326475011897
93.24 0.290039171957
93.31 0.384183747527
93.38 0.19622271034
93.45 0.185859249924
93.52 0.198080044762
93.59 0.456940618647
93.66 0.289643034017
93.73 0.36043420517
93.8 0.332538687843
93.87 0.251153156439
93.94 0.25466790046
94.01 0.473067968958
94.08 0.411511066749
94.15 0.322391487599
94.22 0.334739586319
94.29 0.301643680502
94.36 0.293657127332
94.43 0.236709771217
94.5 0.298447315595
94.57 0.187417438014
94.64 0.143434744091
94.71 0.26835055068
94.78 0.199521025388
94.85 0.18620576608
94.92 0.325103823834
94.99 0.330659837987
95.06 0.322680992125
95.13 0.292746021196
95.2 0.315849045549
95.27 0.188221177027
95.34 0.33822486303
95.41 0.312547295014
95.48 0.299647822675
95.55 0.179803569974
95.62 0.142787515396
95.69 0.296754860575
95.76 0.194358829118
95.83 0.178607260863
95.9 0.484384932413
95.97 0.236314515647
96.04 0.291592721851
96.11 0.322069683548
96.18 0.179377327883
96.25 0.208392951151
96.32 0.179860058896
96.39 0.361573791339
96.46 0.201130268154
96.53 0.261046271626
96.6 0.275469705702
96.67 0.193205375359
96.74 0.26958379847
96.81 0.254338649976
96.88 0.384940179058
96.95 0.282137104723
97.02 0.24586686159
97.09 0.265881415664
97.16 0.289419243012
97.23 0.269442054416
97.3 0.322136280398
97.37 0.303808899594
97.44 0.312820544756
97.51 0.320300212043
97.58 0.292668870437
97.65 0.36339942855
97.72 0.278097602038
97.79 0.418108865986
97.86 0.42721964442
97.93 0.38784715549
98.0 0.344864002244
98.07 0.224809289034
98.14 0.251554837962
98.21 0.209387288724
98.28 0.349767364966
98.35 0.200217357954
98.42 0.244853097498
98.49 0.294626448767
98.56 0.213771983051
98.63 0.252663413633
98.7 0.233035398852
98.77 0.417163574739
98.84 0.2988635543
98.91 0.287436724313
98.98 0.346870856124
99.05 0.177097164797
99.12 0.205186157018
99.19 0.163713530473
99.26 0.358851585032
99.33 0.406108240601
99.4 0.423535584211
99.47 0.375377752042
99.54 0.298984457166
99.61 0.29485415193
99.68 0.327698685018
99.75 0.35706819031
99.82 0.272551796518
99.89 0.212847414063
99.96 0.301812098015
100.03 0.335586084774
100.1 0.354400598848
100.17 0.478715145324
100.24 0.344780104235
100.31 0.436252013759
100.38 0.39466537834
100.45 0.417552642212
100.52 0.383905029011
100.59 0.407770482132
100.66 0.404996512376
100.73 0.339225164271
100.8 0.305548039642
100.87 0.31941464859
100.94 0.308347843647
101.01 0.321087110264
101.08 0.291830508006
101.15 0.392020661353
101.22 0.280408181941
101.29 0.214198453407
101.36 0.277299612815
101.43 0.212361563106
101.5 0.216511034946
101.57 0.321142950836
101.64 0.376079625314
101.71 0.288104081586
101.78 0.220061039226
101.85 0.315084428121
101.92 0.259757259033
101.99 0.279198944196
102.06 0.33520912111
102.13 0.312693135373
102.2 0.266236511906
102.27 0.274163114771
102.34 0.297455131196
102.41 0.300748206695
102.48 0.227564552553
102.55 0.514907509744
102.62 0.545682906123
102.69 0.518736659338
102.76 0.461661458409
102.83 0.355609040542
102.9 0.351312476721
102.97 0.432397013611
103.04 0.540049122593
103.11 0.502267144297
103.18 0.531426805779
103.25 0.423773964047
103.32 0.383127285376
103.39 0.272004347527
103.46 0.679515807169
103.53 0.590578820992
103.6 0.574979200629
103.67 0.505428430214
103.74 0.445649440527
103.81 0.421768144075
103.88 0.655376561457
103.95 0.65217020755
104.02 0.590362360369
104.09 0.621079507882
104.16 0.457643705178
104.23 0.437214418183
104.3 0.487930132574
104.37 0.721215400291
104.44 0.634659428215
104.51 0.639234269367
104.58 0.610881061143
104.65 0.58019992678
104.72 0.501531505998
104.79 0.780676298593
104.86 0.647446986349
104.93 0.627173875906
105.0 0.656833433368
105.07 0.543428648259
105.14 0.428924593602
105.21 0.426151625144
105.28 0.373479471831
105.35 0.33683622323
105.42 0.45657759067
105.49 0.354973389112
105.56 0.364687408195
105.63 0.633718889295
105.7 0.606030466045
105.77 0.482480829522
105.84 0.411043196951
105.91 0.234571651424
105.98 0.390834575262
106.05 0.725161023639
106.12 0.668597252797
106.19 0.502133870992
106.26 0.39442314581
106.33 0.526351888337
106.4 0.413510036847
106.47 0.503161514183
106.54 0.460597177695
106.61 0.40992742805
106.68 0.43953921095
106.75 0.488113015195
106.82 0.250104112906
106.89 0.61694233359
106.96 0.587575650922
107.03 0.557541880487
107.1 0.498515285489
107.17 0.356680373499
107.24 0.241879111804
107.31 0.408848719633
107.38 0.434740630585
107.45 0.2875121861
107.52 0.286642363355
107.59 0.447551297212
107.66 0.469326305356
107.73 0.732537774974
107.8 0.544462750013
107.87 0.303296081694
107.94 0.438256002814
108.01 0.526788911643
108.08 0.410978262217
108.15 0.447086247161
108.22 0.299079051989
108.29 0.267237466292
108.36 0.227494783009
108.43 0.191795557728
108.5 0.152446604091
108.57 0.221543642763
108.64 0.523280807453
108.71 0.417541461054
108.78 0.508138095363
108.85 0.442164183957
108.92 0.439047587185
108.99 0.404023634609
109.06 0.504117364134
109.13 0.413965692539
109.2 0.263522233498
109.27 0.269513065033
109.34 0.242793944994
109.41 0.240580416163
109.48 0.261622773597
109.55 0.211484582616
109.62 0.20188862747
109.69 0.295836131532
109.76 0.230554034384
109.83 0.141605245554
109.9 0.561438476691
109.97 0.672703107761
110.04 0.585828993469
110.11 0.382469050079
110.18 0.213838242298
110.25 0.248876957303
110.32 0.775170735844
110.39 0.730614620571
110.46 0.624679017896
110.53 0.45395457518
110.6 0.239861884327
110.67 0.167309174364
110.74 0.400448105868
110.81 0.345845179082
110.88 0.327227140917
110.95 0.227945272042
111.02 0.179106482598
111.09 0.12069551883
111.16 0.347694709328
111.23 0.587920197092
111.3 0.452816874597
111.37 0.285301024322
111.44 0.230723450318
111.51 0.157834787698
111.58 0.108567537771
111.65 0.355242641336
111.72 0.408646726036
111.79 0.296426400388
111.86 0.195654393306
111.93 0.157699535775
112.0 0.116073952368
112.07 0.31324475452
112.14 0.406150048618
112.21 0.286301674675
112.28 0.228007492531
112.35 0.181566735413
112.42 0.139181625467
112.49 0.0960677462784
112.56 0.443866458217
112.63 0.574265705973
112.7 0.336362559524
112.77 0.198175716651
112.84 0.167132561363
112.91 0.138436085446
112.98 0.319431554601
113.05 0.59137248085
113.12 0.567046080697
113.19 0.435824200667
113.26 0.60814913726
113.33 0.288169447914
113.4 0.26021065605
113.47 0.435563524692
113.54 0.27656442721
113.61 0.244885730789
113.68 0.307844918837
113.75 0.372563012971
113.82 0.298382003936
113.89 0.560131236451
113.96 0.457427567771
114.03 0.422120011036
114.1 0.511058850189
114.17 0.413316508245
114.24 0.313830190484
114.31 0.490850087513
114.38 0.774419958192
114.45 0.410214773647
114.52 0.447641486901
114.59 0.428483976558
114.66 0.297016848595
114.73 0.361593324318
114.8 0.700403400802
114.87 0.5649966755
114.94 0.363364968178
115.01 0.705297214749
115.08 0.682363958318
115.15 0.632652938793
115.22 0.554361160377
115.29 0.472184775434
115.36 0.368229619808
115.43 0.571360762827
115.5 0.402794534915
115.57 0.272355433783
115.64 0.569723973824
115.71 0.597929974016
115.78 0.529795441431
115.85 0.535275637013
115.92 0.504741837283
115.99 0.377575886399
116.06 0.340870430737
116.13 0.410715037921
116.2 0.27326659267
116.27 0.252380036781
116.34 0.592954646376
116.41 0.552838265156
116.48 0.637165609329
116.55 0.634526676659
116.62 0.446074343718
116.69 0.493249862519
116.76 0.739363316697
116.83 0.678563760998
116.9 0.491332539428
116.97 0.454386079839
117.04 0.299582433329
117.11 0.232390994699
117.18 0.254057837751
117.25 0.215164595433
117.32 0.154532173016
117.39 0.311702833682
117.46 0.621475100096
117.53 0.52550512613
117.6 0.497525847945
117.67 0.458983727369
117.74 0.503114998915
117.81 0.498624564094
117.88 0.533360244585
117.95 0.538280334925
118.02 0.320973037131
118.09 0.382690666809
118.16 0.480210591177
118.23 0.454879707158
118.3 0.425465048517
118.37 0.311733144039
118.44 0.27090354726
118.51 0.308403205629
118.58 0.323691219065
118.65 0.272417543016
118.72 0.532126973777
118.79 0.674580272483
118.86 0.643661511175
118.93 0.582555601527
119.0 0.311335406324
119.07 0.282403570769
119.14 0.393096759107
119.21 0.560642706819
119.28 0.444849494744
119.35 0.317917141637
119.42 0.276972043629
119.49 0.292819357624
119.56 0.256187473368
119.63 0.134106497982
119.7 0.10830049243
119.77 0.208106445723
119.84 0.197927386179
119.91 0.400624269053
119.98 0.165114741164
120.05 0.121383088123
120.12 0.164344222409
120.19 0.281836310661
120.26 0.230569554499
120.33 0.125012216983
120.4 0.343094239174
120.47 0.193765611037
120.54 0.141278391855
120.61 0.28355836151
120.68 0.32414771109
120.75 0.163433698445
120.82 0.122042128103
120.89 0.187632614405
120.96 0.110990934388
121.03 0.271925725513
121.1 0.120069145709
121.17 0.0835369692247
121.24 0.137093079503
121.31 0.129931734742
121.38 0.333160649115
121.45 0.150005247414
121.52 0.119789725134
121.59 0.0856357199857
121.66 0.141444450948
121.73 0.25715152552
121.8 0.177842966651
121.87 0.132367196806
121.94 0.0917651171253
122.01 0.174415121655
122.08 0.357242532168
122.15 0.457934465162
122.22 0.24080314257
122.29 0.250048700091
122.36 0.505087678234
122.43 0.400815629136
122.5 0.306536115267
122.57 0.52570665936
122.64 0.33727564332
122.71 0.287882133966
122.78 0.613185944965
122.85 0.540349103341
122.92 0.499437181472
122.99 0.301550663395
123.06 0.205320923638
123.13 0.210012906076
123.2 0.190698587136
123.27 0.165741853748
123.34 0.153702638118
123.41 0.160518168782
123.48 0.139511435104
123.55 0.175540326158
123.62 0.380757725776
123.69 0.713498725636
123.76 0.587782822686
123.83 0.352041053184
123.9 0.265611890097
123.97 0.198869001206
124.04 0.152199932857
124.11 0.149339020917
124.18 0.128749366113
124.25 0.0713883838751
124.32 0.114067640379
124.39 0.0661955626643
124.46 0.0853389186463
124.53 0.239900995362
124.6 0.622239139188
124.67 0.936450829866
124.74 0.853784436279
124.81 0.698036824953
124.88 0.708703228769
124.95 0.563748303702
125.02 0.451167258624
125.09 0.775798095875
125.16 0.377871425567
125.23 0.372867878402
125.3 0.69225455971
125.37 0.589794603449
125.44 0.592822961336
125.51 0.474744770548
125.58 0.465964831822
125.65 0.377309957448
125.72 0.282061216137
125.79 0.341306507413
125.86 0.277358552231
125.93 0.376087383454
126.0 0.272603948402
126.07 0.292758251606
126.14 0.219066037957
126.21 0.456187416397
126.28 0.403607396863
126.35 0.347164826207
126.42 0.529401842222
126.49 0.572153428101
126.56 0.517436450241
126.63 0.556016942387
126.7 0.274944325544
126.77 0.217631240632
126.84 0.195729364995
126.91 0.136522936348
126.98 0.13056520998
127.05 0.133200760873
127.12 0.136437193035
127.19 0.1540010306
127.26 0.265858263051
127.33 0.706389937498
127.4 0.627967499318
127.47 0.555943509091
127.54 0.365240926355
127.61 0.25760967007
127.68 0.204128931425
127.75 0.169827406538
127.82 0.133136173332
127.89 0.109082834938
127.96 0.1028278296
128.03 0.0992987662539
128.1 0.11154483331
128.17 0.473699540387
128.24 0.816473684622
128.31 0.797129625988
128.38 0.710341292413
128.45 0.623140062587
128.52 0.593782097155
128.59 0.282519066244
128.66 0.416968356206
128.73 0.467207302293
128.8 0.251167071984
128.87 0.416999895167
128.94 0.918174481679
129.01 0.927512796393
129.08 0.690418627548
129.15 0.615500038042
129.22 0.345302724111
129.29 0.403976409609
129.36 0.412748484695
129.43 0.440917760086
129.5 0.432563679813
129.57 0.635047160625
129.64 0.826065384252
129.71 0.791823454803
129.78 0.758409366487
129.85 0.847281671132
129.92 0.729691418297
129.99 0.78605779921
130.06 0.818745177466
130.13 0.496255016962
130.2 0.43572032178
130.27 0.42222301043
130.34 0.619307694262
130.41 0.42728789859
130.48 0.426882456446
130.55 0.636984963324
130.62 0.715089921064
130.69 0.385854941275
130.76 0.272602263267
130.83 0.357796141442
130.9 0.193478410264
130.97 0.407656036869
131.04 0.436411006222
131.11 0.299033754775
131.18 0.308809093754
131.25 0.566784003481
131.32 0.628361581912
131.39 0.46084565395
131.46 0.418813699992
131.53 0.258867336481
131.6 0.22086679618
131.67 0.380095177417
131.74 0.254407915994
131.81 0.194441697057
131.88 0.25698480561
131.95 0.278993341516
132.02 0.266322345373
132.09 0.23818766175
132.16 0.211946655629
132.23 0.240317834462
132.3 0.475254652651
132.37 0.351692914236
132.44 0.356469821876
132.51 0.290222913929
132.58 0.283073812048
132.65 0.419143974792
132.72 0.413771017815
132.79 0.3493934848
132.86 0.290371191355
132.93 0.260674424747
133.0 0.748194406967
133.07 0.399054184318
133.14 0.66200354507
133.21 0.519949985715
133.28 0.439945896085
133.35 0.239424885958
133.42 0.209731967249
133.49 0.162853492439
133.56 0.291600105943
133.63 0.434173120152
133.7 0.555026940894
133.77 0.460303975849
133.84 0.384217956615
133.91 0.452034092822
133.98 0.360424976735
134.05 0.44690496911
134.12 0.378711635219
134.19 0.336722387953
134.26 0.458262136013
134.33 0.449840556378
134.4 0.416108010302
134.47 0.453763714787
134.54 0.325825093893
134.61 0.286908459189
134.68 0.229091790568
134.75 0.24872317274
134.82 0.256445637466
134.89 0.470790207452
134.96 0.461994584606
135.03 0.406005841602
135.1 0.233470197052
135.17 0.154201650769
135.24 0.187327350949
135.31 0.385830056532
135.38 0.512122227433
135.45 0.408853645557
135.52 0.404883130753
135.59 0.438265455679
135.66 0.360805996422
135.73 0.526283277382
135.8 0.508975276186
135.87 0.419793145659
135.94 0.471708612321
136.01 0.41606340172
136.08 0.204923685613
136.15 0.340282625802
136.22 0.531049267616
136.29 0.379989491591
136.36 0.241876418659
136.43 0.233070916149
136.5 0.195326576673
136.57 0.266220501692
136.64 0.621490216431
136.71 0.505991322593
136.78 0.443955423138
136.85 0.395401337936
136.92 0.33227181514
136.99 0.294115774449
137.06 0.496556765326
137.13 0.649190821178
137.2 0.581743587421
137.27 0.56380248024
137.34 0.491042971602
137.41 0.609501475222
137.48 0.571025322329
137.55 0.604660263934
137.62 0.510865581502
137.69 0.381132794263
137.76 0.436524530751
137.83 0.498814697492
137.9 0.478533256328
137.97 0.527326527007
138.04 0.511799240815
138.11 0.433193841368
138.18 0.450345807958
138.25 0.440378271604
138.32 0.484129150713
138.39 0.577448640638
138.46 0.606436300461
138.53 0.564854346396
138.6 0.685587037925
138.67 0.41180722933
138.74 0.252698819675
138.81 0.49346721798
138.88 0.585742855008
138.95 0.58733737275
139.02 0.474420640686
139.09 0.306443875029
139.16 0.313684398079
139.23 0.20738533871
139.3 0.22585397251
139.37 0.247667185341
139.44 0.267379695649
139.51 0.22886798134
139.58 0.282838822621
139.65 0.267372169611
139.72 0.244170022536
139.79 0.213773454306
139.86 0.253355342983
139.93 0.236097150595
140.0 0.211646072568
140.07 0.358547779404
140.14 0.239357131477
140.21 0.252312536461
140.28 0.232082584444
140.35 0.190174862379
140.42 0.156453998111
140.49 0.108486098888
140.56 0.143389353845
140.63 0.085590471686
140.7 0.11039176319
140.77 0.0707743955799
140.84 0.0966394172757
140.91 0.101036326668
140.98 0.128082991915
141.05 0.219587008186
141.12 0.193344566296
141.19 0.257472879755
141.26 0.251454263167
141.33 0.229953219293
141.4 0.250980385582
141.47 0.317238842021
141.54 0.303611537479
141.61 0.169551938403
141.68 0.275841536276
141.75 0.229200910922
141.82 0.178347205425
141.89 0.487322184675
141.96 0.278898460882
142.03 0.231102063629
142.1 0.556695344627
142.17 0.292321573576
142.24 0.216111212153
142.31 0.420469628744
142.38 0.607165287418
142.45 0.263338935588
142.52 0.198685853874
142.59 0.149204536272
142.66 0.110577893315
142.73 0.087440874711
142.8 0.132473846525
142.87 0.188982291831
142.94 0.13513496312
143.01 0.160713526383
143.08 0.16955217626
143.15 0.166410917256
143.22 0.158099871685
143.29 0.229035943282
143.36 0.254306611326
143.43 0.165925219755
143.5 0.140404069024
143.57 0.319040469186
143.64 0.269150430285
143.71 0.199017947123
143.78 0.478311413251
143.85 0.347416500093
143.92 0.256216220396
143.99 0.209884643096
144.06 0.222445504159
144.13 0.156897114562
144.2 0.187126020088
144.27 0.216840268165
144.34 0.149163594319
144.41 0.0911771395531
144.48 0.0764019708716
144.55 0.0528186190034
144.62 0.0382021157322
144.69 0.265444296448
144.76 0.181106280397
144.83 0.170045750828
144.9 0.273831630549
144.97 0.200106822932
145.04 0.140485512703
145.11 0.297198576463
145.18 0.32479848365
145.25 0.244808539748
145.32 0.181449879938
145.39 0.199723478393
145.46 0.221023206752
145.53 0.243433068356
145.6 0.259770631728
145.67 0.214606581024
145.74 0.188843333955
145.81 0.449390558402
145.88 0.260845061612
145.95 0.236517581515
146.02 0.687212485601
146.09 0.456756715547
146.16 0.403532837586
146.23 0.453578073801
146.3 0.427730388751
146.37 0.639513974794
146.44 0.480686623853
146.51 0.533214641123
146.58 0.529659828887
146.65 0.473260089605
146.72 0.464447713245
146.79 0.493329831106
146.86 0.544908172135
146.93 0.435139465507
147.0 0.498513279057
147.07 0.763569266678
147.14 0.650265558932
147.21 0.61157368392
147.28 0.620452634113
147.35 0.504951271558
147.42 0.578742420905
147.49 0.513998752437
147.56 0.460701772068
147.63 0.606071919196
147.7 0.547981561566
147.77 0.511332026081
147.84 0.405828987867
147.91 0.416061545867
147.98 0.454550414474
148.05 0.525489531206
148.12 0.565883757204
148.19 0.529777225293
148.26 0.556750264465
148.33 0.555913423163
148.4 0.571756307086
148.47 0.43877124819
148.54 0.433669675511
148.61 0.50290487409
148.68 0.305456784396
148.75 0.593685537142
148.82 0.599274786899
148.89 0.628913577025
148.96 0.622957179966
149.03 0.639337943965
149.1 0.730251286641
149.17 0.730649279475
149.24 0.473337060054
149.31 0.43460827034
149.38 0.518300684326
149.45 0.454806673805
149.52 0.716625559814
149.59 0.697659822926
149.66 0.440695940986
149.73 0.34474282124
149.8 0.325221902158
149.87 0.342025925455
149.94 0.376203985727
150.01 0.231489417196
150.08 0.398116843989
150.15 0.517380555959
150.22 0.507481254594
150.29 0.388151151979
150.36 0.30506516956
150.43 0.323731143415
150.5 0.35523793025
150.57 0.415405347693
150.64 0.457001578882
150.71 0.513995328459
150.78 0.581099150659
150.85 0.549490428069
150.92 0.463407547118
150.99 0.437626793643
151.06 0.440841770795
151.13 0.564470982675
151.2 0.537995054264
151.27 0.485534449077
151.34 0.453453374828
151.41 0.376606564965
151.48 0.267984859289
151.55 0.442612437335
151.62 0.490438561813
151.69 0.523868771598
151.76 0.440595959872
151.83 0.282363312653
151.9 0.192047857904
151.97 0.231595380201
152.04 0.163665233202
152.11 0.107116120246
152.18 0.275712474368
152.25 0.343207468302
152.32 0.330891737202
152.39 0.2715880273
152.46 0.285830107556
152.53 0.394642747477
152.6 0.39579526228
152.67 0.43783808473
152.74 0.241536410938
152.81 0.151034156614
152.88 0.146648049536
152.95 0.38896879215
153.02 0.643161406112
153.09 0.280783498834
153.16 0.51047334517
153.23 0.72658222288
153.3 0.527298704549
153.37 0.365547123013
153.44 0.279386441994
153.51 0.47180555981
153.58 0.579566361388
153.65 0.503270481081
153.72 0.407563824445
153.79 0.506541997028
153.86 0.543135698655
153.93 0.387675872194
154.0 0.434588089012
154.07 0.409560981848
154.14 0.491135887045
154.21 0.583443222244
154.28 0.629213292102
154.35 0.51807137947
154.42 0.518954582585
154.49 0.508188321379
154.56 0.387778622223
154.63 0.534612082561
154.7 0.539758277249
154.77 0.476961484541
154.84 0.498248253576
154.91 0.520224245387
154.98 0.359651683311
155.05 0.626078324778
155.12 0.528813560616
155.19 0.397658125899
155.26 0.531414556187
155.33 0.622103040382
155.4 0.680940965564
155.47 0.692807021904
155.54 0.556862443381
155.61 0.625142167975
155.68 0.600740924652
155.75 0.582182617158
155.82 0.452223701594
155.89 0.494847096425
155.96 0.349435467373
156.03 0.685479603665
156.1 0.729759884428
156.17 0.742104041258
156.24 0.938243657312
156.31 0.786403548088
156.38 0.668753305625
156.45 0.656718793409
156.52 0.613980563921
156.59 0.708532995684
156.66 0.585002642774
156.73 0.43544182002
156.8 0.467943406713
156.87 0.365275194907
156.94 0.390252639045
157.01 0.574814584019
157.08 0.399675675633
157.15 0.354132651956
157.22 0.340733731536
157.29 0.538888987761
157.36 0.628560512152
157.43 0.649901611179
157.5 0.469898483716
157.57 0.377972463606
157.64 0.426213683545
157.71 0.461012819841
157.78 0.562814089071
157.85 0.691316776278
157.92 0.598225708839
157.99 0.523115071577
158.06 0.486312377819
158.13 0.462796635607
158.2 0.471274124869
158.27 0.471741574582
158.34 0.503097992199
158.41 0.407853062341
158.48 0.407842643666
158.55 0.271403763578
158.62 0.353653560718
158.69 0.463583408186
158.76 0.521876381868
158.83 0.561973412338
158.9 0.467411629374
158.97 0.605279387237
159.04 0.372570309785
159.11 0.262969461516
159.18 0.592441762298
159.25 0.364477699618
159.32 0.307120374419
159.39 0.614470362523
159.46 0.347825483226
159.53 0.369075295358
159.6 0.552575738123
159.67 0.562532233347
159.74 0.373546625917
159.81 0.313937455943
159.88 0.627359232998
159.95 0.440428190709
160.02 0.381638083248
160.09 0.673506275152
160.16 0.380943173982
160.23 0.318190239842
160.3 0.630668141278
160.37 0.419142076738
160.44 0.347574076928
160.51 0.317079466879
160.58 0.622930483489
160.65 0.446565815945
160.72 0.401497105283
160.79 0.510677808443
160.86 0.42304769709
160.93 0.382908779957
161.0 0.567198551296
161.07 0.29207053749
161.14 0.294286453514
161.21 0.318277820785
161.28 0.524730548475
161.35 0.394384468287
161.42 0.475935164905
161.49 0.473202332757
161.56 0.387462021275
161.63 0.314735366521
161.7 0.753414395572
161.77 0.579639122357
161.84 0.338139769027
161.91 0.651978326676
161.98 0.554945411856
162.05 0.398653981723
162.12 0.642612012071
162.19 0.64989436328
162.26 0.449409744188
162.33 0.633477542971
162.4 0.659332868192
162.47 0.452850534122
162.54 0.533869064967
162.61 0.612222428948
162.68 0.567296678475
162.75 0.264135824727
162.82 0.425466113115
162.89 0.461473907861
162.96 0.498930849948
163.03 0.506819864825
163.1 0.358433013802
163.17 0.565628704418
163.24 0.637030548267
163.31 0.602840011097
163.38 0.542177898859
163.45 0.445826905206
163.52 0.443200094569
163.59 0.426671569138
163.66 0.454209381479
163.73 0.530182934067
163.8 0.359390432837
163.87 0.396641157462
163.94 0.659936557698
164.01 0.344904041686
164.08 0.271755804136
164.15 0.516387201461
164.22 0.551652312379
164.29 0.396698335016
164.36 0.561680610435
164.43 0.504009406206
164.5 0.279162366138
164.57 0.635852765083
164.64 0.585466079623
164.71 0.485552442705
164.78 0.44722159883
164.85 0.435809423852
164.92 0.474454867997
164.99 0.479246156344
165.06 0.473144016754
165.13 0.447275978697
165.2 0.456560458312
165.27 0.549827486565
165.34 0.29543888008
165.41 0.245138094266
165.48 0.762371784591
165.55 0.403938711325
165.62 0.28338352188
165.69 0.587730986346
165.76 0.372270575525
165.83 0.558726004264
165.9 0.511858248327
165.97 0.702672986001
166.04 0.421724534873
166.11 0.531813132153
166.18 0.467273981626
166.25 0.356695591499
166.32 0.533002721827
166.39 0.699574045255
166.46 0.497981076838
166.53 0.468285646253
166.6 0.671048998417
166.67 0.47388687322
166.74 0.361716454208
166.81 0.609953956302
166.88 0.529044909309
166.95 0.463982431092
167.02 0.485034978936
167.09 0.273902762971
167.16 0.307717907479
167.23 0.495421378086
167.3 0.515616527333
167.37 0.462495137568
167.44 0.467873450145
167.51 0.618780237657
167.58 0.476424442717
167.65 0.440694920506
167.72 0.400876529906
167.79 0.291612862898
167.86 0.348434334595
167.93 0.405643474442
168.0 0.210645244783
168.07 0.187240436578
168.14 0.409987670879
168.21 0.515748361992
168.28 0.324370101813
168.35 0.368214754757
168.42 0.203021577644
168.49 0.31316538441
168.56 0.420748019249
168.63 0.325151959017
168.7 0.186447783773
168.77 0.202081998781
168.84 0.472973967816
168.91 0.224218567484
168.98 0.193133061329
169.05 0.461035933131
169.12 0.231745815596
169.19 0.215304787667
169.26 0.578858102445
169.33 0.352256697615
169.4 0.305391406559
169.47 0.40264808457
169.54 0.492243761616
169.61 0.33795673295
169.68 0.290826633168
169.75 0.343278313953
169.82 0.195316063047
169.89 0.431891721749
169.96 0.565641062389
170.03 0.594925406541
170.1 0.481907971162
170.17 0.409525818458
170.24 0.359337610545
170.31 0.502523849608
170.38 0.634370290064
170.45 0.564096512665
170.52 0.496890900493
170.59 0.467631537953
170.66 0.565408321087
170.73 0.534111599613
170.8 0.599974569339
170.87 0.49825053335
170.94 0.449424134486
171.01 0.528041079548
171.08 0.405619646625
171.15 0.394642982456
171.22 0.631508830479
171.29 0.660399915902
171.36 0.538594985068
171.43 0.558301885615
171.5 0.484053017557
171.57 0.39836996803
171.64 0.469044980972
171.71 0.523699003676
171.78 0.393726099675
171.85 0.368492750113
171.92 0.497800691707
171.99 0.442054267552
172.06 0.577151858481
172.13 0.520600891589
172.2 0.414468178083
172.27 0.409338102945
172.34 0.391856496478
172.41 0.399348058492
172.48 0.405029983918
172.55 0.322432119763
172.62 0.264671429823
172.69 0.232629464691
172.76 0.236242195862
172.83 0.182817284362
172.9 0.328353202853
172.97 0.563456401432
173.04 0.493919118805
173.11 0.476582697633
173.18 0.390304053382
173.25 0.413476133712
173.32 0.461286617228
173.39 0.556353302661
173.46 0.495227061105
173.53 0.421430547526
173.6 0.381794074694
173.67 0.370418284997
173.74 0.352777626603
173.81 0.413754373638
173.88 0.358910230005
173.95 0.341827088248
174.02 0.332846827632
174.09 0.264911017163
174.16 0.266390920841
174.23 0.442346895859
174.3 0.483531613816
174.37 0.463220415695
174.44 0.371878766951
174.51 0.252074836625
174.58 0.334026613412
174.65 0.573070903604
174.72 0.584553603895
174.79 0.45145553071
174.86 0.368093716658
174.93 0.258479971406
175.0 0.198579407484
175.07 0.241220093884
175.14 0.193132302683
175.21 0.177315646239
175.28 0.240402156392
175.35 0.242561202732
175.42 0.150679095859
175.49 0.21042222681
175.56 0.212106253282
175.63 0.140366149188
175.7 0.261927798238
175.77 0.25444583679
175.84 0.170661871197
175.91 0.218281921119
175.98 0.265778204309
176.05 0.136289570673
176.12 0.268119759223
176.19 0.260239145081
176.26 0.1530000695
176.33 0.430308067704
176.4 0.548516175915
176.47 0.474622632364
176.54 0.326546962429
176.61 0.430766953636
176.68 0.381481594989
176.75 0.216139039407
176.82 0.261492325793
176.89 0.648115456175
176.96 0.398622038023
177.03 0.418160675471
177.1 0.412374277477
177.17 0.369438646551
177.24 0.308957853606
177.31 0.55173391335
177.38 0.578721548067
177.45 0.35912199201
177.52 0.440046817115
177.59 0.456943802851
177.66 0.526947405374
177.73 0.490058517528
177.8 0.46872570798
177.87 0.413533417725
177.94 0.42927510344
178.01 0.409445962086
178.08 0.330594986695
178.15 0.405211962111
178.22 0.577152402289
178.29 0.568355839527
178.36 0.559179396486
178.43 0.522113216598
178.5 0.501619654727
178.57 0.422622266396
178.64 0.455697771251
178.71 0.388882455157
178.78 0.413897333827
178.85 0.546405105547
178.92 0.593528471506
178.99 0.627321967266
179.06 0.660011949472
179.13 0.527458265757
179.2 0.374432309257
179.27 0.538889692698
179.34 0.529095885338
179.41 0.510657659724
179.48 0.493458066272
179.55 0.38260556801
179.62 0.313165359473
179.69 0.271756415081
179.76 0.222354122313
179.83 0.157880231654
179.9 0.340453931158
179.97 0.728486258635
180.04 0.549972393722
180.11 0.682814760976
180.18 0.574789140123
180.25 0.599087767691
180.32 0.581533432864
180.39 0.574804377304
180.46 0.551078304062
180.53 0.403321591576
180.6 0.49794907847
180.67 0.673751246865
180.74 0.536910352447
180.81 0.439703522567
180.88 0.442507976276
180.95 0.373000548435
181.02 0.34700218342
181.09 0.439551179527
181.16 0.373380882367
181.23 0.411993915731
181.3 0.569310746685
181.37 0.53502026101
181.44 0.540767870226
181.51 0.454257251951
181.58 0.233744013621
181.65 0.442548315915
181.72 0.643761924842
181.79 0.593082163178
181.86 0.556463799319
181.93 0.432954085227
182.0 0.285222906794
182.07 0.497519635871
182.14 0.465109526934
182.21 0.380550517566
182.28 0.382621703866
182.35 0.404167265207
182.42 0.315870028683
182.49 0.402319374059
182.56 0.828423637052
182.63 0.738624147002
182.7 0.515498923762
182.77 0.480677794402
182.84 0.539528176342
182.91 0.353716112095
182.98 0.613023366438
183.05 0.620266569207
183.12 0.546907239102
183.19 0.484782531059
183.26 0.522259126971
183.33 0.382865431629
183.4 0.449972130163
183.47 0.576893069051
183.54 0.577865309978
183.61 0.595186384631
183.68 0.545069875966
183.75 0.533123982436
183.82 0.440773725708
183.89 0.459454922358
183.96 0.434944712137
184.03 0.3709249359
184.1 0.411997474942
184.17 0.523097478852
184.24 0.547391205432
184.31 0.504236791908
184.38 0.62010244845
184.45 0.520163136492
184.52 0.448261805239
184.59 0.520284968724
184.66 0.455957514024
184.73 0.386577226059
184.8 0.633372369303
184.87 0.718816358994
184.94 0.689729164997
185.01 0.633026096758
185.08 0.493964365187
185.15 0.39718904572
185.22 0.535467477604
185.29 0.625149389979
185.36 0.589448222525
185.43 0.551338637638
185.5 0.505122948084
185.57 0.547614105436
185.64 0.511227649423
185.71 0.519260631542
185.78 0.417723284831
185.85 0.434856977738
185.92 0.43882480611
185.99 0.55769263622
186.06 0.50642546381
186.13 0.471374607591
186.2 0.576039205687
186.27 0.345180717324
186.34 0.387237397774
186.41 0.482402703361
186.48 0.451213704837
186.55 0.504062353181
186.62 0.643745821596
186.69 0.648175704759
186.76 0.660164520777
186.83 0.611128593646
186.9 0.524985940782
186.97 0.36457015949
187.04 0.631782164622
187.11 0.407138933722
187.18 0.420238928401
187.25 0.330805735892
187.32 0.327330353231
187.39 0.200224728618
187.46 0.338806587287
187.53 0.174082778082
187.6 0.1448945729
187.67 0.366876699674
187.74 0.431946355776
187.81 0.270263088834
187.88 0.293058937291
187.95 0.350876167943
188.02 0.399055718874
188.09 0.393986784282
188.16 0.309672436837
188.23 0.238166564483
188.3 0.198809972594
188.37 0.265433999578
188.44 0.147984107778
188.51 0.121814916956
188.58 0.245935976071
188.65 0.115085977447
188.72 0.0793021549754
188.79 0.398937872652
188.86 0.649767571555
188.93 0.428815914433
189.0 0.458453999622
189.07 0.329914644201
189.14 0.264470326269
189.21 0.319793389461
189.28 0.177432534323
189.35 0.160024796582
189.42 0.435746080261
189.49 0.228762498843
189.56 0.171317947566
189.63 0.233844916427
189.7 0.239192808351
189.77 0.432651387357
189.84 0.395289024747
189.91 0.421486692131
189.98 0.321420493499
190.05 0.347511918781
190.12 0.247250426806
190.19 0.183718882006
190.26 0.172683298562
190.33 0.229197751655
190.4 0.228910387834
190.47 0.142768390034
190.54 0.226605197101
190.61 0.292545137275
190.68 0.305106757943
190.75 0.38387968582
190.82 0.266253048664
190.89 0.246579853679
190.96 0.243101668535
191.03 0.438049274154
191.1 0.530520464439
191.17 0.34359106892
191.24 0.453000803593
191.31 0.266631249563
191.38 0.178903297802
191.45 0.35065132289
191.52 0.436959877554
191.59 0.334601103197
191.66 0.286123398599
191.73 0.337662853022
191.8 0.240172106317
191.87 0.262149593361
191.94 0.425251111279
192.01 0.755242336535
192.08 0.894773052375
192.15 0.756444568073
192.22 0.514928842949
192.29 0.398023631225
192.36 0.453025446643
192.43 0.42661366267
192.5 0.338022537586
192.57 0.407070952894
192.64 0.250658592081
192.71 0.209165085985
192.78 0.278630068009
192.85 0.261585157795
192.92 0.379213750551
192.99 0.456364347819
193.06 0.478639462944
193.13 0.676878528942
193.2 0.644461449285
193.27 0.667034418839
193.34 0.535051437432
193.41 0.347248637897
193.48 0.347530342084
193.55 0.267945544925
193.62 0.276373302106
193.69 0.353986578536
193.76 0.47208411432
193.83 0.422391434657
193.9 0.492949854917
193.97 0.560797746841
194.04 0.467923271421
194.11 0.518631987278
194.18 0.859487871384
194.25 0.803510206915
194.32 0.573766085254
194.39 0.413841415568
194.46 0.245633433574
194.53 0.350507020923
194.6 0.344486502445
194.67 0.184649486594
194.74 0.206835464161
194.81 0.274785087552
194.88 0.174931064295
194.95 0.180044113534
195.02 0.252765117286
195.09 0.134806860676
195.16 0.149641772497
195.23 0.0944261828879
195.3 0.258461229682
195.37 0.153363964502
195.44 0.161001644054
195.51 0.176835172941
195.58 0.086809803931
195.65 0.100819104522
195.72 0.209218464553
195.79 0.233124456806
195.86 0.106986446434
195.93 0.261511679421
196.0 0.302959198713
196.07 0.400912339728
196.14 0.269032255092
196.21 0.275541537306
196.28 0.259706305062
196.35 0.263063696677
196.42 0.187405461764
196.49 0.188496557884
196.56 0.185024332571
196.63 0.174169326078
196.7 0.240248779445
196.77 0.283962645065
196.84 0.198077193365
196.91 0.249724392796
196.98 0.128756901742
197.05 0.298772200267
197.12 0.182545113604
197.19 0.243738143829
197.26 0.232533471504
197.33 0.198261799484
197.4 0.159243740224
197.47 0.292276532441
197.54 0.258502776825
197.61 0.220635011098
197.68 0.406908963252
197.75 0.46052311619
197.82 0.479843896569
197.89 0.531485891937
197.96 0.446299230012
198.03 0.485851013579
198.1 0.465867172683
198.17 0.340734248489
198.24 0.214722505216
198.31 0.273774499032
198.38 0.21830970809
198.45 0.184464973508
198.52 0.227556140309
198.59 0.24694327201
198.66 0.253241403164
198.73 0.323999986105
198.8 0.265416692665
198.87 0.282314048612
198.94 0.344597099809
199.01 0.269394886003
199.08 0.234868337672
199.15 0.430843939429
199.22 0.24085546709
199.29 0.321705411621
199.36 0.335058751893
199.43 0.404151168675
199.5 0.447863977369
199.57 0.361380543752
199.64 0.317903329675
199.71 0.192293675541
199.78 0.16130093617
199.85 0.162545374709
199.92 0.789120840939
199.99 0.77009474613
200.06 0.572360326523
200.13 0.59080339462
200.2 0.486294818662
200.27 0.419198561823
200.34 0.55159995429
200.41 0.676112132388
200.48 0.458334078872
200.55 0.412992191358
200.62 0.295938070164
200.69 0.283563186729
200.76 0.259040711569
200.83 0.151847770494
200.9 0.130346074434
200.97 0.0926780637701
201.04 0.0767333371242
201.11 0.0565251489471
201.18 0.0467343138307
201.25 0.0389174662419
201.32 0.0354607821444
201.39 0.0257585215962
201.46 0.0228082726053
201.53 0.0201513434301
201.6 0.017684187991
201.67 0.0138420119351
201.74 0.0122628550978
201.81 0.0117458258007
201.88 0.00915061166939
201.95 0.00788301092671
202.02 0.00793363880408
202.09 0.00746290514118
202.16 0.00580796809572
202.23 0.0
202.3 0.0
202.37 0.0
202.44 0.0
202.51 0.0
202.58 0.0
202.65 0.0
202.72 0.0
202.79 0.0
202.86 0.0
202.93 0.0
203.0 0.0
203.07 0.0
203.14 0.0
203.21 0.0
203.28 0.0
203.35 0.0
203.42 0.0
203.49 0.0
203.56 0.0
203.63 0.0
203.7 0.0
203.77 0.0
203.84 0.0
203.91 0.0
203.98 0.0
204.05 0.0
204.12 0.0
204.19 0.0
204.26 0.0
204.33 0.0
204.4 0.0
204.47 0.0
204.54 0.0
204.61 0.0
204.68 0.0
204.75 0.0
204.82 0.0
204.89 0.0
204.96 0.0
205.03 0.0
205.1 0.0
205.17 0.0
205.24 0.0
205.31 0.0
205.38 0.0
205.45 0.0
205.52 0.0
205.59 0.0
205.66 0.0
205.73 0.0
205.8 0.0
205.87 0.0
205.94 0.0
206.01 0.0
206.08 0.0
206.15 0.0
206.22 0.0
206.29 0.0
206.36 0.0
206.43 0.0
206.5 0.0
206.57 0.0
206.64 0.0
206.71 0.0
206.78 0.0
206.85 0.0
206.92 0.0
206.99 0.0
207.06 0.0
207.13 0.0
207.2 0.0
207.27 0.0
207.34 0.0
207.41 0.0
207.48 0.0
207.55 0.0
207.62 0.0
207.69 0.0
207.76 0.0
207.83 0.0
207.9 0.0
207.97 0.0
208.04 0.0
208.11 0.0
208.18 0.0
208.25 0.0
208.32 0.0
208.39 0.0
208.46 0.0
208.53 0.0
208.6 0.0
208.67 0.0
208.74 0.0
208.81 0.0
208.88 0.0
208.95 0.0
209.02 0.0
209.09 0.0
209.16 0.0
209.23 0.0
209.3 0.0
209.37 0.0
209.44 0.0
209.51 0.0
209.58 0.0
209.65 0.0
209.72 0.0
209.79 0.0
209.86 0.0
209.93 0.0
210.0 0.0
210.07 0.0
210.14 0.0
210.21 0.0
210.28 0.0
210.35 0.0
210.42 0.0
210.49 0.0
210.56 0.0
210.63 0.0
210.7 0.0
210.77 0.0
210.84 0.0
210.91 0.0
210.98 0.0
211.05 0.0
211.12 0.0
211.19 0.0
