0.0 0.0
0.07 0.0
0.14 0.0
0.21 0.0
0.28 0.0
0.35 0.0
0.42 0.0
0.49 0.0
0.56 0.0
0.63 0.0
0.7 0.0
0.77 0.0
0.84 0.0
0.91 0.0
0.98 0.0
1.05 0.0
1.12 0.0
1.19 0.0
1.26 0.0
1.33 0.0
1.4 0.0
1.47 0.0
1.54 0.0
1.61 0.0
1.68 0.0
1.75 0.0
1.82 0.0
1.89 0.0
1.96 0.0
2.03 0.0
2.1 0.0
2.17 0.0
2.24 0.0
2.31 0.0
2.38 0.0
2.45 0.0
2.52 0.0
2.59 0.0
2.66 0.0
2.73 0.0
2.8 0.0
2.87 0.0
2.94 0.0
3.01 0.0
3.08 0.0
3.15 0.0
3.22 0.0
3.29 0.0
3.36 0.0
3.43 0.0
3.5 0.0
3.57 0.0
3.64 0.0
3.71 0.0
3.78 0.0
3.85 0.0
3.92 0.0
3.99 0.158324735149
4.06 0.317885004817
4.13 0.478336350881
4.2 0.513474062088
4.27 0.443022944855
4.34 0.30663340394
4.41 0.476913015501
4.48 0.62141967094
4.55 0.50900581763
4.62 0.218021186887
4.69 0.197517136536
4.76 0.462767777322
4.83 0.584419651505
4.9 0.431391559236
4.97 0.569364616817
5.04 0.646819668356
5.11 0.537650640067
5.18 0.233456831065
5.25 0.185439112216
5.32 0.424231471962
5.39 0.701518242589
5.46 0.682120455006
5.53 0.657907412236
5.6 0.288663589826
5.67 0.204635615634
5.74 0.382842359942
5.81 0.67456767229
5.88 0.660034344612
5.95 0.648448623614
6.02 0.565001397871
6.09 0.401030119975
6.16 0.494954212165
6.23 0.55911743667
6.3 0.332862655669
6.37 0.195635358787
6.44 0.215969776883
6.51 0.494967162043
6.58 0.567101837796
6.65 0.517754780937
6.72 0.501617066706
6.79 0.456075057997
6.86 0.43891422904
6.93 0.442853157896
7.0 0.347648492413
7.07 0.410359986435
7.14 0.421338391191
7.21 0.384076486058
7.28 0.284896382725
7.35 0.409436279682
7.42 0.421572187175
7.49 0.315304969348
7.56 0.172764662169
7.63 0.128918899666
7.7 0.13753331423
7.77 0.432075973013
7.84 0.520599743934
7.91 0.447934690751
7.98 0.18853732364
8.05 0.147326211922
8.12 0.129306588343
8.19 0.521190807281
8.26 0.516932009097
8.33 0.449620212195
8.4 0.673845844405
8.47 0.628120682969
8.54 0.451671871332
8.61 0.203489826152
8.68 0.191333119091
8.75 0.277357704136
8.82 0.641050586469
8.89 0.683488315162
8.96 0.62574150171
9.03 0.382557105997
9.1 0.218783162308
9.17 0.166649464622
9.24 0.161244993486
9.31 0.115498484992
9.38 0.0799153506105
9.45 0.0734996899689
9.52 0.515590158197
9.59 0.790146778839
9.66 0.771122265397
9.73 0.592360742716
9.8 0.259810665225
9.87 0.155440269548
9.94 0.33198229198
10.01 0.712039410457
10.08 0.686312932655
10.15 0.573975960897
10.22 0.707287730321
10.29 0.710886428272
10.36 0.622158189712
10.43 0.308232114688
10.5 0.183711980586
10.57 0.300295991062
10.64 0.323805771358
10.71 0.153966445615
10.78 0.102345871914
10.85 0.0774810336696
10.92 0.0574635877293
10.99 0.157966470251
11.06 0.457507964896
11.13 0.659021892366
11.2 0.782089761555
11.27 0.493351149631
11.34 0.591182236483
11.41 0.600847045805
11.48 0.568066533913
11.55 0.119404611709
11.62 0.117716461312
11.69 0.129809221631
11.76 0.264173540609
11.83 0.25321484848
11.9 0.129669833887
11.97 0.0948004004395
12.04 0.0629730150624
12.11 0.308583317477
12.18 0.656130398811
12.25 0.55770950633
12.32 0.550735165577
12.39 0.465769245892
12.46 0.306460221544
12.53 0.279948017334
12.6 0.289712071887
12.67 0.191180648865
12.74 0.657689999741
12.81 0.578840332399
12.88 0.53303851142
12.95 0.187671387548
13.02 0.205155129672
13.09 0.415201533162
13.16 0.335131941273
13.23 0.217653593576
13.3 0.0938482162091
13.37 0.258185071249
13.44 0.377800370878
13.51 0.28962128009
13.58 0.171223840622
13.65 0.0762284506367
13.72 0.08028441059
13.79 0.0829978094132
13.86 0.0944166396206
13.93 0.127886571048
14.0 0.23633963913
14.07 0.312141626797
14.14 0.234394136648
14.21 0.17311399144
14.28 0.0823848374559
14.35 0.129314834837
14.42 0.478059726171
14.49 0.612649610712
14.56 0.458547414892
14.63 0.15650938241
14.7 0.144295210075
14.77 0.130120198528
14.84 0.0627061467105
14.91 0.0463295011461
14.98 0.0301172178764
15.05 0.0291984485714
15.12 0.033522355782
15.19 0.242697791302
15.26 0.796772755711
15.33 0.600609908629
15.4 0.616129920396
15.47 0.512931237063
15.54 0.194946340073
15.61 0.17979234947
15.68 0.200695006136
15.75 0.291890510443
15.82 0.112047915526
15.89 0.189348202407
15.96 0.331466526987
16.03 0.305098091441
16.1 0.272673127093
16.17 0.263907879747
16.24 0.255293062351
16.31 0.213414933955
16.38 0.167496340052
16.45 0.0766045506246
16.52 0.0767681896308
16.59 0.079807699159
16.66 0.0928049418255
16.73 0.0719198148598
16.8 0.110677477651
16.87 0.113274034236
16.94 0.122716702564
17.01 0.120925399169
17.08 0.114654894498
17.15 0.102202995307
17.22 0.103339060576
17.29 0.100733723068
17.36 0.083830401904
17.43 0.0740623592184
17.5 0.0739628055847
17.57 0.0558688982648
17.64 0.104871058003
17.71 0.110221587888
17.78 0.107051768891
17.85 0.0757761341205
17.92 0.0734096254789
17.99 0.0503148078652
18.06 0.0738587956901
18.13 0.112407612938
18.2 0.0846967086813
18.27 0.0925025399156
18.34 0.0763515402799
18.41 0.0870968010155
18.48 0.559068691042
18.55 0.587563559695
18.62 0.525746081432
18.69 0.185901725548
18.76 0.126660761746
18.83 0.536384885147
18.9 0.64841274348
18.97 0.477259060841
19.04 0.316594428041
19.11 0.144642481993
19.18 0.131646899876
19.25 0.150615593527
19.32 0.245153899318
19.39 0.16372767231
19.46 0.292044354917
19.53 0.253539118817
19.6 0.233539363309
19.67 0.414295982959
19.74 0.647185357007
19.81 0.493359398134
19.88 0.462926229747
19.95 0.366962920992
20.02 0.359208789819
20.09 0.272352454111
20.16 0.373896121698
20.23 0.311001337321
20.3 0.21438251318
20.37 0.165528549233
20.44 0.150960310829
20.51 0.186531885654
20.58 0.175379387359
20.65 0.2467997072
20.72 0.546487015807
20.79 0.305680294503
20.86 0.227222238674
20.93 0.123187542299
21.0 0.0892345063729
21.07 0.384201046388
21.14 0.566193439645
21.21 0.635637872858
21.28 0.692223547038
21.35 0.53634441414
21.42 0.303706923312
21.49 0.274208368268
21.56 0.148167586341
21.63 0.129678173805
21.7 0.177389069643
21.77 0.164014558677
21.84 0.390921131133
21.91 0.44929570277
21.98 0.428060355482
22.05 0.184634442681
22.12 0.166106936949
22.19 0.136752392668
22.26 0.111251287553
22.33 0.0859314284967
22.4 0.0972468244266
22.47 0.0961088494744
22.54 0.0801001046188
22.61 0.0505703356558
22.68 0.0423750356507
22.75 0.0834730019383
22.82 0.400380535555
22.89 0.430106144932
22.96 0.153720078474
23.03 0.0597120365967
23.1 0.107931359063
23.17 0.109613388631
23.24 0.174000082168
23.31 0.0454347339699
23.38 0.0407712237096
23.45 0.0362107117445
23.52 0.344135852736
23.59 0.467872344907
23.66 0.377102580282
23.73 0.219429563255
23.8 0.204356845167
23.87 0.0933578567255
23.94 0.248317159495
24.01 0.393935640997
24.08 0.403744279256
24.15 0.311824528066
24.22 0.203956260858
24.29 0.132286806294
24.36 0.191621975414
24.43 0.39536405748
24.5 0.407647938755
24.57 0.209513113818
24.64 0.0945016390818
24.71 0.0688698106159
24.78 0.0748135325262
24.85 0.336046454226
24.92 0.375249602475
24.99 0.372353661701
25.06 0.28904127904
25.13 0.0912041174678
25.2 0.0617911435287
25.27 0.216164225971
25.34 0.280500165749
25.41 0.202023800675
25.48 0.111812054152
25.55 0.101608622915
25.62 0.309505765508
25.69 0.473645195931
25.76 0.394317828664
25.83 0.381782382616
25.9 0.367573550299
25.97 0.352459042208
26.04 0.211026470493
26.11 0.252311253165
26.18 0.200058602645
26.25 0.284713554473
26.32 0.47871618786
26.39 0.469144065954
26.46 0.382653864925
26.53 0.36207866006
26.6 0.398740714895
26.67 0.193491586847
26.74 0.101473353896
26.81 0.0596671746258
26.88 0.136972766627
26.95 0.356695415433
27.02 0.230211804125
27.09 0.196980262568
27.16 0.0972635253596
27.23 0.0589776958201
27.3 0.0702685782964
27.37 0.324805368156
27.44 0.339679148748
27.51 0.348817211146
27.58 0.277722124018
27.65 0.27296212506
27.72 0.24587648967
27.79 0.253690508129
27.86 0.235314150612
27.93 0.368634216758
28.0 0.418715849461
28.07 0.235480677749
28.14 0.0940929931194
28.21 0.323852005568
28.28 0.388989220448
28.35 0.360759011103
28.42 0.453515536799
28.49 0.42201714423
28.56 0.388019442225
28.63 0.188718686229
28.7 0.104924361354
28.77 0.573060925569
28.84 0.665539676324
28.91 0.560921094236
28.98 0.511888371539
29.05 0.212397694944
29.12 0.221540782188
29.19 0.142010051302
29.26 0.375717075905
29.33 0.263890059726
29.4 0.144810448675
29.47 0.3046881526
29.54 0.40528044162
29.61 0.315759052898
29.68 0.263800110761
29.75 0.280981418829
29.82 0.241526484803
29.89 0.408455856057
29.96 0.456857603945
30.03 0.434705323701
30.1 0.310275798564
30.17 0.196228748712
30.24 0.163268953686
30.31 0.247995288065
30.38 0.37243813276
30.45 0.322808433832
30.52 0.422405760124
30.59 0.362846462977
30.66 0.297505770961
30.73 0.153202885991
30.8 0.240894248257
30.87 0.177884035068
30.94 0.122251694343
31.01 0.104777975793
31.08 0.0897950700491
31.15 0.142368755196
31.22 0.298885176609
31.29 0.31771772325
31.36 0.145089142794
31.43 0.0909512196347
31.5 0.0862577541791
31.57 0.0861564234658
31.64 0.115492248638
31.71 0.287241452894
31.78 0.653220907428
31.85 0.73096456917
31.92 0.759430093405
31.99 0.50827797339
32.06 0.48754919629
32.13 0.655550941231
32.2 0.580237273776
32.27 0.431935698236
32.34 0.325592410547
32.41 0.247629125257
32.48 0.173885463037
32.55 0.141830667711
32.62 0.196438480284
32.69 0.29316970748
32.76 0.146515917814
32.83 0.146280184019
32.9 0.355852546218
32.97 0.367247456671
33.04 0.329014579888
33.11 0.280780466172
33.18 0.298716111935
33.25 0.368684248232
33.32 0.550650770865
33.39 0.424832965732
33.46 0.249999361849
33.53 0.176922142699
33.6 0.0969024968964
33.67 0.261098639167
33.74 0.769079758873
33.81 0.853430522671
33.88 0.858349249306
33.95 0.600455698493
34.02 0.403937935741
34.09 0.427689638971
34.16 0.500769822599
34.23 0.428246706753
34.3 0.606187754034
34.37 0.133084488059
34.44 0.107772813214
34.51 0.161242346451
34.58 0.338866926875
34.65 0.402820781452
34.72 0.439692382015
34.79 0.383034317703
34.86 0.2848321758
34.93 0.151078817636
35.0 0.0956297994105
35.07 0.0809537006047
35.14 0.275439565065
35.21 0.345298025708
35.28 0.34150075291
35.35 0.293662551259
35.42 0.238258351808
35.49 0.422223407031
35.56 0.404853663216
35.63 0.15879838064
35.7 0.0792209634884
35.77 0.0657910596714
35.84 0.337366961084
35.91 0.436684210971
35.98 0.201675023916
36.05 0.15694234694
36.12 0.119953534458
36.19 0.0835789215155
36.26 0.259941901909
36.33 0.33743911916
36.4 0.353942031814
36.47 0.431958204564
36.54 0.383471357763
36.61 0.116321182494
36.68 0.17752231044
36.75 0.520494101618
36.82 0.620266495878
36.89 0.655999949707
36.96 0.616957719091
37.03 0.433256344728
37.1 0.25845895349
37.17 0.262651958537
37.24 0.369461579471
37.31 0.591473460572
37.38 0.636756578198
37.45 0.633611860326
37.52 0.71243810417
37.59 0.684686914752
37.66 0.427600337952
37.73 0.566121038463
37.8 0.503656893043
37.87 0.471386028329
37.94 0.408726621126
38.01 0.406314581472
38.08 0.503033156142
38.15 0.536967513141
38.22 0.473478928976
38.29 0.515951335336
38.36 0.263030684464
38.43 0.446399015603
38.5 0.341233388301
38.57 0.186656666988
38.64 0.16587076014
38.71 0.191783268755
38.78 0.182311530255
38.85 0.496533427273
38.92 0.480806251609
38.99 0.296044906951
39.06 0.179138840204
39.13 0.161432897818
39.2 0.113979368128
39.27 0.132407669816
39.34 0.303967406634
39.41 0.684403645833
39.48 0.453328294477
39.55 0.104835513395
39.62 0.0881292652494
39.69 0.078146086419
39.76 0.0793178208632
39.83 0.0881349380415
39.9 0.0746380607207
39.97 0.0859748800549
40.04 0.477192851813
40.11 0.745254351538
40.18 0.290276361504
40.25 0.26681456437
40.32 0.256944725856
40.39 0.137618609034
40.46 0.0977488238327
40.53 0.400840499843
40.6 0.337675154325
40.67 0.280865338053
40.74 0.147514129313
40.81 0.112475328817
40.88 0.144914596195
40.95 0.514577895813
41.02 0.486527266954
41.09 0.475951274821
41.16 0.355137172679
41.23 0.168434618056
41.3 0.215612464314
41.37 0.360430553729
41.44 0.29695455378
41.51 0.155730534275
41.58 0.153526735415
41.65 0.152355050194
41.72 0.195305010817
41.79 0.543599648011
41.86 0.637021709653
41.93 0.515088491302
42.0 0.398566109027
42.07 0.373422737394
42.14 0.337653143248
42.21 0.335605749504
42.28 0.301744949944
42.35 0.267981217712
42.42 0.153944620383
42.49 0.137432430549
42.56 0.133747352861
42.63 0.107589647426
42.7 0.191500353443
42.77 0.175181355984
42.84 0.164574022352
42.91 0.113109509201
42.98 0.0904064648356
43.05 0.118079613431
43.12 0.156136760234
43.19 0.143647661913
43.26 0.184258874109
43.33 0.207689671298
43.4 0.152906863084
43.47 0.110252132765
43.54 0.124701194316
43.61 0.160460722696
43.68 0.135944948517
43.75 0.152742864443
43.82 0.168447335879
43.89 0.14865601806
43.96 0.119144869758
44.03 0.104597275214
44.1 0.109609573284
44.17 0.0818684516401
44.24 0.0745992593049
44.31 0.0585177837697
44.38 0.0464449570817
44.45 0.0802939208296
44.52 0.0675782624229
44.59 0.0395635769856
44.66 0.0410954568782
44.73 0.357303006928
44.8 0.510638474719
44.87 0.496350304682
44.94 0.315905328962
45.01 0.135120031926
45.08 0.0948761910313
45.15 0.24787257212
45.22 0.488453619368
45.29 0.304003455535
45.36 0.313072220865
45.43 0.204057160612
45.5 0.142768172198
45.57 0.35358282865
45.64 0.497353901667
45.71 0.496840289462
45.78 0.368346321805
45.85 0.199117777058
45.92 0.162884993963
45.99 0.170012695994
46.06 0.393003725923
46.13 0.370066140185
46.2 0.227388661337
46.27 0.143122796544
46.34 0.11784955946
46.41 0.08354853737
46.48 0.130963364091
46.55 0.120176199836
46.62 0.315099174676
46.69 0.455752585835
46.76 0.451432615524
46.83 0.233304259378
46.9 0.16626612974
46.97 0.387523849949
47.04 0.353877093564
47.11 0.184275908558
47.18 0.23966671813
47.25 0.246990456466
47.32 0.578418035371
47.39 0.640327043787
47.46 0.262977998922
47.53 0.189337388239
47.6 0.253626523213
47.67 0.24115855898
47.74 0.583886092609
47.81 0.462694462989
47.88 0.117483267064
47.95 0.0805019155046
48.02 0.079218057275
48.09 0.132205543824
48.16 0.233323144241
48.23 0.254808685067
48.3 0.40370994917
48.37 0.352586070759
48.44 0.294923305443
48.51 0.258597616942
48.58 0.277409881366
48.65 0.481006374493
48.72 0.385757202656
48.79 0.16926815484
48.86 0.158988059038
48.93 0.0898510947729
49.0 0.0456003941657
49.07 0.0498389784444
49.14 0.0603252647187
49.21 0.050107377757
49.28 0.032254530448
49.35 0.0334151453357
49.42 0.343549044737
49.49 0.569616443781
49.56 0.530979449626
49.63 0.18197833735
49.7 0.103450441986
49.77 0.0891383893644
49.84 0.0669846665615
49.91 0.0466790263081
49.98 0.0629401606857
50.05 0.08132668342
50.12 0.0698260884584
50.19 0.0505113806089
50.26 0.0363265373609
50.33 0.0535183009662
50.4 0.244072131921
50.47 0.373824437777
50.54 0.41493057823
50.61 0.308738073094
50.68 0.261791832863
50.75 0.22088877676
50.82 0.227585688145
50.89 0.219430395036
50.96 0.156327497446
51.03 0.104489479105
51.1 0.0887285670536
51.17 0.10968217337
51.24 0.136572016564
51.31 0.11891046802
51.38 0.0893337114217
51.45 0.0557604180453
51.52 0.0388553157833
51.59 0.0759538692163
51.66 0.113336924173
51.73 0.106488496901
51.8 0.102549957817
51.87 0.0838329344184
51.94 0.216441502646
52.01 0.548486937714
52.08 0.351906951053
52.15 0.34602787205
52.22 0.147790503886
52.29 0.0915044298775
52.36 0.0983937792067
52.43 0.353823207564
52.5 0.30139108505
52.57 0.288468907678
52.64 0.209456977587
52.71 0.162923129351
52.78 0.197406064533
52.85 0.551874294777
52.92 0.397668765135
52.99 0.515392731571
53.06 0.457348455666
53.13 0.291372141612
53.2 0.139175942655
53.27 0.426351581317
53.34 0.385414285538
53.41 0.530060642147
53.48 0.712752423263
53.55 0.694972092661
53.62 0.398754701487
53.69 0.336138530865
53.76 0.606476127161
53.83 0.286472013537
53.9 0.279504353157
53.97 0.166387493536
54.04 0.0993655776155
54.11 0.431810751147
54.18 0.412524518765
54.25 0.335000324862
54.32 0.243513811444
54.39 0.157646777727
54.46 0.108810513253
54.53 0.141071876768
54.6 0.17284440071
54.67 0.172757591019
54.74 0.130479887903
54.81 0.132307015177
54.88 0.116339249639
54.95 0.194101504919
55.02 0.373995863185
55.09 0.330304025522
55.16 0.163675138458
55.23 0.0907565877152
55.3 0.0648375574487
55.37 0.33000717887
55.44 0.482213802222
55.51 0.44094315984
55.58 0.157259126218
55.65 0.112664731963
55.72 0.127446800574
55.79 0.117845603474
55.86 0.0544016391791
55.93 0.0548968868877
56.0 0.0708834589318
56.07 0.0718107690688
56.14 0.118628974171
56.21 0.0909832442387
56.28 0.65343630476
56.35 0.889289734274
56.42 0.823311634199
56.49 0.579934188761
56.56 0.113422522356
56.63 0.134950868804
56.7 0.22932354755
56.77 0.232607875176
56.84 0.18967986837
56.91 0.159162452943
56.98 0.156765229653
57.05 0.405887050647
57.12 0.609551261662
57.19 0.694017300573
57.26 0.663645272167
57.33 0.551512934806
57.4 0.442555419188
57.47 0.291793397909
57.54 0.413106158265
57.61 0.531389267919
57.68 0.352643687723
57.75 0.226717091959
57.82 0.184826830397
57.89 0.188562881844
57.96 0.376135674116
58.03 0.341566877554
58.1 0.25012468565
58.17 0.287573852191
58.24 0.304533338718
58.31 0.212859477499
58.38 0.190429647338
58.45 0.245487937065
58.52 0.268265923162
58.59 0.269262645893
58.66 0.231911855632
58.73 0.196519960746
58.8 0.167167941947
58.87 0.120200182878
58.94 0.141774185909
59.01 0.132775223949
59.08 0.094200683749
59.15 0.0999788931349
59.22 0.259821408068
59.29 0.169942003582
59.36 0.353428583353
59.43 0.691330811097
59.5 0.732933354511
59.57 0.402351662542
59.64 0.63409965314
59.71 0.914883929636
59.78 0.740180016408
59.85 0.67972395601
59.92 0.280191916252
59.99 0.217837931693
60.06 0.314834350618
60.13 0.589950957311
60.2 0.653048478457
60.27 0.520068615087
60.34 0.277048069341
60.41 0.10940238829
60.48 0.168412137847
60.55 0.31529340075
60.62 0.289420625789
60.69 0.0696036862777
60.76 0.210761401321
60.83 0.293016334148
60.9 0.0689875439057
60.97 0.144431815168
61.04 0.255957528433
61.11 0.301959154854
61.18 0.320264239319
61.25 0.141814549427
61.32 0.0778055963363
61.39 0.247563887646
61.46 0.361175075796
61.53 0.333246900689
61.6 0.321762767574
61.67 0.106143501334
61.74 0.128128276996
61.81 0.348964175337
61.88 0.355231903384
61.95 0.292985286988
62.02 0.263389446623
62.09 0.279703326817
62.16 0.243175299354
62.23 0.216217272152
62.3 0.216922023396
62.37 0.185514883721
62.44 0.193892853257
62.51 0.192645340276
62.58 0.179950622077
62.65 0.325603298049
62.72 0.390929979363
62.79 0.361920231745
62.86 0.214062988419
62.93 0.292477900087
63.0 0.169905672397
63.07 0.35302776498
63.14 0.456112986444
63.21 0.371692285668
63.28 0.23814410939
63.35 0.205387917071
63.42 0.148689223031
63.49 0.348791816686
63.56 0.400059398463
63.63 0.360740025784
63.7 0.407503693927
63.77 0.366117154605
63.84 0.320561544054
63.91 0.319659895591
63.98 0.247540006065
64.05 0.343260362204
64.12 0.422547186135
64.19 0.408384376064
64.26 0.299898697716
64.33 0.223804797832
64.4 0.336273109745
64.47 0.344907051091
64.54 0.2052823069
64.61 0.1265535955
64.68 0.117043732663
64.75 0.0918249290691
64.82 0.10237242263
64.89 0.13600165936
64.96 0.18119873378
65.03 0.16219947918
65.1 0.154720448789
65.17 0.166253053286
65.24 0.162672353164
65.31 0.177244242166
65.38 0.583811784759
65.45 0.757795332752
65.52 0.692409031367
65.59 0.434617087523
65.66 0.579700926202
65.73 0.720637419431
65.8 0.648783736248
65.87 0.408325541565
65.94 0.183207529031
66.01 0.188163860642
66.08 0.56666907217
66.15 0.543640587146
66.22 0.37116102221
66.29 0.556681279362
66.36 0.584260752047
66.43 0.453760959646
66.5 0.224631550772
66.57 0.158714381728
66.64 0.399203182565
66.71 0.431963027492
66.78 0.291590187988
66.85 0.520603070057
66.92 0.538618357923
66.99 0.423353055124
67.06 0.394053838397
67.13 0.283419850478
67.2 0.178340227206
67.27 0.112497593044
67.34 0.200007844868
67.41 0.19065311436
67.48 0.27424903416
67.55 0.568557629745
67.62 0.571694853544
67.69 0.496045561126
67.76 0.429887684674
67.83 0.719480798703
67.9 0.598311349931
67.97 0.241450136676
68.04 0.128220496283
68.11 0.748656787157
68.18 0.679375372128
68.25 0.610646210993
68.32 0.580064467088
68.39 0.556633093278
68.46 0.566186376531
68.53 0.519526931251
68.6 0.246126427043
68.67 0.251924316909
68.74 0.458444844542
68.81 0.529744291819
68.88 0.184716597207
68.95 0.209212757208
69.02 0.500348296074
69.09 0.451083959313
69.16 0.320237625315
69.23 0.279476044447
69.3 0.286275579424
69.37 0.20746281587
69.44 0.402712824612
69.51 0.680639955723
69.58 0.782004693783
69.65 0.474108973557
69.72 0.212321870197
69.79 0.211278338644
69.86 0.433638519335
69.93 0.740415609563
70.0 0.872149523058
70.07 0.638107788653
70.14 0.249944059409
70.21 0.229142997657
70.28 0.496148911019
70.35 0.558021977019
70.42 0.521334582976
70.49 0.605637540416
70.56 0.554710903791
70.63 0.534691247803
70.7 0.402812745918
70.77 0.688713640789
70.84 0.763591060788
70.91 0.407389633336
70.98 0.201450193696
71.05 0.1691572727
71.12 0.482776156037
71.19 0.657581553677
71.26 0.589546423043
71.33 0.643736288365
71.4 0.617265167948
71.47 0.622492000426
71.54 0.585776089729
71.61 0.568130739834
71.68 0.538870162787
71.75 0.672910492706
71.82 0.701793309215
71.89 0.627754509112
71.96 0.474104788529
72.03 0.706764351711
72.1 0.660515839793
72.17 0.677275794121
72.24 0.591527969403
72.31 0.604985405399
72.38 0.549658608871
72.45 0.517582127948
72.52 0.546161743916
72.59 0.537650392944
72.66 0.561022890064
72.73 0.543724487611
72.8 0.497777051574
72.87 0.547620315503
72.94 0.509200956856
73.01 0.521771664223
73.08 0.501471755027
73.15 0.526146184553
73.22 0.527082673423
73.29 0.471927224951
73.36 0.5963571268
73.43 0.523261231737
73.5 0.536635529735
73.57 0.564886920384
73.64 0.489675579168
73.71 0.608708913818
73.78 0.691413153477
73.85 0.673001220211
73.92 0.643668231937
73.99 0.629636199463
74.06 0.588993252983
74.13 0.525237069141
74.2 0.418473132919
74.27 0.347907804409
74.34 0.269339505345
74.41 0.249717992566
74.48 0.17731048334
74.55 0.128537286612
74.62 0.131910821832
74.69 0.14098121657
74.76 0.109692719318
74.83 0.0973287358476
74.9 0.0817251862654
74.97 0.120478989509
75.04 0.13167577717
75.11 0.10838238471
75.18 0.0882897479048
75.25 0.0870951776346
75.32 0.181536089613
75.39 0.533270411786
75.46 0.604351484193
75.53 0.547145074758
75.6 0.24947991813
75.67 0.17239287077
75.74 0.121416567329
75.81 0.509469338086
75.88 0.70661946396
75.95 0.647624412229
76.02 0.391953981121
76.09 0.256786923386
76.16 0.206525755402
76.23 0.443408596269
76.3 0.745042404894
76.37 0.517711724174
76.44 0.816722825316
76.51 0.873050331703
76.58 0.821120642568
76.65 0.336103092741
76.72 0.214379487423
76.79 0.178774003426
76.86 0.738678939566
76.93 0.941435725856
77.0 0.879921558636
77.07 0.814538347301
77.14 0.388285053863
77.21 0.25832711507
77.28 0.241082152589
77.35 0.179172909103
77.42 0.113563667089
77.49 0.120651131173
77.56 0.264907815084
77.63 0.868929196421
77.7 0.966214792127
77.77 0.857933490002
77.84 0.455233407322
77.91 0.231900148404
77.98 0.165553137025
78.05 0.70333951223
78.12 0.861403787162
78.19 0.724583932771
78.26 0.662235075524
78.33 0.673494769196
78.4 0.828329390083
78.47 0.868792445666
78.54 0.603504668032
78.61 0.276563198813
78.68 0.269082955909
78.75 0.182650380884
78.82 0.140407983289
78.89 0.126146927531
78.96 0.092972118918
79.03 0.104900328084
79.1 0.297214731713
79.17 0.539365978076
79.24 0.49416844256
79.31 0.327762628728
79.38 0.172809309162
79.45 0.55701335117
79.52 0.618941184175
79.59 0.43114291876
79.66 0.106657247146
79.73 0.10143316015
79.8 0.139903116848
79.87 0.264210177182
79.94 0.244185057351
80.01 0.152383055524
80.08 0.137559457092
80.15 0.0912126171126
80.22 0.274199776203
80.29 0.635552092847
80.36 0.452224595364
80.43 0.478609743899
80.5 0.459463464833
80.57 0.229488419161
80.64 0.347848886531
80.71 0.249536918288
80.78 0.112597820742
80.85 0.528321247763
80.92 0.574115256222
80.99 0.488388969428
81.06 0.245201675539
81.13 0.297472831196
81.2 0.339646639942
81.27 0.328540087547
81.34 0.188814651548
81.41 0.128647206377
81.48 0.277865732955
81.55 0.453544210166
81.62 0.288946640754
81.69 0.198819007664
81.76 0.0821691226804
81.83 0.104915065087
81.9 0.0924752307509
81.97 0.124585486234
82.04 0.11820558116
82.11 0.134737291748
82.18 0.130313881132
82.25 0.096205772146
82.32 0.318334523613
82.39 0.509351499317
82.46 0.293646204938
82.53 0.163353207758
82.6 0.0893558440506
82.67 0.0905945831401
82.74 0.307269618573
82.81 0.459342958937
82.88 0.409351249079
82.95 0.192026575983
83.02 0.163503403644
83.09 0.145600820203
83.16 0.130000788616
83.23 0.0716266579836
83.3 0.565179514702
83.37 0.561572240759
83.44 0.543385543557
83.51 0.589436286292
83.58 0.284553059763
83.65 0.197582387207
83.72 0.164867194296
83.79 0.491794798476
83.86 0.404077453075
83.93 0.143827214271
84.0 0.261536572287
84.07 0.574183667261
84.14 0.695698737446
84.21 0.491011692985
84.28 0.418228787972
84.35 0.279001650553
84.42 0.317166936023
84.49 0.212919870082
84.56 0.175373496576
84.63 0.150318262673
84.7 0.143897988053
84.77 0.0955307420332
84.84 0.11189686174
84.91 0.0993759939749
84.98 0.139646211796
85.05 0.126316359878
85.12 0.159603223966
85.19 0.128769928348
85.26 0.086567615002
85.33 0.0816398924659
85.4 0.115700577834
85.47 0.157264095813
85.54 0.131263547916
85.61 0.106278054095
85.68 0.0898095518927
85.75 0.143252619802
85.82 0.142802599727
85.89 0.150054117703
85.96 0.146281875711
86.03 0.112682252623
86.1 0.0904180093242
86.17 0.0778777584307
86.24 0.0691171150178
86.31 0.264998606881
86.38 0.406559026875
86.45 0.320717906978
86.52 0.155527229925
86.59 0.140660325597
86.66 0.0796596450115
86.73 0.555321261864
86.8 0.794869942321
86.87 0.718082088283
86.94 0.549398161713
87.01 0.164202124469
87.08 0.183275041987
87.15 0.143388413205
87.22 0.362738179652
87.29 0.365155677121
87.36 0.171390739449
87.43 0.248644875499
87.5 0.616381542429
87.57 0.556639388901
87.64 0.370130392316
87.71 0.275583535646
87.78 0.240811075099
87.85 0.200631822865
87.92 0.661047123343
87.99 0.562266851899
88.06 0.544819345526
88.13 0.478211988451
88.2 0.237898140058
88.27 0.251569026535
88.34 0.32729099639
88.41 0.284167268713
88.48 0.259686379142
88.55 0.222009426943
88.62 0.178514836088
88.69 0.1307278071
88.76 0.157435879852
88.83 0.313370357381
88.9 0.427813980305
88.97 0.25774566041
89.04 0.162258387012
89.11 0.105166783558
89.18 0.0956264672605
89.25 0.258956014443
89.32 0.657608432887
89.39 0.599713181542
89.46 0.646867612339
89.53 0.620914216827
89.6 0.483553064353
89.67 0.419152241575
89.74 0.339608656244
89.81 0.257740939948
89.88 0.211182142275
89.95 0.203094102944
90.02 0.278770450372
90.09 0.229424019359
90.16 0.45084148688
90.23 0.649565903473
90.3 0.542516885088
90.37 0.31712357789
90.44 0.144739545304
90.51 0.166415811286
90.58 0.321692106303
90.65 0.282243893837
90.72 0.263492669941
90.79 0.135777009963
90.86 0.0868088246934
90.93 0.0786661479469
91.0 0.333145389154
91.07 0.544359411375
91.14 0.518216588606
91.21 0.340112796384
91.28 0.20073222134
91.35 0.314088358869
91.42 0.341335912441
91.49 0.366116821088
91.56 0.236768231782
91.63 0.190735634549
91.7 0.156678574665
91.77 0.387270110289
91.84 0.582729378457
91.91 0.605926661945
91.98 0.47912474542
92.05 0.405936003216
92.12 0.31217249213
92.19 0.373838610214
92.26 0.327177030228
92.33 0.28433154361
92.4 0.265589112693
92.47 0.200852448971
92.54 0.12777013566
92.61 0.0733412757178
92.68 0.0726325514098
92.75 0.114619363953
92.82 0.104294134947
92.89 0.0902138762062
92.96 0.0749181692709
93.03 0.340721271897
93.1 0.622190385093
93.17 0.450501378533
93.24 0.6225921568
93.31 0.344066211101
93.38 0.15848415899
93.45 0.199480739313
93.52 0.401859600316
93.59 0.369375273067
93.66 0.353154320381
93.73 0.227011879248
93.8 0.20696801218
93.87 0.575358245636
93.94 0.602729727664
94.01 0.423308279546
94.08 0.532457773017
94.15 0.587732420442
94.22 0.633342207313
94.29 0.491479896734
94.36 0.391772720998
94.43 0.392376576506
94.5 0.205528435958
94.57 0.478788912512
94.64 0.728250599753
94.71 0.613622012866
94.78 0.560159856167
94.85 0.658256717397
94.92 0.255113514011
94.99 0.150711781859
95.06 0.138422132358
95.13 0.25259186199
95.2 0.44265360661
95.27 0.318034643168
95.34 0.279964786578
95.41 0.228233429184
95.48 0.127181497338
95.55 0.133370392963
95.62 0.134434194677
95.69 0.132872935206
95.76 0.171500234282
95.83 0.137268559488
95.9 0.142542409739
95.97 0.104118274374
96.04 0.127351846855
96.11 0.128862267179
96.18 0.11323530314
96.25 0.103843447839
96.32 0.0738084306991
96.39 0.240800667781
96.46 0.764364595766
96.53 0.733987720323
96.6 0.6430786664
96.67 0.731512037306
96.74 0.68833821788
96.81 0.644729301228
96.88 0.246605374641
96.95 0.140139395118
97.02 0.862663707555
97.09 0.889146581411
97.16 0.788137192994
97.23 0.698599055121
97.3 0.257767282718
97.37 0.185371617342
97.44 0.227224871645
97.51 0.499088996503
97.58 0.324064246549
97.65 0.232159050536
97.72 0.375861998816
97.79 0.657589155238
97.86 0.489224623841
97.93 0.38973683156
98.0 0.331418095788
98.07 0.330711851757
98.14 0.243714529033
98.21 0.261000198594
98.28 0.240700783645
98.35 0.270569700588
98.42 0.278799222186
98.49 0.30687677546
98.56 0.195598419839
98.63 0.133694430241
98.7 0.152125973668
98.77 0.113316980496
98.84 0.155390398804
98.91 0.147173324801
98.98 0.100846524937
99.05 0.115712595474
99.12 0.170110411269
99.19 0.116655204168
99.26 0.102638246232
99.33 0.106032707595
99.4 0.109952479351
99.47 0.152576849634
99.54 0.153477739649
99.61 0.119360946178
99.68 0.106454163801
99.75 0.111323444624
99.82 0.101336774922
99.89 0.0978871889277
99.96 0.443468508669
100.03 0.794115309283
100.1 0.7610030591
100.17 0.543119513015
100.24 0.373432436492
100.31 0.670914402219
100.38 0.631741707431
100.45 0.534987368153
100.52 0.387823432039
100.59 0.33227386164
100.66 0.26883319534
100.73 0.12383870389
100.8 0.106149445359
100.87 0.221318367953
100.94 0.260319392219
101.01 0.123338667409
101.08 0.164970439715
101.15 0.453920878739
101.22 0.630161060814
101.29 0.601419772783
101.36 0.429210255654
101.43 0.403498085906
101.5 0.230565106461
101.57 0.557952921047
101.64 0.557851010699
101.71 0.301329884795
101.78 0.276676343239
101.85 0.131197177153
101.92 0.119224058802
101.99 0.625872811728
102.06 1.0
102.13 0.964439576878
102.2 0.831377705649
102.27 0.689456709247
102.34 0.726556050261
102.41 0.802108741469
102.48 0.569620665978
102.55 0.592761318989
102.62 0.460023952162
102.69 0.214227407974
102.76 0.172632827766
102.83 0.235416746076
102.9 0.401735385558
102.97 0.492168242388
103.04 0.560393124753
103.11 0.484765331082
103.18 0.453375007865
103.25 0.300670258719
103.32 0.209718052599
103.39 0.219548091157
103.46 0.27218456478
103.53 0.282437771327
103.6 0.282651826557
103.67 0.215055098176
103.74 0.334781175471
103.81 0.324886937019
103.88 0.193397424727
103.95 0.120323923481
104.02 0.0829966752566
104.09 0.225939585925
104.16 0.304493542781
104.23 0.202076592701
104.3 0.304133516876
104.37 0.296947574046
104.44 0.161850045434
104.51 0.102043737219
104.58 0.0808031882807
104.65 0.166090176746
104.72 0.353168915741
104.79 0.354038302521
104.86 0.251729317318
104.93 0.124667111353
105.0 0.302682616166
105.07 0.640149562847
105.14 0.684228413114
105.21 0.661166333347
105.28 0.658093016108
105.35 0.686259700629
105.42 0.68687403478
105.49 0.678618828402
105.56 0.629782407216
105.63 0.303143543834
105.7 0.179449427329
105.77 0.455368876249
105.84 0.7480796441
105.91 0.779340197301
105.98 0.736461956763
106.05 0.613301681437
106.12 0.40278317949
106.19 0.287401768791
106.26 0.328654004485
106.33 0.360832098404
106.4 0.485447522756
106.47 0.494943377905
106.54 0.481856884448
106.61 0.332395745802
106.68 0.374612171311
106.75 0.373510068456
106.82 0.229286593534
106.89 0.169840141452
106.96 0.185739362343
107.03 0.129003593738
107.1 0.286782800571
107.17 0.458565539296
107.24 0.419857101312
107.31 0.250556246799
107.38 0.17836696879
107.45 0.141445378945
107.52 0.29608647595
107.59 0.685565643005
107.66 0.381314717314
107.73 0.147687779838
107.8 0.111624313564
107.87 0.0950075854332
107.94 0.0747587625071
108.01 0.0856530568435
108.08 0.0923356631887
108.15 0.094534023321
108.22 0.0941615166707
108.29 0.115350934133
108.36 0.429279080575
108.43 0.431178442272
108.5 0.138894936022
108.57 0.497388083078
108.64 0.527062273672
108.71 0.272365336683
108.78 0.126676139664
108.85 0.657224256177
108.92 0.707682226951
108.99 0.57211531121
109.06 0.297882762
109.13 0.352166594556
109.2 0.23596915166
109.27 0.709248614738
109.34 0.789704213659
109.41 0.735071198498
109.48 0.594511798774
109.55 0.316928183504
109.62 0.253435261617
109.69 0.542757060075
109.76 0.492728024511
109.83 0.347710958423
109.9 0.25504340023
109.97 0.295491834334
110.04 0.336626001213
110.11 0.679484690156
110.18 0.663697569946
110.25 0.651674616011
110.32 0.483845419584
110.39 0.365311394109
110.46 0.39453394828
110.53 0.47579213929
110.6 0.430267017359
110.67 0.363930671473
110.74 0.215390424782
110.81 0.162503810864
110.88 0.1348847311
110.95 0.116768787589
111.02 0.126404861261
111.09 0.108110557814
111.16 0.106700837335
111.23 0.0958376213
111.3 0.0903629961998
111.37 0.437022598494
111.44 0.68686448938
111.51 0.665468482633
111.58 0.66088379073
111.65 0.626012844405
111.72 0.629961113728
111.79 0.412673862777
111.86 0.490045908921
111.93 0.516040661469
112.0 0.608503884625
112.07 0.611742693293
112.14 0.560516673484
112.21 0.536519673982
112.28 0.568409055231
112.35 0.57917737782
112.42 0.57884490519
112.49 0.372105591819
112.56 0.181080029074
112.63 0.142333314058
112.7 0.110912129526
112.77 0.140694104176
112.84 0.116721411186
112.91 0.0753040115534
112.98 0.0623321874558
113.05 0.537327916764
113.12 0.698411006131
113.19 0.624644687902
113.26 0.64099690741
113.33 0.720269468494
113.4 0.698768442261
113.47 0.498503040377
113.54 0.509116252737
113.61 0.519482795582
113.68 0.340141180435
113.75 0.152965227445
113.82 0.135108322688
113.89 0.298927327253
113.96 0.484716462896
114.03 0.492019179655
114.1 0.375136576588
114.17 0.159485054694
114.24 0.134844331417
114.31 0.181710204248
114.38 0.355757981266
114.45 0.365273276804
114.52 0.222609204912
114.59 0.129411019151
114.66 0.116081781024
114.73 0.127691694014
114.8 0.107035315082
114.87 0.226655412525
114.94 0.360289634019
115.01 0.378248669125
115.08 0.314428186942
115.15 0.127128021202
115.22 0.198545160582
115.29 0.33670273007
115.36 0.226073223526
115.43 0.184770039188
115.5 0.202552330706
115.57 0.342930391951
115.64 0.56048260358
115.71 0.416579293329
115.78 0.105336427868
115.85 0.160276489054
115.92 0.228859780975
115.99 0.421232304855
116.06 0.682331917448
116.13 0.231005020588
116.2 0.138477305209
116.27 0.095623084882
116.34 0.0876968672954
116.41 0.262170918425
116.48 0.279881486844
116.55 0.366048820917
116.62 0.470683567499
116.69 0.352098132283
116.76 0.276208360494
116.83 0.226836904703
116.9 0.593838009302
116.97 0.605694939388
117.04 0.214643550018
117.11 0.147310050442
117.18 0.134181024606
117.25 0.147179926818
117.32 0.268895497605
117.39 0.341488229973
117.46 0.310793315523
117.53 0.271033020131
117.6 0.280931477766
117.67 0.212733009496
117.74 0.230754182118
117.81 0.262884123104
117.88 0.275080165006
117.95 0.210068909818
118.02 0.19819007313
118.09 0.200072674625
118.16 0.208272228973
118.23 0.238964687255
118.3 0.311907207981
118.37 0.282491534769
118.44 0.233791588082
118.51 0.114622141582
118.58 0.0918378668926
118.65 0.388915014059
118.72 0.668316839058
118.79 0.813822457413
118.86 0.771046182476
118.93 0.711360263627
119.0 0.716438724514
119.07 0.616376666258
119.14 0.514132236565
119.21 0.341327872888
119.28 0.278932681979
119.35 0.218780799566
119.42 0.309532299147
119.49 0.35308906971
119.56 0.329547393395
119.63 0.307476513247
119.7 0.309567082293
119.77 0.302802053202
119.84 0.336693424763
119.91 0.297654689036
119.98 0.453547318297
120.05 0.661552285128
120.12 0.596336033898
120.19 0.400436773247
120.26 0.25609530887
120.33 0.359359663788
120.4 0.397713805919
120.47 0.162041223651
120.54 0.153443808376
120.61 0.173810151623
120.68 0.512702851679
120.75 0.406779380743
120.82 0.41140288712
120.89 0.296851247082
120.96 0.213937064891
121.03 0.188508714565
121.1 0.585518645223
121.17 0.506325740307
121.24 0.403968996965
121.31 0.522242700853
121.38 0.286682205201
121.45 0.150280334226
121.52 0.413173341724
121.59 0.448884155617
121.66 0.628554154805
121.73 0.810429071942
121.8 0.754791667193
121.87 0.460892780403
121.94 0.236894004625
122.01 0.433107748114
122.08 0.463667027883
122.15 0.183341862797
122.22 0.273636812615
122.29 0.165588076884
122.36 0.568994596471
122.43 0.483291802491
122.5 0.457692213607
122.57 0.401790477038
122.64 0.369097971278
122.71 0.313776436674
122.78 0.292076064087
122.85 0.242136563606
122.92 0.309871423018
122.99 0.240794773984
123.06 0.171650935464
123.13 0.146403283708
123.2 0.170561777465
123.27 0.129776120131
123.34 0.142779652394
123.41 0.141265689965
123.48 0.419152725777
123.55 0.40311364399
123.62 0.187293880162
123.69 0.0949424201507
123.76 0.215625586978
123.83 0.550134879296
123.9 0.668733285487
123.97 0.496580770525
124.04 0.133948853007
124.11 0.209046070344
124.18 0.271042056215
124.25 0.113221338648
124.32 0.734726070328
124.39 0.862869382684
124.46 0.839197056352
124.53 0.716696175047
124.6 0.200701565962
124.67 0.170829874403
124.74 0.313610281227
124.81 0.430394395501
124.88 0.423839440539
124.95 0.8145093806
125.02 0.937183823022
125.09 0.768512192358
125.16 0.807449668695
125.23 0.719015208838
125.3 0.702562457248
125.37 0.682576137828
125.44 0.582451092192
125.51 0.456086250887
125.58 0.259372456853
125.65 0.227941868566
125.72 0.244883500917
125.79 0.327417770787
125.86 0.297714883719
125.93 0.3502967581
126.0 0.355359458329
126.07 0.210601413917
126.14 0.213584467762
126.21 0.093247372394
126.28 0.337483372363
126.35 0.51644377126
126.42 0.550701801884
126.49 0.384002973825
126.56 0.171712172888
126.63 0.114673390593
126.7 0.0946987070773
126.77 0.0794863199664
126.84 0.0589811043173
126.91 0.053665395752
126.98 0.392271354099
127.05 0.519812532776
127.12 0.57274087341
127.19 0.556766409417
127.26 0.414486146563
127.33 0.229423421641
127.4 0.136340376382
127.47 0.189703416434
127.54 0.387565145706
127.61 0.627458499264
127.68 0.650707750028
127.75 0.546367598862
127.82 0.38110893972
127.89 0.577525491302
127.96 0.683772700155
128.03 0.516464696399
128.1 0.386927627144
128.17 0.546706063737
128.24 0.759575660244
128.31 0.69225559977
128.38 0.637172122525
128.45 0.518658591229
128.52 0.335059188493
128.59 0.170715660112
128.66 0.266761701019
128.73 0.583189394982
128.8 0.589165796474
128.87 0.138924662176
128.94 0.206873898279
129.01 0.383147711262
129.08 0.306647003773
129.15 0.110575901823
129.22 0.187318917999
129.29 0.456719566339
129.36 0.589899245195
129.43 0.618580100461
129.5 0.0999199240241
129.57 0.159979507789
129.64 0.366300537379
129.71 0.680977139774
129.78 0.598218453566
129.85 0.460734865422
129.92 0.193789054322
129.99 0.346785045639
130.06 0.493376879616
130.13 0.542379319628
130.2 0.642279356232
130.27 0.507143649036
130.34 0.489506102621
130.41 0.503570728284
130.48 0.519221624132
130.55 0.654802402904
130.62 0.630950889875
130.69 0.523678689765
130.76 0.575770015803
130.83 0.412683723611
130.9 0.578384853505
130.97 0.702596602493
131.04 0.665474465836
131.11 0.60454883849
131.18 0.612012201648
131.25 0.590513304094
131.32 0.615184567224
131.39 0.581056503512
131.46 0.540423682066
131.53 0.392858886391
131.6 0.355722682777
131.67 0.555466616739
131.74 0.55493382031
131.81 0.430641668761
131.88 0.318999389513
131.95 0.356750000612
132.02 0.277246641173
132.09 0.596832428823
132.16 0.608167044136
132.23 0.457136321169
132.3 0.203778668411
132.37 0.151462012883
132.44 0.264022463718
132.51 0.605613899931
132.58 0.470357036885
132.65 0.636102092493
132.72 0.669008158231
132.79 0.50766030709
132.86 0.200884364077
132.93 0.150589811304
133.0 0.182705853096
133.07 0.657342174307
133.14 0.678572876476
133.21 0.700157091939
133.28 0.517626242521
133.35 0.198089833377
133.42 0.155875861022
133.49 0.343306561254
133.56 0.600816842481
133.63 0.663667970368
133.7 0.539379562841
133.77 0.398977833988
133.84 0.653972109868
133.91 0.643047744811
133.98 0.540815613031
134.05 0.215224923308
134.12 0.150132852682
134.19 0.319945450905
134.26 0.606122032221
134.33 0.384972416523
134.4 0.492837032128
134.47 0.608994014063
134.54 0.620156997028
134.61 0.424255841762
134.68 0.188245665579
134.75 0.170197584614
134.82 0.377846253489
134.89 0.471917713707
134.96 0.389463539
135.03 0.320706323311
135.1 0.420338263982
135.17 0.470878077866
135.24 0.470537506413
135.31 0.453477048808
135.38 0.373458538167
135.45 0.321617788407
135.52 0.31525872007
135.59 0.641859940302
135.66 0.677961933745
135.73 0.690770731622
135.8 0.628854442101
135.87 0.575179319123
135.94 0.759507203998
136.01 0.783848868565
136.08 0.379500004485
136.15 0.203792168792
136.22 0.254990389208
136.29 0.692271665816
136.36 0.6900642696
136.43 0.573342447546
136.5 0.747409936186
136.57 0.68725563176
136.64 0.597640812244
136.71 0.270443623362
136.78 0.177607504787
136.85 0.32123529937
136.92 0.759816254135
136.99 0.812486298391
137.06 0.778304493337
137.13 0.379637797981
137.2 0.653903377367
137.27 0.633977701672
137.34 0.634219870725
137.41 0.40897233128
137.48 0.172193163776
137.55 0.436639448452
137.62 0.639610370338
137.69 0.430951773694
137.76 0.59954889459
137.83 0.658349742347
137.9 0.568490241355
137.97 0.504910248588
138.04 0.23460034922
138.11 0.226593512086
138.18 0.558344912287
138.25 0.598554161908
138.32 0.416432314069
138.39 0.485053740373
138.46 0.631364153834
138.53 0.6243701326
138.6 0.563304509746
138.67 0.572688878006
138.74 0.560584112102
138.81 0.498754888437
138.88 0.454220591422
138.95 0.40608962769
139.02 0.335635179311
139.09 0.362448353922
139.16 0.476568198746
139.23 0.669352222565
139.3 0.588443517539
139.37 0.678807722233
139.44 0.711067029399
139.51 0.699384958332
139.58 0.518589050051
139.65 0.624436230121
139.72 0.544269968712
139.79 0.640639092558
139.86 0.668873891771
139.93 0.560293651485
140.0 0.263050476451
140.07 0.16848876223
140.14 0.356695623379
140.21 0.764715789515
140.28 0.761850243936
140.35 0.695561073539
140.42 0.687945750475
140.49 0.613259749789
140.56 0.703240868734
140.63 0.682806647872
140.7 0.71498738079
140.77 0.575094585872
140.84 0.431470977321
140.91 0.704894611693
140.98 0.825503996059
141.05 0.736524795467
141.12 0.780784138368
141.19 0.757241041594
141.26 0.711943425047
141.33 0.693280510661
141.4 0.516562713045
141.47 0.517748116637
141.54 0.786048934453
141.61 0.763051415219
141.68 0.716201514006
141.75 0.736041560376
141.82 0.690375144031
141.89 0.679464419995
141.96 0.562358571916
142.03 0.538657754043
142.1 0.497453311648
142.17 0.721590345032
142.24 0.916456330764
142.31 0.703760754463
142.38 0.711968423706
142.45 0.816073227836
142.52 0.743326752456
142.59 0.538060170049
142.66 0.633487564197
142.73 0.299005365062
142.8 0.508109266342
142.87 0.690226004951
142.94 0.782243780823
143.01 0.776205378436
143.08 0.80740447823
143.15 0.719340526939
143.22 0.620491570208
143.29 0.545135338228
143.36 0.445574619377
143.43 0.404323443502
143.5 0.288224873143
143.57 0.21624203072
143.64 0.297408107923
143.71 0.534611014009
143.78 0.521138303566
143.85 0.166410693016
143.92 0.32345752501
143.99 0.561340695005
144.06 0.665044375373
144.13 0.586425129674
144.2 0.506650603339
144.27 0.432301700312
144.34 0.639692001484
144.41 0.60694441228
144.48 0.711882179586
144.55 0.725289550956
144.62 0.681257769695
144.69 0.420806581247
144.76 0.40190725398
144.83 0.379881308132
144.9 0.627745525265
144.97 0.747441665447
145.04 0.710483577659
145.11 0.587132455624
145.18 0.374212901981
145.25 0.365508356625
145.32 0.528539323272
145.39 0.649722730508
145.46 0.611821364985
145.53 0.609988302727
145.6 0.576132434587
145.67 0.560790990703
145.74 0.521621253361
145.81 0.603970575341
145.88 0.623899475697
145.95 0.622413643165
146.02 0.450157140409
146.09 0.644619214705
146.16 0.648706779353
146.23 0.496982125338
146.3 0.314649599624
146.37 0.279980627601
146.44 0.497046950072
146.51 0.583447613004
146.58 0.551385354747
146.65 0.664290573113
146.72 0.53824830744
146.79 0.313669904311
146.86 0.30572233163
146.93 0.261861339886
147.0 0.361704331125
147.07 0.466016063079
147.14 0.369479997209
147.21 0.3359295708
147.28 0.200565945345
147.35 0.448317148646
147.42 0.599003391388
147.49 0.465261523466
147.56 0.213693457297
147.63 0.168588719699
147.7 0.331735027761
147.77 0.580498460295
147.84 0.405696040193
147.91 0.658423926636
147.98 0.741028787457
148.05 0.581116391802
148.12 0.244833305698
148.19 0.202146247395
148.26 0.230436921652
148.33 0.679464900179
148.4 0.727790652542
148.47 0.701798751961
148.54 0.648190145409
148.61 0.338691252146
148.68 0.332729093411
148.75 0.276402433874
148.82 0.251088577108
148.89 0.223662292914
148.96 0.241378272938
149.03 0.203022295462
149.1 0.217643141052
149.17 0.204576165335
149.24 0.344836217034
149.31 0.398203995631
149.38 0.246084167906
149.45 0.1754840673
149.52 0.287030341047
149.59 0.395143479594
149.66 0.294442835926
149.73 0.213185099984
149.8 0.162084308542
149.87 0.125415978174
149.94 0.526176640023
150.01 0.74994678028
150.08 0.759130659992
150.15 0.774739004374
150.22 0.776705483228
150.29 0.754565412496
150.36 0.702401157879
150.43 0.706596817997
150.5 0.694151825207
150.57 0.708142931605
150.64 0.654609548064
150.71 0.622044598254
150.78 0.61627498696
150.85 0.576885161961
150.92 0.554334361794
150.99 0.48333941999
151.06 0.446214695568
151.13 0.406526874691
151.2 0.389538811235
151.27 0.338317220563
151.34 0.3107009124
151.41 0.267985218904
151.48 0.258306510388
151.55 0.192823862953
151.62 0.164837269238
151.69 0.115442431136
151.76 0.058915353372
151.83 0.0348739379273
151.9 0.0281792114765
151.97 0.0175343482111
152.04 0.0142577236081
152.11 0.00945352569297
152.18 0.00630747476028
152.25 0.0
152.32 0.0
152.39 0.0
152.46 0.0
152.53 0.0
152.6 0.0
152.67 0.0
152.74 0.0
152.81 0.0
152.88 0.0
152.95 0.0
153.02 0.0
153.09 0.0
153.16 0.0
153.23 0.0
153.3 0.0
153.37 0.0
153.44 0.0
153.51 0.0
153.58 0.0
153.65 0.0
153.72 0.0
153.79 0.0
153.86 0.0
153.93 0.0
154.0 0.0
154.07 0.0
154.14 0.0
154.21 0.0
154.28 0.0
154.35 0.0
154.42 0.0
154.49 0.0
154.56 0.0
154.63 0.0
154.7 0.0
154.77 0.0
154.84 0.0
154.91 0.0
154.98 0.0
155.05 0.0
155.12 0.0
155.19 0.0
155.26 0.0
155.33 0.0
155.4 0.0
155.47 0.0
155.54 0.0
155.61 0.0
155.68 0.0
155.75 0.0
155.82 0.0
155.89 0.0
155.96 0.0
156.03 0.0
156.1 0.0
156.17 0.0
156.24 0.0
156.31 0.0
156.38 0.0
156.45 0.0
156.52 0.0
156.59 0.0
156.66 0.0
156.73 0.0
156.8 0.0
156.87 0.0
156.94 0.0
157.01 0.0
157.08 0.0
157.15 0.0
157.22 0.0
157.29 0.0
157.36 0.0
157.43 0.0
157.5 0.0
157.57 0.0
157.64 0.0
157.71 0.0
157.78 0.0
157.85 0.0
157.92 0.0
157.99 0.0
158.06 0.0
158.13 0.0
158.2 0.0
158.27 0.0
158.34 0.0
158.41 0.0
158.48 0.0
158.55 0.0
158.62 0.0
158.69 0.0
158.76 0.0
158.83 0.0
158.9 0.0
158.97 0.0
159.04 0.0
159.11 0.0
159.18 0.0
159.25 0.0
159.32 0.0
159.39 0.0
159.46 0.0
159.53 0.0
159.6 0.0
159.67 0.0
159.74 0.0
159.81 0.0
159.88 0.0
159.95 0.0
160.02 0.0
160.09 0.0
160.16 0.0
160.23 0.0
160.3 0.0
160.37 0.0
160.44 0.0
160.51 0.0
160.58 0.0
160.65 0.0
160.72 0.0
160.79 0.0
160.86 0.0
160.93 0.0
161.0 0.0
161.07 0.0
161.14 0.0
161.21 0.0
