0.0 0.0
0.07 0.0
0.14 0.0
0.21 0.0
0.28 0.0
0.35 0.0
0.42 0.0
0.49 0.0
0.56 0.0
0.63 0.0
0.7 0.0
0.77 0.0
0.84 0.0
0.91 0.0
0.98 0.0
1.05 0.0
1.12 0.0
1.19 0.0
1.26 0.0
1.33 0.0
1.4 0.0
1.47 0.0
1.54 0.0
1.61 0.0
1.68 0.0
1.75 0.0
1.82 0.0
1.89 0.0
1.96 0.0
2.03 0.0
2.1 0.0
2.17 0.0
2.24 0.0
2.31 0.0
2.38 0.0
2.45 0.0
2.52 0.0
2.59 0.0
2.66 0.0
2.73 0.0
2.8 0.0
2.87 0.0
2.94 0.0
3.01 0.0
3.08 0.0
3.15 0.0
3.22 0.0
3.29 0.0
3.36 0.0
3.43 0.0
3.5 0.0
3.57 0.0
3.64 0.0
3.71 0.0
3.78 0.0
3.85 0.0
3.92 0.0
3.99 0.000119656132527
4.06 0.000143368864851
4.13 0.0515723739098
4.2 0.232943265975
4.27 0.285612917932
4.34 0.344102283368
4.41 0.303814492028
4.48 0.44151073092
4.55 0.449692943308
4.62 0.802481642299
4.69 0.593093674552
4.76 0.478764548465
4.83 0.406504738723
4.9 0.416661379635
4.97 0.382638724225
5.04 0.426455015854
5.11 0.289512095461
5.18 0.270113080215
5.25 0.386562543486
5.32 0.435364387246
5.39 0.449524526026
5.46 0.494861293946
5.53 0.349207022481
5.6 0.34177849142
5.67 0.289630127507
5.74 0.181153017216
5.81 0.301746913747
5.88 0.508989392228
5.95 0.475157342425
6.02 0.358071451056
6.09 0.339008592564
6.16 0.273745814456
6.23 0.546406641827
6.3 0.477021262598
6.37 0.453540148727
6.44 0.440183093021
6.51 0.432775021202
6.58 0.282093794021
6.65 0.532214817403
6.72 0.49056830059
6.79 0.548450533956
6.86 0.539070514932
6.93 0.481521321721
7.0 0.42915264417
7.07 0.64007214848
7.14 0.559247748242
7.21 0.510201062081
7.28 0.42850594525
7.35 0.486238490166
7.42 0.456475312382
7.49 0.396215535372
7.56 0.375452914417
7.63 0.280309812948
7.7 0.300195482784
7.77 0.239641825784
7.84 0.392459204395
7.91 0.51431332327
7.98 0.277588584868
8.05 0.260882462569
8.12 0.212572509816
8.19 0.205550035041
8.26 0.345256886899
8.33 0.410586114351
8.4 0.369129591785
8.47 0.376206312658
8.54 0.340239359393
8.61 0.321498023596
8.68 0.650547264597
8.75 0.566383171485
8.82 0.340404081944
8.89 0.401198729787
8.96 0.431437443413
9.03 0.491233211345
9.1 0.551603265452
9.17 0.39033302741
9.24 0.266570182436
9.31 0.338003006318
9.38 0.402461987657
9.45 0.497125563507
9.52 0.649265361624
9.59 0.440419834923
9.66 0.487374380814
9.73 0.433379450004
9.8 0.35939604944
9.87 0.412642632361
9.94 0.424289038107
10.01 0.323392911731
10.08 0.419341432726
10.15 0.555257888982
10.22 0.505115734926
10.29 0.655223460067
10.36 0.527603465797
10.43 0.403209310857
10.5 0.409172939435
10.57 0.516974873465
10.64 0.51921061784
10.71 0.586107494531
10.78 0.515911024762
10.85 0.380022357404
10.92 0.308943576497
10.99 0.279474846204
11.06 0.413255632142
11.13 0.619544651985
11.2 0.414830846277
11.27 0.360471326559
11.34 0.345425476957
11.41 0.278790262997
11.48 0.269992550903
11.55 0.420108280852
11.62 0.350239924487
11.69 0.334198060385
11.76 0.594288396486
11.83 0.511821863618
11.9 0.375083470526
11.97 0.670329637454
12.04 0.520098719605
12.11 0.543222729722
12.18 0.602704030834
12.25 0.507994899479
12.32 0.540616048944
12.39 0.508703424013
12.46 0.424264554531
12.53 0.292886940115
12.6 0.225152384109
12.67 0.171813139188
12.74 0.497119841989
12.81 0.371576160451
12.88 0.238004715596
12.95 0.273248966129
13.02 0.238795055834
13.09 0.234203641157
13.16 0.355442309501
13.23 0.411562133444
13.3 0.446032759075
13.37 0.498306729232
13.44 0.409059063298
13.51 0.49874994282
13.58 0.670714960716
13.65 0.707682841942
13.72 0.709745672892
13.79 0.550053239284
13.86 0.586902018587
13.93 0.468807020345
14.0 0.498257572029
14.07 0.400850523956
14.14 0.322590305782
14.21 0.426740148103
14.28 0.42155865294
14.35 0.513451707943
14.42 0.725309409525
14.49 0.471755827925
14.56 0.538641534034
14.63 0.397743846355
14.7 0.41583022059
14.77 0.393410288039
14.84 0.542997381681
14.91 0.48571587574
14.98 0.485467278801
15.05 0.403561909166
15.12 0.406309811079
15.19 0.501808151659
15.26 0.443572868111
15.33 0.261988417918
15.4 0.267021702523
15.47 0.317158380934
15.54 0.278558984779
15.61 0.487029682319
15.68 0.387421370486
15.75 0.322434164842
15.82 0.334048274915
15.89 0.34646278606
15.96 0.257972965335
16.03 0.429132045379
16.1 0.347724159351
16.17 0.351692141283
16.24 0.373808545013
16.31 0.353225122513
16.38 0.28911778656
16.45 0.494937999492
16.52 0.380679256706
16.59 0.342179761833
16.66 0.372076758
16.73 0.306575385309
16.8 0.295658137443
16.87 0.477650592294
16.94 0.436258972069
17.01 0.387267236397
17.08 0.351441364719
17.15 0.429085596758
17.22 0.471236970695
17.29 0.518030007653
17.36 0.456979018555
17.43 0.442436613306
17.5 0.42153449498
17.57 0.553735371285
17.64 0.810136272309
17.71 0.790870998362
17.78 0.638867768412
17.85 0.447995367115
17.92 0.505805242226
17.99 0.407428256748
18.06 0.489239228656
18.13 0.370049789867
18.2 0.287680825815
18.27 0.43921442352
18.34 0.363494061991
18.41 0.327143557074
18.48 0.53041617569
18.55 0.417376332735
18.62 0.464104240087
18.69 0.470759150234
18.76 0.391487809033
18.83 0.462137107994
18.9 0.732949506482
18.97 0.620196333476
19.04 0.372461367567
19.11 0.346051715306
19.18 0.273921379316
19.25 0.438821520743
19.32 0.596466806073
19.39 0.445508888705
19.46 0.453641163744
19.53 0.369086234512
19.6 0.309213539083
19.67 0.471084601571
19.74 0.510280995865
19.81 0.429807067471
19.88 0.590575061283
19.95 0.457997749008
20.02 0.41497031308
20.09 0.577212690747
20.16 0.446998657527
20.23 0.419309586268
20.3 0.618634732698
20.37 0.651250143369
20.44 0.616097811903
20.51 0.679136670106
20.58 0.507833187204
20.65 0.444206276631
20.72 0.333880749419
20.79 0.300750662678
20.86 0.395060269979
20.93 0.614054205517
21.0 0.274330460497
21.07 0.271756430246
21.14 0.243298153143
21.21 0.290242178353
21.28 0.440444354382
21.35 0.504726639849
21.42 0.431134487407
21.49 0.445295447534
21.56 0.343281784553
21.63 0.417784524788
21.7 0.823470966916
21.77 0.631032367692
21.84 0.392451482672
21.91 0.345041826957
21.98 0.344569447586
22.05 0.427321429015
22.12 0.735821966028
22.19 0.633755429848
22.26 0.531912750526
22.33 0.62265236092
22.4 0.548866891631
22.47 0.486835331478
22.54 0.762537798547
22.61 0.360915611352
22.68 0.383036131119
22.75 0.350074889612
22.82 0.31220892553
22.89 0.390134930006
22.96 0.503238233293
23.03 0.458226870194
23.1 0.578644020349
23.17 0.613219480658
23.24 0.505374728945
23.31 0.572028359412
23.38 0.678370525041
23.45 0.48605223185
23.52 0.602721598085
23.59 0.587605937997
23.66 0.540805389304
23.73 0.651307221651
23.8 0.484735434931
23.87 0.555179540743
23.94 0.401852602865
24.01 0.374626789776
24.08 0.419219281985
24.15 0.761928995874
24.22 0.388066388171
24.29 0.401511640302
24.36 0.336421337036
24.43 0.360942424735
24.5 0.367598945678
24.57 0.46884329915
24.64 0.372266244554
24.71 0.361515941395
24.78 0.507478912976
24.85 0.535216770636
24.92 0.522775089926
24.99 0.751711783963
25.06 0.543051177234
25.13 0.411608818633
25.2 0.577373411558
25.27 0.466263144683
25.34 0.609728952372
25.41 0.584810510941
25.48 0.526527444416
25.55 0.656388192212
25.62 0.427213444512
25.69 0.177420506623
25.76 0.444648485464
25.83 0.314530407606
25.9 0.297757618001
25.97 0.317935777652
26.04 0.279801702336
26.11 0.280675901013
26.18 0.468113565796
26.25 0.454049447501
26.32 0.437792441056
26.39 0.505795096334
26.46 0.535149525198
26.53 0.491331503159
26.6 0.761090916518
26.67 0.752343860785
26.74 0.659199064043
26.81 0.631586246456
26.88 0.645523531803
26.95 0.600584667837
27.02 0.584460591977
27.09 0.382949739529
27.16 0.398620728364
27.23 0.447574723286
27.3 0.437302695119
27.37 0.622337761195
27.44 0.552802849014
27.51 0.478214595685
27.58 0.369315622835
27.65 0.45881748894
27.72 0.579301327667
27.79 0.588802999042
27.86 0.44701161301
27.93 0.428661026945
28.0 0.394295915131
28.07 0.473390911326
28.14 0.445991666486
28.21 0.619383637455
28.28 0.351879545231
28.35 0.302047538616
28.42 0.343891242442
28.49 0.290982239678
28.56 0.307045163748
28.63 0.531956224754
28.7 0.400899180111
28.77 0.328037834888
28.84 0.362314206699
28.91 0.368538672675
28.98 0.323811058294
29.05 0.637644598376
29.12 0.3438228939
29.19 0.306108437724
29.26 0.414139397249
29.33 0.292588116095
29.4 0.41047137168
29.47 0.346435407835
29.54 0.259215209753
29.61 0.304628998201
29.68 0.358411578982
29.75 0.30185146534
29.82 0.46810298265
29.89 0.40242331658
29.96 0.34704627052
30.03 0.680605276623
30.1 0.532146818399
30.17 0.503491475227
30.24 0.669679389997
30.31 0.41692006
30.38 0.418940308507
30.45 0.498062167259
30.52 0.500350379476
30.59 0.710015764395
30.66 0.811480796991
30.73 0.776130132881
30.8 0.74060992712
30.87 0.704445847979
30.94 0.666762553804
31.01 0.687809637173
31.08 0.76258241575
31.15 0.638464204076
31.22 0.735183443363
31.29 0.708717946168
31.36 0.623386822999
31.43 0.800209942075
31.5 0.731617695398
31.57 0.663597339964
31.64 0.715517700414
31.71 0.71262404135
31.78 0.686959409061
31.85 0.724379933414
31.92 0.756377085292
31.99 0.741987364149
32.06 0.752847040659
32.13 0.68712010595
32.2 0.688978526555
32.27 0.894858232635
32.34 0.826784686361
32.41 0.829473340999
32.48 0.812300354845
32.55 0.865304047725
32.62 0.786717209988
32.69 0.805729824121
32.76 0.737791465142
32.83 0.670189518092
32.9 0.759067059667
32.97 0.788312165684
33.04 0.75489949978
33.11 0.902651695497
33.18 0.842243981712
33.25 0.786769307029
33.32 0.785580512613
33.39 0.75014196706
33.46 0.78705380001
33.53 0.807509528343
33.6 0.857245933121
33.67 0.838652981986
33.74 0.773573525015
33.81 0.677372445213
33.88 0.773118714225
33.95 0.86096220816
34.02 0.740774829092
34.09 0.755655964117
34.16 0.730038032966
34.23 0.654617112131
34.3 0.685877069424
34.37 0.687561928033
34.44 0.691559617996
34.51 0.692539424853
34.58 0.667194481184
34.65 0.57575474313
34.72 0.774700920439
34.79 0.718727435766
34.86 0.664487689136
34.93 0.718389216341
35.0 0.808844058644
35.07 0.657455909751
35.14 0.753057213721
35.21 0.719243428915
35.28 0.75259462273
35.35 0.802834731023
35.42 0.748389270261
35.49 0.782793809376
35.56 0.829479705772
35.63 0.757873943213
35.7 0.811064933718
35.77 0.831271891009
35.84 0.773131733501
35.91 0.825851645765
35.98 0.712844800216
36.05 0.652284139175
36.12 0.804909379797
36.19 0.79603739563
36.26 0.805799557523
36.33 0.778170047193
36.4 0.746368504757
36.47 0.669772462671
36.54 0.700871293795
36.61 0.745417523449
36.68 0.669920794171
36.75 0.751266066464
36.82 0.841338654259
36.89 0.736228617724
36.96 0.763825606445
37.03 0.685222146404
37.1 0.647175056758
37.17 0.843750259869
37.24 0.740808020538
37.31 0.698501570223
37.38 0.693072213081
37.45 0.629245103891
37.52 0.627707696958
37.59 0.714748820185
37.66 0.676947042091
37.73 0.610424072208
37.8 0.693201487476
37.87 0.619170895359
37.94 0.544287219023
38.01 0.765319666737
38.08 0.636861263508
38.15 0.661365815292
38.22 0.721682380853
38.29 0.692361346779
38.36 0.69024619551
38.43 0.764122046166
38.5 0.665852136128
38.57 0.613041386635
38.64 0.490650738285
38.71 0.387348382265
38.78 0.67317526634
38.85 0.619153772007
38.92 0.583717000722
38.99 0.538996523286
39.06 0.503756828702
39.13 0.50858322829
39.2 0.646810199384
39.27 0.70245773566
39.34 0.575363788726
39.41 0.740601882441
39.48 0.743412141584
39.55 0.782210011262
39.62 0.85675572202
39.69 0.866448804399
39.76 0.88431371006
39.83 0.728546242674
39.9 0.755469591504
39.97 0.622742561539
40.04 0.899197613476
40.11 0.55965975464
40.18 0.525559931179
40.25 0.780000855663
40.32 0.640583093935
40.39 0.693021995303
40.46 0.737597543581
40.53 0.61945457098
40.6 0.675569946626
40.67 0.826250511945
40.74 0.839560381413
40.81 0.908866452835
40.88 0.744826692056
40.95 0.595378734286
41.02 0.657530332006
41.09 0.694183170937
41.16 0.649808168155
41.23 0.73965018611
41.3 0.630392591742
41.37 0.600799653353
41.44 0.623421039135
41.51 0.758820247629
41.58 0.67230500295
41.65 0.755953696995
41.72 0.732625424057
41.79 0.584521326448
41.86 0.657352324371
41.93 0.619227064578
42.0 0.50325426949
42.07 0.726861883784
42.14 0.748556677473
42.21 0.733000174805
42.28 0.643877400092
42.35 0.638847814205
42.42 0.632336950734
42.49 0.599416748654
42.56 0.514548103508
42.63 0.540953645049
42.7 0.597561363576
42.77 0.509315609092
42.84 0.677795491947
42.91 0.640635711959
42.98 0.715585901432
43.05 0.697872490386
43.12 0.750540293649
43.19 0.6235285505
43.26 0.688644049707
43.33 0.648103771329
43.4 0.617662191703
43.47 0.621708630856
43.54 0.599931154929
43.61 0.583382406918
43.68 0.745260506673
43.75 0.374124149492
43.82 0.206721611742
43.89 0.142279643444
43.96 0.138941175945
44.03 0.142436823693
44.1 0.0967915789355
44.17 0.0800131701488
44.24 0.069986171777
44.31 0.0654285692076
44.38 0.055525035997
44.45 0.0656126505558
44.52 0.0771543850956
44.59 0.0647295552844
44.66 0.046479706467
44.73 0.056995023387
44.8 0.0570299598624
44.87 0.0474554105772
44.94 0.0535199810756
45.01 0.0408772126212
45.08 0.0477067160995
45.15 0.0578841431969
45.22 0.0483867832279
45.29 0.0998142439284
45.36 0.0920113249468
45.43 0.0676115161378
45.5 0.0683218654434
45.57 0.0898507231668
45.64 0.0718360027964
45.71 0.0799076988606
45.78 0.0901491551197
45.85 0.0681796980307
45.92 0.0848766672311
45.99 0.0837781996928
46.06 0.0680365418123
46.13 0.124438827963
46.2 0.100077591882
46.27 0.085630383113
46.34 0.0996942329422
46.41 0.0884853073049
46.48 0.0730257581077
46.55 0.093571609975
46.62 0.0875927120553
46.69 0.071555580665
46.76 0.091996225723
46.83 0.0906595955393
46.9 0.111828009631
46.97 0.209843148011
47.04 0.17903797227
47.11 0.162993194912
47.18 0.204834608802
47.25 0.164023719266
47.32 0.201888644039
47.39 0.21801415925
47.46 0.167876951881
47.53 0.222031501728
47.6 0.239946508212
47.67 0.207518754008
47.74 0.292695332413
47.81 0.279267561145
47.88 0.213070115696
47.95 0.243059508056
48.02 0.266724405571
48.09 0.19932378948
48.16 0.285900843824
48.23 0.285216786917
48.3 0.249289117417
48.37 0.330366707757
48.44 0.267922759771
48.51 0.22110922104
48.58 0.363355992008
48.65 0.301447793352
48.72 0.223517594425
48.79 0.33275197578
48.86 0.240169567646
48.93 0.251858082697
49.0 0.486541866148
49.07 0.243248296864
49.14 0.255600861452
49.21 0.695340800693
49.28 0.426512902192
49.35 0.275054774026
49.42 0.688336400862
49.49 0.434920992909
49.56 0.438044841707
49.63 0.640418472391
49.7 0.408495186166
49.77 0.576050703069
49.84 0.631571305388
49.91 0.445612567119
49.98 0.630572083915
50.05 0.646403017401
50.12 0.70134819456
50.19 0.878455500937
50.26 0.849640516134
50.33 0.63759209465
50.4 0.646502470796
50.47 0.575445541966
50.54 0.576857599159
50.61 0.739398911156
50.68 0.603694620193
50.75 0.552932362637
50.82 0.717166439701
50.89 0.655108422349
50.96 0.595940076939
51.03 0.715316368126
51.1 0.612113909401
51.17 0.723129665581
51.24 0.617791213581
51.31 0.564078925728
51.38 0.643036018071
51.45 0.797628438632
51.52 0.684659741848
51.59 0.622203081594
51.66 0.547133127007
51.73 0.424788532552
51.8 0.68016364858
51.87 0.705733310326
51.94 0.637254991619
52.01 0.657977938071
52.08 0.629978849617
52.15 0.732352880475
52.22 0.769334444168
52.29 0.673251692787
52.36 0.713435316627
52.43 0.787744274851
52.5 0.805084293427
52.57 0.576661430191
52.64 0.735316889614
52.71 0.510670160052
52.78 0.601768684354
52.85 0.66301345945
52.92 0.617060496737
52.99 0.726563175391
53.06 0.69716229392
53.13 0.739029892557
53.2 0.697363351097
53.27 0.640950544266
53.34 0.544569800844
53.41 0.770107990656
53.48 0.736439290506
53.55 0.533122981028
53.62 0.419163035682
53.69 0.363740297225
53.76 0.300043283777
53.83 0.554692852927
53.9 0.477055149132
53.97 0.341342584894
54.04 0.530929433674
54.11 0.603849252672
54.18 0.39666442396
54.25 0.828127350387
54.32 0.579865406813
54.39 0.615922268308
54.46 0.404774997104
54.53 0.392071730747
54.6 0.490607844847
54.67 0.659984231658
54.74 0.599375258682
54.81 0.588332211861
54.88 0.583727586526
54.95 0.568152545078
55.02 0.686593408713
55.09 0.811431094881
55.16 0.58049135676
55.23 0.496104476667
55.3 0.463760467933
55.37 0.566182033236
55.44 0.708459003981
55.51 0.727010340215
55.58 0.712361975919
55.65 0.744227519608
55.72 0.724580058934
55.79 0.74410791265
55.86 0.854817363644
55.93 0.753733603396
56.0 0.77744913069
56.07 0.731900613466
56.14 0.75459672984
56.21 0.891644587247
56.28 0.875703421851
56.35 0.70225146333
56.42 0.832903645165
56.49 0.677924261307
56.56 0.469442029029
56.63 0.781327129966
56.7 0.810006135367
56.77 0.627137241077
56.84 0.556713456288
56.91 0.495524387904
56.98 0.492846533045
57.05 0.57337266879
57.12 0.55989961447
57.19 0.40117409603
57.26 0.634179820241
57.33 0.663104967844
57.4 0.704706400962
57.47 0.821288473189
57.54 0.877198520123
57.61 0.69707699746
57.68 0.76202257757
57.75 0.886205299518
57.82 0.874592055979
57.89 0.695822713268
57.96 0.685316801964
58.03 0.637206525516
58.1 0.686724902605
58.17 0.434880304348
58.24 0.335965142714
58.31 0.640364363184
58.38 0.454728830173
58.45 0.357782614772
58.52 0.343053580405
58.59 0.321623698951
58.66 0.400408756364
58.73 0.5010384554
58.8 0.45300245767
58.87 0.545873473493
58.94 0.607078935586
59.01 0.517202609792
59.08 0.657873471537
59.15 0.712031104757
59.22 0.671510759321
59.29 0.656541300283
59.36 0.659597530182
59.43 0.680496024216
59.5 0.618796540665
59.57 0.622176556613
59.64 0.44118960295
59.71 0.499617928235
59.78 0.508400160999
59.85 0.503652051173
59.92 0.655595491599
59.99 0.619853794671
60.06 0.571427027274
60.13 0.466974610382
60.2 0.361460455302
60.27 0.44829299367
60.34 0.587808761468
60.41 0.524333354814
60.48 0.493535944654
60.55 0.492389893495
60.62 0.395133270161
60.69 0.364835147117
60.76 0.506980782125
60.83 0.370707473303
60.9 0.453124880864
60.97 0.409629576327
61.04 0.393767264205
61.11 0.58681772821
61.18 0.596083601302
61.25 0.414270508378
61.32 0.378981798798
61.39 0.37327903154
61.46 0.356420684982
61.53 0.469372611939
61.6 0.467448768009
61.67 0.423174155595
61.74 0.517348697873
61.81 0.512562286441
61.88 0.407705255272
61.95 0.465736834196
62.02 0.455862676758
62.09 0.430295497659
62.16 0.479873157907
62.23 0.411685938839
62.3 0.36982548778
62.37 0.53621261369
62.44 0.436799665426
62.51 0.437069253223
62.58 0.496773705473
62.65 0.480519381031
62.72 0.519888199664
62.79 0.614730441023
62.86 0.531327437307
62.93 0.530309812616
63.0 0.443686661848
63.07 0.412831005179
63.14 0.654265012213
63.21 0.827803038037
63.28 0.571823910526
63.35 0.559494749003
63.42 0.544458893782
63.49 0.564245317554
63.56 0.568301142387
63.63 0.604173436104
63.7 0.522923849378
63.77 0.683141405311
63.84 0.741755676587
63.91 0.536902507741
63.98 0.679897888419
64.05 0.63654183671
64.12 0.741672240782
64.19 0.674087030334
64.26 0.677554305735
64.33 0.653174432527
64.4 0.790380489556
64.47 0.80097542129
64.54 0.702055251833
64.61 0.690701055475
64.68 0.412762533037
64.75 0.681248840338
64.82 0.874042773035
64.89 0.67468231534
64.96 0.791035982734
65.03 0.722502762712
65.1 0.740979309876
65.17 0.852979070021
65.24 0.912819538886
65.31 0.757167202251
65.38 0.703765015323
65.45 0.74182603065
65.52 0.737762198351
65.59 0.737717765885
65.66 0.720956532282
65.73 0.603497269709
65.8 0.749737945534
65.87 0.616750321386
65.94 0.776903037443
66.01 0.882052025482
66.08 1.0
66.15 0.754094940142
66.22 0.784458894527
66.29 0.627596559972
66.36 0.641406420947
66.43 0.782407244791
66.5 0.547588013553
66.57 0.454032395917
66.64 0.354699445231
66.71 0.338727160362
66.78 0.471177147944
66.85 0.580117206738
66.92 0.430379434511
66.99 0.582694870585
67.06 0.536524100803
67.13 0.406295549151
67.2 0.533070856078
67.27 0.605610956375
67.34 0.33711283125
67.41 0.384725703833
67.48 0.536568563838
67.55 0.532831098584
67.62 0.753282483349
67.69 0.726126228228
67.76 0.708074556557
67.83 0.702209647743
67.9 0.631062512978
67.97 0.716795610951
68.04 0.869331739439
68.11 0.821371724257
68.18 0.650580089228
68.25 0.554885910611
68.32 0.572685000881
68.39 0.454402950886
68.46 0.618219397055
68.53 0.610043634498
68.6 0.677517807638
68.67 0.800731717877
68.74 0.68671357121
68.81 0.642768971398
68.88 0.7334265973
68.95 0.730217462674
69.02 0.76407193737
69.09 0.917158620693
69.16 0.895576065765
69.23 0.795643914721
69.3 0.706688407671
69.37 0.705966653872
69.44 0.734806547544
69.51 0.732508823387
69.58 0.554268798781
69.65 0.836727290691
69.72 0.820609962366
69.79 0.7142304959
69.86 0.593828704131
69.93 0.519615467358
70.0 0.582311219256
70.07 0.630640813891
70.14 0.603260918545
70.21 0.520169008546
70.28 0.784941991277
70.35 0.940045091484
70.42 0.69927300088
70.49 0.937846800787
70.56 0.694829186731
70.63 0.66091118525
70.7 0.709643262383
70.77 0.685532345677
70.84 0.695723556249
70.91 0.778623152826
70.98 0.617464385359
71.05 0.600410218042
71.12 0.528737544963
71.19 0.399427742739
71.26 0.504037697391
71.33 0.613318224345
71.4 0.504551344784
71.47 0.403902377326
71.54 0.375894945158
71.61 0.318684235851
71.68 0.518090986668
71.75 0.500266160867
71.82 0.456110626454
71.89 0.537292316512
71.96 0.609414926792
72.03 0.542345336033
72.1 0.727899373637
72.17 0.591877952457
72.24 0.621204346549
72.31 0.719494989613
72.38 0.746948374228
72.45 0.625458546556
72.52 0.663413771625
72.59 0.597513693568
72.66 0.454856562882
72.73 0.486829516928
72.8 0.564609349594
72.87 0.475615045207
72.94 0.782819408016
73.01 0.793972957871
73.08 0.673035737072
73.15 0.516306277282
73.22 0.626791269362
73.29 0.607511587292
73.36 0.689488533708
73.43 0.588959952025
73.5 0.581151662392
73.57 0.669805175662
73.64 0.632629754202
73.71 0.585143376992
73.78 0.691117363976
73.85 0.597478306548
73.92 0.473802516354
73.99 0.519412096322
74.06 0.524759079563
74.13 0.603405095466
74.2 0.580894194111
74.27 0.523394449164
74.34 0.501533843112
74.41 0.513080621359
74.48 0.514894061933
74.55 0.574985841637
74.62 0.470509108628
74.69 0.398215364508
74.76 0.506567494532
74.83 0.504892861557
74.9 0.366152749434
74.97 0.547503166308
75.04 0.375809517123
75.11 0.370151259415
75.18 0.448997008771
75.25 0.371657339546
75.32 0.432130762399
75.39 0.553959367692
75.46 0.349505611261
75.53 0.662545877914
75.6 0.711624490274
75.67 0.600033540186
75.74 0.628124897244
75.81 0.639351697141
75.88 0.549392113634
75.95 0.681239594206
76.02 0.635695282065
76.09 0.625756020271
76.16 0.913879667607
76.23 0.769457163738
76.3 0.76068956902
76.37 0.741902693667
76.44 0.695071244793
76.51 0.709748657916
76.58 0.811045896549
76.65 0.74729602585
76.72 0.755624136266
76.79 0.801696184954
76.86 0.698535747816
76.93 0.625140531198
77.0 0.797944145447
77.07 0.675619677975
77.14 0.690389105856
77.21 0.727437401978
77.28 0.645544287421
77.35 0.652595477435
77.42 0.772062753374
77.49 0.745124484741
77.56 0.656219051932
77.63 0.72445272095
77.7 0.826955822859
77.77 0.754743463835
77.84 0.85646452669
77.91 0.79690626087
77.98 0.834161228034
78.05 0.793731872666
78.12 0.76453699373
78.19 0.779567049021
78.26 0.727051412868
78.33 0.685990957523
78.4 0.716207832362
78.47 0.788338277333
78.54 0.7187007925
78.61 0.824092649316
78.68 0.7049754186
78.75 0.645031021462
78.82 0.6617872499
78.89 0.647671633961
78.96 0.806380600536
79.03 0.791086946104
79.1 0.711507215782
79.17 0.697444124834
79.24 0.694053213415
79.31 0.684484707275
79.38 0.605219871725
79.45 0.862384715595
79.52 0.823135974401
79.59 0.685761660903
79.66 0.624025511795
79.73 0.645265813662
79.8 0.563674574601
79.87 0.686920195735
79.94 0.645966554008
80.01 0.567061081581
80.08 0.708401814059
80.15 0.614223238145
80.22 0.588502511064
80.29 0.786649568496
80.36 0.637533210202
80.43 0.624498780294
80.5 0.712031908827
80.57 0.572689209951
80.64 0.611659137152
80.71 0.744147518043
80.78 0.66081121353
80.85 0.592379150732
80.92 0.640473347125
80.99 0.507106833598
81.06 0.682366476621
81.13 0.79153898053
81.2 0.617308070315
81.27 0.600795776544
81.34 0.743461153923
81.41 0.679368872007
81.48 0.744629332269
81.55 0.633691989451
81.62 0.649762199319
81.69 0.792976592504
81.76 0.842722321827
81.83 0.727512323952
81.9 0.758821473004
81.97 0.729568573496
82.04 0.734591726829
82.11 0.742262266777
82.18 0.598993372318
82.25 0.780693341341
82.32 0.775548793491
82.39 0.689657223443
82.46 0.81886198233
82.53 0.683591438202
82.6 0.631335263891
82.67 0.632836905027
82.74 0.780784252996
82.81 0.656656925437
82.88 0.603838314672
82.95 0.652947647793
83.02 0.597841389654
83.09 0.718237566228
83.16 0.735172702061
83.23 0.653316234454
83.3 0.622269164123
83.37 0.725916334264
83.44 0.613680872855
83.51 0.749962334009
83.58 0.705468383473
83.65 0.667806638353
83.72 0.632407165248
83.79 0.691320128969
83.86 0.557566664107
83.93 0.850509898371
84.0 0.69586219506
84.07 0.618762684699
84.14 0.493252266374
84.21 0.443953926483
84.28 0.375405608566
84.35 0.716459268131
84.42 0.60708579742
84.49 0.509537245125
84.56 0.483363223687
84.63 0.515970233496
84.7 0.545181294823
84.77 0.788494936599
84.84 0.656471871231
84.91 0.599472355689
84.98 0.704053111332
85.05 0.764194022988
85.12 0.763693719157
85.19 0.843795504379
85.26 0.627475800736
85.33 0.633073334604
85.4 0.672803971096
85.47 0.664338993479
85.54 0.526534938872
85.61 0.709925444163
85.68 0.562656836941
85.75 0.54605795887
85.82 0.663865798077
85.89 0.597158168713
85.96 0.725866795625
86.03 0.778649849253
86.1 0.733227186804
86.17 0.803530817071
86.24 0.690978614854
86.31 0.599746878212
86.38 0.647361911813
86.45 0.807590696805
86.52 0.767494705879
86.59 0.705790112168
86.66 0.654829874164
86.73 0.693940016417
86.8 0.795834423307
86.87 0.721519982793
86.94 0.692810830777
87.01 0.687124386788
87.08 0.697396640892
87.15 0.715633389362
87.22 0.773528687192
87.29 0.639988756534
87.36 0.583615658761
87.43 0.69525773569
87.5 0.639374524733
87.57 0.700651198119
87.64 0.786593514903
87.71 0.808076592513
87.78 0.703288109242
87.85 0.665390314651
87.92 0.660838904079
87.99 0.750982119719
88.06 0.892650189442
88.13 0.747383485987
88.2 0.742775136682
88.27 0.712550142737
88.34 0.729370997075
88.41 0.833252308186
88.48 0.827033400255
88.55 0.709012535866
88.62 0.598058546821
88.69 0.724501668165
88.76 0.694764805373
88.83 0.711144504807
88.9 0.777933266749
88.97 0.599466959786
89.04 0.613056868622
89.11 0.577937864165
89.18 0.703194679056
89.25 0.638330048117
89.32 0.388537009222
89.39 0.27442804659
89.46 0.19448075164
89.53 0.166483655417
89.6 0.165025504458
89.67 0.118281454586
89.74 0.0979862330883
89.81 0.0836666507045
89.88 0.0865831838762
89.95 0.0853592177454
90.02 0.0685099485312
90.09 0.118516668091
90.16 0.0949675605316
90.23 0.0699269032366
90.3 0.0635117146991
90.37 0.0550684775186
90.44 0.0436236605654
90.51 0.0578881343041
90.58 0.0521808682451
90.65 0.0431580978407
90.72 0.0490248619944
90.79 0.0410321042632
90.86 0.0679878604048
90.93 0.108981520856
91.0 0.0869104028364
91.07 0.0682170985464
91.14 0.0890875697715
91.21 0.0769727983555
91.28 0.0565073919526
91.35 0.0931187036986
91.42 0.0836021324559
91.49 0.0684029887181
91.56 0.0798324831688
91.63 0.0604753539486
91.7 0.109914055088
91.77 0.150774698567
91.84 0.124209515395
91.91 0.126053280675
91.98 0.123144576879
92.05 0.101610247497
92.12 0.13977650153
92.19 0.157679283504
92.26 0.138237648602
92.33 0.18424921002
92.4 0.187585008806
92.47 0.121894138928
92.54 0.239288331702
92.61 0.216484040772
92.68 0.182815618391
92.75 0.165335386091
92.82 0.145526807222
92.89 0.130533268636
92.96 0.199414630696
93.03 0.191090051538
93.1 0.140602732495
93.17 0.274203728555
93.24 0.236150404383
93.31 0.217661293804
93.38 0.279399748796
93.45 0.251717034336
93.52 0.195458631389
93.59 0.37397976657
93.66 0.319377069738
93.73 0.299128361984
93.8 0.319624691161
93.87 0.257691670024
93.94 0.250873302572
94.01 0.411380601194
94.08 0.313489425036
94.15 0.237166075385
94.22 0.630338013383
94.29 0.405297587607
94.36 0.344816920156
94.43 0.682644817475
94.5 0.422549921438
94.57 0.31884109713
94.64 0.655995495437
94.71 0.513293158783
94.78 0.388283991896
94.85 0.691779689749
94.92 0.460357153912
94.99 0.341811196437
95.06 0.770419460492
95.13 0.435491092607
95.2 0.456495069891
95.27 0.718309771644
95.34 0.386999332494
95.41 0.463181439744
95.48 0.707899858231
95.55 0.409772789694
95.62 0.608080630403
95.69 0.643011895994
95.76 0.309768069077
95.83 0.733843414823
95.9 0.797988573926
95.97 0.488820963809
96.04 0.460774322302
96.11 0.538887468906
96.18 0.518338949655
96.25 0.705281721129
96.32 0.572150678941
96.39 0.528618520124
96.46 0.784762770228
96.53 0.762912428352
96.6 0.557509253564
96.67 0.590924420721
96.74 0.587917981978
96.81 0.571130380222
96.88 0.57516540292
96.95 0.509205807792
97.02 0.45513525992
97.09 0.646970393896
97.16 0.580306124463
97.23 0.793281379927
97.3 0.472108369085
97.37 0.410906825002
97.44 0.476997712008
97.51 0.629620965716
97.58 0.617514777241
97.65 0.536756884824
97.72 0.438639434284
97.79 0.365060877922
97.86 0.47508143829
97.93 0.580469479432
98.0 0.516186533432
98.07 0.625114883384
98.14 0.662781837011
98.21 0.507907205431
98.28 0.46872105139
98.35 0.508522974931
98.42 0.560785630971
98.49 0.525700736326
98.56 0.537642412238
98.63 0.515281559504
98.7 0.665310734391
98.77 0.575655685789
98.84 0.555935169113
98.91 0.46036619803
98.98 0.378452868774
99.05 0.377645733456
99.12 0.742820268224
99.19 0.513898476713
99.26 0.431883008072
99.33 0.471484476491
99.4 0.435085053598
99.47 0.539960915936
99.54 0.638305910092
99.61 0.46467710153
99.68 0.430322765573
99.75 0.583400686535
99.82 0.480064020018
99.89 0.488508370934
99.96 0.455600528927
100.03 0.344843660442
100.1 0.394508332942
100.17 0.45520625458
100.24 0.462467537915
100.31 0.669528874884
100.38 0.708531314391
100.45 0.574408975796
100.52 0.489273894008
100.59 0.466145826332
100.66 0.358972600007
100.73 0.663694754612
100.8 0.647014188423
100.87 0.483305159257
100.94 0.526499874809
101.01 0.410311240962
101.08 0.424044934652
101.15 0.601787180604
101.22 0.516243908091
101.29 0.503946477399
101.36 0.66639768314
101.43 0.514583768298
101.5 0.477230538558
101.57 0.5365918752
101.64 0.41752749642
101.71 0.519573651771
101.78 0.493782146663
101.85 0.444083955773
101.92 0.534971501614
101.99 0.602470712539
102.06 0.534376869166
102.13 0.514975688914
102.2 0.446814849961
102.27 0.400482847688
102.34 0.66495642295
102.41 0.688039478698
102.48 0.613360626039
102.55 0.598927245931
102.62 0.503901678118
102.69 0.549237608743
102.76 0.695444782127
102.83 0.609544718184
102.9 0.532997611352
102.97 0.664150170116
103.04 0.647715835175
103.11 0.73283576192
103.18 0.695947244319
103.25 0.69009318313
103.32 0.645391435856
103.39 0.639755226922
103.46 0.641674254411
103.53 0.831443551149
103.6 0.865889488532
103.67 0.784996200162
103.74 0.896070341071
103.81 0.821610980702
103.88 0.77040132707
103.95 0.619923868307
104.02 0.850948635751
104.09 0.764833636795
104.16 0.658944082396
104.23 0.592081167994
104.3 0.544106831077
104.37 0.66688306318
104.44 0.654203373994
104.51 0.658872101588
104.58 0.641659056838
104.65 0.634181630394
104.72 0.646590930372
104.79 0.697001206294
104.86 0.637404091304
104.93 0.591457585067
105.0 0.607163641953
105.07 0.545979809987
105.14 0.519191413212
105.21 0.589568815833
105.28 0.627170133489
105.35 0.529005725306
105.42 0.558487041609
105.49 0.497793326383
105.56 0.446995139558
105.63 0.64988657753
105.7 0.562446883171
105.77 0.530593380585
105.84 0.608232580879
105.91 0.530364248767
105.98 0.575491498841
106.05 0.676740592999
106.12 0.618849138753
106.19 0.572954632537
106.26 0.637615928325
106.33 0.615715744789
106.4 0.634367479365
106.47 0.570427954653
106.54 0.558541118919
106.61 0.561162328763
106.68 0.671750724145
106.75 0.620759617856
106.82 0.607008189456
106.89 0.649137235519
106.96 0.547868250948
107.03 0.522020575291
107.1 0.576763145612
107.17 0.478101640572
107.24 0.707827602312
107.31 0.674461955186
107.38 0.511857768964
107.45 0.465013377898
107.52 0.515708028516
107.59 0.604076638131
107.66 0.61058778203
107.73 0.604864536923
107.8 0.583809293249
107.87 0.772250536099
107.94 0.744404591599
108.01 0.562064897129
108.08 0.622339272314
108.15 0.61975926537
108.22 0.594248943932
108.29 0.827111258079
108.36 0.618419316573
108.43 0.636272727367
108.5 0.711898341632
108.57 0.58505448282
108.64 0.534713936313
108.71 0.561190875214
108.78 0.652711747174
108.85 0.885251175031
108.92 0.873136818275
108.99 0.800165086974
109.06 0.696171283256
109.13 0.642080200387
109.2 0.540446843541
109.27 0.689560062642
109.34 0.74041503536
109.41 0.699919348933
109.48 0.688392099601
109.55 0.667086103285
109.62 0.585290384768
109.69 0.726844905298
109.76 0.650150962136
109.83 0.668528125014
109.9 0.64271096013
109.97 0.587471934878
110.04 0.517980720204
110.11 0.769603001959
110.18 0.727354435325
110.25 0.603120835067
110.32 0.622825471043
110.39 0.631786259007
110.46 0.573224920738
110.53 0.837634947951
110.6 0.792357394081
110.67 0.824420332111
110.74 0.777170997166
110.81 0.726174754137
110.88 0.73055437831
110.95 0.763417882213
111.02 0.68466397617
111.09 0.646993428818
111.16 0.819352266528
111.23 0.797772325822
111.3 0.760559017418
111.37 0.817838096532
111.44 0.740728730009
111.51 0.76493504255
111.58 0.828155875573
111.65 0.847321579169
111.72 0.850225109014
111.79 0.79601679551
111.86 0.769896190849
111.93 0.734604675666
112.0 0.703964886996
112.07 0.546228402938
112.14 0.682882817978
112.21 0.847817426729
112.28 0.719288967143
112.35 0.717857977774
112.42 0.606935086938
112.49 0.525074860805
112.56 0.616818596831
112.63 0.652098934788
112.7 0.643008798002
112.77 0.669340650918
112.84 0.650895823953
112.91 0.607586295291
112.98 0.722429474128
113.05 0.619398114688
113.12 0.565474498838
113.19 0.602497371754
113.26 0.587232267759
113.33 0.520579903867
113.4 0.79018822265
113.47 0.64075769657
113.54 0.583180792874
113.61 0.592958674652
113.68 0.611308940419
113.75 0.557807203076
113.82 0.895798771675
113.89 0.778328561798
113.96 0.757502318367
114.03 0.741826974269
114.1 0.653436824901
114.17 0.707577213827
114.24 0.731381574158
114.31 0.623079147573
114.38 0.641627793829
114.45 0.95037657027
114.52 0.757183835187
114.59 0.660443715353
114.66 0.722621202773
114.73 0.62807961685
114.8 0.711843003063
114.87 0.764002241181
114.94 0.771312228517
115.01 0.736740662295
115.08 0.798044817572
115.15 0.698399684685
115.22 0.712548044183
115.29 0.648479649103
115.36 0.500644529262
115.43 0.739884711173
115.5 0.788943955433
115.57 0.65261339954
115.64 0.678538277804
115.71 0.701049123339
115.78 0.513479670946
115.85 0.671553242086
115.92 0.654369088009
115.99 0.548214748963
116.06 0.675304020334
116.13 0.655241810123
116.2 0.52707775072
116.27 0.697746795096
116.34 0.569870732024
116.41 0.527812567653
116.48 0.643997787196
116.55 0.598047303142
116.62 0.57616050304
116.69 0.851914021194
116.76 0.779539532576
116.83 0.594462617686
116.9 0.498738235306
116.97 0.443549451754
117.04 0.401728183453
117.11 0.798472279377
117.18 0.53174111165
117.25 0.510363480077
117.32 0.566912088219
117.39 0.503549671232
117.46 0.496281189817
117.53 0.714001313578
117.6 0.576201211537
117.67 0.583372598603
117.74 0.749445381293
117.81 0.7491268609
117.88 0.816576413574
117.95 0.843986137894
118.02 0.77807594983
118.09 0.780077672848
118.16 0.828527942989
118.23 0.704285891365
118.3 0.708048903426
118.37 0.719794778516
118.44 0.600032423792
118.51 0.745643708786
118.58 0.775704563629
118.65 0.753676975658
118.72 0.778533203396
118.79 0.812357522173
118.86 0.699039925799
118.93 0.734185558903
119.0 0.72140855076
119.07 0.632429163518
119.14 0.779208668059
119.21 0.689152265314
119.28 0.659069513208
119.35 0.7674277515
119.42 0.795731167528
119.49 0.731655813595
119.56 0.850677616578
119.63 0.765395271837
119.7 0.658572846959
119.77 0.733325176926
119.84 0.709626616156
119.91 0.645642433041
119.98 0.68313719757
120.05 0.661490019399
120.12 0.611228425844
120.19 0.777582864015
120.26 0.638333774745
120.33 0.714747717082
120.4 0.752546243014
120.47 0.720057554983
120.54 0.741150765343
120.61 0.70475240834
120.68 0.689880034347
120.75 0.675666933322
120.82 0.726989430428
120.89 0.709650255791
120.96 0.755017970409
121.03 0.690559139251
121.1 0.60348759031
121.17 0.678550054427
121.24 0.657568947265
121.31 0.671868998076
121.38 0.660239860547
121.45 0.698876867206
121.52 0.747820051716
121.59 0.749942742629
121.66 0.718818435137
121.73 0.701031017826
121.8 0.679202372529
121.87 0.707487130164
121.94 0.756143396195
122.01 0.693996274682
122.08 0.503323671961
122.15 0.38352612027
122.22 0.332267167227
122.29 0.270343786946
122.36 0.255655419875
122.43 0.211625011923
122.5 0.164712316173
122.57 0.146086133721
122.64 0.121396721772
122.71 0.100704860237
122.78 0.0968170752395
122.85 0.107013247118
122.92 0.108249521488
122.99 0.088475019206
123.06 0.0956783936078
123.13 0.0924896770237
123.2 0.0739791542808
123.27 0.0840876772975
123.34 0.0780034689035
123.41 0.0632351308353
123.48 0.0744301520557
123.55 0.0835451551805
123.62 0.074284563694
123.69 0.159722702495
123.76 0.155270375845
123.83 0.111370640438
123.9 0.135379141318
123.97 0.122191676437
124.04 0.0874200258963
124.11 0.111073496325
124.18 0.118348819638
124.25 0.0852733644172
124.32 0.114300771018
124.39 0.105297621232
124.46 0.123367310698
124.53 0.195773446418
124.6 0.189570868403
124.67 0.147116786992
124.74 0.167633627244
124.81 0.138066833731
124.88 0.135614753536
124.95 0.212450683361
125.02 0.162901888533
125.09 0.17557321407
125.16 0.232655855751
125.23 0.182073865198
125.3 0.202858415314
125.37 0.296386379614
125.44 0.229271818127
125.51 0.234481671017
125.58 0.311856095968
125.65 0.235570097658
125.72 0.328374273399
125.79 0.430747990603
125.86 0.318154459228
125.93 0.33669668755
126.0 0.377222071377
126.07 0.284091715984
126.14 0.360160886729
126.21 0.392931270113
126.28 0.298488680395
126.35 0.372014891187
126.42 0.321239643593
126.49 0.251309181188
126.56 0.508583300058
126.63 0.450868266574
126.7 0.42125416721
126.77 0.550869010703
126.84 0.45455660652
126.91 0.373642845617
126.98 0.901938761208
127.05 0.522183466425
127.12 0.40907525898
127.19 0.902633302912
127.26 0.642257773426
127.33 0.45439559332
127.4 0.913163645958
127.47 0.560543865298
127.54 0.557454257887
127.61 0.937642600431
127.68 0.636430281076
127.75 0.654166513068
127.82 0.89871160347
127.89 0.583151938086
127.96 0.761201761115
128.03 0.8348250729
128.1 0.636269974925
128.17 0.690010873023
128.24 0.623673358715
128.31 0.464456842383
128.38 0.675399769694
128.45 0.542011046579
128.52 0.510914307365
128.59 0.834773826445
128.66 0.779077793499
128.73 0.729248075491
128.8 0.640769086443
128.87 0.66503870249
128.94 0.648871367705
129.01 0.675770654265
129.08 0.703268350404
129.15 0.684179029396
129.22 0.693621921317
129.29 0.644133055562
129.36 0.590129762432
129.43 0.780171655914
129.5 0.6626201872
129.57 0.684761024002
129.64 0.603358185669
129.71 0.615475975335
129.78 0.59199625031
129.85 0.747595110361
129.92 0.742055454857
129.99 0.65232023856
130.06 0.657647651686
130.13 0.704441961866
130.2 0.618531774625
130.27 0.881248243333
130.34 0.781369370846
130.41 0.802125858281
130.48 0.755889654543
130.55 0.687807869549
130.62 0.709435254327
130.69 0.749330856584
130.76 0.699600183956
130.83 0.698076806369
130.9 0.818162323823
130.97 0.823844734175
131.04 0.785141454934
131.11 0.839430833235
131.18 0.733410567748
131.25 0.662575217802
131.32 0.760890198246
131.39 0.837538732097
131.46 0.810818806136
131.53 0.812520213951
131.6 0.758749837746
131.67 0.825705068598
131.74 0.764832271871
131.81 0.535007076028
131.88 0.736012459995
131.95 0.765659799979
132.02 0.62676189359
132.09 0.631937364214
132.16 0.612031010528
132.23 0.54682640849
132.3 0.696136228496
132.37 0.636647052822
132.44 0.629546567384
132.51 0.637021572317
132.58 0.672363024851
132.65 0.618435005891
132.72 0.798451245989
132.79 0.666368017637
132.86 0.632191741148
132.93 0.675594194961
133.0 0.634130886316
133.07 0.551635355124
133.14 0.791830816457
133.21 0.735262169049
133.28 0.614652561935
133.35 0.583287704842
133.42 0.544215935961
133.49 0.541834399881
133.56 0.8725346927
133.63 0.794823830567
133.7 0.764438327127
133.77 0.700631414029
133.84 0.790805887362
133.91 0.686880574393
133.98 0.672931412745
134.05 0.607139133125
134.12 0.641704008959
134.19 0.826068276633
134.26 0.75113367547
134.33 0.624321778742
134.4 0.621626590543
134.47 0.631787744874
134.54 0.666621978581
134.61 0.674895222238
134.68 0.565539116764
134.75 0.628319051387
134.82 0.575430081243
134.89 0.515498712685
134.96 0.5033010517
135.03 0.471364668848
135.1 0.38733181711
135.17 0.601681285352
135.24 0.542509312992
135.31 0.49104756173
135.38 0.398131148557
135.45 0.362515399437
135.52 0.343938283814
135.59 0.480390130559
135.66 0.410846066608
135.73 0.387912079977
135.8 0.425452386721
135.87 0.377655418171
135.94 0.263148598102
136.01 0.425633561459
136.08 0.364613154901
136.15 0.351584998062
136.22 0.36209983387
136.29 0.30232747299
136.36 0.342162758094
136.43 0.411528559234
136.5 0.31922919144
136.57 0.278904067366
136.64 0.287574175668
136.71 0.243736765594
136.78 0.28130569986
136.85 0.356320976411
136.92 0.233788286907
136.99 0.193169169874
137.06 0.228575867641
137.13 0.193836801175
137.2 0.20143637836
137.27 0.237715559014
137.34 0.187254758306
137.41 0.20177896501
137.48 0.24247412174
137.55 0.183924936212
137.62 0.1543350493
137.69 0.164394606495
137.76 0.133709780645
137.83 0.185137423424
137.9 0.173577600649
137.97 0.12742414826
138.04 0.162868036554
138.11 0.12205056827
138.18 0.0814025725252
138.25 0.116290904807
138.32 0.099632451187
138.39 0.0911203830231
138.46 0.119575014569
138.53 0.100058061639
138.6 0.0848805746088
138.67 0.079265765878
138.74 0.0715693335713
138.81 0.0556816102037
138.88 0.0552205210278
138.95 0.0551424425838
139.02 0.0511613895433
139.09 0.0467157599259
139.16 0.0381775522025
139.23 0.0337117623768
139.3 0.0444150281516
139.37 0.0287741115058
139.44 0.0312147300601
139.51 0.0288328258365
139.58 0.0245122057249
139.65 0.0250625917718
139.72 0.0283089953386
139.79 0.0212327569067
139.86 0.0169342187953
139.93 0.0177514893718
140.0 0.0887412378866
140.07 0.120694003814
140.14 0.112369302386
140.21 0.117797527186
140.28 0.124133457092
140.35 0.120720272291
140.42 0.163058735193
140.49 0.154966420401
140.56 0.148102947989
140.63 0.14767287462
140.7 0.14119005921
140.77 0.191501376139
140.84 0.194428978885
140.91 0.215634378832
140.98 0.205889241942
141.05 0.188615386966
141.12 0.204160438624
141.19 0.183153833828
141.26 0.170433559746
141.33 0.192209325199
141.4 0.278838037999
141.47 0.285571875847
141.54 0.120080037821
141.61 0.0561313002032
141.68 0.0346526482961
141.75 0.0163351034955
141.82 0.0115988207965
141.89 0.0112326144469
141.96 0.0478906871375
142.03 0.319904822233
142.1 0.170356686742
142.17 0.117477107594
142.24 0.241835096697
142.31 0.281708651509
142.38 0.164876152255
142.45 0.299183467971
142.52 0.258741297999
142.59 0.234588315847
142.66 0.158714749228
142.73 0.0923859108939
142.8 0.222675652879
142.87 0.253568994477
142.94 0.301396053823
143.01 0.331444274811
143.08 0.30910789502
143.15 0.272600441108
143.22 0.242332941804
143.29 0.196373519956
143.36 0.208161562828
143.43 0.250286293498
143.5 0.186102024734
143.57 0.193301485113
143.64 0.23685187703
143.71 0.213748872391
143.78 0.321448742791
143.85 0.279022377181
143.92 0.194427025197
143.99 0.174006119041
144.06 0.123807912722
144.13 0.177886699313
144.2 0.197134941612
144.27 0.128763225206
144.34 0.206585761257
144.41 0.180416160207
144.48 0.206330560318
144.55 0.341476080321
144.62 0.259672032711
144.69 0.1808620651
144.76 0.176571876018
144.83 0.142629105218
144.9 0.247186735565
144.97 0.23334420147
145.04 0.250203282986
145.11 0.232336024924
145.18 0.15134750419
145.25 0.21281164399
145.32 0.264531641022
145.39 0.261560760745
145.46 0.278140642847
145.53 0.254231469103
145.6 0.180852602335
145.67 0.239750181089
145.74 0.203109090872
145.81 0.193768343651
145.88 0.24551955053
145.95 0.244478771304
146.02 0.354882306521
146.09 0.27753084871
146.16 0.195642189095
146.23 0.240570178855
146.3 0.245242481567
146.37 0.304775415884
146.44 0.281927107149
146.51 0.175417180783
146.58 0.237433169903
146.65 0.252621380957
146.72 0.238228575113
146.79 0.287849632506
146.86 0.225618430604
146.93 0.217400455077
147.0 0.254207886616
147.07 0.207486026397
147.14 0.235206751402
147.21 0.178303726825
147.28 0.206611100734
147.35 0.220688193118
147.42 0.194858092687
147.49 0.224847712313
147.56 0.270671439173
147.63 0.230661867746
147.7 0.207933075594
147.77 0.180941168234
147.84 0.224538224076
147.91 0.265743425171
147.98 0.224326650205
148.05 0.215709237012
148.12 0.173307321752
148.19 0.15354532042
148.26 0.311474129862
148.33 0.317437338464
148.4 0.2452067995
148.47 0.22891860846
148.54 0.197247139172
148.61 0.244344473137
148.68 0.274464717463
148.75 0.280327398806
148.82 0.281236378461
148.89 0.207022229966
148.96 0.242702671439
149.03 0.299977331494
149.1 0.30374400639
149.17 0.305157401926
149.24 0.2894404097
149.31 0.250977462098
149.38 0.295493252749
149.45 0.259762448633
149.52 0.211260364537
149.59 0.215558218193
149.66 0.307658857288
149.73 0.295748853729
149.8 0.267833151905
149.87 0.209694661013
149.94 0.233230516714
150.01 0.258286959018
150.08 0.216884076507
150.15 0.207447288867
150.22 0.165463876352
150.29 0.168521428646
150.36 0.194362362083
150.43 0.187033889129
150.5 0.237573625512
150.57 0.235905777287
150.64 0.184926402434
150.71 0.237870917149
150.78 0.202751660173
150.85 0.266359954883
150.92 0.246862487009
150.99 0.257094569549
151.06 0.188589204877
151.13 0.156929250392
151.2 0.234827169594
151.27 0.297455682698
151.34 0.262137534881
151.41 0.248770794461
151.48 0.291680449532
151.55 0.261560392601
151.62 0.306344258601
151.69 0.25864023115
151.76 0.220604504796
151.83 0.207628965982
151.9 0.169693304382
151.97 0.290853599235
152.04 0.307086575307
152.11 0.286740662893
152.18 0.208728358532
152.25 0.106209289535
152.32 0.0698165955717
152.39 0.23770625972
152.46 0.137339246776
152.53 0.0836748203136
152.6 0.0492876583969
152.67 0.0393849983657
152.74 0.0317446488904
152.81 0.199291756957
152.88 0.106119756095
152.95 0.0422819401583
153.02 0.0298381103908
153.09 0.026296129649
153.16 0.114930468858
153.23 0.229593129504
153.3 0.114749874911
153.37 0.0504098798678
153.44 0.0289478276708
153.51 0.0213722476327
153.58 0.211612710328
153.65 0.201251379974
153.72 0.14388711471
153.79 0.151471721588
153.86 0.233053371626
153.93 0.226825172376
154.0 0.253247928973
154.07 0.246928210697
154.14 0.239637352235
154.21 0.218406285867
154.28 0.16124806168
154.35 0.265752668645
154.42 0.372994672792
154.49 0.283304267737
154.56 0.207254990064
154.63 0.208271822647
154.7 0.242633300865
154.77 0.243490546308
154.84 0.216345864467
154.91 0.157492613186
154.98 0.247967508044
155.05 0.28624641284
155.12 0.344489921817
155.19 0.235157275229
155.26 0.20486774177
155.33 0.181894992358
155.4 0.207133935781
155.47 0.287684285306
155.54 0.273835724014
155.61 0.221600906047
155.68 0.246201639129
155.75 0.231603246739
155.82 0.289213534591
155.89 0.250521130885
155.96 0.17281259723
156.03 0.199556334273
156.1 0.245027826982
156.17 0.235436087893
156.24 0.186909005882
156.31 0.124922245011
156.38 0.205448528279
156.45 0.197367291036
156.52 0.149446522407
156.59 0.324394459024
156.66 0.313016863587
156.73 0.1929966432
156.8 0.203073940421
156.87 0.179743283185
156.94 0.249539834175
157.01 0.306388620628
157.08 0.308614952742
157.15 0.243120209302
157.22 0.205461932977
157.29 0.25272481084
157.36 0.334773299481
157.43 0.276826391039
157.5 0.231451471696
157.57 0.283191894744
157.64 0.226369282405
157.71 0.28082473622
157.78 0.25475405429
157.85 0.226156946994
157.92 0.230951843017
157.99 0.160436399652
158.06 0.314229736221
158.13 0.328548667375
158.2 0.224348882387
158.27 0.170645790162
158.34 0.195972133917
158.41 0.262016600212
158.48 0.290994312678
158.55 0.250280758046
158.62 0.209869643753
158.69 0.229873693843
158.76 0.275637633837
158.83 0.319241324247
158.9 0.27390745895
158.97 0.275774564832
159.04 0.264944484715
159.11 0.235264480914
159.18 0.256757877191
159.25 0.17312732853
159.32 0.175708340229
159.39 0.168262879856
159.46 0.148703716614
159.53 0.288457757368
159.6 0.25638613539
159.67 0.183058568239
159.74 0.158807274337
159.81 0.164535131214
159.88 0.219037057571
159.95 0.172667814267
160.02 0.162030556595
160.09 0.202203225157
160.16 0.153858094044
160.23 0.241644849932
160.3 0.272155809434
160.37 0.205975537841
160.44 0.224650464165
160.51 0.2027357715
160.58 0.170062478478
160.65 0.326178299219
160.72 0.303742226805
160.79 0.271895235187
160.86 0.216261054435
160.93 0.205971021763
161.0 0.303046854452
161.07 0.337609328711
161.14 0.279251188701
161.21 0.246208572731
161.28 0.210870339132
161.35 0.31205595435
161.42 0.241147629473
161.49 0.221726518937
161.56 0.231224361347
161.63 0.237703830235
161.7 0.25959950168
161.77 0.289489315715
161.84 0.283762547322
161.91 0.244687522293
161.98 0.19486372383
162.05 0.190234533848
162.12 0.275460108643
162.19 0.181549002036
162.26 0.19418904463
162.33 0.169334156564
162.4 0.118443165532
162.47 0.336888066657
162.54 0.343020581669
162.61 0.261888705361
162.68 0.2083553568
162.75 0.202097389712
162.82 0.205804663163
162.89 0.282994254529
162.96 0.244955964458
163.03 0.243638956221
163.1 0.199754527369
163.17 0.152717866739
163.24 0.330553917665
163.31 0.275467028955
163.38 0.243997806334
163.45 0.29779884881
163.52 0.179695424453
163.59 0.24072696305
163.66 0.2890771804
163.73 0.21428046847
163.8 0.220061522832
163.87 0.144210296046
163.94 0.180549638356
164.01 0.38396591158
164.08 0.298212648083
164.15 0.237775446887
164.22 0.132068841494
164.29 0.0900213945011
164.36 0.178738772132
164.43 0.197419394722
164.5 0.115962597363
164.57 0.0543443314484
164.64 0.0371210756842
164.71 0.031471333136
164.78 0.109396637208
164.85 0.221080620099
164.92 0.122054713545
164.99 0.0555949169221
165.06 0.0370729604478
165.13 0.028285605563
165.2 0.167702654925
165.27 0.181737760277
165.34 0.093881232445
165.41 0.0456048140307
165.48 0.0235876683271
165.55 0.130899352714
165.62 0.298791527419
165.69 0.214084080211
165.76 0.170989344354
165.83 0.220053983187
165.9 0.257024506545
165.97 0.285883263282
166.04 0.22949475529
166.11 0.228381633756
166.18 0.222563774288
166.25 0.194762528063
166.32 0.242361078911
166.39 0.219518766804
166.46 0.216281443238
166.53 0.18222601636
166.6 0.247822640022
166.67 0.293297520453
166.74 0.215659181377
166.81 0.214979110262
166.88 0.197056981453
166.95 0.182521335701
167.02 0.260230987079
167.09 0.295424001789
167.16 0.311065501883
167.23 0.283962147871
167.3 0.257997028934
167.37 0.194948753153
167.44 0.289193818282
167.51 0.253382853117
167.58 0.235841952797
167.65 0.227913773121
167.72 0.253913461719
167.79 0.327446259233
167.86 0.298535824103
167.93 0.251306556334
168.0 0.176827613889
168.07 0.205999525684
168.14 0.202687750625
168.21 0.249253180175
168.28 0.198736692689
168.35 0.227703177424
168.42 0.213674719931
168.49 0.178010560528
168.56 0.294414771315
168.63 0.295465885156
168.7 0.191708964219
168.77 0.173245811121
168.84 0.152043090519
168.91 0.249196246757
168.98 0.212691243595
169.05 0.189568842945
169.12 0.223394720687
169.19 0.178994738598
169.26 0.188503080424
169.33 0.336116063184
169.4 0.290371746466
169.47 0.26284378277
169.54 0.241612451923
169.61 0.158940990385
169.68 0.318167558247
169.75 0.242308362537
169.82 0.248436821319
169.89 0.221576333426
169.96 0.14596751424
170.03 0.330582975796
170.1 0.371848092675
170.17 0.27666098802
170.24 0.282266351263
170.31 0.235550321542
170.38 0.270574431212
170.45 0.30456981472
170.52 0.236577552534
170.59 0.248571282958
170.66 0.287705536656
170.73 0.263688213608
170.8 0.322605835615
170.87 0.283518619301
170.94 0.187022977711
171.01 0.204825126102
171.08 0.179144441667
171.15 0.237810180019
171.22 0.231775446469
171.29 0.184375579133
171.36 0.222158503465
171.43 0.215634160869
171.5 0.262943070034
171.57 0.302160750234
171.64 0.264092701627
171.71 0.193459558477
171.78 0.197777828845
171.85 0.220723593429
171.92 0.279092587708
171.99 0.20585268138
172.06 0.226203774391
172.13 0.228400215065
172.2 0.129825580068
172.27 0.310920211226
172.34 0.333110952152
172.41 0.288291122328
172.48 0.300021147286
172.55 0.171760724507
172.62 0.236783192241
172.69 0.274415305084
172.76 0.212746093077
172.83 0.285683097891
172.9 0.197041028985
172.97 0.251869981592
173.04 0.326892791142
173.11 0.285416208045
173.18 0.277359068957
173.25 0.275497372268
173.32 0.193307699704
173.39 0.306764842624
173.46 0.257992930174
173.53 0.222055447043
173.6 0.26465959568
173.67 0.260827197097
173.74 0.268648220262
173.81 0.306957032445
173.88 0.268456084931
173.95 0.226657672131
174.02 0.23081571742
174.09 0.209428148614
174.16 0.265326105271
174.23 0.184712728681
174.3 0.226014834072
174.37 0.213101744191
174.44 0.167558382313
174.51 0.298686400352
174.58 0.305071062169
174.65 0.210378783042
174.72 0.177050310496
174.79 0.219891828342
174.86 0.219613196427
174.93 0.232132276442
175.0 0.177872114428
175.07 0.236341970885
175.14 0.181028579197
175.21 0.123086428719
175.28 0.337782896023
175.35 0.305475524936
175.42 0.264496336402
175.49 0.230987600839
175.56 0.144506762349
175.63 0.256743330848
175.7 0.258988219018
175.77 0.195466289317
175.84 0.203774356481
175.91 0.181435981801
175.98 0.210812548484
176.05 0.387463543585
176.12 0.295847981509
176.19 0.23083348137
176.26 0.157545643212
176.33 0.0879953832764
176.4 0.0590569519186
176.47 0.0582027087774
176.54 0.060712219451
176.61 0.059729581739
176.68 0.0585611216362
176.75 0.0457612805852
176.82 0.0696480161464
176.89 0.0648862384724
176.96 0.0636633249412
177.03 0.0664088119894
177.1 0.0419449461087
177.17 0.0528515403895
177.24 0.064601139449
177.31 0.048478738179
177.38 0.0541156820716
177.45 0.0480290481795
177.52 0.0578983014604
177.59 0.0648396170769
177.66 0.0641402562744
177.73 0.061186293348
177.8 0.0503761381994
177.87 0.0373185776787
177.94 0.0596323637894
178.01 0.0482357843442
178.08 0.0493794259533
178.15 0.0479669634033
178.22 0.0510058466717
178.29 0.0542047450315
178.36 0.0561712697532
178.43 0.110079894032
178.5 0.124274787209
178.57 0.114639172521
178.64 0.0800100655113
178.71 0.0813662937194
178.78 0.0868985983028
178.85 0.0772354658411
178.92 0.253647984643
178.99 0.198274432629
179.06 0.157316632336
179.13 0.128628717051
179.2 0.129302638698
179.27 0.101535544815
179.34 0.0758756824509
179.41 0.119683724728
179.48 0.144085165598
179.55 0.106251256632
179.62 0.129117904791
179.69 0.111978880927
179.76 0.14914698735
179.83 0.110535866404
179.9 0.111507850531
179.97 0.120746422482
180.04 0.0919778331379
180.11 0.106771001661
180.18 0.0899533104381
180.25 0.0986413953354
180.32 0.104931216855
180.39 0.131850520087
180.46 0.117380264434
180.53 0.156949197954
180.6 0.158235647573
180.67 0.135138837589
180.74 0.114782880291
180.81 0.0715547912152
180.88 0.0983832053857
180.95 0.090642090753
181.02 0.093445232887
181.09 0.108906705205
181.16 0.109164641308
181.23 0.0666187750634
181.3 0.0609029260639
181.37 0.0937287264299
181.44 0.108246458051
181.51 0.0879459682388
181.58 0.0737259628507
181.65 0.0882963204699
181.72 0.0874509978453
181.79 0.106296046611
181.86 0.176020731089
181.93 0.127105893674
182.0 0.106078308652
182.07 0.0935651362209
182.14 0.0911338993602
182.21 0.0906677053416
182.28 0.0605195923753
182.35 0.0557978706389
182.42 0.0506637145533
182.49 0.0541679864422
182.56 0.0637362201291
182.63 0.0610801668431
182.7 0.0511390031929
182.77 0.0607495614889
182.84 0.0633728712156
182.91 0.0637257698873
182.98 0.0583453506573
183.05 0.0650942305799
183.12 0.0690954411706
183.19 0.0552018320668
183.26 0.0447633469513
183.33 0.0442094163547
183.4 0.037869840892
183.47 0.0565333201946
183.54 0.0510125662981
183.61 0.0440897456027
183.68 0.0415135184483
183.75 0.0308845991732
183.82 0.0459306973057
183.89 0.0400146589926
183.96 0.0327006539692
184.03 0.0375400263167
184.1 0.0301223574994
184.17 0.0398200064599
184.24 0.0337089434829
184.31 0.0285139971061
184.38 0.0346353774209
184.45 0.0407741681601
184.52 0.0284261767986
184.59 0.0307671359568
184.66 0.0229248933387
184.73 0.0288645048348
184.8 0.0202164519524
184.87 0.0373308473764
184.94 0.0653670479443
185.01 0.0339581119089
185.08 0.0223547006081
185.15 0.0171757226473
185.22 0.015796349207
185.29 0.0136117462929
185.36 0.0120050299221
185.43 0.0100327278634
185.5 0.00948078285259
185.57 0.00691403972789
185.64 0.00742365215548
185.71 0.00514953839496
185.78 0.00603316528238
185.85 0.00502617955689
185.92 0.00428465894628
185.99 0.00563856266335
186.06 0.00344688261107
186.13 0.00581846418071
186.2 0.00316515934942
186.27 0.190730617977
186.34 0.205139780317
186.41 0.152114038663
186.48 0.203494274584
186.55 0.22149616706
186.62 0.243558748655
186.69 0.234169700133
186.76 0.231014925902
186.83 0.264833994972
186.9 0.265529431119
186.97 0.269003258688
187.04 0.264421624416
187.11 0.307092178539
187.18 0.356183335709
187.25 0.338807745376
187.32 0.305479428327
187.39 0.342341018247
187.46 0.297160900289
187.53 0.253864180915
187.6 0.275239337816
187.67 0.457034601668
187.74 0.309057633384
187.81 0.153006808017
187.88 0.0649304715828
187.95 0.0349283337289
188.02 0.0177000262835
188.09 0.0157900455701
188.16 0.0140527563319
188.23 0.301171668007
188.3 0.362590928783
188.37 0.189728678616
188.44 0.267715636855
188.51 0.406634286901
188.58 0.293708136676
188.65 0.361697731478
188.72 0.351192591018
188.79 0.340788080153
188.86 0.301208348183
188.93 0.138221219009
189.0 0.321639333778
189.07 0.38369117774
189.14 0.427976179259
189.21 0.470090204512
189.28 0.4258648224
189.35 0.388486766192
189.42 0.333178557761
189.49 0.305525039652
189.56 0.285668913047
189.63 0.358898646903
189.7 0.299209671324
189.77 0.260546895908
189.84 0.338494127811
189.91 0.323906124528
189.98 0.427623149013
190.05 0.379583812734
190.12 0.312923099812
190.19 0.241855441642
190.26 0.185338850074
190.33 0.222078746443
190.4 0.293371373879
190.47 0.182882895727
190.54 0.285302407663
190.61 0.272540080096
190.68 0.220069065134
190.75 0.462196591839
190.82 0.37256994748
190.89 0.257406770357
190.96 0.264080202005
191.03 0.21396536371
191.1 0.317024114665
191.17 0.322492760888
191.24 0.343439423321
191.31 0.327810000213
191.38 0.23183490905
191.45 0.270735537445
191.52 0.340080600244
191.59 0.360513818627
191.66 0.360780374883
191.73 0.364757483333
191.8 0.229157652259
191.87 0.310790280285
191.94 0.29499694667
192.01 0.243432109746
192.08 0.328064431638
192.15 0.339983621522
192.22 0.440547640729
192.29 0.386996320889
192.36 0.253690719925
192.43 0.28963708636
192.5 0.304237201186
192.57 0.359459158906
192.64 0.365726139544
192.71 0.248483025396
192.78 0.278917655472
192.85 0.297741285428
192.92 0.267711979337
192.99 0.370989762736
193.06 0.310498155956
193.13 0.26977263332
193.2 0.325088102297
193.27 0.279823063996
193.34 0.283738081024
193.41 0.227390815803
193.48 0.213497665218
193.55 0.262233243042
193.62 0.228763573282
193.69 0.25112032194
193.76 0.306922915988
193.83 0.282806346875
193.9 0.234129483381
193.97 0.211786207202
194.04 0.225401588419
194.11 0.310538525547
194.18 0.27285985909
194.25 0.256323691773
194.32 0.217159591823
194.39 0.155740045303
194.46 0.351094449385
194.53 0.355271991692
194.6 0.306772132408
194.67 0.262473674358
194.74 0.242541761903
194.81 0.257029443929
194.88 0.342142568647
194.95 0.355923017966
195.02 0.348006063362
195.09 0.250494430471
195.16 0.246053168079
195.23 0.380691622095
195.3 0.391781691682
195.37 0.387145015217
195.44 0.367493043781
195.51 0.305033136683
195.58 0.338388046494
195.65 0.313884790524
195.72 0.235912823857
195.79 0.249075366579
195.86 0.336078164279
195.93 0.357078246146
196.0 0.319834325963
196.07 0.243361508481
196.14 0.253486748164
196.21 0.307520759396
196.28 0.245946846205
196.35 0.237997195888
196.42 0.192453497763
196.49 0.175013225709
196.56 0.228733614061
196.63 0.20820314849
196.7 0.264249390131
196.77 0.285958009823
196.84 0.222468411679
196.91 0.26957343547
196.98 0.255159673322
197.05 0.289212685335
197.12 0.307800906416
197.19 0.284622632924
197.26 0.231554175923
197.33 0.201453871185
197.4 0.242656000869
197.47 0.324809494305
197.54 0.299974420897
197.61 0.283870230133
197.68 0.31447010906
197.75 0.282462556114
197.82 0.350166912344
197.89 0.322248904635
197.96 0.265449759156
198.03 0.255483733154
198.1 0.207831447889
198.17 0.326280474488
198.24 0.365665722713
198.31 0.351118899735
198.38 0.260059486423
198.45 0.126963768791
198.52 0.0888304124859
198.59 0.267263897476
198.66 0.15046242732
198.73 0.118211660048
198.8 0.0556606671908
198.87 0.0449652932558
198.94 0.0357183775912
199.01 0.273061695084
199.08 0.198576906193
199.15 0.16595029836
199.22 0.0572122868778
199.29 0.0509311280409
199.36 0.0397897282698
199.43 0.258868981533
199.5 0.149347477027
199.57 0.089676253436
199.64 0.0329422947124
199.71 0.0230285278935
199.78 0.252507184521
199.85 0.236063132969
199.92 0.206280743911
199.99 0.183789439251
200.06 0.274797529024
200.13 0.280276862058
200.2 0.250293482276
200.27 0.247809887883
200.34 0.234119574059
200.41 0.240516613226
200.48 0.170977495962
200.55 0.259589661467
200.62 0.215548149385
200.69 0.209199399559
200.76 0.182715931085
200.83 0.240172666968
200.9 0.291041514863
200.97 0.211963473232
201.04 0.234082806166
201.11 0.217062259576
201.18 0.157232097416
201.25 0.305055744983
201.32 0.309150825671
201.39 0.289139942986
201.46 0.286239984273
201.53 0.234012487987
201.6 0.236109776958
201.67 0.268003173338
201.74 0.2109955666
201.81 0.224831956543
201.88 0.222634807491
201.95 0.262708079808
202.02 0.323950227392
202.09 0.290090516279
202.16 0.238541851114
202.23 0.190366794596
202.3 0.191358488387
202.37 0.210666982716
202.44 0.244411673389
202.51 0.187652138619
202.58 0.256076907645
202.65 0.197388333727
202.72 0.197334538174
202.79 0.307022435835
202.86 0.254465521027
202.93 0.173177050576
203.0 0.156722660421
203.07 0.159184244582
203.14 0.268964412177
203.21 0.195688088822
203.28 0.19652944692
203.35 0.218662390553
203.42 0.130288722611
203.49 0.247524560264
203.56 0.312850470433
203.63 0.276520016743
203.7 0.270620834645
203.77 0.203751806659
203.84 0.232466701457
203.91 0.272243046293
203.98 0.220205375467
204.05 0.247319093333
204.12 0.206356145668
204.19 0.149588401418
204.26 0.3846538958
204.33 0.346285126633
204.4 0.265492485135
204.47 0.25082008648
204.54 0.211975291056
204.61 0.281023666932
204.68 0.263283499653
204.75 0.195666927847
204.82 0.220132622486
204.89 0.253312701068
204.96 0.217937213148
205.03 0.280283410239
205.1 0.200737555818
205.17 0.144472322935
205.24 0.163345017062
205.31 0.133376506579
205.38 0.206583515179
205.45 0.146359286004
205.52 0.149423947333
205.59 0.15635324444
205.66 0.142529546829
205.73 0.218670075062
205.8 0.214347913264
205.87 0.15020351703
205.94 0.138493104716
206.01 0.131582832817
206.08 0.168266012403
206.15 0.169985560286
206.22 0.130426510837
206.29 0.161731076029
206.36 0.128284146144
206.43 0.108929364009
206.5 0.220292984457
206.57 0.201137471939
206.64 0.180145259318
206.71 0.157489233437
206.78 0.0830857286337
206.85 0.154291097946
206.92 0.148327311211
206.99 0.125914861156
207.06 0.158339008345
207.13 0.0931884078614
207.2 0.164389641201
207.27 0.185118630798
207.34 0.151504247185
207.41 0.156171439737
207.48 0.128078215378
207.55 0.0951066618489
207.62 0.167338489981
207.69 0.118975402208
207.76 0.122001369865
207.83 0.131373551541
207.9 0.124503411334
207.97 0.145433408933
208.04 0.14522689206
208.11 0.119258632601
208.18 0.110100556618
208.25 0.0940459895512
208.32 0.110540086106
208.39 0.117800710237
208.46 0.0718689616603
208.53 0.0975700800851
208.6 0.078920426786
208.67 0.0668797147969
208.74 0.126044160803
208.81 0.111424752303
208.88 0.06201805179
208.95 0.0575929398927
209.02 0.0572556441509
209.09 0.0624318630246
209.16 0.0510722920283
209.23 0.0399920334151
209.3 0.0487730261851
209.37 0.0347084440549
209.44 0.0388445242994
209.51 0.0699081398494
209.58 0.0562285726434
209.65 0.0417768424797
209.72 0.0256623769078
209.79 0.0150453365925
209.86 0.0280965761987
209.93 0.017883751449
210.0 0.0145103395002
210.07 0.0145567455911
210.14 0.00923324382971
210.21 0.0165226509802
210.28 0.020825318419
210.35 0.0143257757104
210.42 0.00879499287781
210.49 0.00402494458764
210.56 0.00237714758932
210.63 0.0
210.7 0.0
210.77 0.0
210.84 0.0
210.91 0.0
210.98 0.0
211.05 0.0
211.12 0.0
211.19 0.0
211.26 0.0
211.33 0.0
211.4 0.0
211.47 0.0
211.54 0.0
211.61 0.0
211.68 0.0
211.75 0.0
211.82 0.0
211.89 0.0
211.96 0.0
212.03 0.0
212.1 0.0
212.17 0.0
212.24 0.0
212.31 0.0
212.38 0.0
212.45 0.0
212.52 0.0
212.59 0.0
212.66 0.0
212.73 0.0
212.8 0.0
212.87 0.0
212.94 0.0
213.01 0.0
213.08 0.0
213.15 0.0
213.22 0.0
213.29 0.0
213.36 0.0
213.43 0.0
213.5 0.0
213.57 0.0
213.64 0.0
213.71 0.0
213.78 0.0
213.85 0.0
213.92 0.0
213.99 0.0
214.06 0.0
214.13 0.0
214.2 0.0
214.27 0.0
214.34 0.0
214.41 0.0
214.48 0.0
214.55 0.0
214.62 0.0
214.69 0.0
214.76 0.0
214.83 0.0
214.9 0.0
214.97 0.0
215.04 0.0
215.11 0.0
215.18 0.0
215.25 0.0
215.32 0.0
215.39 0.0
215.46 0.0
215.53 0.0
215.6 0.0
215.67 0.0
215.74 0.0
215.81 0.0
215.88 0.0
215.95 0.0
216.02 0.0
216.09 0.0
216.16 0.0
216.23 0.0
216.3 0.0
216.37 0.0
216.44 0.0
216.51 0.0
216.58 0.0
216.65 0.0
216.72 0.0
216.79 0.0
216.86 0.0
216.93 0.0
217.0 0.0
217.07 0.0
217.14 0.0
217.21 0.0
217.28 0.0
217.35 0.0
217.42 0.0
217.49 0.0
217.56 0.0
217.63 0.0
217.7 0.0
217.77 0.0
217.84 0.0
217.91 0.0
217.98 0.0
218.05 0.0
218.12 0.0
218.19 0.0
218.26 0.0
218.33 0.0
218.4 0.0
218.47 0.0
218.54 0.0
218.61 0.0
218.68 0.0
218.75 0.0
218.82 0.0
218.89 0.0
218.96 0.0
219.03 0.0
219.1 0.0
219.17 0.0
219.24 0.0
219.31 0.0
219.38 0.0
219.45 0.0
219.52 0.0
