0.0 0.0
0.07 0.0
0.14 0.0
0.21 0.0
0.28 0.0
0.35 0.0
0.42 0.0
0.49 0.0
0.56 0.0
0.63 0.0
0.7 0.0
0.77 0.0
0.84 0.0
0.91 0.0
0.98 0.0
1.05 0.0
1.12 0.0
1.19 0.0
1.26 0.0
1.33 0.0
1.4 0.0
1.47 0.0
1.54 0.0
1.61 0.0
1.68 0.0
1.75 0.0
1.82 0.0
1.89 0.0
1.96 0.0
2.03 0.0
2.1 0.0
2.17 0.0
2.24 0.0
2.31 0.0
2.38 0.0
2.45 0.0
2.52 0.0
2.59 0.0
2.66 0.0
2.73 0.0
2.8 0.0
2.87 0.0
2.94 0.0
3.01 0.0
3.08 0.0
3.15 0.0
3.22 0.0
3.29 0.0
3.36 0.0
3.43 0.0
3.5 0.0
3.57 0.0
3.64 0.0
3.71 0.0
3.78 0.0
3.85 0.0
3.92 0.0
3.99 0.00142217331378
4.06 0.00144672273622
4.13 0.00183653930076
4.2 0.23022035465
4.27 0.606295210236
4.34 0.697676952168
4.41 0.67418587072
4.48 0.6792422406
4.55 0.662086734315
4.62 0.590202776018
4.69 0.602226693542
4.76 0.70980435604
4.83 0.557772332845
4.9 0.562641809146
4.97 0.542735452893
5.04 0.559021167697
5.11 0.626585519984
5.18 0.590128286565
5.25 0.584911578157
5.32 0.633993798798
5.39 0.656800771036
5.46 0.548903645193
5.53 0.526018130185
5.6 0.624840706045
5.67 0.567484559754
5.74 0.545529801808
5.81 0.610488730825
5.88 0.623834248222
5.95 0.595937407661
6.02 0.576010240458
6.09 0.608880131391
6.16 0.574084164082
6.23 0.607853155831
6.3 0.554062995508
6.37 0.451084915874
6.44 0.549629298193
6.51 0.749383367754
6.58 0.730905223331
6.65 0.758389111098
6.72 0.731593800442
6.79 0.718441009651
6.86 0.750799896707
6.93 0.766386478713
7.0 0.702486943376
7.07 0.613863445439
7.14 0.785185047836
7.21 0.735685128908
7.28 0.69218253931
7.35 0.806255035176
7.42 0.672952385116
7.49 0.738799153867
7.56 0.732904897503
7.63 0.706694640358
7.7 0.627480442508
7.77 0.639160522712
7.84 0.68917144792
7.91 0.701361464896
7.98 0.669203935017
8.05 0.643330651111
8.12 0.673081463958
8.19 0.558587045848
8.26 0.618587092474
8.33 0.631222583709
8.4 0.506731918132
8.47 0.532766545183
8.54 0.581573445535
8.61 0.590841121087
8.68 0.568457225921
8.75 0.53705656066
8.82 0.575352640635
8.89 0.483116545394
8.96 0.425279176828
9.03 0.387720328182
9.1 0.378211810167
9.17 0.469823560084
9.24 0.728519919299
9.31 0.659725870351
9.38 0.668905093956
9.45 0.641557263273
9.52 0.676860041747
9.59 0.636395635747
9.66 0.632015219176
9.73 0.549289400029
9.8 0.612714435372
9.87 0.601891141908
9.94 0.641542051019
10.01 0.702927965356
10.08 0.624108879939
10.15 0.625177542291
10.22 0.676532819059
10.29 0.583847616836
10.36 0.727969197006
10.43 0.792038674816
10.5 0.763783683549
10.57 0.657817755706
10.64 0.65323618985
10.71 0.617166448918
10.78 0.713157604781
10.85 0.737365165491
10.92 0.615675362014
10.99 0.67473369813
11.06 0.73203897548
11.13 0.629641171418
11.2 0.695017023629
11.27 0.747744038582
11.34 0.741517933005
11.41 0.60525985646
11.48 0.657608138079
11.55 0.680237945659
11.62 0.607474251857
11.69 0.754017112398
11.76 0.726657642099
11.83 0.624060610264
11.9 0.57333378501
11.97 0.585396514871
12.04 0.553908588545
12.11 0.585470057389
12.18 0.646569427609
12.25 0.721654673132
12.32 0.705052391068
12.39 0.717607908315
12.46 0.792438904065
12.53 0.696515509367
12.6 0.672838553377
12.67 0.702588499803
12.74 0.711836867724
12.81 0.568605746983
12.88 0.361498199495
12.95 0.32692636989
13.02 0.362630527635
13.09 0.291049314705
13.16 0.415362893735
13.23 0.759372886932
13.3 0.663475633902
13.37 0.583505804372
13.44 0.233669883175
13.51 0.384679005757
13.58 0.812933422613
13.65 0.606881491878
13.72 0.576663378389
13.79 0.585737396021
13.86 0.595359124499
13.93 0.593935942963
14.0 0.664411006673
14.07 0.609591770227
14.14 0.674164496176
14.21 0.514572838307
14.28 0.692946449465
14.35 0.700926442977
14.42 0.563483988084
14.49 0.391669543023
14.56 0.392076385199
14.63 0.50378018806
14.7 0.595158380186
14.77 0.585220293544
14.84 0.521762318546
14.91 0.406427650218
14.98 0.434146394807
15.05 0.423951389428
15.12 0.456237307174
15.19 0.658706428215
15.26 0.659755607489
15.33 0.532421628742
15.4 0.354650517299
15.47 0.310029675011
15.54 0.327050586675
15.61 0.278527214187
15.68 0.256544634603
15.75 0.420980587258
15.82 0.815180142398
15.89 0.668912947032
15.96 0.662952768096
16.03 0.655495795408
16.1 0.562748686677
16.17 0.552207785475
16.24 0.614735410786
16.31 0.565926073396
16.38 0.307312137224
16.45 0.278951465315
16.52 0.180985628127
16.59 0.203978651556
16.66 0.33458968078
16.73 0.327451564581
16.8 0.332356106334
16.87 0.357883775615
16.94 0.29545560737
17.01 0.215135083651
17.08 0.220623466405
17.15 0.252832097152
17.22 0.491728445294
17.29 0.310472804764
17.36 0.163400166269
17.43 0.100061918525
17.5 0.0644248754326
17.57 0.182534723241
17.64 0.235036186094
17.71 0.414820776779
17.78 0.277309485204
17.85 0.153701006589
17.92 0.0841675344205
17.99 0.0767796435598
18.06 0.296441207378
18.13 0.30900030207
18.2 0.287776053172
18.27 0.23796533512
18.34 0.143918902331
18.41 0.0644982184695
18.48 0.160906445334
18.55 0.49800806354
18.62 0.553044327263
18.69 0.525236240273
18.76 0.364328851609
18.83 0.289877448404
18.9 0.248227140308
18.97 0.41933132728
19.04 0.39562592357
19.11 0.311076798186
19.18 0.282419334106
19.25 0.109715190288
19.32 0.0661284544173
19.39 0.45770013983
19.46 0.787397181644
19.53 0.718773347953
19.6 0.727125280417
19.67 0.830966085566
19.74 0.853546793099
19.81 0.769641148826
19.88 0.748048006072
19.95 0.748251324415
20.02 0.82098853767
20.09 0.826128802668
20.16 0.798161330094
20.23 0.762656189827
20.3 0.753296633896
20.37 0.804917678681
20.44 0.783470956425
20.51 0.749879427354
20.58 0.649820519075
20.65 0.426521264163
20.72 0.384561387478
20.79 0.548774911238
20.86 0.480136833859
20.93 0.392677565453
21.0 0.392650081492
21.07 0.467110526249
21.14 0.458674653002
21.21 0.446522711725
21.28 0.438809087076
21.35 0.49028849531
21.42 0.510045771713
21.49 0.558484172364
21.56 0.487637817416
21.63 0.458588019221
21.7 0.567388142976
21.77 0.544036139672
21.84 0.5726788181
21.91 0.568591314628
21.98 0.547604101226
22.05 0.574123109808
22.12 0.577231153932
22.19 0.543012576925
22.26 0.653206070573
22.33 0.540383756658
22.4 0.58497022687
22.47 0.74447884042
22.54 0.548126938191
22.61 0.581781498556
22.68 0.438430901716
22.75 0.356047160607
22.82 0.363188953993
22.89 0.468347321321
22.96 0.494024822712
23.03 0.416299963299
23.1 0.410929337019
23.17 0.515308535072
23.24 0.449560086583
23.31 0.639557381208
23.38 0.513015332532
23.45 0.466185942293
23.52 0.532332387283
23.59 0.592080567097
23.66 0.558485847527
23.73 0.5113889372
23.8 0.528893331528
23.87 0.434119831344
23.94 0.457985305604
24.01 0.555951741236
24.08 0.596917122969
24.15 0.610940399821
24.22 0.688763714086
24.29 0.792489869142
24.36 0.685085402104
24.43 0.626335078382
24.5 0.473439982382
24.57 0.381828260104
24.64 0.394042167974
24.71 0.403840301639
24.78 0.453510890064
24.85 0.42186583734
24.92 0.464972487739
24.99 0.490015246743
25.06 0.588512719705
25.13 0.485544066165
25.2 0.595806960089
25.27 0.577148025495
25.34 0.434286695075
25.41 0.640792610471
25.48 0.701445253064
25.55 0.728943355678
25.62 0.562477984501
25.69 0.490392760356
25.76 0.501482679847
25.83 0.626639814957
25.9 0.746326450935
25.97 0.638894483112
26.04 0.548281304296
26.11 0.615805802376
26.18 0.736438330761
26.25 0.716663388243
26.32 0.827482336379
26.39 0.657764902767
26.46 0.403882252803
26.53 0.260909890593
26.6 0.199823910859
26.67 0.612737427398
26.74 0.769017769665
26.81 0.706113798788
26.88 0.499448372831
26.95 0.242024150532
27.02 0.140231117389
27.09 0.129700055664
27.16 0.727320197712
27.23 0.620823310648
27.3 0.260569937151
27.37 0.126813506718
27.44 0.64077430145
27.51 0.673555762068
27.58 0.714991415032
27.65 0.694346163103
27.72 0.697013025422
27.79 0.67056115072
27.86 0.722377585066
27.93 0.656024077253
28.0 0.639859448818
28.07 0.45245708066
28.14 0.561434357057
28.21 0.584653105629
28.28 0.406415314821
28.35 0.357200650593
28.42 0.261209906911
28.49 0.217510979615
28.56 0.464518201452
28.63 0.76287252613
28.7 0.45620856624
28.77 0.357597908051
28.84 0.308003861574
28.91 0.264221859917
28.98 0.174020144995
29.05 0.669777917313
29.12 0.519264116492
29.19 0.33910342058
29.26 0.308022247504
29.33 0.247551308371
29.4 0.194000913793
29.47 0.383757089564
29.54 0.641502699121
29.61 0.408168598305
29.68 0.439641869963
29.75 0.343186155726
29.82 0.140200835882
29.89 0.456831675021
29.96 0.7822277419
30.03 0.504957770824
30.1 0.30823810433
30.17 0.202168574776
30.24 0.32401882974
30.31 0.35355767084
30.38 0.642851470514
30.45 0.721827232896
30.52 0.665874549531
30.59 0.586529672181
30.66 0.23615585438
30.73 0.139485754191
30.8 0.901011720045
30.87 0.472247324357
30.94 0.252925209269
31.01 0.438377082614
31.08 0.59535147451
31.15 0.656277533907
31.22 0.669655702552
31.29 0.612301331164
31.36 0.635705798058
31.43 0.768564903781
31.5 0.658809790789
31.57 0.644549077076
31.64 0.600717787908
31.71 0.539231193179
31.78 0.692335922429
31.85 0.83010669956
31.92 0.839283166478
31.99 0.845342379483
32.06 0.926577657295
32.13 0.860877740451
32.2 0.595797328505
32.27 0.806972916816
32.34 0.79208274577
32.41 0.777250039767
32.48 0.849293563902
32.55 0.892979478046
32.62 0.808374347677
32.69 0.666212252199
32.76 0.70668236745
32.83 0.8202833976
32.9 0.793581844372
32.97 0.853772001514
33.04 0.752272917332
33.11 0.679936332288
33.18 0.780412519463
33.25 0.814181504002
33.32 0.764252525965
33.39 0.870831995897
33.46 0.806913771803
33.53 0.773862149772
33.6 0.821906449817
33.67 0.770864571439
33.74 0.694908146478
33.81 0.59971220612
33.88 0.630338606222
33.95 0.906744206663
34.02 0.880928612517
34.09 0.862017427771
34.16 0.541684739054
34.23 0.636252086097
34.3 0.784107501355
34.37 0.79004357189
34.44 0.59665455146
34.51 0.516460099942
34.58 0.508596580695
34.65 0.792192294668
34.72 0.93221623387
34.79 0.691590780343
34.86 0.540135631924
34.93 0.533643522798
35.0 0.878510747363
35.07 0.838719774718
35.14 0.883676741848
35.21 0.762507053498
35.28 0.758242512748
35.35 0.741772972291
35.42 0.640509994694
35.49 0.919170002161
35.56 0.521950048505
35.63 0.313777398085
35.7 0.285823987743
35.77 0.295722649184
35.84 0.260001004376
35.91 0.19241324668
35.98 0.176451768352
36.05 0.227164048292
36.12 0.802570893773
36.19 0.569663225161
36.26 0.308734804434
36.33 0.184146823211
36.4 0.139546933673
36.47 0.129629216959
36.54 0.180904891062
36.61 0.12509135554
36.68 0.0840364475466
36.75 0.704037692022
36.82 0.920151646189
36.89 0.829750490793
36.96 0.743711862339
37.03 1.0
37.1 0.870080002949
37.17 0.576450135249
37.24 0.893276016659
37.31 0.460525351872
37.38 0.323506280483
37.45 0.22218282279
37.52 0.243447429405
37.59 0.155998097813
37.66 0.203027465683
37.73 0.223975589157
37.8 0.167273455631
37.87 0.175174088019
37.94 0.843846894377
38.01 0.710654205396
38.08 0.416783852135
38.15 0.262047501384
38.22 0.162821051534
38.29 0.124484240116
38.36 0.169425026426
38.43 0.115690664395
38.5 0.0636933088926
38.57 0.224160284836
38.64 0.934815302578
38.71 0.899208812576
38.78 0.807150141559
38.85 0.936906932838
38.92 0.898599487234
38.99 0.7483150587
39.06 0.689391937279
39.13 0.763730675591
39.2 0.838240510003
39.27 0.745458940271
39.34 0.810326715933
39.41 0.783641506956
39.48 0.70842594845
39.55 0.776011424128
39.62 0.825085959931
39.69 0.916741298922
39.76 0.926015584996
39.83 0.93680046869
39.9 0.903476228981
39.97 0.682887150274
40.04 0.833233448064
40.11 0.993704245397
40.18 0.81315521461
40.25 0.892586558705
40.32 0.813201527926
40.39 0.624109653831
40.46 0.826618793711
40.53 0.773012616461
40.6 0.842853553052
40.67 0.750914335302
40.74 0.871582417028
40.81 0.750955088376
40.88 0.516883155384
40.95 0.952779988062
41.02 0.66259523386
41.09 0.362404247308
41.16 0.835480622089
41.23 0.502330209932
41.3 0.295777558223
41.37 0.355766234413
41.44 0.81346153622
41.51 0.67144793056
41.58 0.744991281524
41.65 0.585109932299
41.72 0.259389013676
41.79 0.2157894401
41.86 0.917290694543
41.93 0.400289518312
42.0 0.220128853644
42.07 0.605453951795
42.14 0.671184225853
42.21 0.713672604293
42.28 0.749684274527
42.35 0.602222390273
42.42 0.652791680552
42.49 0.733814322079
42.56 0.794578120236
42.63 0.523634146815
42.7 0.376839901342
42.77 0.48973134395
42.84 0.748944722726
42.91 0.476060196112
42.98 0.32168252361
43.05 0.241681895845
43.12 0.150094155789
43.19 0.169283546094
43.26 0.619834931121
43.33 0.458855166783
43.4 0.250748027956
43.47 0.293778750472
43.54 0.169003209931
43.61 0.122753996726
43.68 0.296968616792
43.75 0.581020740447
43.82 0.314220780194
43.89 0.269641079128
43.96 0.311689833159
44.03 0.152307765278
44.1 0.131921866719
44.17 0.513901743451
44.24 0.490589644826
44.31 0.25551660035
44.38 0.329105926954
44.45 0.242822164784
44.52 0.118821795479
44.59 0.323034264392
44.66 0.598954866832
44.73 0.340722816039
44.8 0.18486688112
44.87 0.220282276419
44.94 0.124022071912
45.01 0.08347485953
45.08 0.462527971399
45.15 0.849556225538
45.22 0.692665917426
45.29 0.694274133519
45.36 0.41822701425
45.43 0.248267299745
45.5 0.235732599457
45.57 0.819442133151
45.64 0.313230751941
45.71 0.177463385051
45.78 0.564137020266
45.85 0.560653688067
45.92 0.603409084286
45.99 0.513479878889
46.06 0.440978597972
46.13 0.565166817405
46.2 0.603617960468
46.27 0.636662135596
46.34 0.464509057756
46.41 0.391765280844
46.48 0.384470457638
46.55 0.735274628773
46.62 0.429532642759
46.69 0.319743706866
46.76 0.245275004063
46.83 0.138456065204
46.9 0.559893268835
46.97 0.518381708417
47.04 0.5941659882
47.11 0.447050131954
47.18 0.603320460499
47.25 0.377235829726
47.32 0.301904012059
47.39 0.379984327977
47.46 0.773431158338
47.53 0.607470182918
47.6 0.364131106726
47.67 0.319880208576
47.74 0.184833911423
47.81 0.633194110585
47.88 0.568734665999
47.95 0.612188989527
48.02 0.391439233414
48.09 0.590504916932
48.16 0.354870316886
48.23 0.289688582843
48.3 0.240518034032
48.37 0.493851913255
48.44 0.696868763167
48.51 0.628021653386
48.58 0.559868251954
48.65 0.59311769818
48.72 0.728960295969
48.79 0.574449851817
48.86 0.787927806793
48.93 0.695962664882
49.0 0.629237514935
49.07 0.639642922648
49.14 0.65050831869
49.21 0.76993342623
49.28 0.666993881343
49.35 0.62113546168
49.42 0.405740596856
49.49 0.239931211627
49.56 0.516181070022
49.63 0.303546504091
49.7 0.217081872438
49.77 0.190950158063
49.84 0.173887817972
49.91 0.176580761874
49.98 0.150678789908
50.05 0.218558882689
50.12 0.171161838279
50.19 0.373895910184
50.26 0.454569561526
50.33 0.419288433987
50.4 0.288664996063
50.47 0.225901139191
50.54 0.240796976228
50.61 0.174791907023
50.68 0.113320183268
50.75 0.33356191811
50.82 0.294462427072
50.89 0.209942487249
50.96 0.21701914998
51.03 0.129556322154
51.1 0.0486668199949
51.17 0.180283295216
51.24 0.444375152187
51.31 0.179159598849
51.38 0.0943627224573
51.45 0.101426641215
51.52 0.0402408198721
51.59 0.032684175015
51.66 0.0926755285808
51.73 0.0941284196162
51.8 0.0643875808355
51.87 0.0773121048985
51.94 0.239651074945
52.01 0.161319962925
52.08 0.372433591854
52.15 0.433693901448
52.22 0.318253998306
52.29 0.227577842272
52.36 0.246579237043
52.43 0.15568722178
52.5 0.0621515537307
52.57 0.493178034072
52.64 0.895043439283
52.71 0.733078273218
52.78 0.646772939425
52.85 0.649601045148
52.92 0.489092852275
52.99 0.412212457424
53.06 0.848742624103
53.13 0.760397044518
53.2 0.677843548402
53.27 0.762862491978
53.34 0.890649506049
53.41 0.805896876059
53.48 0.817885317149
53.55 0.45898901395
53.62 0.267692311149
53.69 0.207548497367
53.76 0.299754598306
53.83 0.334514524386
53.9 0.205912770875
53.97 0.300882694078
54.04 0.514042472724
54.11 0.552413125069
54.18 0.436002551775
54.25 0.312457766588
54.32 0.21689709985
54.39 0.109188584808
54.46 0.158464142516
54.53 0.544443631965
54.6 0.470703510692
54.67 0.381858547619
54.74 0.467491959791
54.81 0.275911225616
54.88 0.203078317801
54.95 0.732456209912
55.02 0.741950939681
55.09 0.42424767929
55.16 0.2390879776
55.23 0.156398823363
55.3 0.585626496418
55.37 0.662436870918
55.44 0.682580213396
55.51 0.478415883175
55.58 0.216341490265
55.65 0.22858526746
55.72 0.168281705181
55.79 0.141222466304
55.86 0.243875278407
55.93 0.860575534646
56.0 0.46711341993
56.07 0.323308238782
56.14 0.668741656258
56.21 0.63474076025
56.28 0.334100887828
56.35 0.367709936407
56.42 0.662669793012
56.49 0.518162534914
56.56 0.413318588619
56.63 0.777973747223
56.7 0.628394250866
56.77 0.720466815878
56.84 0.524622910885
56.91 0.601704988573
56.98 0.432709368546
57.05 0.495697500116
57.12 0.440122825463
57.19 0.190644320736
57.26 0.146054300717
57.33 0.313515414205
57.4 0.165415752082
57.47 0.137460564433
57.54 0.174117365707
57.61 0.108393163813
57.68 0.0851032677001
57.75 0.306706630869
57.82 0.699078953834
57.89 0.368022067009
57.96 0.256327859682
58.03 0.161331529237
58.1 0.0650685416053
58.17 0.0534631575465
58.24 0.137712881881
58.31 0.120173569908
58.38 0.106061859137
58.45 0.16359834977
58.52 0.153664312839
58.59 0.0528167491063
58.66 0.0610621044629
58.73 0.0990472675462
58.8 0.0763040199802
58.87 0.0587630640895
58.94 0.320243407602
59.01 0.819745747343
59.08 0.440371871897
59.15 0.26222101289
59.22 0.165332622443
59.29 0.11604787898
59.36 0.0985423346312
59.43 0.168435952319
59.5 0.0704502234774
59.57 0.077596142281
59.64 0.441761544174
59.71 0.493862604733
59.78 0.3619182507
59.85 0.187311539261
59.92 0.158865839035
59.99 0.0584145738081
60.06 0.0515629224145
60.13 0.124176597843
60.2 0.119491181525
60.27 0.0886846642009
60.34 0.176322627022
60.41 0.116549747574
60.48 0.0622885565479
60.55 0.091505032211
60.62 0.140916886139
60.69 0.100635005558
60.76 0.155646335317
60.83 0.732718946053
60.9 0.572224587091
60.97 0.4548652217
61.04 0.503032981462
61.11 0.689352923057
61.18 0.432948811035
61.25 0.256238510071
61.32 0.227049999046
61.39 0.0788163010905
61.46 0.0589705523135
61.53 0.536218870052
61.6 0.520426562708
61.67 0.345919701289
61.74 0.189976382732
61.81 0.195653391909
61.88 0.0794009736636
61.95 0.0566052396752
62.02 0.140742618767
62.09 0.116916587734
62.16 0.101018605756
62.23 0.198451601869
62.3 0.136086177714
62.37 0.0759153702613
62.44 0.103108588492
62.51 0.651558488161
62.58 0.454598188299
62.65 0.271559390153
62.72 0.24867963607
62.79 0.137702797258
62.86 0.0877384389242
62.93 0.148604208092
63.0 0.187084415344
63.07 0.16023106884
63.14 0.158994611444
63.21 0.216548025545
63.28 0.307623687408
63.35 0.627554946382
63.42 0.561948564652
63.49 0.226139710452
63.56 0.645032870978
63.63 0.683285220078
63.7 0.468883096934
63.77 0.485728633263
63.84 0.796876582594
63.91 0.576900758771
63.98 0.519760438062
64.05 0.318839687513
64.12 0.396311717556
64.19 0.580002361811
64.26 0.401172004497
64.33 0.261634251771
64.4 0.54062365459
64.47 0.626487878679
64.54 0.600104391225
64.61 0.741720782687
64.68 0.741940140051
64.75 0.884737090875
64.82 0.755276955975
64.89 0.800503832163
64.96 0.732403550446
65.03 0.773140273698
65.1 0.826910884851
65.17 0.629343931015
65.24 0.66807439601
65.31 0.533786848934
65.38 0.697103171757
65.45 0.587686430776
65.52 0.629877493107
65.59 0.680429594344
65.66 0.579487835767
65.73 0.546184985023
65.8 0.683619442638
65.87 0.545100766733
65.94 0.594599410662
66.01 0.652382448205
66.08 0.718387218188
66.15 0.810332220896
66.22 0.850221426081
66.29 0.727752287495
66.36 0.551218079277
66.43 0.598383573928
66.5 0.642977900821
66.57 0.743420882766
66.64 0.767660908462
66.71 0.613194192781
66.78 0.461548359436
66.85 0.649591007391
66.92 0.547975600357
66.99 0.668019054361
67.06 0.688340192387
67.13 0.711002338774
67.2 0.678886350282
67.27 0.528399832739
67.34 0.589529351076
67.41 0.657947201065
67.48 0.672918093554
67.55 0.668703020569
67.62 0.604199446146
67.69 0.556084657089
67.76 0.46042403939
67.83 0.587094455504
67.9 0.3899923845
67.97 0.310985981305
68.04 0.431853472262
68.11 0.71161614163
68.18 0.691632947812
68.25 0.611565956453
68.32 0.465867315329
68.39 0.467074895999
68.46 0.451322684403
68.53 0.449671349098
68.6 0.432758933648
68.67 0.360529454458
68.74 0.515682986767
68.81 0.762543867417
68.88 0.683789180822
68.95 0.664259150909
69.02 0.578639954786
69.09 0.573040307114
69.16 0.571180398455
69.23 0.645280329974
69.3 0.696350022779
69.37 0.652378622009
69.44 0.653176014985
69.51 0.758930775015
69.58 0.581910367101
69.65 0.467494158892
69.72 0.446874726577
69.79 0.280887145636
69.86 0.286869292753
69.93 0.654116284662
70.0 0.66034459655
70.07 0.610366680696
70.14 0.576189147574
70.21 0.483589796828
70.28 0.390808486662
70.35 0.382434873221
70.42 0.336703850027
70.49 0.21751790378
70.56 0.308708099172
70.63 0.704644660839
70.7 0.73447443705
70.77 0.724021805136
70.84 0.741322323534
70.91 0.680699174136
70.98 0.605789573128
71.05 0.590205137348
71.12 0.644490894621
71.19 0.650424021004
71.26 0.637408380838
71.33 0.569157429429
71.4 0.670066461051
71.47 0.500172993576
71.54 0.632558060754
71.61 0.38312866088
71.68 0.225966390015
71.75 0.529517863115
71.82 0.471124113475
71.89 0.483482086522
71.96 0.414252007434
72.03 0.472391269365
72.1 0.397255914372
72.17 0.484151345189
72.24 0.410551050716
72.31 0.244141704953
72.38 0.193469278018
72.45 0.563969636201
72.52 0.5618557121
72.59 0.511950959029
72.66 0.566274743932
72.73 0.52213944281
72.8 0.468379525539
72.87 0.403461270285
72.94 0.574896801758
73.01 0.591059890821
73.08 0.340306673947
73.15 0.251701517477
73.22 0.324449290025
73.29 0.201500010689
73.36 0.189873349423
73.43 0.220606503281
73.5 0.196670386192
73.57 0.180845097134
73.64 0.407499564356
73.71 0.703698490841
73.78 0.583555768437
73.85 0.453832703924
73.92 0.305303737546
73.99 0.282600044965
74.06 0.257977406865
74.13 0.54018515737
74.2 0.746110967836
74.27 0.606348660417
74.34 0.476629829475
74.41 0.454819427516
74.48 0.553522621009
74.55 0.648973618678
74.62 0.542927710837
74.69 0.5823112693
74.76 0.353887222412
74.83 0.292873478953
74.9 0.639662775847
74.97 0.420369052
75.04 0.238012383873
75.11 0.241289316584
75.18 0.156402688013
75.25 0.132028488289
75.32 0.130943938331
75.39 0.138858821618
75.46 0.137420647738
75.53 0.520628801929
75.6 0.468357932286
75.67 0.590145770022
75.74 0.502514986125
75.81 0.432889988076
75.88 0.392116167305
75.95 0.556196272903
76.02 0.635197564088
76.09 0.721858520221
76.16 0.663894559119
76.23 0.567161896297
76.3 0.501948310133
76.37 0.556206973995
76.44 0.543465007796
76.51 0.664413146892
76.58 0.627900925121
76.65 0.330503214371
76.72 0.333552227643
76.79 0.568385597703
76.86 0.475728951352
76.93 0.399471892401
77.0 0.469431338928
77.07 0.40461127896
77.14 0.221647078421
77.21 0.403639040597
77.28 0.74182553442
77.35 0.417864430492
77.42 0.338373424655
77.49 0.6500324752
77.56 0.635762175568
77.63 0.664393827245
77.7 0.642916012339
77.77 0.2915360107
77.84 0.58237860146
77.91 0.701161518508
77.98 0.41885617116
78.05 0.432733962431
78.12 0.654088095306
78.19 0.692234869512
78.26 0.53010968457
78.33 0.317967080461
78.4 0.425382469703
78.47 0.701726365521
78.54 0.388328646503
78.61 0.319026379207
78.68 0.784735975702
78.75 0.551648145406
78.82 0.272753793038
78.89 0.196337778711
78.96 0.164136985417
79.03 0.165791839284
79.1 0.156348489176
79.17 0.117673953459
79.24 0.120909794217
79.31 0.0965453991211
79.38 0.484663502692
79.45 0.734775614205
79.52 0.737037710876
79.59 0.671709819506
79.66 0.688361175179
79.73 0.631151735391
79.8 0.68517782565
79.87 0.509531446351
79.94 0.56858911793
80.01 0.558906622152
80.08 0.598027579063
80.15 0.597007430331
80.22 0.586407007986
80.29 0.6177409888
80.36 0.609584665808
80.43 0.588350483701
80.5 0.588215460075
80.57 0.524527958973
80.64 0.523032286402
80.71 0.522631291673
80.78 0.485991523221
80.85 0.487703307378
80.92 0.654863627051
80.99 0.659717552219
81.06 0.444689486698
81.13 0.666803696322
81.2 0.800501605422
81.27 0.791732532258
81.34 0.472480849702
81.41 0.688212294811
81.48 0.699322233335
81.55 0.473113700622
81.62 0.380778034154
81.69 0.435577243155
81.76 0.51096694646
81.83 0.585536167425
81.9 0.46551523919
81.97 0.417555485582
82.04 0.639706159432
82.11 0.741976426426
82.18 0.6527680324
82.25 0.508159413752
82.32 0.667201903119
82.39 0.714367479486
82.46 0.610867368023
82.53 0.444084182228
82.6 0.377480880525
82.67 0.363146924718
82.74 0.396250434728
82.81 0.444890086808
82.88 0.543159760501
82.95 0.474293476479
83.02 0.473446347759
83.09 0.468187462269
83.16 0.475922656137
83.23 0.583040898708
83.3 0.668074593088
83.37 0.598951649895
83.44 0.573310450501
83.51 0.495422411754
83.58 0.348674597363
83.65 0.303714664451
83.72 0.322338147847
83.79 0.2323031861
83.86 0.164160020704
83.93 0.423115402822
84.0 0.49354697119
84.07 0.493999781796
84.14 0.568612315446
84.21 0.570546127132
84.28 0.645125288516
84.35 0.634437078763
84.42 0.599567774425
84.49 0.668882296605
84.56 0.69729685371
84.63 0.667917458278
84.7 0.625017262646
84.77 0.73002636266
84.84 0.685753921728
84.91 0.550873394763
84.98 0.661677342142
85.05 0.725667218489
85.12 0.650444684145
85.19 0.707614471611
85.26 0.759554661292
85.33 0.600476639012
85.4 0.440083457942
85.47 0.458745985603
85.54 0.491244431482
85.61 0.531985286161
85.68 0.627633692238
85.75 0.589912768616
85.82 0.505974671375
85.89 0.537123820718
85.96 0.554386365562
86.03 0.626993619133
86.1 0.514365165022
86.17 0.581753503875
86.24 0.546674598733
86.31 0.678108055841
86.38 0.739632930556
86.45 0.455044714041
86.52 0.259950410623
86.59 0.184211163151
86.66 0.155485456026
86.73 0.248587922725
86.8 0.482290709504
86.87 0.644468139328
86.94 0.320146334698
87.01 0.159700359572
87.08 0.59981442468
87.15 0.52330752858
87.22 0.255098714599
87.29 0.133370218954
87.36 0.106513505301
87.43 0.10242937018
87.5 0.263823857407
87.57 0.69683513494
87.64 0.59775684324
87.71 0.513805043073
87.78 0.504645690692
87.85 0.64696744574
87.92 0.377791304722
87.99 0.211172864069
88.06 0.159590022362
88.13 0.116475562149
88.2 0.121185746597
88.27 0.561211914943
88.34 0.752415488803
88.41 0.318557218342
88.48 0.195073565771
88.55 0.130295256285
88.62 0.146674549464
88.69 0.124493129052
88.76 0.0875789620114
88.83 0.0989644167003
88.9 0.0575072305674
88.97 0.0572954883439
89.04 0.0471761356589
89.11 0.052035577808
89.18 0.0376883685091
89.25 0.0271833427031
89.32 0.0266113888675
89.39 0.021944491868
89.46 0.0244424355579
89.53 0.0220576230187
89.6 0.0141921678414
89.67 0.010959017678
89.74 0.0104808128581
89.81 0.0108079358048
89.88 0.00991204591695
89.95 0.00788206019561
90.02 0.00864489843859
90.09 0.00740772122777
90.16 0.00857973173294
90.23 0.678377183796
90.3 0.538445918093
90.37 0.324550895721
90.44 0.155021169235
90.51 0.0937576679392
90.58 0.123044850121
90.65 0.144867941976
90.72 0.603138247521
90.79 0.443934183081
90.86 0.172395954773
90.93 0.110514120232
91.0 0.553029165481
91.07 0.470476113991
91.14 0.222858025038
91.21 0.154600579671
91.28 0.106437058286
91.35 0.0861488046376
91.42 0.392515446014
91.49 0.728714131199
91.56 0.536358753332
91.63 0.450175156025
91.7 0.643943270297
91.77 0.586115897428
91.84 0.369461990557
91.91 0.157959705901
91.98 0.145604401818
92.05 0.12830260001
92.12 0.574351327266
92.19 0.708350304168
92.26 0.524915125801
92.33 0.234773499222
92.4 0.124900012085
92.47 0.131299643588
92.54 0.120090347739
92.61 0.0731519145155
92.68 0.0842073189292
92.75 0.0580046817307
92.82 0.0511821930658
92.89 0.039931725952
92.96 0.0427262106585
93.03 0.0301258341459
93.1 0.0261642394455
93.17 0.0224949209469
93.24 0.0203477231195
93.31 0.0181499375473
93.38 0.014231133996
93.45 0.0132784520133
93.52 0.0131146021332
93.59 0.0106569452604
93.66 0.00980105858975
93.73 0.00980978649886
93.8 0.007254960587
93.87 0.00603556725707
93.94 0.00600491562859
94.01 0.341610360157
94.08 0.901043421955
94.15 0.503168698466
94.22 0.214862176365
94.29 0.129190067219
94.36 0.130975188404
94.43 0.119731325804
94.5 0.619421099888
94.57 0.76027019482
94.64 0.331072630228
94.71 0.193963501429
94.78 0.599224785503
94.85 0.648384844721
94.92 0.274388295003
94.99 0.175173139882
95.06 0.149801160974
95.13 0.107179280254
95.2 0.195491815635
95.27 0.7885561814
95.34 0.74508110941
95.41 0.687547433146
95.48 0.75970433598
95.55 0.672782765899
95.62 0.564860172539
95.69 0.253621842542
95.76 0.22876970838
95.83 0.218049753456
95.9 0.182347101435
95.97 0.83426096679
96.04 0.703485244096
96.11 0.321100111425
96.18 0.164615467828
96.25 0.147963922287
96.32 0.123645185584
96.39 0.118549612816
96.46 0.0840947850208
96.53 0.0902490220398
96.6 0.064654830542
96.67 0.05336845078
96.74 0.0499442575856
96.81 0.0361504599721
96.88 0.034327106868
96.95 0.03091843957
97.02 0.0243005863057
97.09 0.021223944869
97.16 0.0174644584051
97.23 0.0161070840784
97.3 0.0114147892599
97.37 0.0122147694848
97.44 0.00901985965239
97.51 0.00732656717491
97.58 0.00765885740915
97.65 0.00489090612316
97.72 0.00542663607168
97.79 0.178322863588
97.86 0.755800711036
97.93 0.664590648024
98.0 0.437165040051
98.07 0.184245681833
98.14 0.126581059293
98.21 0.125017815425
98.28 0.203119850775
98.35 0.728996420115
98.42 0.651094645997
98.49 0.300587562649
98.56 0.133396038568
98.63 0.663825480897
98.7 0.54123099353
98.77 0.234771565695
98.84 0.163259380516
98.91 0.148303548868
98.98 0.113219880209
99.05 0.391083815362
99.12 0.717365032583
99.19 0.669854865434
99.26 0.605853844571
99.33 0.678926126379
99.4 0.695341584562
99.47 0.375542916985
99.54 0.226198472124
99.61 0.212251242123
99.68 0.196237586208
99.75 0.443175661326
99.82 0.809331467518
99.89 0.514458535504
99.96 0.23385118647
100.03 0.149462811795
100.1 0.160315820767
100.17 0.118001832272
100.24 0.0971342319615
100.31 0.0894649726824
100.38 0.0777773650624
100.45 0.0620113207578
100.52 0.0500844593143
100.59 0.0414906725594
100.66 0.0394214130496
100.73 0.0300639276382
100.8 0.0309973272265
100.87 0.0266815582285
100.94 0.0230679671231
101.01 0.0187338314222
101.08 0.0149909199342
101.15 0.0141545139375
101.22 0.0175875287732
101.29 0.0136834291591
101.36 0.0122771182163
101.43 0.00960792941658
101.5 0.00821981814104
101.57 0.00882946793991
101.64 0.336881163695
101.71 0.696754557701
101.78 0.704349241004
101.85 0.69309313674
101.92 0.752409229174
101.99 0.893838830404
102.06 0.98032931652
102.13 0.781972423821
102.2 0.604503842641
102.27 0.674488461068
102.34 0.796093666435
102.41 0.81835275238
102.48 0.652857796596
102.55 0.802090523499
102.62 0.807973068146
102.69 0.862803072979
102.76 0.872909769414
102.83 0.889601220835
102.9 0.85924698417
102.97 0.827895941693
103.04 0.906647478645
103.11 0.883634794289
103.18 0.909482454457
103.25 0.890774166259
103.32 0.866411997903
103.39 0.895056251753
103.46 0.840244263929
103.53 0.80515012971
103.6 0.69343985332
103.67 0.474373986423
103.74 0.415155457184
103.81 0.412237402204
103.88 0.295446097158
103.95 0.243297605706
104.02 0.247298876763
104.09 0.273646512855
104.16 0.198966494431
104.23 0.147555925282
104.3 0.240200225421
104.37 0.240416064222
104.44 0.192711561398
104.51 0.378621466712
104.58 0.368252898154
104.65 0.430023366835
104.72 0.561310731506
104.79 0.533967059888
104.86 0.574032387861
104.93 0.483323221272
105.0 0.700388367321
105.07 0.621471121466
105.14 0.557072253112
105.21 0.475592334279
105.28 0.446716945255
105.35 0.432631426623
105.42 0.346009733463
105.49 0.676958920797
105.56 0.579958256008
105.63 0.477380589483
105.7 0.60771298054
105.77 0.646947344992
105.84 0.786235482881
105.91 0.829488630688
105.98 0.725890527025
106.05 0.767163599098
106.12 0.759029544711
106.19 0.732370852331
106.26 0.57063875016
106.33 0.671187872996
106.4 0.747399281966
106.47 0.817398010693
106.54 0.777907324747
106.61 0.775356703565
106.68 0.726202517029
106.75 0.768828561622
106.82 0.823067879399
106.89 0.793117904871
106.96 0.722742602256
107.03 0.68729969055
107.1 0.73536890293
107.17 0.723865230316
107.24 0.665434177668
107.31 0.707807928847
107.38 0.485697401216
107.45 0.406577042508
107.52 0.368714560444
107.59 0.3730129986
107.66 0.216026858936
107.73 0.19625614398
107.8 0.287761917637
107.87 0.192266523354
107.94 0.158228555063
108.01 0.257896078566
108.08 0.232610328468
108.15 0.19119903626
108.22 0.268461293658
108.29 0.163888799396
108.36 0.161142444968
108.43 0.297108987959
108.5 0.320396149015
108.57 0.158007300224
108.64 0.301592537581
108.71 0.736356112006
108.78 0.508377199298
108.85 0.387854448134
108.92 0.605576917616
108.99 0.387231890931
109.06 0.362485624877
109.13 0.399866142018
109.2 0.66040973081
109.27 0.673132073333
109.34 0.602337694087
109.41 0.465764145026
109.48 0.436362650428
109.55 0.393142374982
109.62 0.641735457784
109.69 0.672865216581
109.76 0.602130549548
109.83 0.528865791087
109.9 0.543904349807
109.97 0.5406494009
110.04 0.50082259612
110.11 0.714888293999
110.18 0.541632581896
110.25 0.527412413365
110.32 0.661273597936
110.39 0.656605337012
110.46 0.550614905411
110.53 0.507251122374
110.6 0.730884129983
110.67 0.741040664306
110.74 0.722610922946
110.81 0.661582445508
110.88 0.541385029169
110.95 0.454589819696
111.02 0.673482803574
111.09 0.529895712001
111.16 0.565492653337
111.23 0.698167164323
111.3 0.621741166315
111.37 0.595360943865
111.44 0.613262727837
111.51 0.57366395906
111.58 0.510020604619
111.65 0.618751355737
111.72 0.71784781586
111.79 0.553541636627
111.86 0.653073618573
111.93 0.785144113305
112.0 0.59083014721
112.07 0.37238648662
112.14 0.253005570204
112.21 0.415097968106
112.28 0.293133084679
112.35 0.219578061654
112.42 0.435307665766
112.49 0.637115241819
112.56 0.671777955599
112.63 0.601659179968
112.7 0.410433575438
112.77 0.329113974704
112.84 0.76112077721
112.91 0.588633690712
112.98 0.651375146792
113.05 0.728179765174
113.12 0.698933380529
113.19 0.647861086055
113.26 0.716734442051
113.33 0.687102629432
113.4 0.538182362397
113.47 0.55198430029
113.54 0.728294891138
113.61 0.620195274919
113.68 0.712666759333
113.75 0.693306971114
113.82 0.599675543614
113.89 0.59882150515
113.96 0.517819071321
114.03 0.547176285871
114.1 0.594452198246
114.17 0.603987511651
114.24 0.71528763039
114.31 0.663118897591
114.38 0.540181049978
114.45 0.389592254991
114.52 0.381643205118
114.59 0.599446796208
114.66 0.64591245507
114.73 0.596553946776
114.8 0.550336934184
114.87 0.558227591304
114.94 0.499342298032
115.01 0.618570136561
115.08 0.664032230079
115.15 0.672072058377
115.22 0.618227881873
115.29 0.625838083863
115.36 0.626359250473
115.43 0.604478806533
115.5 0.637401275217
115.57 0.665968821284
115.64 0.646530826769
115.71 0.629270747804
115.78 0.576874309469
115.85 0.36558823013
115.92 0.225943723649
115.99 0.324501352249
116.06 0.33961449055
116.13 0.190486771341
116.2 0.16847234204
116.27 0.600575631022
116.34 0.636576465575
116.41 0.69364148208
116.48 0.669570984272
116.55 0.748376531396
116.62 0.705469740863
116.69 0.694730752296
116.76 0.784669823607
116.83 0.853436680606
116.9 0.819682729268
116.97 0.736503147773
117.04 0.759884435177
117.11 0.804559279224
117.18 0.675454974558
117.25 0.581832338657
117.32 0.585480098751
117.39 0.617074753598
117.46 0.675720362839
117.53 0.736745654585
117.6 0.613047753055
117.67 0.585648641249
117.74 0.553209611967
117.81 0.545067021942
117.88 0.498746317512
117.95 0.375648142185
118.02 0.261433881186
118.09 0.430420018639
118.16 0.455543931696
118.23 0.397496438387
118.3 0.260512981626
118.37 0.316978071246
118.44 0.431273179866
118.51 0.271711120941
118.58 0.161199787439
118.65 0.659221782227
118.72 0.743930033629
118.79 0.736930317818
118.86 0.635465624938
118.93 0.754578405999
119.0 0.753116755811
119.07 0.635683314349
119.14 0.692946954177
119.21 0.676242119481
119.28 0.671835691024
119.35 0.618818097865
119.42 0.665957193686
119.49 0.607300591341
119.56 0.551987631388
119.63 0.58829651679
119.7 0.59425349321
119.77 0.50014866166
119.84 0.544255441758
119.91 0.354969540823
119.98 0.22194528018
120.05 0.34853574634
120.12 0.42133551622
120.19 0.269346755238
120.26 0.155614635811
120.33 0.417145970837
120.4 0.343687751535
120.47 0.406506817869
120.54 0.625978604041
120.61 0.750297489755
120.68 0.58570560759
120.75 0.671612193823
120.82 0.656248672803
120.89 0.701963944182
120.96 0.740637891068
121.03 0.66029942965
121.1 0.503256401755
121.17 0.46953311887
121.24 0.356559310901
121.31 0.500853889454
121.38 0.703521502832
121.45 0.441086911529
121.52 0.384540313357
121.59 0.677260593051
121.66 0.620233894986
121.73 0.532778441961
121.8 0.548106152477
121.87 0.612771068843
121.94 0.513136948849
122.01 0.539427122301
122.08 0.475955070651
122.15 0.401450170399
122.22 0.561128755262
122.29 0.513310674257
122.36 0.420331234666
122.43 0.366766989353
122.5 0.471240627397
122.57 0.520760215664
122.64 0.437081319178
122.71 0.423661546658
122.78 0.639844080344
122.85 0.566560547806
122.92 0.636415517787
122.99 0.544335504672
123.06 0.43424951584
123.13 0.554447041534
123.2 0.491319669591
123.27 0.538325889215
123.34 0.788980127297
123.41 0.560463561929
123.48 0.46086686271
123.55 0.572442949451
123.62 0.65884317387
123.69 0.599381877051
123.76 0.678745425133
123.83 0.538500382505
123.9 0.579974428416
123.97 0.539297133777
124.04 0.359215940789
124.11 0.407827087467
124.18 0.552994347576
124.25 0.563974834733
124.32 0.390177397426
124.39 0.263115494392
124.46 0.4643138136
124.53 0.531195986599
124.6 0.466328365956
124.67 0.510672141892
124.74 0.661898098278
124.81 0.522231813482
124.88 0.429645979399
124.95 0.555115209061
125.02 0.475996279168
125.09 0.35389454554
125.16 0.384337517751
125.23 0.636340051356
125.3 0.457695411161
125.37 0.293624964786
125.44 0.588226599785
125.51 0.471137531599
125.58 0.450845439737
125.65 0.603844597698
125.72 0.705609549638
125.79 0.442326364749
125.86 0.399858970304
125.93 0.672417450689
126.0 0.390246125955
126.07 0.431633469588
126.14 0.644241931103
126.21 0.598663567608
126.28 0.294956544734
126.35 0.462261630173
126.42 0.645823131896
126.49 0.730192531811
126.56 0.720870587724
126.63 0.620608095527
126.7 0.69892611989
126.77 0.681119492118
126.84 0.623542647372
126.91 0.627481270475
126.98 0.48521367581
127.05 0.283409659177
127.12 0.522525215672
127.19 0.567646478511
127.26 0.556812624553
127.33 0.508810960639
127.4 0.556868686018
127.47 0.57943700528
127.54 0.601681561533
127.61 0.570558186139
127.68 0.608188255628
127.75 0.654911146869
127.82 0.63679149203
127.89 0.599209824403
127.96 0.548310486252
128.03 0.400058169237
128.1 0.4937883424
128.17 0.314780726695
128.24 0.223634604661
128.31 0.172197648699
128.38 0.120987804637
128.45 0.120246461108
128.52 0.0909660144256
128.59 0.0820344673218
128.66 0.0667683989413
128.73 0.044353822105
128.8 0.0453985442934
128.87 0.0488117996621
128.94 0.0347119796603
129.01 0.0166580130624
129.08 0.00985208014626
129.15 0.00242854581702
129.22 0.0
129.29 0.0
129.36 0.0
129.43 0.0
129.5 0.0
129.57 0.0
129.64 0.0
129.71 0.0
129.78 0.0
129.85 0.0
129.92 0.0
129.99 0.0
130.06 0.0
130.13 0.0
130.2 0.0
130.27 0.0
130.34 0.0
130.41 0.0
130.48 0.0
130.55 0.0
130.62 0.0
130.69 0.0
130.76 0.0
130.83 0.0
130.9 0.0
130.97 0.0
131.04 0.0
131.11 0.0
131.18 0.0
131.25 0.0
131.32 0.0
131.39 0.0
131.46 0.0
131.53 0.0
131.6 0.0
131.67 0.0
131.74 0.0
131.81 0.0
131.88 0.0
131.95 0.0
132.02 0.0
132.09 0.0
132.16 0.0
132.23 0.0
132.3 0.0
132.37 0.0
132.44 0.0
132.51 0.0
132.58 0.0
132.65 0.0
132.72 0.0
132.79 0.0
132.86 0.0
132.93 0.0
133.0 0.0
133.07 0.0
133.14 0.0
133.21 0.0
133.28 0.0
133.35 0.0
133.42 0.0
133.49 0.0
133.56 0.0
133.63 0.0
133.7 0.0
133.77 0.0
133.84 0.0
133.91 0.0
133.98 0.0
134.05 0.0
134.12 0.0
134.19 0.0
134.26 0.0
134.33 0.0
134.4 0.0
134.47 0.0
134.54 0.0
134.61 0.0
134.68 0.0
134.75 0.0
134.82 0.0
134.89 0.0
134.96 0.0
135.03 0.0
135.1 0.0
135.17 0.0
135.24 0.0
135.31 0.0
135.38 0.0
135.45 0.0
135.52 0.0
135.59 0.0
135.66 0.0
135.73 0.0
135.8 0.0
135.87 0.0
135.94 0.0
136.01 0.0
136.08 0.0
136.15 0.0
136.22 0.0
136.29 0.0
136.36 0.0
136.43 0.0
136.5 0.0
136.57 0.0
136.64 0.0
136.71 0.0
136.78 0.0
136.85 0.0
136.92 0.0
136.99 0.0
137.06 0.0
137.13 0.0
137.2 0.0
137.27 0.0
137.34 0.0
137.41 0.0
137.48 0.0
137.55 0.0
137.62 0.0
137.69 0.0
137.76 0.0
137.83 0.0
137.9 0.0
137.97 0.0
138.04 0.0
138.11 0.0
