0.0 0.0
0.07 0.0
0.14 0.0
0.21 0.0
0.28 0.0
0.35 0.0
0.42 0.0
0.49 0.0
0.56 0.0
0.63 0.0
0.7 0.0
0.77 0.0
0.84 0.0
0.91 0.0
0.98 0.0
1.05 0.0
1.12 0.0
1.19 0.0
1.26 0.0
1.33 0.0
1.4 0.0
1.47 0.0
1.54 0.0
1.61 0.0
1.68 0.0
1.75 0.0
1.82 0.0
1.89 0.0
1.96 0.0
2.03 0.0
2.1 0.0
2.17 0.0
2.24 0.0
2.31 0.0
2.38 0.0
2.45 0.0
2.52 0.0
2.59 0.0
2.66 0.0
2.73 0.0
2.8 0.0
2.87 0.0
2.94 0.0
3.01 0.0
3.08 0.0
3.15 0.0
3.22 0.0
3.29 0.0
3.36 0.0
3.43 0.0
3.5 0.0
3.57 0.0
3.64 0.0
3.71 0.0
3.78 0.0
3.85 0.0
3.92 0.0
3.99 0.0247994255599
4.06 0.356015086825
4.13 0.398538805194
4.2 0.310199641305
4.27 0.323208377722
4.34 0.0690235146372
4.41 0.0999553150812
4.48 0.108893743832
4.55 0.132520397867
4.62 0.714965263718
4.69 0.438387726532
4.76 0.282408579814
4.83 0.190766542289
4.9 0.352466185763
4.97 0.35750269238
5.04 0.359538605718
5.11 0.207041033094
5.18 0.0656191146856
5.25 0.150784536423
5.32 0.371707882367
5.39 0.165719532496
5.46 0.616035924395
5.53 0.436696519486
5.6 0.279631221745
5.67 0.347806911437
5.74 0.758726425266
5.81 0.518897127725
5.88 0.578777057675
5.95 0.150964841725
6.02 0.11953756413
6.09 0.509713474756
6.16 0.488689062056
6.23 0.542709641798
6.3 0.525843400665
6.37 0.314143311371
6.44 0.295473609321
6.51 0.550838614548
6.58 0.61602105008
6.65 0.387023127486
6.72 0.296132395256
6.79 0.148170483201
6.86 0.0886666264007
6.93 0.516987462195
7.0 0.593229203504
7.07 0.333179619739
7.14 0.235237339946
7.21 0.0981755196715
7.28 0.0796649930318
7.35 0.675602643269
7.42 0.46723053102
7.49 0.353156635429
7.56 0.25576626762
7.63 0.262331497756
7.7 0.201399918517
7.77 0.226640450326
7.84 0.206535856021
7.91 0.243729106923
7.98 0.251677044397
8.05 0.166335935806
8.12 0.162979385808
8.19 0.193118899223
8.26 0.434827845928
8.33 0.41585862514
8.4 0.592966825276
8.47 0.522516643395
8.54 0.372003642562
8.61 0.331457454525
8.68 0.351786766037
8.75 0.339356545122
8.82 0.35782839807
8.89 0.266500141742
8.96 0.334471064503
9.03 0.329832306636
9.1 0.226494058526
9.17 0.414763786869
9.24 0.363898370756
9.31 0.235471064899
9.38 0.230410313203
9.45 0.367977868071
9.52 0.503590827354
9.59 0.469524999471
9.66 0.252208224157
9.73 0.284821802612
9.8 0.228928893928
9.87 0.229883354224
9.94 0.212995635145
10.01 0.276017986848
10.08 0.371225306159
10.15 0.231195986363
10.22 0.180989950717
10.29 0.139947937471
10.36 0.132759420845
10.43 0.317473172018
10.5 0.269398449594
10.57 0.222320799242
10.64 0.450692239836
10.71 0.462181280165
10.78 0.0890869539658
10.85 0.142705190134
10.92 0.237365903361
10.99 0.301840412359
11.06 0.28877522536
11.13 0.258984437427
11.2 0.361274076628
11.27 0.271168823055
11.34 0.160828324686
11.41 0.157606310503
11.48 0.248655154287
11.55 0.223628431803
11.62 0.133945022441
11.69 0.185056680169
11.76 0.425538703361
11.83 0.628568900063
11.9 0.336416766524
11.97 0.26889266854
12.04 0.227792370721
12.11 0.0903941006643
12.18 0.0232453104209
12.25 0.208604919025
12.32 0.388299379014
12.39 0.204688576153
12.46 0.131907527885
12.53 0.160336013908
12.6 0.322661579498
12.67 0.398804652967
12.74 0.330543221577
12.81 0.26867936004
12.88 0.419082455204
12.95 0.66730285725
13.02 0.219321946248
13.09 0.152111705057
13.16 0.117564312064
13.23 0.334039897563
13.3 0.301699183141
13.37 0.153120807929
13.44 0.310094868295
13.51 0.496406654352
13.58 0.348973153351
13.65 0.220190165597
13.72 0.149361215094
13.79 0.0465845308537
13.86 0.0616203476796
13.93 0.0553638582143
14.0 0.373897446303
14.07 0.615723262178
14.14 0.28266448119
14.21 0.161214508024
14.28 0.0739069722746
14.35 0.185311936617
14.42 0.0686562090568
14.49 0.279754068517
14.56 0.395804588073
14.63 0.444227839115
14.7 0.264028387895
14.77 0.162284797257
14.84 0.118671255944
14.91 0.0938780820218
14.98 0.388329290648
15.05 0.203285905151
15.12 0.445511760494
15.19 0.57413214739
15.26 0.230478435504
15.33 0.123863233764
15.4 0.156507735738
15.47 0.29749510192
15.54 0.237513517297
15.61 0.0802859895911
15.68 0.355799494693
15.75 0.461243912456
15.82 0.279435376725
15.89 0.242388801896
15.96 0.129706573354
16.03 0.0659106722111
16.1 0.107740320177
16.17 0.302915650773
16.24 0.438241054397
16.31 0.489134782028
16.38 0.225470164809
16.45 0.184486629853
16.52 0.408355867441
16.59 0.504973528392
16.66 0.318297672424
16.73 0.386502379197
16.8 0.419246927852
16.87 0.327869636446
16.94 0.210679154849
17.01 0.220290058723
17.08 0.199419344656
17.15 0.305448989435
17.22 0.454594473016
17.29 0.330413144355
17.36 0.459341192315
17.43 0.564422767816
17.5 0.219766958294
17.57 0.143423685944
17.64 0.199465701587
17.71 0.294654223461
17.78 0.351898871867
17.85 0.218210024839
17.92 0.417998044467
17.99 0.425394084132
18.06 0.281212836531
18.13 0.185187602335
18.2 0.145303121705
18.27 0.25187404147
18.34 0.0849306636381
18.41 0.0345652431167
18.48 0.581257205837
18.55 0.545873049336
18.62 0.344645807216
18.69 0.213357437173
18.76 0.122775478687
18.83 0.0242790552513
18.9 0.0881063634133
18.97 0.168296646011
19.04 0.387431038396
19.11 0.377643021579
19.18 0.246089533738
19.25 0.333697463091
19.32 0.139771746644
19.39 0.0858458242126
19.46 0.511319566921
19.53 0.297572320948
19.6 0.703162199655
19.67 0.295768270223
19.74 0.251051357732
19.81 0.274745376532
19.88 0.263838295264
19.95 0.285502045233
20.02 0.188867547618
20.09 0.24175257824
20.16 0.557679518372
20.23 0.27528750906
20.3 0.181452133309
20.37 0.0524176342628
20.44 0.0913686380187
20.51 0.0664468649358
20.58 0.0452237739385
20.65 0.307585769986
20.72 0.60255274386
20.79 0.32551885443
20.86 0.172432609656
20.93 0.336917103872
21.0 0.606421259616
21.07 0.0957821676161
21.14 0.145550562621
21.21 0.262449266992
21.28 0.266155629166
21.35 0.141324419158
21.42 0.214129609347
21.49 0.203954372896
21.56 0.232849309539
21.63 0.408263496124
21.7 0.238046534986
21.77 0.451816149523
21.84 0.560638496011
21.91 0.230057581916
21.98 0.138237006936
22.05 0.330469571313
22.12 0.258817285056
22.19 0.0739028696126
22.26 0.0760830950705
22.33 0.403747133815
22.4 0.348308962297
22.47 0.247891780394
22.54 0.231562558032
22.61 0.135379225668
22.68 0.0760687066175
22.75 0.0263907363303
22.82 0.148357597662
22.89 0.496833571375
22.96 0.520640633868
23.03 0.177199205998
23.1 0.198147406042
23.17 0.177595632604
23.24 0.153773097327
23.31 0.278911178578
23.38 0.276139016165
23.45 0.44642694863
23.52 0.265863412537
23.59 0.25576934186
23.66 0.253678280398
23.73 0.186929864293
23.8 0.16873731522
23.87 0.404824287329
23.94 0.211212404838
24.01 0.519907019631
24.08 0.405143005895
24.15 0.190054817053
24.22 0.106292429336
24.29 0.289426437513
24.36 0.24885150958
24.43 0.120657098693
24.5 0.0924141081153
24.57 0.489212887735
24.64 0.394579785187
24.71 0.176973910795
24.78 0.0915562115678
24.85 0.0774125276495
24.92 0.0704751262229
24.99 0.251181772773
25.06 0.229297813012
25.13 0.636638475559
25.2 0.428990035876
25.27 0.176297820446
25.34 0.139023219505
25.41 0.621758059853
25.48 0.211655731722
25.55 0.314467760277
25.62 0.343299724602
25.69 0.425122118589
25.76 0.229601120215
25.83 0.166644518985
25.9 0.142922280013
25.97 0.187653356531
26.04 0.202371828908
26.11 0.407466158332
26.18 0.153288139842
26.25 0.582481496874
26.32 0.293573457085
26.39 0.159834780431
26.46 0.0972371999243
26.53 0.208663447712
26.6 0.228766593091
26.67 0.27104501952
26.74 0.248676162121
26.81 0.393643782932
26.88 0.174669947162
26.95 0.176930564321
27.02 0.191557876493
27.09 0.0619788604915
27.16 0.0566000831949
27.23 0.0639231568982
27.3 0.234859528086
27.37 0.539617774133
27.44 0.391978195081
27.51 0.257704865972
27.58 0.102703652132
27.65 0.0618184700311
27.72 0.201391290327
27.79 0.30497757861
27.86 0.360999520345
27.93 0.244428381643
28.0 0.208482669935
28.07 0.225760619105
28.14 0.132922105173
28.21 0.135416151201
28.28 0.461468939135
28.35 0.347137529452
28.42 0.529832118118
28.49 0.488906391323
28.56 0.233923220297
28.63 0.318770437679
28.7 0.235925642211
28.77 0.287048726758
28.84 0.252754148302
28.91 0.245497323534
28.98 0.397427274365
29.05 0.32413194836
29.12 0.219890940582
29.19 0.136514153483
29.26 0.0940334461306
29.33 0.0274780748408
29.4 0.0232884411317
29.47 0.0222700651408
29.54 0.515927580809
29.61 0.467747230194
29.68 0.162180358916
29.75 0.0465042895572
29.82 0.537471933864
29.89 0.324381066564
29.96 0.214634893513
30.03 0.197483766997
30.1 0.39822026302
30.17 0.201759448726
30.24 0.264900712268
30.31 0.200104651427
30.38 0.571066981676
30.45 0.44477111346
30.52 0.264122390827
30.59 0.305546380016
30.66 0.819977275867
30.73 0.482652988697
30.8 0.357539136775
30.87 0.308184239702
30.94 0.32787037902
31.01 0.318073477302
31.08 0.289112526386
31.15 0.209066016499
31.22 0.300881426535
31.29 0.258358861793
31.36 0.231561277623
31.43 0.178944806783
31.5 0.192460468432
31.57 0.199723132997
31.64 0.106087698627
31.71 0.0657768136107
31.78 0.413425511912
31.85 0.741828103837
31.92 0.418836204926
31.99 0.373365059368
32.06 0.336117558045
32.13 0.250777177066
32.2 0.326647234522
32.27 0.446205493077
32.34 0.244039324867
32.41 0.192292522302
32.48 0.272990015978
32.55 0.239579124143
32.62 0.19500517328
32.69 0.339250449968
32.76 0.467397317223
32.83 0.47755548786
32.9 0.428010167423
32.97 0.762382752289
33.04 0.475479950367
33.11 0.285147067325
33.18 0.270607500148
33.25 0.307202816806
33.32 0.396141517418
33.39 0.242233487397
33.46 0.216209384945
33.53 0.196387451452
33.6 0.408179728585
33.67 0.333187502992
33.74 0.228142150611
33.81 0.269766011099
33.88 0.332660136109
33.95 0.170709857785
34.02 0.178927014145
34.09 0.320476708031
34.16 0.447742522716
34.23 0.498716256193
34.3 0.379161767992
34.37 0.35420635938
34.44 0.404972598167
34.51 0.322695104783
34.58 0.405067176732
34.65 0.372146297868
34.72 0.418527962717
34.79 0.375219575986
34.86 0.404856185723
34.93 0.350814356397
35.0 0.219826155533
35.07 0.172897499533
35.14 0.597995899853
35.21 0.57177924396
35.28 0.445798415299
35.35 0.357106876055
35.42 0.126704370508
35.49 0.109381247172
35.56 0.232636899529
35.63 0.382940770907
35.7 0.451384251034
35.77 0.361689670777
35.84 0.330290536971
35.91 0.221364296276
35.98 0.20492236804
36.05 0.0945966746891
36.12 0.119346006037
36.19 0.105932103793
36.26 0.502441760711
36.33 0.321909685972
36.4 0.115915211244
36.47 0.0704647522365
36.54 0.0538793946216
36.61 0.0371694334133
36.68 0.042355221017
36.75 0.0416707182423
36.82 0.401454459983
36.89 0.114760288267
36.96 0.272321672652
37.03 0.0992297683624
37.1 0.338309326079
37.17 0.426999315604
37.24 0.522522854873
37.31 0.349852976697
37.38 0.570980093437
37.45 0.342592795779
37.52 0.311333298161
37.59 0.284006194982
37.66 0.180851683133
37.73 0.260686690163
37.8 0.185814181979
37.87 0.221543558194
37.94 0.408364789352
38.01 0.206643184337
38.08 0.270234438241
38.15 0.240526878438
38.22 0.236912482039
38.29 0.240941049647
38.36 0.212207009801
38.43 0.325020719605
38.5 0.456608535939
38.57 0.201144571512
38.64 0.113022573098
38.71 0.362984479566
38.78 0.451870392069
38.85 0.1909457105
38.92 0.0851625144384
38.99 0.366819303883
39.06 0.346804154698
39.13 0.157816955029
39.2 0.186314266553
39.27 0.210123172489
39.34 0.261737999269
39.41 0.411678470864
39.48 0.273276803864
39.55 0.465383292099
39.62 0.491051277978
39.69 0.172000823774
39.76 0.0820821798996
39.83 0.289490129569
39.9 0.438320260973
39.97 0.281184413982
40.04 0.209742096611
40.11 0.485169998607
40.18 0.453707505053
40.25 0.333513967793
40.32 0.410783800763
40.39 0.141028600691
40.46 0.0602524626845
40.53 0.103215769869
40.6 0.0877232858142
40.67 0.542781525003
40.74 0.620136123223
40.81 0.193274263332
40.88 0.114680436763
40.95 0.145288026114
41.02 0.0759250732871
41.09 0.275023455119
41.16 0.217645917476
41.23 0.42895764847
41.3 0.332209127562
41.37 0.220070518271
41.44 0.189956836665
41.51 0.139183665875
41.58 0.0960971079527
41.65 0.396777013462
41.72 0.117817913272
41.79 0.563194893052
41.86 0.252654195329
41.93 0.119271506105
42.0 0.0782158493429
42.07 0.241073720759
42.14 0.163982236255
42.21 0.301366759637
42.28 0.0648326871401
42.35 0.547309625965
42.42 0.326133993869
42.49 0.314886547572
42.56 0.273378427825
42.63 0.163317287665
42.7 0.0762445312766
42.77 0.283035269702
42.84 0.475188018798
42.91 0.484433129014
42.98 0.251386510569
43.05 0.219219060777
43.12 0.444199726825
43.19 0.441892263723
43.26 0.126265363626
43.33 0.383650873191
43.4 0.496878000606
43.47 0.232623500912
43.54 0.130255366999
43.61 0.210550529701
43.68 0.305552732449
43.75 0.221438469413
43.82 0.367627823594
43.89 0.297491181161
43.96 0.502705049241
44.03 0.486922950323
44.1 0.163601404489
44.17 0.141318755752
44.24 0.325478453053
44.31 0.242571758572
44.38 0.193774323495
44.45 0.159517412358
44.52 0.431725632625
44.59 0.408727051257
44.66 0.244594166199
44.73 0.13686837858
44.8 0.0763829272164
44.87 0.0702880747592
44.94 0.0878029617152
45.01 0.174733951839
45.08 0.533444738797
45.15 0.434614546877
45.22 0.254118510205
45.29 0.113695137992
45.36 0.141917470368
45.43 0.156955484205
45.5 0.220409374528
45.57 0.0449459906479
45.64 0.380443205725
45.71 0.341788248012
45.78 0.236703539999
45.85 0.130800482423
45.92 0.126777968012
45.99 0.360415136698
46.06 0.393353836548
46.13 0.491990220605
46.2 0.666102645137
46.27 0.269256522687
46.34 0.111647591521
46.41 0.225315409406
46.48 0.358457533807
46.55 0.260728189258
46.62 0.302796161726
46.69 0.390936544948
46.76 0.279126213976
46.83 0.123258230499
46.9 0.0736241256218
46.97 0.0637522971688
47.04 0.0278107597811
47.11 0.0714828423797
47.18 0.0532747890238
47.25 0.536096706601
47.32 0.330098736341
47.39 0.128969336804
47.46 0.0790471604832
47.53 0.66944320814
47.6 0.501819547527
47.67 0.361628150533
47.74 0.331082316876
47.81 0.465041299392
47.88 0.328274406968
47.95 0.309158494359
48.02 0.399688280529
48.09 0.361368027588
48.16 0.231921008634
48.23 0.439209554303
48.3 0.294097569399
48.37 0.669942394224
48.44 0.208509852236
48.51 0.118023701538
48.58 0.134603769003
48.65 0.256006560769
48.72 0.266378347016
48.79 0.0937831790239
48.86 0.311389962931
48.93 0.447130251991
49.0 0.335179564306
49.07 0.221512118102
49.14 0.161271416119
49.21 0.109634091632
49.28 0.11120141561
49.35 0.186633121349
49.42 0.551811380119
49.49 0.505841895784
49.56 0.183148762799
49.63 0.171370898215
49.7 0.150661955025
49.77 0.117734674119
49.84 0.137320736044
49.91 0.198967762051
49.98 0.410065242744
50.05 0.258722276538
50.12 0.286696471884
50.19 0.32444238758
50.26 0.224307241248
50.33 0.142507581993
50.4 0.44771012586
50.47 0.178055122086
50.54 0.689696900741
50.61 0.261967019154
50.68 0.15502362414
50.75 0.197162886069
50.82 0.366845419965
50.89 0.423443190392
50.96 0.36631747115
51.03 0.36281673345
51.1 0.418318609624
51.17 0.166236797853
51.24 0.197671736638
51.31 0.264331030482
51.38 0.0895545558515
51.45 0.149202581454
51.52 0.121199180037
51.59 0.493058227782
51.66 0.485326600602
51.73 0.358011624057
51.8 0.274586474369
51.87 0.499667788716
51.94 0.563574407398
52.01 0.385410119067
52.08 0.385594502619
52.15 0.481967018099
52.22 0.319962143659
52.29 0.175589021408
52.36 0.197560960827
52.43 0.224920179738
52.5 0.185799316326
52.57 0.440146221961
52.64 0.202056853923
52.71 0.620968369864
52.78 0.413189171019
52.85 0.15331721047
52.92 0.119253753627
52.99 0.307135383531
53.06 0.237118787665
53.13 0.122612064384
53.2 0.0943489534377
53.27 0.515040575835
53.34 0.39827620569
53.41 0.250172773846
53.48 0.0850381352709
53.55 0.254401634043
53.62 0.312322310588
53.69 0.176168842517
53.76 0.392663087648
53.83 0.561666870371
53.9 0.38402724715
53.97 0.290020857327
54.04 0.165964921293
54.11 0.0703077982477
54.18 0.159602061851
54.25 0.439256625459
54.32 0.455509494211
54.39 0.378790255017
54.46 0.364737641533
54.53 0.34972536501
54.6 0.347145419792
54.67 0.271536852311
54.74 0.509713432233
54.81 0.331203810006
54.88 0.601406475847
54.95 0.471442447459
55.02 0.264417173785
55.09 0.179717918395
55.16 0.165622325393
55.23 0.268775095382
55.3 0.293199084846
55.37 0.34263422794
55.44 0.572256500094
55.51 0.412916227452
55.58 0.329745756217
55.65 0.287289544356
55.72 0.230741196437
55.79 0.162275959603
55.86 0.439857508737
55.93 0.171298407091
56.0 0.542944984192
56.07 0.19538263787
56.14 0.13264919153
56.21 0.339429193738
56.28 0.467219619986
56.35 0.189581176931
56.42 0.23311461239
56.49 0.285793439755
56.56 0.293276125909
56.63 0.33225457104
56.7 0.220311186251
56.77 0.108283934704
56.84 0.296374537359
56.91 0.227386815101
56.98 0.0611507692715
57.05 0.118372023842
57.12 0.326252790738
57.19 0.298002667356
57.26 0.321122548926
57.33 0.456591626041
57.4 0.73572410583
57.47 0.280582286518
57.54 0.266444772342
57.61 0.509997030909
57.68 0.671946905267
57.75 0.446690352917
57.82 0.36724346165
57.89 0.326791950609
57.96 0.327543292914
58.03 0.276203991779
58.1 0.23778580806
58.17 0.199032019503
58.24 0.257005654249
58.31 0.278635206443
58.38 0.231296054305
58.45 0.230428909838
58.52 0.26363714592
58.59 0.171690423926
58.66 0.187087317531
58.73 0.257815350424
58.8 0.816112102088
58.87 0.262406030761
58.94 0.153266287851
59.01 0.113997902636
59.08 0.244948354285
59.15 0.188236132187
59.22 0.101801034993
59.29 0.0625392904203
59.36 0.259207627752
59.43 0.248002730234
59.5 0.25868193422
59.57 0.268254373867
59.64 0.806449288908
59.71 0.329320859814
59.78 0.20949070895
59.85 0.245698908343
59.92 0.7660188235
59.99 0.444840001171
60.06 0.314714783839
60.13 0.261508898276
60.2 0.242744274328
60.27 0.185726805516
60.34 0.159343126394
60.41 0.164179379007
60.48 0.249698362801
60.55 0.224690899204
60.62 0.240381241024
60.69 0.275850211596
60.76 0.234367337002
60.83 0.218036616891
60.9 0.251147800212
60.97 0.381837110732
61.04 0.773519571604
61.11 0.227808647501
61.18 0.183971160689
61.25 0.166403487199
61.32 0.234755480325
61.39 0.181446896706
61.46 0.13048301828
61.53 0.118729932672
61.6 0.218389904125
61.67 0.235027712816
61.74 0.219866397844
61.81 0.443410112432
61.88 0.716247462136
61.95 0.271080338637
62.02 0.221302531133
62.09 0.53478969692
62.16 0.63153832256
62.23 0.386279479445
62.3 0.325861844848
62.37 0.307373043418
62.44 0.278379537367
62.51 0.254492243026
62.58 0.265189779848
62.65 0.253921149326
62.72 0.277011661034
62.79 0.246516531082
62.86 0.237573965808
62.93 0.276631636414
63.0 0.280014823004
63.07 0.231190541083
63.14 0.229968117899
63.21 0.555323473767
63.28 0.602229221007
63.35 0.190443737599
63.42 0.140375248224
63.49 0.143423876509
63.56 0.23989891444
63.63 0.1301631327
63.7 0.109030886136
63.77 0.123386529638
63.84 0.256155359044
63.91 0.199900815272
63.98 0.194853892934
64.05 0.735324310474
64.12 0.514427352285
64.19 0.271935234965
64.26 0.181200873216
64.33 0.686767806388
64.4 0.477676513239
64.47 0.367277667299
64.54 0.302067441547
64.61 0.334462528446
64.68 0.333782718927
64.75 0.296407661827
64.82 0.290506946391
64.89 0.334851516713
64.96 0.355585865697
65.03 0.320736990043
65.1 0.300933116139
65.17 0.318575738413
65.24 0.248158982597
65.31 0.356702624467
65.38 0.483771479878
65.45 0.738771050527
65.52 0.294112345282
65.59 0.291349679625
65.66 0.190497127327
65.73 0.280612896629
65.8 0.286728500996
65.87 0.178628986855
65.94 0.145079866809
66.01 0.230380366133
66.08 0.303924150451
66.15 0.252443233456
66.22 0.450844043055
66.29 0.7096150641
66.36 0.259561852062
66.43 0.211667004199
66.5 0.462862376391
66.57 0.657811336115
66.64 0.354113015551
66.71 0.322559076732
66.78 0.282289256134
66.85 0.332079227519
66.92 0.272672107708
66.99 0.252233494508
67.06 0.25356931023
67.13 0.304152683686
67.2 0.264380056112
67.27 0.229146677558
67.34 0.246779897571
67.41 0.252551528771
67.48 0.170046050223
67.55 0.179750680632
67.62 0.546686290652
67.69 0.605100759186
67.76 0.174221341152
67.83 0.119820198956
67.9 0.169636206889
67.97 0.195708553812
68.04 0.120075886144
68.11 0.0927875858003
68.18 0.20145990164
68.25 0.256378487947
68.32 0.261693577913
68.39 0.19283176328
68.46 0.620108267644
68.53 0.549143204832
68.6 0.204971984264
68.67 0.200261792043
68.74 0.585866915124
68.81 0.561200179575
68.88 0.31281372445
68.95 0.246466168346
69.02 0.233257435425
69.09 0.200281298981
69.16 0.158311787251
69.23 0.157340442256
69.3 0.237304340594
69.37 0.226152160314
69.44 0.207769592631
69.51 0.244480298823
69.58 0.253724864904
69.65 0.201376007321
69.72 0.178199638158
69.79 0.204859862685
69.86 0.710936050392
69.93 0.362147542818
70.0 0.158521062386
70.07 0.14750834584
70.14 0.256988099423
70.21 0.230237254888
70.28 0.120945226835
70.35 0.102719875364
70.42 0.244749046808
70.49 0.26850205732
70.56 0.211601022212
70.63 0.267008529285
70.7 0.830635067265
70.77 0.426073737733
70.84 0.21067411511
70.91 0.23377845775
70.98 0.801504678771
71.05 0.469456782675
71.12 0.292138345917
71.19 0.260349878937
71.26 0.258225040991
71.33 0.212525451181
71.4 0.155443078413
71.47 0.139535460086
71.54 0.215916262738
71.61 0.196071488994
71.68 0.170829409828
71.75 0.173385618666
71.82 0.215805946015
71.89 0.166546182666
71.96 0.175862670538
72.03 0.161750047945
72.1 0.879662782162
72.17 0.201857144054
72.24 0.133365350949
72.31 0.108255475144
72.38 0.283813376955
72.45 0.157573385262
72.52 0.115465464993
72.59 0.123070427012
72.66 0.213292256032
72.73 0.276796927232
72.8 0.306384352273
72.87 0.255730172856
72.94 0.791552571223
73.01 0.251263482681
73.08 0.204091586072
73.15 0.282089045441
73.22 0.768919955967
73.29 0.331391488287
73.36 0.26673387772
73.43 0.280108301489
73.5 0.334794040859
73.57 0.330463159821
73.64 0.23776707362
73.71 0.219336366199
73.78 0.254424755418
73.85 0.257152621681
73.92 0.242455893413
73.99 0.227475207387
74.06 0.367062416137
74.13 0.285171659674
74.2 0.263918526324
74.27 0.587223597726
74.34 0.673255140234
74.41 0.26848529389
74.48 0.242603504987
74.55 0.253778987757
74.62 0.259742788906
74.69 0.225991020193
74.76 0.214290523467
74.83 0.168279018738
74.9 0.151591166232
74.97 0.170686097781
75.04 0.129184665137
75.11 0.0492928980542
75.18 0.0626539460426
75.25 0.0900455381859
75.32 0.111426809246
75.39 0.061736360094
75.46 0.812588559572
75.53 0.341403102545
75.6 0.173553892379
75.67 0.179319010506
75.74 0.178727024728
75.81 0.186164295752
75.88 0.205047019668
75.95 0.125966883547
76.02 0.044739622812
76.09 0.0729547420621
76.16 0.170324965093
76.23 0.139458477295
76.3 0.700246625187
76.37 0.351511890046
76.44 0.174618403238
76.51 0.120558847419
76.58 0.593586762703
76.65 0.293373696031
76.72 0.619125847824
76.79 0.287535843456
76.86 0.068788732914
76.93 0.449823560611
77.0 0.356850350223
77.07 0.561394655203
77.14 0.391152145742
77.21 0.229471703671
77.28 0.155512215748
77.35 0.64024360199
77.42 0.586552447108
77.49 0.325192059684
77.56 0.252171554549
77.63 0.144847145078
77.7 0.116551115979
77.77 0.759267520712
77.84 0.354394062073
77.91 0.239573339468
77.98 0.149946295643
78.05 0.118394197115
78.12 0.0865683762244
78.19 0.795106936464
78.26 0.281806361005
78.33 0.209549108493
78.4 0.220364346041
78.47 0.208091857912
78.54 0.176933156636
78.61 0.156852366433
78.68 0.112915384163
78.75 0.222531249266
78.82 0.166740526001
78.89 0.11360319899
78.96 0.0950021547126
79.03 0.166425687246
79.1 0.391259881174
79.17 0.325194169287
79.24 0.547787676645
79.31 0.5850410595
79.38 0.195903654683
79.45 0.219984708851
79.52 0.536847582729
79.59 0.565668402933
79.66 0.204220441945
79.73 0.166773254377
79.8 0.356869651633
79.87 0.289430642545
79.94 0.144826460102
80.01 0.17889772224
80.08 0.190368224207
80.15 0.202096325311
80.22 0.28511278608
80.29 0.503335983535
80.36 0.168355206195
80.43 0.137205418956
80.5 0.455166112426
80.57 0.256582836738
80.64 0.516578523651
80.71 0.418393003249
80.78 0.187740100665
80.85 0.106907599485
80.92 0.375884912793
80.99 0.181257361596
81.06 0.312835474859
81.13 0.356717832665
81.2 0.361888228593
81.27 0.343692716311
81.34 0.459294735377
81.41 0.193302392159
81.48 0.501484241135
81.55 0.318324063329
81.62 0.153682452908
81.69 0.201015489638
81.76 0.54129235083
81.83 0.314952671301
81.9 0.37188196123
81.97 0.23139833422
82.04 0.378873494171
82.11 0.158244299642
82.18 0.0934980723635
82.25 0.153908124516
82.32 0.171927545978
82.39 0.11783461843
82.46 0.467656920445
82.53 0.285462682514
82.6 0.0726788030008
82.67 0.311152758984
82.74 0.554200132626
82.81 0.25205736274
82.88 0.606214386231
82.95 0.305160748687
83.02 0.203139726753
83.09 0.099918558852
83.16 0.432731251778
83.23 0.333419004948
83.3 0.31841914193
83.37 0.322321727892
83.44 0.516406246495
83.51 0.304462409468
83.58 0.232208083155
83.65 0.0658872571143
83.72 0.306583988909
83.79 0.333277578078
83.86 0.27614911454
83.93 0.149960480144
84.0 0.0715501205243
84.07 0.114675178898
84.14 0.0933473015036
84.21 0.097111997862
84.28 0.771887563371
84.35 0.480624145167
84.42 0.333129420795
84.49 0.234259585033
84.56 0.219182806946
84.63 0.307374502579
84.7 0.264030740035
84.77 0.171929977652
84.84 0.065039216405
84.91 0.065256628355
84.98 0.162310801519
85.05 0.154325862128
85.12 0.70310864141
85.19 0.468834997082
85.26 0.337253708784
85.33 0.163573611907
85.4 0.590826546832
85.47 0.421203856678
85.54 0.553437970633
85.61 0.24654709867
85.68 0.0672427845135
85.75 0.492172152797
85.82 0.375943229653
85.89 0.627608304672
85.96 0.463185316525
86.03 0.261208369229
86.1 0.349000060829
86.17 0.664311715055
86.24 0.692507556519
86.31 0.443199878172
86.38 0.330115781681
86.45 0.251655853873
86.52 0.211114449649
86.59 0.882661905254
86.66 0.538122544399
86.73 0.319321325179
86.8 0.22452787863
86.87 0.159866689062
86.94 0.475868444897
87.01 0.811441949014
87.08 0.386048516898
87.15 0.291223857833
87.22 0.26779054706
87.29 0.236447472468
87.36 0.205672488995
87.43 0.191658109801
87.5 0.192486186059
87.57 0.186433124058
87.64 0.178741291912
87.71 0.164466253513
87.78 0.181243597598
87.85 0.233892314889
87.92 0.46043317211
87.99 0.328355569592
88.06 0.581474791028
88.13 0.496972998099
88.2 0.237594220044
88.27 0.242677811204
88.34 0.263322626086
88.41 0.240202122423
88.48 0.196760027497
88.55 0.210758513403
88.62 0.450401456383
88.69 0.201275468478
88.76 0.238233569126
88.83 0.430553861173
88.9 0.365611595947
88.97 0.410788572765
89.04 0.326053752572
89.11 0.408139102782
89.18 0.518020022687
89.25 0.290252985313
89.32 0.291330924712
89.39 0.224329818488
89.46 0.165328855129
89.53 0.156209704511
89.6 0.221931587336
89.67 0.409591396307
89.74 0.279491313884
89.81 0.157674506825
89.88 0.138872662047
89.95 0.109626542261
90.02 0.182079155505
90.09 0.242857232189
90.16 0.213031439336
90.23 0.591905955629
90.3 0.32549183907
90.37 0.121307832859
90.44 0.223920136583
90.51 0.3033439301
90.58 0.419591218365
90.65 0.405569767001
90.72 0.385990559907
90.79 0.51820279116
90.86 0.308392434443
90.93 0.285823727795
91.0 0.27748527517
91.07 0.213569521175
91.14 0.260607786759
91.21 0.221647041347
91.28 0.193516014856
91.35 0.611590003454
91.42 0.351822662361
91.49 0.392362250704
91.56 0.612886747031
91.63 0.562160549752
91.7 0.409028421311
91.77 0.424731636512
91.84 0.469600710516
91.91 0.294195038726
91.98 0.17477456583
92.05 0.120913244183
92.12 0.404341948934
92.19 0.408266322315
92.26 0.316400861377
92.33 0.243170137731
92.4 0.568574862561
92.47 0.631112730831
92.54 0.428793408909
92.61 0.375676336135
92.68 0.369155485619
92.75 0.337359888984
92.82 0.314264620236
92.89 0.440892341049
92.96 0.448474847883
93.03 0.344610422741
93.1 0.307544932356
93.17 0.207188795072
93.24 0.475167882681
93.31 0.395613457571
93.38 0.378391378626
93.45 0.400663430526
93.52 0.606161514651
93.59 0.436258507164
93.66 0.386737934993
93.73 0.298848632323
93.8 0.328554251827
93.87 0.264109484372
93.94 0.170498235234
94.01 0.166099218508
94.08 0.596142529776
94.15 0.271069175616
94.22 0.261379643949
94.29 0.220483489393
94.36 0.40397364643
94.43 0.355397494452
94.5 0.547737220203
94.57 0.311337732343
94.64 0.562656682857
94.71 0.259581308602
94.78 0.142330006812
94.85 0.358530813965
94.92 0.397045074783
94.99 0.16112799934
95.06 0.131565257205
95.13 0.392618525336
95.2 0.315008894307
95.27 0.250778295258
95.34 0.437926751903
95.41 0.282613417617
95.48 0.186220481748
95.55 0.108763260281
95.62 0.114178569381
95.69 0.569703283601
95.76 0.535688868924
95.83 0.139927457234
95.9 0.109501264603
95.97 0.563263999676
96.04 0.387282255083
96.11 0.320127937664
96.18 0.263209492622
96.25 0.410283285449
96.32 0.0915984319758
96.39 0.097821467028
96.46 0.0719683321867
96.53 0.334983983085
96.6 0.148313028263
96.67 0.486409792353
96.74 0.158021769996
96.81 0.693026670043
96.88 0.369538434862
96.95 0.107629107326
97.02 0.0658424349413
97.09 0.289145487849
97.16 0.250498068482
97.23 0.144261936174
97.3 0.0825227664254
97.37 0.463283870183
97.44 0.274208650697
97.51 0.170244243446
97.58 0.13146428211
97.65 0.353124194476
97.72 0.261447972564
97.79 0.117388444094
97.86 0.118684178148
97.93 0.708316880261
98.0 0.301997534076
98.07 0.174334410044
98.14 0.113568149185
98.21 0.122110344257
98.28 0.0897586975405
98.35 0.076616563974
98.42 0.305789257607
98.49 0.56072760016
98.56 0.336601394188
98.63 0.304565900495
98.7 0.246718313543
98.77 0.33831503122
98.84 0.525836437164
98.91 0.47944857265
98.98 0.568770900509
99.05 0.462632662755
99.12 0.285445635599
99.19 0.230364786255
99.26 0.275651108071
99.33 0.203141177252
99.4 0.206187783342
99.47 0.17699654867
99.54 0.392836511344
99.61 0.179954779798
99.68 0.15346307231
99.75 0.216214746754
99.82 0.20588191296
99.89 0.188577316961
99.96 0.221462535738
100.03 0.224165967145
100.1 0.610677994291
100.17 0.41711051977
100.24 0.149405874262
100.31 0.109261750251
100.38 0.681368841789
100.45 0.252070652687
100.52 0.120390524096
100.59 0.155969328678
100.66 0.507056996386
100.73 0.255531930023
100.8 0.225549474542
100.87 0.33206479418
100.94 0.482160319625
101.01 0.232713598047
101.08 0.232625326243
101.15 0.420542084698
101.22 0.645308665024
101.29 0.474832236107
101.36 0.376506454274
101.43 0.313675791381
101.5 0.311944413683
101.57 0.250777449527
101.64 0.423975420623
101.71 0.365545794288
101.78 0.353208065172
101.85 0.227040752805
101.92 0.147271937226
101.99 0.269673957128
102.06 0.38007238414
102.13 0.359602272575
102.2 0.33180964719
102.27 0.496310017369
102.34 0.495639145512
102.41 0.275651304935
102.48 0.347846369438
102.55 0.247549364822
102.62 0.280752080815
102.69 0.205254871077
102.76 0.161251168183
102.83 0.523602431399
102.9 0.404387801891
102.97 0.283990796219
103.04 0.259526557357
103.11 0.344832016886
103.18 0.304504047944
103.25 0.52400130464
103.32 0.401913662042
103.39 0.48712511234
103.46 0.476932451781
103.53 0.185548257035
103.6 0.130853495746
103.67 0.44324884553
103.74 0.203500349168
103.81 0.166167300649
103.88 0.100298364558
103.95 0.489589479033
104.02 0.172201360475
104.09 0.364536659918
104.16 0.34091579922
104.23 0.294746243571
104.3 0.175520915644
104.37 0.142192488889
104.44 0.135995947899
104.51 0.700138440904
104.58 0.38034151168
104.65 0.132727288575
104.72 0.0902960375931
104.79 0.583152895542
104.86 0.234926237685
104.93 0.370305482252
105.0 0.299491317081
105.07 0.43693325647
105.14 0.0815189127556
105.21 0.071004165669
105.28 0.0719873713732
105.35 0.298780471436
105.42 0.191223750502
105.49 0.507505486639
105.56 0.429318865416
105.63 0.583625910422
105.7 0.209078906417
105.77 0.0375800736564
105.84 0.133552507144
105.91 0.321248939264
105.98 0.162251914539
106.05 0.0450152342904
106.12 0.289251973583
106.19 0.405398328489
106.26 0.202741755152
106.33 0.0447344594426
106.4 0.143376367525
106.47 0.375187701216
106.54 0.243925457492
106.61 0.114639849545
106.68 0.439809715481
106.75 0.65454860872
106.82 0.294333981163
106.89 0.145454832791
106.96 0.0935305448151
107.03 0.0682465846361
107.1 0.0791899102844
107.17 0.0577688914381
107.24 0.417734151955
107.31 0.466463001705
107.38 0.279668508722
107.45 0.230244279811
107.52 0.205990685475
107.59 0.362198571743
107.66 0.515446475574
107.73 0.42841914219
107.8 0.553102839057
107.87 0.414574482485
107.94 0.177021714288
108.01 0.175721312177
108.08 0.149814198588
108.15 0.121449832212
108.22 0.128421873965
108.29 0.105934058266
108.36 0.379139521484
108.43 0.1126486127
108.5 0.0793546758677
108.57 0.0959053900062
108.64 0.0704286684974
108.71 0.07590252912
108.78 0.201767548531
108.85 0.134722809198
108.92 0.591614180764
108.99 0.51922995677
109.06 0.0944313019749
109.13 0.0968525127589
109.2 0.709124589677
109.27 0.360800708967
109.34 0.104679276812
109.41 0.085362310928
109.48 0.64917375927
109.55 0.32127486793
109.62 0.410815608599
109.69 0.45418544549
109.76 0.487003677482
109.83 0.307032424039
109.9 0.235403304042
109.97 0.608372921915
110.04 0.997746568405
110.11 0.522787374202
110.18 0.367027108045
110.25 0.404486420121
110.32 0.448491659348
110.39 0.33556663826
110.46 0.279581085798
110.53 0.37427969392
110.6 0.612006783516
110.67 0.279959492977
110.74 0.241346237524
110.81 0.194888778948
110.88 0.135993089423
110.95 0.124917052502
111.02 0.19732750361
111.09 0.45576813752
111.16 0.646245762634
111.23 0.276940629072
111.3 0.184599098701
111.37 0.175538841363
111.44 0.232319960622
111.51 0.168542716748
111.58 0.100250328765
111.65 0.514644550833
111.72 0.379806412736
111.79 0.329162508873
111.86 0.492728554873
111.93 0.5100891778
112.0 0.410268810375
112.07 0.661630312817
112.14 0.579494606959
112.21 0.778285263155
112.28 0.629084295205
112.35 0.342669540757
112.42 0.397845668718
112.49 0.432471267426
112.56 0.450699015134
112.63 0.330635709438
112.7 0.281652786003
112.77 0.582218063451
112.84 0.27143241712
112.91 0.0890360344969
112.98 0.0835849613663
113.05 0.0892594319237
113.12 0.0693152288671
113.19 0.107927525983
113.26 0.0862460975564
113.33 0.784642504865
113.4 0.304519161647
113.47 0.114710893319
113.54 0.0756578088753
113.61 0.738236867398
113.68 0.182486039568
113.75 0.0862600300705
113.82 0.261510903147
113.89 0.3830210815
113.96 0.091747279073
114.03 0.23068856582
114.1 0.332237399707
114.17 0.253128440219
114.24 0.47713044184
114.31 0.459793114315
114.38 0.551545024435
114.45 0.752238542515
114.52 0.195536824728
114.59 0.200101208655
114.66 0.218916942637
114.73 0.298539875115
114.8 0.250692391343
114.87 0.189925194983
114.94 0.506045221665
115.01 0.338114210246
115.08 0.12682270514
115.15 0.0553184289104
115.22 0.0815217814692
115.29 0.152396166789
115.36 0.153609909811
115.43 0.0875610755358
115.5 0.64613658379
115.57 0.553727755588
115.64 0.165861417667
115.71 0.068599058424
115.78 0.08332712599
115.85 0.0553598059497
115.92 0.0673986344846
115.99 0.0545817577566
116.06 0.484178185187
116.13 0.201171140382
116.2 0.252584924912
116.27 0.328116363136
116.34 0.301765873054
116.41 0.268735610607
116.48 0.553118611863
116.55 0.344106578049
116.62 0.741007671445
116.69 0.418562699114
116.76 0.155000850822
116.83 0.196466048534
116.9 0.256752315264
116.97 0.235827183047
117.04 0.170917907634
117.11 0.217308749531
117.18 0.573895113534
117.25 0.107842096906
117.32 0.0866061435511
117.39 0.0686347255972
117.46 0.131700717497
117.53 0.0859982928343
117.6 0.125357809906
117.67 0.313431890882
117.74 0.791983575159
117.81 0.26044992483
117.88 0.119477725899
117.95 0.447183010965
118.02 0.726162200024
118.09 0.203558697526
118.16 0.129871990166
118.23 0.513630495631
118.3 0.467300669216
118.37 0.555476600705
118.44 0.414111238398
118.51 0.595296926252
118.58 0.550812680369
118.65 0.275189845231
118.72 0.41918644233
118.79 0.83173424916
118.86 0.82981732877
118.93 0.489218205447
119.0 0.322253551257
119.07 0.40767990151
119.14 0.354200345555
119.21 0.278390966549
119.28 0.205340130063
119.35 0.621059396988
119.42 0.307404839442
119.49 0.208114790297
119.56 0.161357974413
119.63 0.147006864313
119.7 0.11683992291
119.77 0.200799802224
119.84 0.138291953471
119.91 0.697215828914
119.98 0.425363858301
120.05 0.149640528417
120.12 0.13862929387
120.19 0.222907122401
120.26 0.190743604393
120.33 0.179287678295
120.4 0.193192914868
120.47 0.541731760104
120.54 0.257345973605
120.61 0.490715644003
120.68 0.386685533526
120.75 0.387759882111
120.82 0.432995879777
120.89 0.49772979592
120.96 0.543113049229
121.03 0.792182014069
121.1 0.432886424535
121.17 0.389631507065
121.24 0.373850212143
121.31 0.395625908875
121.38 0.348772276467
121.45 0.450552693419
121.52 0.549596577332
121.59 0.548641323276
121.66 0.211331364712
121.73 0.263772038454
121.8 0.155572916247
121.87 0.0795963880186
121.94 0.121747411437
122.01 0.0916878503209
122.08 0.647023220233
122.15 0.641395730274
122.22 0.131127432299
122.29 0.0937900803156
122.36 0.643711519969
122.43 0.523743607857
122.5 0.121393191852
122.57 0.08739558864
122.64 0.502027850938
122.71 0.126073895304
122.78 0.181009975802
122.85 0.335767524593
122.92 0.328510098207
122.99 0.255639709553
123.06 0.602410746082
123.13 0.481200951883
123.2 0.763135633288
123.27 0.266110696749
123.34 0.216243313408
123.41 0.180780470055
123.48 0.300235299005
123.55 0.20678372689
123.62 0.0868927369344
123.69 0.449476636835
123.76 0.548615787552
123.83 0.15153356281
123.9 0.154758841012
123.97 0.0782297787072
124.04 0.159947087063
124.11 0.1433253386
124.18 0.105097652266
124.25 0.351496291268
124.32 0.781743975737
124.39 0.238710700054
124.46 0.120853702824
124.53 0.123514312991
124.6 0.118300702882
124.67 0.123432054224
124.74 0.107641842902
124.81 0.343922537829
124.88 0.43017616822
124.95 0.221230952674
125.02 0.345015764172
125.09 0.416992824555
125.16 0.38341248648
125.23 0.594791835801
125.3 0.595887763915
125.37 0.681280719602
125.44 0.704830943643
125.51 0.217626223123
125.58 0.288001131787
125.65 0.304092385579
125.72 0.31589337705
125.79 0.249164540328
125.86 0.0963186446135
125.93 0.591557518356
126.0 0.236949301265
126.07 0.148931120673
126.14 0.143213502081
126.21 0.122496244109
126.28 0.113710564316
126.35 0.144212530201
126.42 0.133285388413
126.49 0.658540210636
126.56 0.615964563275
126.63 0.120536892272
126.7 0.08346426672
126.77 0.743443860489
126.84 0.499144660726
126.91 0.132874222934
126.98 0.201239049281
127.05 0.62730531324
127.12 0.271579756233
127.19 0.243071195068
127.26 0.432995161614
127.33 0.665471988817
127.4 0.370573329383
127.47 0.393001348586
127.54 0.507921009916
127.61 1.0
127.68 0.586162228042
127.75 0.491035872915
127.82 0.435184366468
127.89 0.384451081271
127.96 0.33335684135
128.03 0.439143416399
128.1 0.351416491736
128.17 0.595516393471
128.24 0.227154948552
128.31 0.230464827423
128.38 0.278111309105
128.45 0.451274848551
128.52 0.3435624312
128.59 0.376126433592
128.66 0.497905684363
128.73 0.818468453802
128.8 0.303632811052
128.87 0.353820896567
128.94 0.298277716588
129.01 0.267460041807
129.08 0.194510335545
129.15 0.146909102051
129.22 0.552799668085
129.29 0.375788607331
129.36 0.235700714751
129.43 0.260669247943
129.5 0.375361138299
129.57 0.406745845854
129.64 0.663085284491
129.71 0.581330537179
129.78 0.717287901157
129.85 0.454509033702
129.92 0.453619931725
129.99 0.456211312424
130.06 0.610285664835
130.13 0.402967127211
130.2 0.326615810179
130.27 0.309246288963
130.34 0.556627155646
130.41 0.257917209835
130.48 0.480165088788
130.55 0.42965331269
130.62 0.383901079663
130.69 0.201200974846
130.76 0.212279405642
130.83 0.510893823212
130.9 0.627398980715
130.97 0.190103531636
131.04 0.162151689105
131.11 0.488207200073
131.18 0.557593674304
131.25 0.232465577561
131.32 0.462811586853
131.39 0.407151981831
131.46 0.203562697031
131.53 0.123734089681
131.6 0.0945245497337
131.67 0.285096299049
131.74 0.438391101582
131.81 0.630094437523
131.88 0.467249041034
131.95 0.646258102119
132.02 0.518925249465
132.09 0.276986609597
132.16 0.222641215569
132.23 0.358481527686
132.3 0.283934965367
132.37 0.123559425737
132.44 0.0641393876595
132.51 0.478569238316
132.58 0.357972389694
132.65 0.20891084768
132.72 0.118530896868
132.79 0.32823319687
132.86 0.36796233859
132.93 0.185963246415
133.0 0.165975046443
133.07 0.764445132127
133.14 0.345105587271
133.21 0.235829745439
133.28 0.134293813282
133.35 0.152148990459
133.42 0.105750851966
133.49 0.228571491433
133.56 0.216004850313
133.63 0.737866729328
133.7 0.367942527693
133.77 0.265894635291
133.84 0.250381264671
133.91 0.361152112598
133.98 0.668074778223
134.05 0.567503244885
134.12 0.574536982485
134.19 0.597356112157
134.26 0.321083731916
134.33 0.31612277649
134.4 0.304511524869
134.47 0.223301974877
134.54 0.193704586903
134.61 0.212006735324
134.68 0.511549257721
134.75 0.297980256269
134.82 0.194481219245
134.89 0.167539644237
134.96 0.177355061482
135.03 0.215324124193
135.1 0.16532219165
135.17 0.127894877188
135.24 0.684427157396
135.31 0.580691414099
135.38 0.216998921379
135.45 0.126124799023
135.52 0.747067759157
135.59 0.516748592771
135.66 0.120851439666
135.73 0.167215847348
135.8 0.620555949964
135.87 0.234998072855
135.94 0.219905062086
136.01 0.446068635833
136.08 0.616075743053
136.15 0.38873018451
136.22 0.425895488487
136.29 0.604627073391
136.36 0.954056957754
136.43 0.543749776071
136.5 0.459803776512
136.57 0.391638955331
136.64 0.319104422715
136.71 0.264101726325
136.78 0.398518013911
136.85 0.405617397253
136.92 0.569845935758
136.99 0.252765202653
137.06 0.198670274959
137.13 0.273359522507
137.2 0.489039681378
137.27 0.365405158815
137.34 0.401563278171
137.41 0.559321776172
137.48 0.668392217168
137.55 0.278857228966
137.62 0.403592754818
137.69 0.291745809359
137.76 0.323451805746
137.83 0.21359248427
137.9 0.145487644638
137.97 0.562833909193
138.04 0.367571025743
138.11 0.476529123884
138.18 0.55543276758
138.25 0.525779202273
138.32 0.523744081907
138.39 0.740502721948
138.46 0.557795578821
138.53 0.772382525524
138.6 0.535593242252
138.67 0.226147359963
138.74 0.21521024343
138.81 0.468414212003
138.88 0.26156539453
138.95 0.194986425453
139.02 0.136809516798
139.09 0.550289883899
139.16 0.171225055275
139.23 0.452753518019
139.3 0.398539736758
139.37 0.369667728562
139.44 0.250378132159
139.51 0.212806961515
139.58 0.505541342325
139.65 0.705965618683
139.72 0.27098488363
139.79 0.205315073114
139.86 0.422261441834
139.93 0.611298886906
140.0 0.349189427422
140.07 0.443558672107
140.14 0.417269275465
140.21 0.411663650096
140.28 0.316670070026
140.35 0.449460316745
140.42 0.383954412694
140.49 0.288943030535
140.56 0.611722822609
140.63 0.614707150919
140.7 0.695909183827
140.77 0.667872469739
140.84 0.340117095974
140.91 0.269177401945
140.98 0.416768514463
141.05 0.375645262998
141.12 0.178347930884
141.19 0.216089828177
141.26 0.516322674247
141.33 0.338028262234
141.4 0.258032183591
141.47 0.166720173332
141.54 0.339413571337
141.61 0.37582031516
141.68 0.203503805326
141.75 0.132651879915
141.82 0.688156463767
141.89 0.50854413419
141.96 0.250687301995
142.03 0.195823197622
142.1 0.178916596061
142.17 0.132443708011
142.24 0.253554036673
142.31 0.167714499534
142.38 0.682117262621
142.45 0.372168840461
142.52 0.275665195714
142.59 0.224435112009
142.66 0.320833338029
142.73 0.436117367717
142.8 0.714736419436
142.87 0.640128494366
142.94 0.717709471332
143.01 0.350080853192
143.08 0.23958557737
143.15 0.292952335319
143.22 0.21210918848
143.29 0.158631760239
143.36 0.136916484457
143.43 0.482465456096
143.5 0.32067763925
143.57 0.193734293011
143.64 0.163071268113
143.71 0.120792607808
143.78 0.193851125958
143.85 0.156980778179
143.92 0.191898650213
143.99 0.70608153424
144.06 0.583264527321
144.13 0.216777658754
144.2 0.186340348774
144.27 0.814450464131
144.34 0.566561079187
144.41 0.159262300015
144.48 0.307144280245
144.55 0.596138210562
144.62 0.416763810183
144.69 0.272642615002
144.76 0.518207676557
144.83 0.511038797585
144.9 0.295975929491
144.97 0.255697820098
145.04 0.568319080091
145.11 0.964417068344
145.18 0.573966632933
145.25 0.472045678154
145.32 0.477202050222
145.39 0.416027976098
145.46 0.343784959272
145.53 0.421755193029
145.6 0.622622683664
145.67 0.411993365528
145.74 0.274175989255
145.81 0.244626444935
145.88 0.270636709369
145.95 0.405647504965
146.02 0.351096348657
146.09 0.380788566395
146.16 0.697446220552
146.23 0.736456127825
146.3 0.257278309605
146.37 0.318765390067
146.44 0.356135416091
146.51 0.291567564838
146.58 0.203300862937
146.65 0.135918235134
146.72 0.562851883735
146.79 0.300343265162
146.86 0.209557262632
146.93 0.21873703894
147.0 0.329413612261
147.07 0.268615838863
147.14 0.630487166221
147.21 0.380397101569
147.28 0.745257889109
147.35 0.230531592932
147.42 0.20051278755
147.49 0.207509133441
147.56 0.432798438578
147.63 0.149556288403
147.7 0.154874037618
147.77 0.116000241866
147.84 0.516289937209
147.91 0.151230739895
147.98 0.408850848492
148.05 0.307687930207
148.12 0.222710559219
148.19 0.153865853711
148.26 0.14578263391
148.33 0.565349933205
148.4 0.599879066596
148.47 0.161764845089
148.54 0.145238736685
148.61 0.525630826864
148.68 0.508305706531
148.75 0.286776940756
148.82 0.314433732593
148.89 0.391594641856
148.96 0.108112731642
149.03 0.120190868562
149.1 0.068479040205
149.17 0.210111373201
149.24 0.129530840827
149.31 0.451696624253
149.38 0.145168524468
149.45 0.576551967521
149.52 0.218932495742
149.59 0.0780846460547
149.66 0.072836308211
149.73 0.252884506646
149.8 0.151542875302
149.87 0.0579793871347
149.94 0.0701106649449
150.01 0.385733280477
150.08 0.171621157447
150.15 0.140062757673
150.22 0.108198944241
150.29 0.233560117385
150.36 0.148147183861
150.43 0.101452639456
150.5 0.31948348821
150.57 0.449465412393
150.64 0.234592542434
150.71 0.125137551291
150.78 0.0996597178904
150.85 0.0918195504959
150.92 0.0725220513889
150.99 0.0616035936995
151.06 0.321255827956
151.13 0.270473943932
151.2 0.167145934365
151.27 0.130773730862
151.34 0.11741636582
151.41 0.156648076702
151.48 0.386492413902
151.55 0.257957372613
151.62 0.423215461941
151.69 0.276269101261
151.76 0.127704864878
151.83 0.117769960949
151.9 0.138863876366
151.97 0.0961057613409
152.04 0.0836459823607
152.11 0.0674099227111
152.18 0.243288751123
152.25 0.074932396812
152.32 0.0947732056991
152.39 0.0657256901899
152.46 0.0732145704975
152.53 0.0546977961571
152.6 0.0738561669873
152.67 0.180503170264
152.74 0.411532457045
152.81 0.149368151821
152.88 0.0912076459395
152.95 0.206861950716
153.02 0.434403742496
153.09 0.108636757336
153.16 0.0534062293372
153.23 0.242360518727
153.3 0.142186879031
153.37 0.110617819422
153.44 0.0635607989235
153.51 0.197456298848
153.58 0.0836642199139
153.65 0.0693707974946
153.72 0.0284464109545
153.79 0.494842786532
153.86 0.359254996804
153.93 0.145831105956
154.0 0.0954100065629
154.07 0.0968370659608
154.14 0.0712104642084
154.21 0.0693226648435
154.28 0.0520784850706
154.35 0.137971840316
154.42 0.0572103947215
154.49 0.047555399436
154.56 0.0289285997329
154.63 0.0672065188713
154.7 0.057511052912
154.77 0.0593685461253
154.84 0.0507101024013
154.91 0.146593443552
154.98 0.0623177261984
155.05 0.0519556162496
155.12 0.0371992615772
155.19 0.0409217902873
155.26 0.0305751420984
155.33 0.0234083963539
155.4 0.0651780509596
155.47 0.0646174643264
155.54 0.0284213508556
155.61 0.0323124462141
155.68 0.0325402770357
155.75 0.0317038521359
155.82 0.0605431784162
155.89 0.0407920178123
155.96 0.0530382733157
156.03 0.0634035323134
156.1 0.0242434243012
156.17 0.0134804905748
156.24 0.032139443021
156.31 0.0183639395501
156.38 0.0108912131789
156.45 0.00757306441189
156.52 0.036025319888
156.59 0.0107252963305
156.66 0.0196267381261
156.73 0.0160056317879
156.8 0.0135847737856
156.87 0.00887206484585
156.94 0.00982111844823
157.01 0.0124567291511
157.08 0.0353868472485
157.15 0.0157236812636
157.22 0.00867530716105
157.29 0.0089225496373
157.36 0.0282502044911
157.43 0.0144482746797
157.5 0.011814183773
157.57 0.0149793922303
157.64 0.00829923637325
157.71 0.00465497243733
157.78 0.0028034442268
157.85 0.00557513888946
157.92 0.00593961276684
157.99 0.012464761234
158.06 0.00343680468172
158.13 0.0
158.2 0.0
158.27 0.0
158.34 0.0
158.41 0.0
158.48 0.0
158.55 0.0
158.62 0.0
158.69 0.0
158.76 0.0
158.83 0.0
158.9 0.0
158.97 0.0
159.04 0.0
159.11 0.0
159.18 0.0
159.25 0.0
159.32 0.0
159.39 0.0
159.46 0.0
159.53 0.0
159.6 0.0
159.67 0.0
159.74 0.0
159.81 0.0
159.88 0.0
159.95 0.0
160.02 0.0
160.09 0.0
160.16 0.0
160.23 0.0
160.3 0.0
160.37 0.0
160.44 0.0
160.51 0.0
160.58 0.0
160.65 0.0
160.72 0.0
160.79 0.0
160.86 0.0
160.93 0.0
161.0 0.0
161.07 0.0
161.14 0.0
161.21 0.0
161.28 0.0
161.35 0.0
161.42 0.0
161.49 0.0
161.56 0.0
161.63 0.0
161.7 0.0
161.77 0.0
161.84 0.0
161.91 0.0
161.98 0.0
162.05 0.0
162.12 0.0
162.19 0.0
162.26 0.0
162.33 0.0
162.4 0.0
162.47 0.0
162.54 0.0
162.61 0.0
162.68 0.0
162.75 0.0
162.82 0.0
162.89 0.0
162.96 0.0
163.03 0.0
163.1 0.0
163.17 0.0
163.24 0.0
163.31 0.0
163.38 0.0
163.45 0.0
163.52 0.0
163.59 0.0
163.66 0.0
163.73 0.0
163.8 0.0
163.87 0.0
163.94 0.0
164.01 0.0
164.08 0.0
164.15 0.0
164.22 0.0
164.29 0.0
164.36 0.0
164.43 0.0
164.5 0.0
164.57 0.0
164.64 0.0
164.71 0.0
164.78 0.0
164.85 0.0
164.92 0.0
164.99 0.0
165.06 0.0
165.13 0.0
165.2 0.0
165.27 0.0
165.34 0.0
165.41 0.0
165.48 0.0
165.55 0.0
165.62 0.0
165.69 0.0
165.76 0.0
165.83 0.0
165.9 0.0
165.97 0.0
166.04 0.0
166.11 0.0
166.18 0.0
166.25 0.0
166.32 0.0
166.39 0.0
166.46 0.0
166.53 0.0
166.6 0.0
166.67 0.0
166.74 0.0
166.81 0.0
166.88 0.0
166.95 0.0
167.02 0.0
