0.0 0.0
0.07 0.0
0.14 0.0
0.21 0.0
0.28 0.0
0.35 0.0
0.42 0.0
0.49 0.0
0.56 0.0
0.63 0.0
0.7 0.0
0.77 0.0
0.84 0.0
0.91 0.0
0.98 0.0
1.05 0.0
1.12 0.0
1.19 0.0
1.26 0.0
1.33 0.0
1.4 0.0
1.47 0.0
1.54 0.0
1.61 0.0
1.68 0.0
1.75 0.0
1.82 0.0
1.89 0.0
1.96 0.0
2.03 0.0
2.1 0.0
2.17 0.0
2.24 0.0
2.31 0.0
2.38 0.0
2.45 0.0
2.52 0.0
2.59 0.0
2.66 0.0
2.73 0.0
2.8 0.0
2.87 0.0
2.94 0.0
3.01 0.0
3.08 0.0
3.15 0.0
3.22 0.0
3.29 0.0
3.36 0.0
3.43 0.0
3.5 0.0
3.57 0.0
3.64 0.0
3.71 0.0
3.78 0.0
3.85 0.0
3.92 0.0
3.99 0.0583070651521
4.06 0.506435143508
4.13 0.407985969044
4.2 0.379795213157
4.27 0.320843860052
4.34 0.295348299539
4.41 0.263866800637
4.48 0.327724417013
4.55 0.303225526338
4.62 0.456366367444
4.69 0.576731656889
4.76 0.528264164657
4.83 0.503266535439
4.9 0.449622976377
4.97 0.421422912384
5.04 0.441354427467
5.11 0.476944694015
5.18 0.400689622268
5.25 0.748744335398
5.32 0.610791452736
5.39 0.642208248717
5.46 0.581055470878
5.53 0.553253188403
5.6 0.48389885767
5.67 0.438804644368
5.74 0.384463726736
5.81 0.545968020117
5.88 0.604195160544
5.95 0.564192518705
6.02 0.50522374542
6.09 0.513923397844
6.16 0.489734842831
6.23 0.472059051646
6.3 0.465148851255
6.37 0.570744297685
6.44 0.606695878168
6.51 0.543524407942
6.58 0.548455355221
6.65 0.558383432892
6.72 0.583726481297
6.79 0.542863818082
6.86 0.49591649317
6.93 0.453298710746
7.0 0.718227414297
7.07 0.497606997109
7.14 0.445477852834
7.21 0.439612854774
7.28 0.404028520304
7.35 0.420404716846
7.42 0.469030029804
7.49 0.378688101468
7.56 0.754698284953
7.63 0.516411077901
7.7 0.396481353753
7.77 0.362936049823
7.84 0.339808767194
7.91 0.345134156721
7.98 0.325962653198
8.05 0.297098380155
8.12 0.418495938982
8.19 0.476899719922
8.26 0.407527539231
8.33 0.309169298334
8.4 0.314398346715
8.47 0.303440084939
8.54 0.320685626513
8.61 0.326228436063
8.68 0.620428663444
8.75 0.529105530239
8.82 0.449844732359
8.89 0.363017121097
8.96 0.296248308725
9.03 0.310875156971
9.1 0.279475559211
9.17 0.300637996217
9.24 0.816900657632
9.31 0.800722259729
9.38 0.738665077367
9.45 0.612258615884
9.52 0.86587587842
9.59 0.721475767547
9.66 0.794040462755
9.73 0.721093885019
9.8 0.512009869792
9.87 0.407085066371
9.94 0.303290782034
10.01 0.675002533928
10.08 0.601930344845
10.15 0.680257873747
10.22 0.559742438804
10.29 0.489442700669
10.36 0.45880459466
10.43 0.696663674134
10.5 0.658469421458
10.57 0.565903625167
10.64 0.424040008179
10.71 0.150657072883
10.78 0.225511998705
10.85 0.741655167467
10.92 0.496327226015
10.99 0.396223651861
11.06 0.691277902094
11.13 0.764114050703
11.2 0.792146057034
11.27 0.687211784341
11.34 0.6665017659
11.41 0.460409226244
11.48 0.392896531744
11.55 0.207738503523
11.62 0.666923083463
11.69 0.734623488111
11.76 0.677708716937
11.83 0.669799412237
11.9 0.632864651881
11.97 0.742012630357
12.04 0.56097741111
12.11 0.497001776618
12.18 0.325655598841
12.25 0.191553972789
12.32 0.145183801266
12.39 0.790119863309
12.46 0.674913852459
12.53 0.673387733268
12.6 0.74939181559
12.67 0.664751707904
12.74 0.660391064413
12.81 0.790439982094
12.88 0.676624089467
12.95 0.493842971464
13.02 0.496575584458
13.09 0.18293540719
13.16 0.705387006806
13.23 0.760106586451
13.3 0.648677518644
13.37 0.61407948984
13.44 0.391897775216
13.51 0.337596756328
13.58 0.859034353577
13.65 0.770544281444
13.72 0.730062750057
13.79 0.620243138949
13.86 0.715831186652
13.93 0.537016923042
14.0 0.789505365816
14.07 0.66291632043
14.14 0.594119544323
14.21 0.619088604559
14.28 0.605878082563
14.35 0.904816663998
14.42 0.681008157318
14.49 0.676045327235
14.56 0.589189993825
14.63 0.576212467093
14.7 0.600329832918
14.77 0.784544261917
14.84 0.675383749167
14.91 0.631468051631
14.98 0.431296948195
15.05 0.458492880596
15.12 0.602370916217
15.19 0.507268604835
15.26 0.327572688119
15.33 0.207062598551
15.4 0.159102952216
15.47 0.520705989264
15.54 0.812381924804
15.61 0.732116069329
15.68 0.689804676802
15.75 0.638174652782
15.82 0.601287578083
15.89 0.755343917378
15.96 0.758950314567
16.03 0.668884348068
16.1 0.60987887676
16.17 0.583060847191
16.24 0.601995576507
16.31 0.811457990791
16.38 0.67747499218
16.45 0.645015626264
16.52 0.581950543263
16.59 0.523450715235
16.66 0.464409149574
16.73 0.671129762928
16.8 0.398514447973
16.87 0.333724111152
16.94 0.150085732819
17.01 0.119230195478
17.08 0.559814723645
17.15 0.338378210175
17.22 0.232609265988
17.29 0.40462972717
17.36 0.291821853936
17.43 0.373896989235
17.5 0.435233964062
17.57 0.33527786908
17.64 0.500652113038
17.71 0.40112057027
17.78 0.378315252778
17.85 0.537790301571
17.92 0.268222790075
17.99 0.339013232435
18.06 0.491678049656
18.13 0.254769093843
18.2 0.664701478916
18.27 0.491444029426
18.34 0.366292901022
18.41 0.519224312598
18.48 0.289597612753
18.55 0.491367989675
18.62 0.363966126484
18.69 0.267256033691
18.76 0.340774054695
18.83 0.278140294339
18.9 0.343957131043
18.97 0.575046263642
19.04 0.283016591847
19.11 0.334786014066
19.18 0.517222446617
19.25 0.36922552234
19.32 0.565338965053
19.39 0.450262604622
19.46 0.397543087017
19.53 0.47128883284
19.6 0.290932344643
19.67 0.602533601643
19.74 0.511949413765
19.81 0.384410198065
19.88 0.426863112238
19.95 0.259808124844
20.02 0.347734467108
20.09 0.714465307106
20.16 0.541191456747
20.23 0.581088869218
20.3 0.58395738563
20.37 0.593672396204
20.44 0.804814940359
20.51 0.667248591449
20.58 0.678484787239
20.65 0.665665947859
20.72 0.512310340333
20.79 0.754851144843
20.86 0.561327115361
20.93 0.531938796305
21.0 0.520554261785
21.07 0.496677269565
21.14 0.618444983894
21.21 0.648568968387
21.28 0.516837490605
21.35 0.605475962259
21.42 0.456608238206
21.49 0.563930421476
21.56 0.648688333803
21.63 0.591680687989
21.7 0.590192246547
21.77 0.468972231619
21.84 0.375950031413
21.91 0.834616193463
21.98 0.579711552466
22.05 0.424875438855
22.12 0.306000968772
22.19 0.317172290579
22.26 0.460096433492
22.33 0.684270048601
22.4 0.364381421488
22.47 0.343423160531
22.54 0.23080590552
22.61 0.263479863967
22.68 0.581601878115
22.75 0.431352680896
22.82 0.41430063876
22.89 0.320807823662
22.96 0.146315862747
23.03 0.471392562223
23.1 0.370628278041
23.17 0.288680722024
23.24 0.689580477867
23.31 0.729199113732
23.38 0.675378842054
23.45 0.585473969103
23.52 0.355171675311
23.59 0.509219417615
23.66 0.510249057428
23.73 0.569198769173
23.8 0.602895064021
23.87 0.367275817938
23.94 0.483028175234
24.01 0.534254701962
24.08 0.303947773909
24.15 0.652862068741
24.22 0.496935435166
24.29 0.39633594996
24.36 0.584868610065
24.43 0.380835275107
24.5 0.479912632127
24.57 0.338883029241
24.64 0.301843057895
24.71 0.407896566564
24.78 0.300369889153
24.85 0.319311470897
24.92 0.60814855466
24.99 0.371848917788
25.06 0.529040842869
25.13 0.634848484116
25.2 0.358285331067
25.27 0.519485930566
25.34 0.458387860463
25.41 0.379900954301
25.48 0.528821997791
25.55 0.338960765487
25.62 0.596464783799
25.69 0.544032728857
25.76 0.372686616112
25.83 0.433943369327
25.9 0.277514850209
25.97 0.42378593396
26.04 0.811409565744
26.11 0.601581005341
26.18 0.681696257265
26.25 0.644075424274
26.32 0.580429659174
26.39 0.761309981323
26.46 0.648460061865
26.53 0.587074512133
26.6 0.626891965949
26.67 0.581481494802
26.74 0.813406786155
26.81 0.60019020145
26.88 0.590720622866
26.95 0.640881340499
27.02 0.581641498352
27.09 0.667170889132
27.16 0.606000177923
27.23 0.459100464871
27.3 0.584202445804
27.37 0.553721818395
27.44 0.581185538353
27.51 0.548516549224
27.58 0.242538528379
27.65 0.421183068934
27.72 0.380776881735
27.79 0.22485108227
27.86 0.559410132113
27.93 0.294299746629
28.0 0.26122347985
28.07 0.322643577296
28.14 0.115395475456
28.21 0.549640900133
28.28 0.462072712081
28.35 0.207240785704
28.42 0.743730405461
28.49 0.649048177441
28.56 0.672019485697
28.63 0.833249184334
28.7 0.554789859795
28.77 0.520961860355
28.84 0.344883045714
28.91 0.40502461899
28.98 0.637207876605
29.05 0.705574475202
29.12 0.571196197405
29.19 0.50412329813
29.26 0.434292697521
29.33 0.842620708312
29.4 0.787108036862
29.47 0.530780904267
29.54 0.598294903655
29.61 0.7520615395
29.68 0.816103089907
29.75 0.608333106498
29.82 0.41967443637
29.89 0.508929100599
29.96 0.602924861549
30.03 0.610840375422
30.1 0.612482459969
30.17 0.491209307978
30.24 0.534636166021
30.31 0.265472393568
30.38 0.23592057194
30.45 0.734332722937
30.52 0.609508151518
30.59 0.617552758794
30.66 0.537877910007
30.73 0.460522321696
30.8 0.762906640792
30.87 0.497099197866
30.94 0.41468428847
31.01 0.596497881011
31.08 0.57330581205
31.15 0.494137535374
31.22 0.632770773481
31.29 0.585806079283
31.36 0.550837897804
31.43 0.526966796664
31.5 0.612183206664
31.57 0.679713076767
31.64 0.464774136421
31.71 0.54579112937
31.78 0.577442310328
31.85 0.590283577377
31.92 0.617903290087
31.99 0.383797384343
32.06 0.404649079941
32.13 0.528182074072
32.2 0.335498666542
32.27 0.785659496992
32.34 0.610307818656
32.41 0.56960706472
32.48 0.576619491682
32.55 0.279316779966
32.62 0.466506368492
32.69 0.502907152682
32.76 0.402063230764
32.83 0.539631307272
32.9 0.603478866258
32.97 0.575524306355
33.04 0.601454934527
33.11 0.460983641207
33.18 0.594995090045
33.25 0.459947276203
33.32 0.427601460964
33.39 0.600707530756
33.46 0.541702674428
33.53 0.486474106579
33.6 0.401934608138
33.67 0.238669677697
33.74 0.615968278748
33.81 0.376174074837
33.88 0.395948727713
33.95 0.514553129866
34.02 0.448100989566
34.09 0.761342464969
34.16 0.541394288322
34.23 0.449681400851
34.3 0.573759531261
34.37 0.414536194318
34.44 0.431848975073
34.51 0.563122068281
34.58 0.489707556116
34.65 0.590427034441
34.72 0.264704542787
34.79 0.427045723002
34.86 0.442944429605
34.93 0.31227890088
35.0 0.434258096084
35.07 0.447161796991
35.14 0.618477693739
35.21 0.53545171377
35.28 0.36698516445
35.35 0.629347247186
35.42 0.460101327881
35.49 0.419661210774
35.56 0.516520564059
35.63 0.255178265912
35.7 0.373731026745
35.77 0.359169024209
35.84 0.309782161537
35.91 0.655508484217
35.98 0.435516101142
36.05 0.485984527696
36.12 0.473663107835
36.19 0.297381963498
36.26 0.601004695959
36.33 0.331573001643
36.4 0.3106320718
36.47 0.440107637656
36.54 0.240244007046
36.61 0.619832688853
36.68 0.521352380871
36.75 0.369594929971
36.82 0.520044166618
36.89 0.42271865881
36.96 0.389291794293
37.03 0.507251309065
37.1 0.398980192509
37.17 0.536758063292
37.24 0.3885846526
37.31 0.416631684225
37.38 0.735518714593
37.45 0.486385550933
37.52 0.493614320642
37.59 0.492131247195
37.66 0.286323508117
37.73 0.57386019847
37.8 0.618837752267
37.87 0.557866442885
37.94 0.56166130092
38.01 0.521886239697
38.08 0.85402326951
38.15 0.618028174768
38.22 0.462400476405
38.29 0.395495449591
38.36 0.217162580687
38.43 0.270906251356
38.5 0.543496770618
38.57 0.495493062056
38.64 0.545167583901
38.71 0.427886093307
38.78 0.429292486576
38.85 0.82408700506
38.92 0.509969224754
38.99 0.476131466224
39.06 0.398280060169
39.13 0.231239822388
39.2 0.649918994183
39.27 0.568223757926
39.34 0.460120420523
39.41 0.68606855992
39.48 0.518298929495
39.55 0.570428577065
39.62 0.690023029897
39.69 0.549018554935
39.76 0.541010738988
39.83 0.455372539234
39.9 0.498155010362
39.97 0.554271717585
40.04 0.392090632812
40.11 0.568813083669
40.18 0.53576452066
40.25 0.474168636602
40.32 0.58709217265
40.39 0.342266727479
40.46 0.354514416237
40.53 0.387136630161
40.6 0.218483756165
40.67 0.666308564764
40.74 0.269871425922
40.81 0.300748296692
40.88 0.385392263906
40.95 0.153197120926
41.02 0.625434181593
41.09 0.43051796699
41.16 0.229364239283
41.23 0.39009720831
41.3 0.164511322988
41.37 0.573261034468
41.44 0.300510934367
41.51 0.210444840631
41.58 0.345525558001
41.65 0.312062890362
41.72 0.513031093574
41.79 0.49047147951
41.86 0.427081346578
41.93 0.503320766742
42.0 0.234935972666
42.07 0.328999251305
42.14 0.72957927573
42.21 0.60103327201
42.28 0.591084588988
42.35 0.539864889241
42.42 0.487545900061
42.49 0.745145329274
42.56 0.481791461193
42.63 0.524836964036
42.7 0.531872411026
42.77 0.467109975899
42.84 0.64814916636
42.91 0.487212025526
42.98 0.537928643701
43.05 0.473771537924
43.12 0.450631315277
43.19 0.616719141955
43.26 0.557339761648
43.33 0.470639716944
43.4 0.451611591315
43.47 0.456244194328
43.54 0.677131227077
43.61 0.515920015999
43.68 0.476681321588
43.75 0.525774879998
43.82 0.371092769998
43.89 0.441403787
43.96 0.519527153991
44.03 0.421814336285
44.1 0.449900261481
44.17 0.433603962803
44.24 0.426682265829
44.31 0.706427426434
44.38 0.474573768185
44.45 0.363512060905
44.52 0.647016885747
44.59 0.486515493998
44.66 0.619273470248
44.73 0.586587968564
44.8 0.446569953366
44.87 0.328139946699
44.94 0.460441948813
45.01 0.563782048816
45.08 0.676058251703
45.15 0.574578921572
45.22 0.483549945117
45.29 0.376132620972
45.36 0.466809690559
45.43 0.518030638645
45.5 0.276456867613
45.57 0.356271585377
45.64 0.273503656495
45.71 0.286938927373
45.78 0.522193165403
45.85 0.277267102504
45.92 0.358795752809
45.99 0.30991060179
46.06 0.202543014648
46.13 0.554845066582
46.2 0.275062044442
46.27 0.246802525354
46.34 0.282313979796
46.41 0.179468529783
46.48 0.465996667761
46.55 0.330130987625
46.62 0.28082674428
46.69 0.396440824478
46.76 0.251303726316
46.83 0.522302562495
46.9 0.332888741267
46.97 0.279138999972
47.04 0.343049373114
47.11 0.334079877546
47.18 0.473813731179
47.25 0.422664226756
47.32 0.186811715383
47.39 0.26578254827
47.46 0.153961324242
47.53 0.294534610866
47.6 0.592834203069
47.67 0.186398661167
47.74 0.389300621724
47.81 0.396518289285
47.88 0.123404008172
47.95 0.765631905134
48.02 0.767649808651
48.09 0.641262637735
48.16 0.714647618156
48.23 0.615894226724
48.3 0.783670474894
48.37 0.679941140884
48.44 0.597718912366
48.51 0.694029754759
48.58 0.596268431422
48.65 0.747763650787
48.72 0.595691907151
48.79 0.630611577344
48.86 0.727303685872
48.93 0.618668842117
49.0 0.765661571183
49.07 0.728486725626
49.14 0.624507415846
49.21 0.711282758086
49.28 0.665222655026
49.35 0.543742612593
49.42 0.782240969703
49.49 0.662971496115
49.56 0.655242943103
49.63 0.575203617831
49.7 0.520632953724
49.77 0.743720977187
49.84 0.482069478617
49.91 0.504027799577
49.98 0.47474262744
50.05 0.446676951331
50.12 0.715645462818
50.19 0.481014741982
50.26 0.426331443305
50.33 0.7190445822
50.4 0.270858295673
50.47 0.760694058773
50.54 0.699291402714
50.61 0.448981657291
50.68 0.545353511314
50.75 0.424463478878
50.82 0.577133672575
50.89 0.526129047445
50.96 0.556426426491
51.03 0.612090824007
51.1 0.495104004767
51.17 0.66612642619
51.24 0.413884232551
51.31 0.234335874177
51.38 0.39404886069
51.45 0.309640538101
51.52 0.460589215923
51.59 0.57527352051
51.66 0.232362205364
51.73 0.376977871528
51.8 0.374149559228
51.87 0.206457530744
51.94 0.664993929275
52.01 0.2995378444
52.08 0.325873081068
52.15 0.363666799663
52.22 0.16910988158
52.29 0.671975865973
52.36 0.429943806502
52.43 0.447734504148
52.5 0.370920160074
52.57 0.405338291092
52.64 0.678836547077
52.71 0.403241868113
52.78 0.257136505101
52.85 0.528176233887
52.92 0.291677732411
52.99 0.512538116046
53.06 0.628228716669
53.13 0.241919112462
53.2 0.43818320538
53.27 0.33787045193
53.34 0.691353376346
53.41 0.761247469709
53.48 0.622131284603
53.55 0.607449550489
53.62 0.442338961708
53.69 0.237328264443
53.76 0.764655255354
53.83 0.559838412376
53.9 0.597800853093
53.97 0.486101030276
54.04 0.29488134625
54.11 0.759419890355
54.18 0.670254275169
54.25 0.647455709729
54.32 0.645094728189
54.39 0.438909490611
54.46 0.645237461415
54.53 0.440078973953
54.6 0.401330757567
54.67 0.520081086599
54.74 0.529163348216
54.81 0.627826910217
54.88 0.608602187633
54.95 0.589162489393
55.02 0.590715929229
55.09 0.324282476674
55.16 0.562819250922
55.23 0.602906713289
55.3 0.688728352263
55.37 0.636703177708
55.44 0.458478515522
55.51 0.379414277839
55.58 0.539554265175
55.65 0.388812829817
55.72 0.306832330686
55.79 0.437153487811
55.86 0.333845676357
55.93 0.693169959583
56.0 0.324709850725
56.07 0.276187404766
56.14 0.426256004396
56.21 0.322222461899
56.28 0.506727288498
56.35 0.409795407208
56.42 0.35115026728
56.49 0.376765334584
56.56 0.279569854667
56.63 0.566704050074
56.7 0.766054813161
56.77 0.629953717428
56.84 0.763208909618
56.91 0.535879077925
56.98 0.430652721033
57.05 0.821250497275
57.12 0.659811964296
57.19 0.648738981259
57.26 0.356731973229
57.33 0.253118494302
57.4 0.663103630486
57.47 0.571411475602
57.54 0.587296365664
57.61 0.550329123076
57.68 0.358975827313
57.75 0.550096988783
57.82 0.528794408534
57.89 0.619364350093
57.96 0.550731791913
58.03 0.242568690653
58.1 0.644343884774
58.17 0.795975092383
58.24 0.586327999023
58.31 0.593183101484
58.38 0.526324757982
58.45 0.56084517919
58.52 0.500508885
58.59 0.29351565756
58.66 0.400819035178
58.73 0.353100370359
58.8 0.538004026061
58.87 0.483133239194
58.94 0.348137097774
59.01 0.397326591585
59.08 0.429276087121
59.15 0.37544131889
59.22 0.416006165166
59.29 0.297347002969
59.36 0.406590465862
59.43 0.214255398317
59.5 0.320510464777
59.57 0.808923987927
59.64 0.630729058237
59.71 0.621215030059
59.78 0.609388944441
59.85 0.632532233504
59.92 0.967835456708
59.99 0.767338507401
60.06 0.816072363547
60.13 0.738931403111
60.2 0.651738577388
60.27 0.747540800566
60.34 0.689075971238
60.41 0.653854269728
60.48 0.528956867761
60.55 0.480457938056
60.62 0.777966793755
60.69 0.672052817591
60.76 0.636545861689
60.83 0.502812895397
60.9 0.538156983499
60.97 0.757216812951
61.04 0.808338877975
61.11 0.69087307588
61.18 0.841366121692
61.25 0.670675697349
61.32 0.714945214551
61.39 0.836058230101
61.46 0.683295502476
61.53 0.777659814327
61.6 0.669316318208
61.67 0.52518996797
61.74 0.700214215625
61.81 0.499905973156
61.88 0.539848040214
61.95 0.771678004077
62.02 0.330310136125
62.09 0.715527843379
62.16 0.710543124264
62.23 0.406031726517
62.3 0.624979228181
62.37 0.505006656214
62.44 0.479092735695
62.51 0.669470966487
62.58 0.455194096194
62.65 0.313880184713
62.72 0.403955199187
62.79 0.545996273834
62.86 0.891431172536
62.93 0.601139431623
63.0 0.493909718662
63.07 0.419098999269
63.14 0.251267893506
63.21 0.556323474668
63.28 0.670780470077
63.35 0.595997561899
63.42 0.336551135528
63.49 0.284909790229
63.56 0.468339132054
63.63 0.82466562309
63.7 0.529952399534
63.77 0.402327869908
63.84 0.358460420702
63.91 0.157006369483
63.98 0.388345424129
64.05 0.563142051583
64.12 0.460371670077
64.19 0.314241287999
64.26 0.544409383351
64.33 0.725957191613
64.4 0.863290883145
64.47 0.575074793039
64.54 0.409186717383
64.61 0.371846607727
64.68 0.199819538695
64.75 0.588251707461
64.82 0.56476771971
64.89 0.26315438567
64.96 0.401825454211
65.03 0.389793742041
65.1 0.622973368367
65.17 0.600952852473
65.24 0.469606973958
65.31 0.237666435352
65.38 0.120040368164
65.45 0.217981872036
65.52 0.700524343466
65.59 0.684895850409
65.66 0.711305785183
65.73 0.82566810484
65.8 0.74212831862
65.87 0.799154248412
65.94 0.664513600534
66.01 0.649500892892
66.08 0.642608444913
66.15 0.449345655929
66.22 0.440192712659
66.29 0.769086987657
66.36 0.850601574016
66.43 0.739433838601
66.5 0.76233770551
66.57 0.665069226809
66.64 0.769581134354
66.71 0.708986749492
66.78 0.580017259522
66.85 0.423504770951
66.92 0.371056315139
66.99 0.337771624005
67.06 0.614196767153
67.13 0.580758572874
67.2 0.500986652034
67.27 0.773128773425
67.34 0.718653998065
67.41 0.698083779327
67.48 0.730513384474
67.55 0.627545013473
67.62 0.578914916399
67.69 0.511788371112
67.76 0.38894068902
67.83 0.67132905307
67.9 0.672808430985
67.97 0.634581584391
68.04 0.666395211852
68.11 0.667570673927
68.18 0.663177638684
68.25 0.588288982292
68.32 0.519805438613
68.39 0.365770401646
68.46 0.390578919695
68.53 0.364866175255
68.6 0.616077371885
68.67 0.879360997988
68.74 0.918340551313
68.81 0.973551570331
68.88 0.793587576241
68.95 0.729621555223
69.02 0.700539575167
69.09 0.703161838205
69.16 0.611454006289
69.23 0.534249068184
69.3 0.332306200092
69.37 0.603417622774
69.44 0.790926966753
69.51 0.737650411953
69.58 0.768676980064
69.65 0.745694733653
69.72 0.634616887047
69.79 0.496880858909
69.86 0.438094437673
69.93 0.321266212477
70.0 0.20472775435
70.07 0.208053292485
70.14 0.662200986077
70.21 0.812199192457
70.28 0.676101728639
70.35 0.681478418773
70.42 0.713695823448
70.49 0.716761867061
70.56 0.630517539191
70.63 0.600491025428
70.7 0.652438928859
70.77 0.641362651794
70.84 0.311761370822
70.91 0.79728317233
70.98 0.783342648365
71.05 0.825298629348
71.12 0.746148649375
71.19 0.692009553904
71.26 0.680176454692
71.33 0.654221778698
71.4 0.752243526802
71.47 0.269253224414
71.54 0.247120090914
71.61 0.184419525396
71.68 0.599309185944
71.75 0.807755574791
71.82 0.747790261731
71.89 0.684695843498
71.96 0.725824645842
72.03 0.726754297044
72.1 0.893056378368
72.17 0.852162698975
72.24 0.841127430445
72.31 0.83605762219
72.38 0.692803212622
72.45 0.699879652596
72.52 0.786853585172
72.59 0.670868149201
72.66 0.643794901691
72.73 0.678276495775
72.8 0.760195659528
72.87 0.852413268518
72.94 0.894630367003
73.01 0.841307545947
73.08 0.75007626383
73.15 0.642926327151
73.22 0.751063506809
73.29 0.627177397058
73.36 0.682941285547
73.43 0.676334384603
73.5 0.634171137123
73.57 0.877633533068
73.64 0.815992779535
73.71 0.846578681552
73.78 0.693761647696
73.85 0.450993468976
73.92 0.707041663798
73.99 0.472978566288
74.06 0.315123582946
74.13 0.181629840884
74.2 0.155380463847
74.27 0.54586721012
74.34 0.526340019372
74.41 0.641081468992
74.48 0.584814636064
74.55 0.463809989813
74.62 0.384971483566
74.69 0.33984278334
74.76 0.36280739044
74.83 0.357087383359
74.9 0.268794278583
74.97 0.416535914232
75.04 0.631692363666
75.11 0.605645165055
75.18 0.627225930964
75.25 0.382119869903
75.32 0.293866454636
75.39 0.552958949655
75.46 0.463059235464
75.53 0.525338682757
75.6 0.423586611302
75.67 0.131572342272
75.74 0.556788346922
75.81 0.673277760781
75.88 0.687705068652
75.95 0.559811797191
76.02 0.152502030005
76.09 0.504260189757
76.16 0.333480611754
76.23 0.183464685479
76.3 0.49844093911
76.37 0.449732213715
76.44 0.496729487693
76.51 0.431944149879
76.58 0.223046357537
76.65 0.50787988747
76.72 0.470050174898
76.79 0.439324150843
76.86 0.654009128655
76.93 0.652440192748
77.0 0.534961163644
77.07 0.438308966584
77.14 0.141090852025
77.21 0.4850117021
77.28 0.478550715312
77.35 0.55173799747
77.42 0.531366069355
77.49 0.195256916118
77.56 0.455071668604
77.63 0.567234026753
77.7 0.408446512408
77.77 0.407736742561
77.84 0.370722993379
77.91 0.330804812977
77.98 0.614484234057
78.05 0.49657086396
78.12 0.627481803468
78.19 0.395610244365
78.26 0.151539448414
78.33 0.565588417736
78.4 0.401247284339
78.47 0.343403209745
78.54 0.416331258924
78.61 0.118462630274
78.68 0.568618799602
78.75 0.672603183317
78.82 0.756196047223
78.89 0.675387243948
78.96 0.277427566934
79.03 0.224811836677
79.1 0.578197826174
79.17 0.471640292963
79.24 0.428549603966
79.31 0.389546675761
79.38 0.34665873917
79.45 0.536511556856
79.52 0.295477411321
79.59 0.279603303901
79.66 0.445993638329
79.73 0.404090719481
79.8 0.713086744843
79.87 0.574524859919
79.94 0.509906686278
80.01 0.493198684925
80.08 0.25856148065
80.15 0.378665699246
80.22 0.48209187377
80.29 0.526595327791
80.36 0.578843872827
80.43 0.282923225222
80.5 0.118133654369
80.57 0.620464305399
80.64 0.528529005967
80.71 0.494032119391
80.78 0.488417015103
80.85 0.366453137839
80.92 0.526253232322
80.99 0.512351765923
81.06 0.59556314315
81.13 0.603550919245
81.2 0.285231383551
81.27 0.53275722951
81.34 0.46682824315
81.41 0.444325392409
81.48 0.486864207213
81.55 0.329320837559
81.62 0.577399473819
81.69 0.61282878254
81.76 0.648824641553
81.83 0.646929633575
81.9 0.35171460506
81.97 0.363126150614
82.04 0.547557162698
82.11 0.327349512736
82.18 0.372143353047
82.25 0.475296675975
82.32 0.240378864292
82.39 0.662569339054
82.46 0.56732368088
82.53 0.566987152743
82.6 0.544255010753
82.67 0.468424403567
82.74 0.654159571039
82.81 0.544307128505
82.88 0.413076477371
82.95 0.357985034417
83.02 0.23334677919
83.09 0.398732248293
83.16 0.394594525711
83.23 0.269572876662
83.3 0.303256334695
83.37 0.170668046155
83.44 0.14544440982
83.51 0.698371264609
83.58 0.560029101286
83.65 0.478890386206
83.72 0.286741353519
83.79 0.213920173654
83.86 0.582936679279
83.93 0.478838812746
84.0 0.43333575395
84.07 0.419157303574
84.14 0.198493552239
84.21 0.451457159339
84.28 0.488159701992
84.35 0.430928340744
84.42 0.485406422856
84.49 0.387602380352
84.56 0.421743913347
84.63 0.480644520033
84.7 0.249543646273
84.77 0.269866981104
84.84 0.131521682092
84.91 0.211551212931
84.98 0.760742198244
85.05 0.783392909869
85.12 0.708706938023
85.19 0.347117781135
85.26 0.944284713277
85.33 0.857135155256
85.4 0.716529732768
85.47 0.568103414197
85.54 0.366773307519
85.61 0.210049776334
85.68 0.395783672849
85.75 0.607779770491
85.82 0.74242891357
85.89 0.578757644207
85.96 0.460418836891
86.03 0.750470102409
86.1 0.891438454742
86.17 0.76832765611
86.24 0.626000446308
86.31 0.547463903519
86.38 0.359739858152
86.45 0.157607779929
86.52 0.674279456488
86.59 0.560770202576
86.66 0.457896906005
86.73 0.423404976023
86.8 0.347625040327
86.87 0.563424067081
86.94 0.543661211917
87.01 0.528232168754
87.08 0.505329237745
87.15 0.262859725626
87.22 0.54508161541
87.29 0.562498047793
87.36 0.510021762388
87.43 0.60279406034
87.5 0.358161732895
87.57 0.494904110956
87.64 0.770626577021
87.71 0.779773998199
87.78 0.689052917279
87.85 0.363272572305
87.92 0.309850363479
87.99 0.564824542409
88.06 0.354884619807
88.13 0.349017511025
88.2 0.479357309807
88.27 0.44313286359
88.34 0.564973746352
88.41 0.322281255361
88.48 0.283305185506
88.55 0.50027495525
88.62 0.367323490872
88.69 0.468326306548
88.76 0.614080906414
88.83 0.554321400866
88.9 0.591244633536
88.97 0.279489757464
89.04 0.42378043166
89.11 0.498904431548
89.18 0.513153637091
89.25 0.592405616023
89.32 0.325311925631
89.39 0.252227301237
89.46 0.659701468723
89.53 0.77523062943
89.6 0.750871942791
89.67 0.539204180626
89.74 0.406220597349
89.81 0.671797806058
89.88 0.635349521411
89.95 0.635922866168
90.02 0.499033065484
90.09 0.278597563467
90.16 0.53219375977
90.23 0.597718178632
90.3 0.507348072921
90.37 0.534581685898
90.44 0.485805362231
90.51 0.520948501867
90.58 0.528079857397
90.65 0.378106274234
90.72 0.487602196847
90.79 0.377230597033
90.86 0.336097892749
90.93 0.647138993831
91.0 0.393641549111
91.07 0.40956064052
91.14 0.506345468175
91.21 0.467044689102
91.28 0.603449883048
91.35 0.380704131771
91.42 0.287089169005
91.49 0.485289935827
91.56 0.386461348651
91.63 0.550204159225
91.7 0.414411606523
91.77 0.22840617037
91.84 0.407824112074
91.91 0.219141825316
91.98 0.43033996928
92.05 0.495176633149
92.12 0.170054601902
92.19 0.418213099269
92.26 0.278127330287
92.33 0.300059670833
92.4 0.692539756783
92.47 0.493538180515
92.54 0.534942548848
92.61 0.396601000504
92.68 0.378204659657
92.75 0.783206418371
92.82 0.589184022161
92.89 0.581718871265
92.96 0.541463199965
93.03 0.373130285002
93.1 0.742167002956
93.17 0.778922701051
93.24 0.678264057637
93.31 0.605823494996
93.38 0.412156843974
93.45 0.510119915957
93.52 0.680267785521
93.59 0.5756915087
93.66 0.657086189592
93.73 0.415288328483
93.8 0.372941760537
93.87 0.599603484069
93.94 0.381961719775
94.01 0.424916920995
94.08 0.513128191074
94.15 0.403064271906
94.22 0.514853727644
94.29 0.325494741389
94.36 0.368776707415
94.43 0.387042863446
94.5 0.266999508036
94.57 0.539213558004
94.64 0.340334303296
94.71 0.277763020624
94.78 0.408888712416
94.85 0.351183739135
94.92 0.560067893067
94.99 0.303953288933
95.06 0.21400380805
95.13 0.350346544104
95.2 0.180814457129
95.27 0.364974711375
95.34 0.639298756286
95.41 0.459423206155
95.48 0.484785371236
95.55 0.342004002547
95.62 0.358414147376
95.69 0.635610029589
95.76 0.500560714348
95.83 0.413133158696
95.9 0.355806639607
95.97 0.261997300881
96.04 0.487500230405
96.11 0.373241184906
96.18 0.268322727791
96.25 0.371252229255
96.32 0.44946421551
96.39 0.622298618426
96.46 0.484929755717
96.53 0.298452856425
96.6 0.393041613203
96.67 0.273309020405
96.74 0.374044520716
96.81 0.685795658843
96.88 0.619908991561
96.95 0.565757445228
97.02 0.365086110332
97.09 0.317274589251
97.16 0.660483765163
97.23 0.58835266873
97.3 0.548818272343
97.37 0.554352682827
97.44 0.498837755038
97.51 0.707408096907
97.58 0.42567549336
97.65 0.278812148928
97.72 0.33024038189
97.79 0.280076192096
97.86 0.599323070345
97.93 0.633581602145
98.0 0.201794560464
98.07 0.400952552193
98.14 0.410085475404
98.21 0.31977556135
98.28 0.815180028175
98.35 0.759700971367
98.42 0.705540518433
98.49 0.741427940288
98.56 0.735165032061
98.63 0.772483478885
98.7 0.775432810683
98.77 0.724112234492
98.84 0.56599294565
98.91 0.352146043632
98.98 0.444569913945
99.05 0.618384599968
99.12 0.543182380332
99.19 0.570054744408
99.26 0.644302838068
99.33 0.673830241472
99.4 0.585812736614
99.47 0.553426447236
99.54 0.48702690819
99.61 0.425863531496
99.68 0.417051370325
99.75 0.859640279527
99.82 0.835508649004
99.89 0.814970945014
99.96 0.663930454275
100.03 0.621302615875
100.1 0.717258800251
100.17 0.922434973678
100.24 0.843881030501
100.31 0.792263660922
100.38 0.729711965704
100.45 0.796451557356
100.52 0.800878755775
100.59 0.80807815208
100.66 0.756668374161
100.73 0.520940184799
100.8 0.600763503794
100.87 0.76139221611
100.94 0.726753594412
101.01 0.58241900926
101.08 0.343226726156
101.15 0.413477834251
101.22 0.769786359402
101.29 0.584224411178
101.36 0.489479106046
101.43 0.509736964638
101.5 0.407057820654
101.57 0.654080279672
101.64 0.689489149864
101.71 0.760076340766
101.78 0.696286001742
101.85 0.530538991092
101.92 0.563858392523
101.99 0.718637402098
102.06 0.351018482104
102.13 0.425866298197
102.2 0.426079930793
102.27 0.409396298183
102.34 0.657028443716
102.41 0.512965299241
102.48 0.473714634641
102.55 0.451604311936
102.62 0.489391718155
102.69 0.671323904206
102.76 0.61889238366
102.83 0.429328897609
102.9 0.439918843166
102.97 0.42894931666
103.04 0.621053173088
103.11 0.720772724303
103.18 0.566362825472
103.25 0.573066240039
103.32 0.596565674381
103.39 0.548825355212
103.46 0.562572170505
103.53 0.743956259893
103.6 0.60039760084
103.67 0.619174213958
103.74 0.539234046014
103.81 0.639256196871
103.88 0.540188860484
103.95 0.592244754329
104.02 0.546652041406
104.09 0.519573104982
104.16 0.546392023798
104.23 0.755512510849
104.3 1.0
104.37 0.789399522882
104.44 0.70275301533
104.51 0.704128798168
104.58 0.717245105292
104.65 0.736474151112
104.72 0.685615718645
104.79 0.709117981893
104.86 0.695326815969
104.93 0.652531024525
105.0 0.600863717191
105.07 0.855482549609
105.14 0.711304155134
105.21 0.620861163739
105.28 0.527200710863
105.35 0.365302279189
105.42 0.237552734817
105.49 0.0919178679416
105.56 0.0641001417029
105.63 0.0430232745116
105.7 0.0274026602614
105.77 0.0261156465455
105.84 0.0245964448146
105.91 0.0
105.98 0.0
106.05 0.0
106.12 0.0
106.19 0.0
106.26 0.0
106.33 0.0
106.4 0.0
106.47 0.0
106.54 0.0
106.61 0.0
106.68 0.0
106.75 0.0
106.82 0.0
106.89 0.0
106.96 0.0
107.03 0.0
107.1 0.0
107.17 0.0
107.24 0.0
107.31 0.0
107.38 0.0
107.45 0.0
107.52 0.0
107.59 0.0
107.66 0.0
107.73 0.0
107.8 0.0
107.87 0.0
107.94 0.0
108.01 0.0
108.08 0.0
108.15 0.0
108.22 0.0
108.29 0.0
108.36 0.0
108.43 0.0
108.5 0.0
108.57 0.0
108.64 0.0
108.71 0.0
108.78 0.0
108.85 0.0
108.92 0.0
108.99 0.0
109.06 0.0
109.13 0.0
109.2 0.0
109.27 0.0
109.34 0.0
109.41 0.0
109.48 0.0
109.55 0.0
109.62 0.0
109.69 0.0
109.76 0.0
109.83 0.0
109.9 0.0
109.97 0.0
110.04 0.0
110.11 0.0
110.18 0.0
110.25 0.0
110.32 0.0
110.39 0.0
110.46 0.0
110.53 0.0
110.6 0.0
110.67 0.0
110.74 0.0
110.81 0.0
110.88 0.0
110.95 0.0
111.02 0.0
111.09 0.0
111.16 0.0
111.23 0.0
111.3 0.0
111.37 0.0
111.44 0.0
111.51 0.0
111.58 0.0
111.65 0.0
111.72 0.0
111.79 0.0
111.86 0.0
111.93 0.0
112.0 0.0
112.07 0.0
112.14 0.0
112.21 0.0
112.28 0.0
112.35 0.0
112.42 0.0
112.49 0.0
112.56 0.0
112.63 0.0
112.7 0.0
112.77 0.0
112.84 0.0
112.91 0.0
112.98 0.0
113.05 0.0
113.12 0.0
113.19 0.0
113.26 0.0
113.33 0.0
113.4 0.0
113.47 0.0
113.54 0.0
113.61 0.0
113.68 0.0
113.75 0.0
113.82 0.0
113.89 0.0
113.96 0.0
114.03 0.0
114.1 0.0
114.17 0.0
114.24 0.0
114.31 0.0
114.38 0.0
114.45 0.0
114.52 0.0
114.59 0.0
114.66 0.0
114.73 0.0
114.8 0.0
