0.0 0.0
0.07 0.0
0.14 0.0
0.21 0.0
0.28 0.0
0.35 0.0
0.42 0.0
0.49 0.0
0.56 0.0
0.63 0.0
0.7 0.0
0.77 0.0
0.84 0.0
0.91 0.0
0.98 0.0
1.05 0.0
1.12 0.0
1.19 0.0
1.26 0.0
1.33 0.0
1.4 0.0
1.47 0.0
1.54 0.0
1.61 0.0
1.68 0.0
1.75 0.0
1.82 0.0
1.89 0.0
1.96 0.0
2.03 0.0
2.1 0.0
2.17 0.0
2.24 0.0
2.31 0.0
2.38 0.0
2.45 0.0
2.52 0.0
2.59 0.0
2.66 0.0
2.73 0.0
2.8 0.0
2.87 0.0
2.94 0.0
3.01 0.0
3.08 0.0
3.15 0.0
3.22 0.0
3.29 0.0
3.36 0.0
3.43 0.0
3.5 0.0
3.57 0.0
3.64 0.0
3.71 0.0
3.78 0.0
3.85 0.0
3.92 0.0
3.99 0.347935857145
4.06 0.480539792385
4.13 0.367845376978
4.2 0.3777329511
4.27 0.582684058307
4.34 0.498660739308
4.41 0.462274720337
4.48 0.447215438029
4.55 0.486501677124
4.62 0.494116678012
4.69 0.535722217905
4.76 0.182329395232
4.83 0.216632601973
4.9 0.845931283198
4.97 0.499559219415
5.04 0.441944926983
5.11 0.472200912523
5.18 0.293343649801
5.25 0.222744530372
5.32 0.786450235459
5.39 0.611293259685
5.46 0.527025969848
5.53 0.523626566739
5.6 0.506514814731
5.67 0.491260910928
5.74 0.710652139609
5.81 0.549060488025
5.88 0.524197456893
5.95 0.788603117332
6.02 0.658738707579
6.09 0.572098035162
6.16 0.559951750893
6.23 0.443325260942
6.3 0.334674125386
6.37 0.496850862276
6.44 0.508896019242
6.51 0.464397310681
6.58 0.65871203836
6.65 0.457166627182
6.72 0.366121045244
6.79 0.583966703879
6.86 0.327323013692
6.93 0.299128669736
7.0 0.579505388134
7.07 0.366603034743
7.14 0.331045557544
7.21 0.335389243756
7.28 0.321694636356
7.35 0.346005604007
7.42 0.635312353691
7.49 0.513574712567
7.56 0.40586483682
7.63 0.66202798947
7.7 0.553768392045
7.77 0.473461973997
7.84 0.543242688259
7.91 0.525441394332
7.98 0.457239856849
8.05 0.481399453672
8.12 0.487971963271
8.19 0.476867619023
8.26 0.63143830228
8.33 0.534454787549
8.4 0.501465795157
8.47 0.64015629504
8.54 0.387884449143
8.61 0.415754128772
8.68 0.6371684157
8.75 0.560863923717
8.82 0.578293547951
8.89 0.564157369418
8.96 0.583722166581
9.03 0.494333076765
9.1 0.645513344318
9.17 0.502255502916
9.24 0.420097185584
9.31 0.586046363681
9.38 0.456996645633
9.45 0.425191645706
9.52 0.399176440476
9.59 0.410295378135
9.66 0.398433792344
9.73 0.444355240183
9.8 0.467247126675
9.87 0.522446744595
9.94 0.633471894304
10.01 0.487668445718
10.08 0.427562140641
10.15 0.60218931635
10.22 0.397322267754
10.29 0.371947316958
10.36 0.683041490852
10.43 0.43891345623
10.5 0.458147371024
10.57 0.476323527225
10.64 0.456038273725
10.71 0.429384934491
10.78 0.657435479525
10.85 0.53427288971
10.92 0.368000970214
10.99 0.576045184933
11.06 0.526748380341
11.13 0.400398909932
11.2 0.40493024323
11.27 0.532441278827
11.34 0.46394445266
11.41 0.341663698564
11.48 0.582949167236
11.55 0.462025622056
11.62 0.480947975991
11.69 0.72947463481
11.76 0.551676743248
11.83 0.46976960556
11.9 0.591968821903
11.97 0.297280808382
12.04 0.60326462545
12.11 0.636560503773
12.18 0.609100976254
12.25 0.575175633377
12.32 0.582705219187
12.39 0.51012770833
12.46 0.62889184432
12.53 0.562248934774
12.6 0.440295726139
12.67 0.551626282688
12.74 0.724017565106
12.81 0.614331064594
12.88 0.604757041537
12.95 0.604245910793
13.02 0.627415175183
13.09 0.527875620411
13.16 0.488819864534
13.23 0.391148775302
13.3 0.430872878579
13.37 0.668646707919
13.44 0.388472298385
13.51 0.515123357995
13.58 0.489671878605
13.65 0.388678993519
13.72 0.545803687542
13.79 0.637841815667
13.86 0.402039868884
13.93 0.404411286216
14.0 0.360610797707
14.07 0.359747653013
14.14 0.480763843781
14.21 0.653545442426
14.28 0.519279036843
14.35 0.525263265301
14.42 0.626300084714
14.49 0.369873362997
14.56 0.384235191386
14.63 0.671750723594
14.7 0.52237189368
14.77 0.449036064788
14.84 0.433141064458
14.91 0.361114846609
14.98 0.346756478838
15.05 0.671467662643
15.12 0.418153393823
15.19 0.529662985523
15.26 0.514655982525
15.33 0.322922918
15.4 0.491452786935
15.47 0.748206849016
15.54 0.518290912738
15.61 0.521270350514
15.68 0.485124629069
15.75 0.523338118987
15.82 0.458774504626
15.89 0.585647961827
15.96 0.387934968302
16.03 0.451212618632
16.1 0.623112876397
16.17 0.347553049232
16.24 0.306898739722
16.31 0.351303638304
16.38 0.37826211851
16.45 0.364393403732
16.52 0.461985263374
16.59 0.448583140571
16.66 0.462105757765
16.73 0.657555978256
16.8 0.329882353744
16.87 0.501453305897
16.94 0.451330944846
17.01 0.403558319364
17.08 0.559226801938
17.15 0.426645237546
17.22 0.363030674539
17.29 0.388688406312
17.36 0.332701894487
17.43 0.339730124795
17.5 0.47902068212
17.57 0.466058359447
17.64 0.32110851905
17.71 0.395435206684
17.78 0.557075826715
17.85 0.331312215015
17.92 0.27350306669
17.99 0.273999049499
18.06 0.239728147283
18.13 0.229173582228
18.2 0.360542757339
18.27 0.351185256746
18.34 0.340141218835
18.41 0.692833108524
18.48 0.347285025528
18.55 0.373927225457
18.62 0.694307349042
18.69 0.408344200684
18.76 0.461981279703
18.83 0.713899848509
18.9 0.437749538387
18.97 0.378713002601
19.04 0.503040221048
19.11 0.401691528246
19.18 0.563761212788
19.25 0.700788066
19.32 0.648012959687
19.39 0.480498654549
19.46 0.658492387341
19.53 0.48103440028
19.6 0.496169419005
19.67 0.587684986255
19.74 0.521153916842
19.81 0.462081840545
19.88 0.531811056822
19.95 0.46359963775
20.02 0.437335775905
20.09 0.689020917418
20.16 0.464790353949
20.23 0.490794566373
20.3 0.554493498351
20.37 0.445858228028
20.44 0.397963027878
20.51 0.786169987277
20.58 0.465167278052
20.65 0.413722825378
20.72 0.565469257155
20.79 0.37069784622
20.86 0.373039282383
20.93 0.718445641742
21.0 0.489636293601
21.07 0.465380961702
21.14 0.77043969998
21.21 0.500053183802
21.28 0.517812435945
21.35 0.630423708627
21.42 0.622403514871
21.49 0.565652723069
21.56 0.733539883994
21.63 0.498506474324
21.7 0.508722591182
21.77 0.715932342338
21.84 0.400084340973
21.91 0.441497800847
21.98 0.45222843419
22.05 0.325530154348
22.12 0.597886170043
22.19 0.638788553432
22.26 0.553560459814
22.33 0.546510095226
22.4 0.465063744921
22.47 0.265252812933
22.54 0.388702962827
22.61 0.599510786285
22.68 0.333814671367
22.75 0.374685988414
22.82 0.576076282745
22.89 0.435040306598
22.96 0.477243879
23.03 0.459714355881
23.1 0.495899338897
23.17 0.43899919686
23.24 0.391103952218
23.31 0.357008000561
23.38 0.28895410959
23.45 0.549944533156
23.52 0.453301388464
23.59 0.310004666386
23.66 0.242118434695
23.73 0.213176588626
23.8 0.448961492762
23.87 0.446953526021
23.94 0.399542437969
24.01 0.433320787608
24.08 0.82389412371
24.15 0.513480990488
24.22 0.547793716368
24.29 0.792592745128
24.36 0.474465290529
24.43 0.498061661777
24.5 0.788109823582
24.57 0.701312411985
24.64 0.62525702588
24.71 0.775374837125
24.78 0.4894672453
24.85 0.608246439155
24.92 0.70621252299
24.99 0.566612925664
25.06 0.526088714328
25.13 0.77936326906
25.2 0.667548324778
25.27 0.566787000488
25.34 0.765579664426
25.41 0.557719631835
25.48 0.537155600563
25.55 0.85152664305
25.62 0.693377991413
25.69 0.549293931596
25.76 0.566743453567
25.83 0.683688293221
25.9 0.496154387184
25.97 0.7367240484
26.04 0.507330020808
26.11 0.469094674413
26.18 0.689914588037
26.25 0.539570318481
26.32 0.559717598704
26.39 0.595110431237
26.46 0.581565245693
26.53 0.618413341233
26.6 0.624108849561
26.67 0.604355586006
26.74 0.615629343172
26.81 0.689267268041
26.88 0.610437538662
26.95 0.528494296172
27.02 0.720403532076
27.09 0.418949799271
27.16 0.365505686858
27.23 0.667280265264
27.3 0.45082246518
27.37 0.393373638892
27.44 0.396442181335
27.51 0.380468612286
27.58 0.358282939231
27.65 0.588997771431
27.72 0.456702879447
27.79 0.359420103212
27.86 0.589376588076
27.93 0.434439108639
28.0 0.351319975588
28.07 0.302734299184
28.14 0.295508347041
28.21 0.23079798035
28.28 0.23697446788
28.35 0.373194131191
28.42 0.384461186327
28.49 0.665333687862
28.56 0.593080503843
28.63 0.532761232416
28.7 0.602017723318
28.77 0.585088283685
28.84 0.466304160972
28.91 0.661166297824
28.98 0.774525155092
29.05 0.591917442201
29.12 0.607352195565
29.19 0.593188060797
29.26 0.600443800948
29.33 0.585667707641
29.4 0.738517983151
29.47 0.563472708608
29.54 0.600913295761
29.61 0.721190775406
29.68 0.48278503553
29.75 0.438189665155
29.82 0.707248873283
29.89 0.548623559262
29.96 0.615707726327
30.03 0.688860011173
30.1 0.539112726934
30.17 0.508824586623
30.24 0.622360073213
30.31 0.458693684172
30.38 0.539309708681
30.45 0.56419451056
30.52 0.389088966575
30.59 0.444942693337
30.66 0.615674944326
30.73 0.4444075629
30.8 0.451649344466
30.87 0.427688149882
30.94 0.414673416594
31.01 0.421232297501
31.08 0.633564424864
31.15 0.348767563282
31.22 0.418949683157
31.29 0.601153930776
31.36 0.326687630602
31.43 0.288608271362
31.5 0.25906622895
31.57 0.264798992363
31.64 0.376733727843
31.71 0.595259009913
31.78 0.560129212543
31.85 0.554165171565
31.92 0.755144349067
31.99 0.549697560729
32.06 0.481452173562
32.13 0.762976552822
32.2 0.507910051376
32.27 0.49968857099
32.34 0.827878844353
32.41 0.619337501967
32.48 0.594826275346
32.55 0.580247444846
32.62 0.519328567409
32.69 0.451418209059
32.76 0.778608844627
32.83 0.628349895739
32.9 0.511940257059
32.97 0.751835344151
33.04 0.52795017833
33.11 0.453435837098
33.18 0.660859661482
33.25 0.656051409314
33.32 0.759440664208
33.39 0.588834845678
33.46 0.475046786081
33.53 0.385848938532
33.6 0.70685873828
33.67 0.612329229082
33.74 0.677311783287
33.81 0.709589294809
33.88 0.62546927276
33.95 0.491810940795
34.02 0.624646143833
34.09 0.368015936925
34.16 0.332128779728
34.23 0.300819922131
34.3 0.321076990425
34.37 0.326254052855
34.44 0.564804532064
34.51 0.342753983056
34.58 0.271912332814
34.65 0.566598958398
34.72 0.421744639298
34.79 0.343032818342
34.86 0.348219340229
34.93 0.348134380924
35.0 0.345249612583
35.07 0.385240266984
35.14 0.340169127323
35.21 0.356368150898
35.28 0.608141498554
35.35 0.653381640938
35.42 0.522618646902
35.49 0.562497814936
35.56 0.578467965689
35.63 0.319686779217
35.7 0.715137311805
35.77 0.727511510686
35.84 0.682242441922
35.91 0.609690961117
35.98 0.548426287774
36.05 0.537880730742
36.12 0.65168974395
36.19 0.707343066327
36.26 0.572877170077
36.33 0.63140367874
36.4 0.618266703932
36.47 0.562594121898
36.54 0.493677576733
36.61 0.672381259214
36.68 0.570746743696
36.75 0.656844452895
36.82 0.636977297144
36.89 0.668801870342
36.96 0.659060590606
37.03 0.649102559435
37.1 0.439948185274
37.17 0.583057956947
37.24 0.493778587921
37.31 0.391679148339
37.38 0.573448207814
37.45 0.586010039674
37.52 0.381964672384
37.59 0.366578576022
37.66 0.350295237735
37.73 0.347642600991
37.8 0.448069233954
37.87 0.584937134233
37.94 0.349211405683
38.01 0.459044349251
38.08 0.549827686033
38.15 0.343121558391
38.22 0.313577761253
38.29 0.28243390426
38.36 0.275798899529
38.43 0.198184788907
38.5 0.404912310741
38.57 0.391542998153
38.64 0.421697257375
38.71 0.621063663302
38.78 0.314321890647
38.85 0.684218359154
38.92 0.675134209381
38.99 0.526326562618
39.06 0.560804482263
39.13 0.781439767752
39.2 0.572440851182
39.27 0.497388230341
39.34 0.586872970588
39.41 0.506436726744
39.48 0.619737329738
39.55 0.731402881463
39.62 0.587000755173
39.69 0.531969581111
39.76 0.70677124618
39.83 0.434580475253
39.9 0.534647305978
39.97 0.707763873755
40.04 0.517222559598
40.11 0.495511876676
40.18 0.551278549748
40.25 0.636331815432
40.32 0.42463141955
40.39 0.668219898399
40.46 0.368545848763
40.53 0.327374012497
40.6 0.613808713158
40.67 0.486328804672
40.74 0.549660507486
40.81 0.777601341496
40.88 0.608709171169
40.95 0.464704126077
41.02 0.552086938765
41.09 0.518629824304
41.16 0.515350173327
41.23 0.841721465053
41.3 0.531852780651
41.37 0.427303492834
41.44 0.77734219234
41.51 0.515534869827
41.58 0.546172681198
41.65 0.742560711734
41.72 0.567678509441
41.79 0.572741724168
41.86 0.75470732698
41.93 0.567703430447
42.0 0.55361678465
42.07 0.700791574365
42.14 0.439722355279
42.21 0.354854866928
42.28 0.669951278333
42.35 0.315549965022
42.42 0.401282565486
42.49 0.766239317417
42.56 0.543413642124
42.63 0.388167919204
42.7 0.421793951745
42.77 0.426150374636
42.84 0.380045297023
42.91 0.624954277714
42.98 0.432384578195
43.05 0.430877226868
43.12 0.60140664377
43.19 0.511362413114
43.26 0.59554486627
43.33 0.523874732857
43.4 0.506958946874
43.47 0.510493515917
43.54 0.414315700059
43.61 0.421831256748
43.68 0.337800739795
43.75 0.6278369495
43.82 0.543721596951
43.89 0.421734709962
43.96 0.265229184369
44.03 0.280730795261
44.1 0.408447929147
44.17 0.54881305874
44.24 0.501467201542
44.31 0.427626008517
44.38 0.721297132158
44.45 0.637437830596
44.52 0.519926084461
44.59 0.742654464198
44.66 0.644654195233
44.73 0.554001019566
44.8 0.756663579786
44.87 0.679065071786
44.94 0.690188584535
45.01 0.794584073992
45.08 0.659778846212
45.15 0.636027419973
45.22 0.684746719195
45.29 0.674939137539
45.36 0.661044810499
45.43 0.847346812584
45.5 0.626424331634
45.57 0.703787264783
45.64 0.670556952632
45.71 0.649149502948
45.78 0.492656772633
45.85 0.7143063425
45.92 0.694551488082
45.99 0.647294942819
46.06 0.569414885514
46.13 0.579959489764
46.2 0.522793004956
46.27 0.429531821382
46.34 0.691545068555
46.41 0.568946315268
46.48 0.541600302304
46.55 0.714800909159
46.62 0.503775472638
46.69 0.491464257217
46.76 0.541898919215
46.83 0.474808063142
46.9 0.429951445971
46.97 0.529150439713
47.04 0.515016575854
47.11 0.477443377265
47.18 0.695496944257
47.25 0.477054275346
47.32 0.442460856363
47.39 0.70564569464
47.46 0.505917905377
47.53 0.443730806492
47.6 0.705376304702
47.67 0.479131057269
47.74 0.4320093003
47.81 0.496508328401
47.88 0.460598281643
47.95 0.421791795505
48.02 0.690930190901
48.09 0.456262962117
48.16 0.41925920823
48.23 0.638977630776
48.3 0.435451327932
48.37 0.320028199705
48.44 0.315270026115
48.51 0.304585661307
48.58 0.245090946895
48.65 0.351757507707
48.72 0.366720274699
48.79 0.357926188501
48.86 0.691799030584
48.93 0.421424085609
49.0 0.303984305998
49.07 0.544602103333
49.14 0.344630744746
49.21 0.325700704528
49.28 0.746550393788
49.35 0.496277775732
49.42 0.450292438314
49.49 0.499628172413
49.56 0.464125444378
49.63 0.362666848478
49.7 0.706630287591
49.77 0.59431388363
49.84 0.519682859137
49.91 0.631285234242
49.98 0.533794591971
50.05 0.46699691175
50.12 0.471215158436
50.19 0.500469484504
50.26 0.439263375795
50.33 0.464576130968
50.4 0.556760909416
50.47 0.499830466084
50.54 0.619392178425
50.61 0.517630250536
50.68 0.480141145282
50.75 0.558402251434
50.82 0.50077120067
50.89 0.412263948744
50.96 0.699649876531
51.03 0.497128435506
51.1 0.440157529316
51.17 0.359015270621
51.24 0.470796951084
51.31 0.404991800772
51.38 0.579937660417
51.45 0.615179570299
51.52 0.455973785129
51.59 0.510856468414
51.66 0.59530538805
51.73 0.480159920951
51.8 0.610737353604
51.87 0.529014518498
51.94 0.3304435533
52.01 0.262685597777
52.08 0.656814261203
52.15 0.389195883277
52.22 0.47321569174
52.29 0.7412366082
52.36 0.467413917815
52.43 0.480133696653
52.5 0.697820433824
52.57 0.522330586557
52.64 0.608053496423
52.71 0.62984656679
52.78 0.524864889491
52.85 0.499884229911
52.92 0.551867613299
52.99 0.459717047111
53.06 0.473166223029
53.13 0.692240048279
53.2 0.529870628013
53.27 0.443772990435
53.34 0.719945306787
53.41 0.572145043785
53.48 0.498849252363
53.55 0.563028542825
53.62 0.486729222778
53.69 0.392944991087
53.76 0.489335748337
53.83 0.465509895486
53.9 0.420828362349
53.97 0.73873257075
54.04 0.51340774997
54.11 0.439045514228
54.18 0.712608405438
54.25 0.561268716157
54.32 0.464312636777
54.39 0.693228278731
54.46 0.476349231726
54.53 0.468625051549
54.6 0.539127896572
54.67 0.481155194178
54.74 0.418508909626
54.81 0.704837907894
54.88 0.554793850453
54.95 0.506366454175
55.02 0.644113281908
55.09 0.484484542838
55.16 0.439408276819
55.23 0.552544649682
55.3 0.510757419219
55.37 0.450803404111
55.44 0.505618290107
55.51 0.532465860173
55.58 0.444764605542
55.65 0.694197441603
55.72 0.426923174309
55.79 0.407327417151
55.86 0.605042091611
55.93 0.551741697383
56.0 0.463609912172
56.07 0.60543764814
56.14 0.456929249858
56.21 0.432563600324
56.28 0.380188861113
56.35 0.27470547346
56.42 0.336022239464
56.49 0.639543962117
56.56 0.494207581896
56.63 0.495204570782
56.7 0.630459061404
56.77 0.423876381994
56.84 0.411669720853
56.91 0.621419462336
56.98 0.484636589729
57.05 0.455910988319
57.12 0.521827409049
57.19 0.449722340336
57.26 0.440187830611
57.33 0.721407448708
57.4 0.559275785577
57.47 0.492494957012
57.54 0.692147153101
57.61 0.326627026927
57.68 0.359443117567
57.75 0.64514290087
57.82 0.48117636808
57.89 0.389122697018
57.96 0.371781412404
58.03 0.379327199852
58.1 0.342846372543
58.17 0.653170059269
58.24 0.527926149337
58.31 0.453988970561
58.38 0.702843252973
58.45 0.416479325147
58.52 0.365949107127
58.59 0.298698740342
58.66 0.27135496175
58.73 0.237971756274
58.8 0.656116505606
58.87 0.485982974041
58.94 0.418103343458
59.01 0.740373297476
59.08 0.593822704883
59.15 0.483305635496
59.22 0.589532525312
59.29 0.506819408777
59.36 0.336578254062
59.43 0.650491884055
59.5 0.507687306529
59.57 0.467322217413
59.64 0.414991190069
59.71 0.44031689136
59.78 0.377764513367
59.85 0.620667971127
59.92 0.580996996851
59.99 0.457610929697
60.06 0.624955375909
60.13 0.480680303883
60.2 0.36395296769
60.27 0.444281015412
60.34 0.541373254745
60.41 0.452927637408
60.48 0.401344059003
60.55 0.529558199016
60.62 0.453358158221
60.69 0.639411897608
60.76 0.572721254543
60.83 0.453770834445
60.9 0.545875871101
60.97 0.480001261015
61.04 0.431786707377
61.11 0.538867947642
61.18 0.641536281744
61.25 0.483995603889
61.32 0.430832497109
61.39 0.455010962926
61.46 0.424650976544
61.53 0.522949165738
61.6 0.685213391472
61.67 0.497268948089
61.74 0.579618864708
61.81 0.603647816429
61.88 0.367699067399
61.95 0.368391300549
62.02 0.657479593991
62.09 0.50407926257
62.16 0.467295007777
62.23 0.543119089188
62.3 0.40382454168
62.37 0.541660992793
62.44 0.684631306671
62.51 0.51849337461
62.58 0.566715523376
62.65 0.547053019378
62.72 0.444884280627
62.79 0.591936827737
62.86 0.585601234264
62.93 0.440341380466
63.0 0.492806853189
63.07 0.591295520687
63.14 0.431192325391
63.21 0.435805524165
63.28 0.684217524656
63.35 0.394267948678
63.42 0.379560897354
63.49 0.754894801524
63.56 0.509094582087
63.63 0.440594310495
63.7 0.560083462721
63.77 0.497753695013
63.84 0.504088228272
63.91 0.544985644823
63.98 0.40871804615
64.05 0.417890354319
64.12 0.74296185582
64.19 0.467346579554
64.26 0.566498541885
64.33 0.610569213593
64.4 0.423385164181
64.47 0.538821349214
64.54 0.690778514055
64.61 0.53688648843
64.68 0.480877363763
64.75 0.615890674613
64.82 0.494770294184
64.89 0.457643248329
64.96 0.824919386787
65.03 0.481682299759
65.1 0.438213591056
65.17 0.729947899516
65.24 0.534755893847
65.31 0.530407169175
65.38 0.68126883635
65.45 0.375327354064
65.52 0.379455687629
65.59 0.707181628347
65.66 0.495133082819
65.73 0.670072300118
65.8 0.861855917442
65.87 0.640641998002
65.94 0.663718881587
66.01 0.75510104631
66.08 0.604791098617
66.15 0.759718081172
66.22 0.694280728655
66.29 0.687402119875
66.36 0.659545610994
66.43 0.635336185183
66.5 0.695038454186
66.57 0.763192327601
66.64 0.884231642327
66.71 0.670934167562
66.78 0.659527481004
66.85 0.847487146114
66.92 0.688820354599
66.99 0.608776286969
67.06 0.671698756814
67.13 0.682189456164
67.2 0.67460866862
67.27 0.617355091057
67.34 0.613975508639
67.41 0.472594791374
67.48 0.771482088177
67.55 0.549251212662
67.62 0.47393090235
67.69 0.653114003555
67.76 0.434005195573
67.83 0.268101493835
67.9 0.836866644842
67.97 0.625214367716
68.04 0.622342240559
68.11 0.483760025782
68.18 0.531815064367
68.25 0.478816119352
68.32 0.781131082604
68.39 0.619008104115
68.46 0.665660331545
68.53 0.683982631293
68.6 0.502922014202
68.67 0.503216650697
68.74 0.530543167437
68.81 0.569191422282
68.88 0.5534701875
68.95 0.705532127996
69.02 0.447651693984
69.09 0.495055482074
69.16 0.879831244957
69.23 0.672393077837
69.3 0.603845456877
69.37 0.804293852231
69.44 0.733626644687
69.51 0.646671497721
69.58 0.797958783982
69.65 0.722416520999
69.72 0.617754638854
69.79 0.626862966288
69.86 0.700393120423
69.93 0.684202039232
70.0 0.83742573265
70.07 0.73026908152
70.14 0.615667821248
70.21 0.779893588924
70.28 0.672128343293
70.35 0.702921919358
70.42 0.591912875792
70.49 0.613549442461
70.56 0.635451451208
70.63 0.623041935361
70.7 0.510771401677
70.77 0.493874570417
70.84 0.757131825565
70.91 0.565473570719
70.98 0.464999690395
71.05 0.727972956769
71.12 0.561186029205
71.19 0.532578353581
71.26 0.805181172416
71.33 0.657445198337
71.4 0.436860708726
71.47 0.500083161715
71.54 0.442241966051
71.61 0.451306485039
71.68 0.792215470514
71.75 0.548332520117
71.82 0.507925240547
71.89 0.795660656
71.96 0.476918633021
72.03 0.43952930837
72.1 0.640674452281
72.17 0.543488523424
72.24 0.544749823637
72.31 0.617221055874
72.38 0.633564919703
72.45 0.553879191497
72.52 0.919851324917
72.59 0.741548530421
72.66 0.720427451466
72.73 0.803620568378
72.8 0.802574652282
72.87 0.827912865621
72.94 0.688352498397
73.01 0.695703424526
73.08 0.595296393049
73.15 0.746848570119
73.22 0.615470954529
73.29 0.610186189731
73.36 0.884803414726
73.43 0.556312613463
73.5 0.806275019532
73.57 0.846552773899
73.64 0.662072221135
73.71 0.704159761379
73.78 0.689946801407
73.85 0.686519610264
73.92 0.626387589835
73.99 0.578694922094
74.06 0.520176352559
74.13 0.665267032176
74.2 0.659624263272
74.27 0.546254699684
74.34 0.580872211685
74.41 0.56063219472
74.48 0.498436038979
74.55 0.562024497056
74.62 0.664184412263
74.69 0.520318824965
74.76 0.457928091135
74.83 0.687795007963
74.9 0.554999347556
74.97 0.701653046806
75.04 0.720228561984
75.11 0.567646704096
75.18 0.510393315353
75.25 0.529360201546
75.32 0.392601573881
75.39 0.371714190257
75.46 0.601355226087
75.53 0.43615772585
75.6 0.410671450377
75.67 0.405839432913
75.74 0.389653072225
75.81 0.504714370026
75.88 0.670060311123
75.95 0.342101423843
76.02 0.573477745147
76.09 0.631809353425
76.16 0.409972853771
76.23 0.67732018904
76.3 0.770039195061
76.37 0.648089980949
76.44 0.635502991515
76.51 0.55349178679
76.58 0.398561018065
76.65 0.422676244321
76.72 0.896859425596
76.79 0.585808503454
76.86 0.566958952712
76.93 0.793990983362
77.0 0.380656155195
77.07 0.492971322058
77.14 0.744215457813
77.21 0.534343393421
77.28 0.556163854648
77.35 0.702993818602
77.42 0.674043424624
77.49 0.715928835058
77.56 0.856942787612
77.63 0.536104562449
77.7 0.63049159707
77.77 0.656659739032
77.84 0.411305822085
77.91 0.548591129943
77.98 0.766464372598
78.05 0.701163259252
78.12 0.742288425468
78.19 0.651942434155
78.26 0.518046710758
78.33 0.502409026727
78.4 0.708297142034
78.47 0.59509999838
78.54 0.620590807707
78.61 0.728730091965
78.68 0.629003400138
78.75 0.67136027389
78.82 0.578527171661
78.89 0.480299307124
78.96 0.470006697484
79.03 0.497647114715
79.1 0.491562709567
79.17 0.599835625324
79.24 0.883555731269
79.31 0.509630042417
79.38 0.547447107667
79.45 0.794121472199
79.52 0.580885196869
79.59 0.586918413306
79.66 0.842535091117
79.73 0.71191684618
79.8 0.681656171606
79.87 0.671348128631
79.94 0.587514880995
80.01 0.616779913384
80.08 0.748787284354
80.15 0.486719297783
80.22 0.602109881662
80.29 0.764287151373
80.36 0.61481319191
80.43 0.582113568582
80.5 0.600539182257
80.57 0.690673501832
80.64 0.663416769333
80.71 0.668840167194
80.78 0.579120703956
80.85 0.66560398826
80.92 0.851926024815
80.99 0.700926425599
81.06 0.611226480288
81.13 0.747801928526
81.2 0.603026629577
81.27 0.736177715719
81.34 0.930947837469
81.41 0.705519482471
81.48 0.77724640409
81.55 0.705741417779
81.62 0.655546682178
81.69 0.660316367286
81.76 0.745509424998
81.83 0.637630051688
81.9 0.661256386743
81.97 0.755219922708
82.04 0.701546575025
82.11 0.663733916664
82.18 0.70766486254
82.25 0.64197360768
82.32 0.691726958797
82.39 0.773509235357
82.46 0.652335411227
82.53 0.698055591969
82.6 0.86693848949
82.67 0.679676272873
82.74 0.638619379251
82.81 0.76817325906
82.88 0.621190904216
82.95 0.623430862566
83.02 0.888066230324
83.09 0.614926820409
83.16 0.577378724049
83.23 0.534755581317
83.3 0.396683078962
83.37 0.444656039377
83.44 0.563750160298
83.51 0.46896110911
83.58 0.480446892867
83.65 0.536767810619
83.72 0.383064028926
83.79 0.438379611724
83.86 0.660987154155
83.93 0.627748177981
84.0 0.412091302008
84.07 0.527793444576
84.14 0.607739311616
84.21 0.295474613343
84.28 1.0
84.35 0.427905516611
84.42 0.349477112543
84.49 0.555194867575
84.56 0.536769080272
84.63 0.571074125296
84.7 0.913420627938
84.77 0.604384342014
84.84 0.595111515325
84.91 0.602315542626
84.98 0.53465298686
85.05 0.549982122475
85.12 0.646528317782
85.19 0.590485590723
85.26 0.521261467286
85.33 0.751508458475
85.4 0.596189348538
85.47 0.526381700274
85.54 0.451938423789
85.61 0.405922913126
85.68 0.347670786198
85.75 0.421496958253
85.82 0.476575064976
85.89 0.437480144109
85.96 0.678130878625
86.03 0.40132575864
86.1 0.353468115253
86.17 0.639560737811
86.24 0.374738014878
86.31 0.379340696153
86.38 0.674274997356
86.45 0.407990975681
86.52 0.372805653248
86.59 0.414555895578
86.66 0.409750027535
86.73 0.528409688463
86.8 0.765268790482
86.87 0.553142936121
86.94 0.553722488128
87.01 0.783753921574
87.08 0.54772201137
87.15 0.402461730014
87.22 0.72762711203
87.29 0.486818332871
87.36 0.599691791025
87.43 0.474927716523
87.5 0.590275132208
87.57 0.42190596008
87.64 0.842996494878
87.71 0.524243946803
87.78 0.377272066052
87.85 0.7486390334
87.92 0.59767650696
87.99 0.3498860536
88.06 0.814771669489
88.13 0.609837689573
88.2 0.66250350374
88.27 0.633466371857
88.34 0.620222714745
88.41 0.503803038211
88.48 0.662047615915
88.55 0.423942961719
88.62 0.411298731562
88.69 0.679425060674
88.76 0.474334776733
88.83 0.387459432328
88.9 0.398623384061
88.97 0.372783157605
89.04 0.350821592376
89.11 0.466252785611
89.18 0.459184386528
89.25 0.407990645789
89.32 0.713495973042
89.39 0.384790291183
89.46 0.354428451325
89.53 0.64473359411
89.6 0.372711242083
89.67 0.344423250925
89.74 0.731194195036
89.81 0.429064047654
89.88 0.480551289796
89.95 0.739556668737
90.02 0.532075505965
90.09 0.564444053763
90.16 0.82399361023
90.23 0.542735429414
90.3 0.513519804967
90.37 0.62300874859
90.44 0.571247219123
90.51 0.711829593904
90.58 0.757491642996
90.65 0.59338896436
90.72 0.596171024302
90.79 0.645635595605
90.86 0.445821408097
90.93 0.650623774936
91.0 0.675456447259
91.07 0.583594488343
91.14 0.728051971494
91.21 0.556411047365
91.28 0.300992772879
91.35 0.806666016163
91.42 0.676808080555
91.49 0.59722725497
91.56 0.682856123715
91.63 0.547696768069
91.7 0.6123756745
91.77 0.670671945194
91.84 0.559399340156
91.91 0.383619715801
91.98 0.72152341033
92.05 0.773669066196
92.12 0.68261247843
92.19 0.681207567464
92.26 0.662148183267
92.33 0.532542359467
92.4 0.450529899196
92.47 0.497650684935
92.54 0.393397129639
92.61 0.554279695332
92.68 0.588647132396
92.75 0.322012318677
92.82 0.503494656911
92.89 0.521640021319
92.96 0.405306712646
93.03 0.617810269179
93.1 0.438967626998
93.17 0.311755809497
93.24 0.262490939386
93.31 0.338579950672
93.38 0.360667349344
93.45 0.572497352901
93.52 0.737428724147
93.59 0.547805758537
93.66 0.431807441784
93.73 0.672201940833
93.8 0.388918396862
93.87 0.56813470003
93.94 0.751092519136
94.01 0.58615927271
94.08 0.562122734542
94.15 0.552255164505
94.22 0.496206968172
94.29 0.419708272486
94.36 0.808207910728
94.43 0.529442990505
94.5 0.50853475636
94.57 0.689240825622
94.64 0.51598889224
94.71 0.595138464519
94.78 0.694391888385
94.85 0.575118247241
94.92 0.64006895378
94.99 0.64760358239
95.06 0.601187133824
95.13 0.565221774697
95.2 0.715777031247
95.27 0.478110860866
95.34 0.470053556353
95.41 0.678757019293
95.48 0.44614357978
95.55 0.429419225968
95.62 0.426680217023
95.69 0.38939784163
95.76 0.316042487214
95.83 0.494057992924
95.9 0.442961261254
95.97 0.448758270183
96.04 0.649918377549
96.11 0.412541824737
96.18 0.408647367726
96.25 0.616007071389
96.32 0.39159600887
96.39 0.386195032861
96.46 0.646079750536
96.53 0.414767450118
96.6 0.399510871362
96.67 0.400995870289
96.74 0.390696022543
96.81 0.378978668224
96.88 0.68651479535
96.95 0.399332495997
97.02 0.382327394824
97.09 0.615727919232
97.16 0.36693496539
97.23 0.314788993738
97.3 0.341895268041
97.37 0.343715541033
97.44 0.542459264739
97.51 0.472599737594
97.58 0.426815107323
97.65 0.39952475507
97.72 0.660463813041
97.79 0.40004923019
97.86 0.632666132492
97.93 0.741007013739
98.0 0.596667318556
98.07 0.666717223083
98.14 0.727419573716
98.21 0.581472418882
98.28 0.521441396619
98.35 0.725097602307
98.42 0.498354570676
98.49 0.598722642261
98.56 0.808928186926
98.63 0.573423412689
98.7 0.519948402135
98.77 0.749602982014
98.84 0.501404780202
98.91 0.579829625986
98.98 0.768413260333
99.05 0.536468440598
99.12 0.501442440057
99.19 0.491674651707
99.26 0.625336973854
99.33 0.427974078947
99.4 0.713079346787
99.47 0.46993799516
99.54 0.462349754647
99.61 0.609605667579
99.68 0.403946210228
99.75 0.609882012392
99.82 0.840395424485
99.89 0.611232382546
99.96 0.552059221268
100.03 0.618607645858
100.1 0.596872189513
100.17 0.602578787227
100.24 0.793900231402
100.31 0.563138562037
100.38 0.494864042307
100.45 0.792707831015
100.52 0.498611701411
100.59 0.643340968392
100.66 0.736485844174
100.73 0.595032373634
100.8 0.613303545441
100.87 0.845141205396
100.94 0.600596272141
101.01 0.618865803166
101.08 0.68637961965
101.15 0.431025304194
101.22 0.562921155157
101.29 0.653041196022
101.36 0.449545768529
101.43 0.638822551912
101.5 0.671017641265
101.57 0.616741004494
101.64 0.537623473042
101.71 0.493122360823
101.78 0.499112825771
101.85 0.610685206685
101.92 0.59243226796
101.99 0.50040696984
102.06 0.504452842169
102.13 0.65483809004
102.2 0.592893095494
102.27 0.59426464172
102.34 0.579276491439
102.41 0.548738973957
102.48 0.493515640658
102.55 0.534445420332
102.62 0.386502840104
102.69 0.32904869104
102.76 0.65929449212
102.83 0.454746211019
102.9 0.391163251514
102.97 0.393771990827
103.04 0.216773420575
103.11 0.467959555985
103.18 0.5717698603
103.25 0.48604160487
103.32 0.507977192135
103.39 0.842069604934
103.46 0.707128142324
103.53 0.552564935912
103.6 0.779248957987
103.67 0.574993001961
103.74 0.565159216625
103.81 0.833573926207
103.88 0.719334395441
103.95 0.729563877294
104.02 0.788039110432
104.09 0.686026962193
104.16 0.63139732288
104.23 0.7714996376
104.3 0.655296704906
104.37 0.622464878167
104.44 0.952420169666
104.51 0.795550385028
104.58 0.729452112037
104.65 0.774001873662
104.72 0.828917295541
104.79 0.777140614883
104.86 0.779781003276
104.93 0.749753360993
105.0 0.716324213619
105.07 0.70041545112
105.14 0.643891981426
105.21 0.610619032816
105.28 0.799690421102
105.35 0.535629907636
105.42 0.434073477935
105.49 0.792038516725
105.56 0.623082225676
105.63 0.561423984926
105.7 0.540243383129
105.77 0.600667882729
105.84 0.600647860195
105.91 0.736209752206
105.98 0.616550214746
106.05 0.531617755982
106.12 0.820055499953
106.19 0.582624816525
106.26 0.512884886332
106.33 0.697101294887
106.4 0.511984195727
106.47 0.48147557424
106.54 0.729869836487
106.61 0.543281589553
106.68 0.49387111414
106.75 0.441022440671
106.82 0.468808493589
106.89 0.5412685735
106.96 0.74831415638
107.03 0.560065406522
107.1 0.426238974697
107.17 0.764212779019
107.24 0.631780132963
107.31 0.659352883127
107.38 0.565260283158
107.45 0.360261125561
107.52 0.324729336584
107.59 0.472544595597
107.66 0.485208732172
107.73 0.527847492718
107.8 0.79845826756
107.87 0.562864899772
107.94 0.579828376952
108.01 0.785935850281
108.08 0.606605772115
108.15 0.678027705771
108.22 0.787568517423
108.29 0.702338520412
108.36 0.627601080567
108.43 0.63310566567
108.5 0.589816406655
108.57 0.509805208925
108.64 0.705468783173
108.71 0.495186493965
108.78 0.593643975751
108.85 0.685005918269
108.92 0.465711798494
108.99 0.501095299621
109.06 0.42159451425
109.13 0.377702263484
109.2 0.423087632444
109.27 0.508050541171
109.34 0.493381998307
109.41 0.511038924031
109.48 0.740102841898
109.55 0.480672197638
109.62 0.398805521723
109.69 0.57201829554
109.76 0.513899023127
109.83 0.453820405162
109.9 0.679385040567
109.97 0.395869188116
110.04 0.415584612762
110.11 0.383275402242
110.18 0.435553775891
110.25 0.446811140429
110.32 0.714569096603
110.39 0.504150555202
110.46 0.392311178243
110.53 0.60403054838
110.6 0.346956958099
110.67 0.304521582908
110.74 0.704746771782
110.81 0.291703348464
110.88 0.327042744892
110.95 0.612754994666
111.02 0.506601117481
111.09 0.55938590354
111.16 0.894031154634
111.23 0.637398654754
111.3 0.597360129018
111.37 0.834687712298
111.44 0.702777580454
111.51 0.615808160203
111.58 0.812270350398
111.65 0.751801854617
111.72 0.712634848941
111.79 0.66719497064
111.86 0.651265023388
111.93 0.613482222485
112.0 0.816688420901
112.07 0.744636181682
112.14 0.570598254004
112.21 0.714329213614
112.28 0.667029018339
112.35 0.641984898908
112.42 0.588288191785
112.49 0.651763619294
112.56 0.586310428673
112.63 0.482874670846
112.7 0.54039173609
112.77 0.447479160106
112.84 0.709572669954
112.91 0.57858880625
112.98 0.521610148668
113.05 0.66335495135
113.12 0.409179147148
113.19 0.389522801508
113.26 0.766512088754
113.33 0.600458978182
113.4 0.643073342947
113.47 0.682234272737
113.54 0.605797765078
113.61 0.505158222194
113.68 0.679672349971
113.75 0.549122531724
113.82 0.501331088252
113.89 0.635141872962
113.96 0.54061794264
114.03 0.522657805381
114.1 0.505373928607
114.17 0.470770403404
114.24 0.435825497866
114.31 0.506513856523
114.38 0.60586413862
114.45 0.504046573894
114.52 0.80492844857
114.59 0.756158666
114.66 0.592284439139
114.73 0.624612180079
114.8 0.691703032896
114.87 0.642425813512
114.94 0.780996467938
115.01 0.668495803717
115.08 0.59679124969
115.15 0.594907329112
115.22 0.592053757334
115.29 0.56416210837
115.36 0.667800127312
115.43 0.552931986023
115.5 0.507656061134
115.57 0.625244213238
115.64 0.578357258477
115.71 0.417345661335
115.78 0.450085408946
115.85 0.355348042394
115.92 0.351900714775
115.99 0.389404221364
116.06 0.502499696214
116.13 0.442491345393
116.2 0.551628438928
116.27 0.622191455726
116.34 0.377702717086
116.41 0.573661144865
116.48 0.466521319347
116.55 0.409535957564
116.62 0.564146199729
116.69 0.414952297457
116.76 0.346395301685
116.83 0.369761012832
116.9 0.34264857583
116.97 0.330622054546
117.04 0.378161479536
117.11 0.661473475667
117.18 0.412442694153
117.25 0.451855468799
117.32 0.581642817138
117.39 0.307785353458
117.46 0.312851245308
117.53 0.29481827013
117.6 0.279918348781
117.67 0.277003898779
117.74 0.549356692595
117.81 0.484583211138
117.88 0.534216379309
117.95 0.674571842178
118.02 0.349043459919
118.09 0.626684555112
118.16 0.631839073067
118.23 0.426314285726
118.3 0.684996349211
118.37 0.748034786103
118.44 0.592628275222
118.51 0.424244842831
118.58 0.610699527717
118.65 0.486799906628
118.72 0.676573805741
118.79 0.671301771111
118.86 0.60641143819
118.93 0.607483563392
119.0 0.665113623393
119.07 0.503823455747
119.14 0.616777006204
119.21 0.665743586042
119.28 0.527793808109
119.35 0.450759797506
119.42 0.63744903067
119.49 0.551182246041
119.56 0.596398861867
119.63 0.634822754957
119.7 0.499289184885
119.77 0.574055843022
119.84 0.455649373649
119.91 0.469647852368
119.98 0.743260060365
120.05 0.673639546985
120.12 0.541127763579
120.19 0.458405408963
120.26 0.617484422014
120.33 0.487168255691
120.4 0.759644553083
120.47 0.69000247948
120.54 0.562706724908
120.61 0.653004722261
120.68 0.682423156921
120.75 0.53109464384
120.82 0.685987206868
120.89 0.587147690897
120.96 0.541234490376
121.03 0.593339689895
121.1 0.600521470058
121.17 0.484124043919
121.24 0.62312735695
121.31 0.564502080151
121.38 0.399909770225
121.45 0.567383475773
121.52 0.398129542299
121.59 0.357436560466
121.66 0.615268563193
121.73 0.485845192839
121.8 0.446187393653
121.87 0.474728560089
121.94 0.359794796198
122.01 0.313795290757
122.08 0.651625240162
122.15 0.651799362733
122.22 0.555987410891
122.29 0.700062792578
122.36 0.686378649505
122.43 0.580492960971
122.5 0.629421096373
122.57 0.606890293709
122.64 0.551970400917
122.71 0.580736247064
122.78 0.724802360285
122.85 0.575609839439
122.92 0.698054154114
122.99 0.732189329361
123.06 0.517753920143
123.13 0.609442914369
123.2 0.591627083459
123.27 0.44162535429
123.34 0.794693928258
123.41 0.574784942765
123.48 0.562628136656
123.55 0.558742111442
123.62 0.504378261462
123.69 0.544864691404
123.76 0.686082274562
123.83 0.642630853756
123.9 0.605979634702
123.97 0.756489669909
124.04 0.616739015371
124.11 0.584639261751
124.18 0.699153939299
124.25 0.48434039818
124.32 0.479724256416
124.39 0.712726335564
124.46 0.668170128009
124.53 0.571046929767
124.6 0.752325889157
124.67 0.603999717521
124.74 0.521259486844
124.81 0.676895117967
124.88 0.6315714053
124.95 0.549722103009
125.02 0.695663324116
125.09 0.68403432895
125.16 0.654093049101
125.23 0.596311267761
125.3 0.542703828081
125.37 0.431691130736
125.44 0.373520716274
125.51 0.313457585903
125.58 0.22185249945
125.65 0.150556190884
125.72 0.107592506656
125.79 0.0794934561102
125.86 0.0641450282843
125.93 0.0471611042688
126.0 0.0382353366277
126.07 0.0337348157407
126.14 0.0305124130823
126.21 0.0247760523195
126.28 0.0223141174245
126.35 0.0214243176189
126.42 0.0183924507782
126.49 0.0151901433594
126.56 0.0129982375689
126.63 0.0121675688579
126.7 0.0103852758466
126.77 0.00878154810603
126.84 0.00873745425828
126.91 0.00786285990136
126.98 0.00753017614446
127.05 0.00693275675846
127.12 0.00617402961308
127.19 0.00477833828053
127.26 0.0
127.33 0.0
127.4 0.0
127.47 0.0
127.54 0.0
127.61 0.0
127.68 0.0
127.75 0.0
127.82 0.0
127.89 0.0
127.96 0.0
128.03 0.0
128.1 0.0
128.17 0.0
128.24 0.0
128.31 0.0
128.38 0.0
128.45 0.0
128.52 0.0
128.59 0.0
128.66 0.0
128.73 0.0
128.8 0.0
128.87 0.0
128.94 0.0
129.01 0.0
129.08 0.0
129.15 0.0
129.22 0.0
129.29 0.0
129.36 0.0
129.43 0.0
129.5 0.0
129.57 0.0
129.64 0.0
129.71 0.0
129.78 0.0
129.85 0.0
129.92 0.0
129.99 0.0
130.06 0.0
130.13 0.0
130.2 0.0
130.27 0.0
130.34 0.0
130.41 0.0
130.48 0.0
130.55 0.0
130.62 0.0
130.69 0.0
130.76 0.0
130.83 0.0
130.9 0.0
130.97 0.0
131.04 0.0
131.11 0.0
131.18 0.0
131.25 0.0
131.32 0.0
131.39 0.0
131.46 0.0
131.53 0.0
131.6 0.0
131.67 0.0
131.74 0.0
131.81 0.0
131.88 0.0
131.95 0.0
132.02 0.0
132.09 0.0
132.16 0.0
132.23 0.0
132.3 0.0
132.37 0.0
132.44 0.0
132.51 0.0
132.58 0.0
132.65 0.0
132.72 0.0
132.79 0.0
132.86 0.0
132.93 0.0
133.0 0.0
133.07 0.0
133.14 0.0
133.21 0.0
133.28 0.0
133.35 0.0
133.42 0.0
133.49 0.0
133.56 0.0
133.63 0.0
133.7 0.0
133.77 0.0
133.84 0.0
133.91 0.0
133.98 0.0
134.05 0.0
134.12 0.0
134.19 0.0
134.26 0.0
134.33 0.0
134.4 0.0
134.47 0.0
134.54 0.0
134.61 0.0
134.68 0.0
134.75 0.0
134.82 0.0
134.89 0.0
134.96 0.0
135.03 0.0
135.1 0.0
135.17 0.0
135.24 0.0
135.31 0.0
135.38 0.0
135.45 0.0
135.52 0.0
135.59 0.0
135.66 0.0
135.73 0.0
135.8 0.0
135.87 0.0
135.94 0.0
136.01 0.0
136.08 0.0
136.15 0.0
136.22 0.0
