0.0 0.0
0.07 0.0
0.14 0.0
0.21 0.0
0.28 0.0
0.35 0.0
0.42 0.0
0.49 0.0
0.56 0.0
0.63 0.0
0.7 0.0
0.77 0.0
0.84 0.0
0.91 0.0
0.98 0.0
1.05 0.0
1.12 0.0
1.19 0.0
1.26 0.0
1.33 0.0
1.4 0.0
1.47 0.0
1.54 0.0
1.61 0.0
1.68 0.0
1.75 0.0
1.82 0.0
1.89 0.0
1.96 0.0
2.03 0.0
2.1 0.0
2.17 0.0
2.24 0.0
2.31 0.0
2.38 0.0
2.45 0.0
2.52 0.0
2.59 0.0
2.66 0.0
2.73 0.0
2.8 0.0
2.87 0.0
2.94 0.0
3.01 0.0
3.08 0.0
3.15 0.0
3.22 0.0
3.29 0.0
3.36 0.0
3.43 0.0
3.5 0.0
3.57 0.0
3.64 0.0
3.71 0.0
3.78 0.0
3.85 0.0
3.92 0.0
3.99 0.0287097225475
4.06 0.574524779156
4.13 0.601110058422
4.2 0.589271326611
4.27 0.500041103617
4.34 0.600670296883
4.41 0.604525891959
4.48 0.575174331581
4.55 0.529669405537
4.62 0.592648568676
4.69 0.48903217723
4.76 0.62164217897
4.83 0.697700996886
4.9 0.56030241116
4.97 0.412848739683
5.04 0.372930995741
5.11 0.382436981559
5.18 0.277959440523
5.25 0.678679975365
5.32 0.768313834334
5.39 0.861013503421
5.46 0.682787803317
5.53 0.642834814141
5.6 0.680490678609
5.67 0.458828271789
5.74 0.57597379893
5.81 0.537840805776
5.88 0.357787629316
5.95 0.482234374481
6.02 0.579566963365
6.09 0.578894436067
6.16 0.642202481157
6.23 0.564639633973
6.3 0.415580564652
6.37 0.561750691162
6.44 0.733613896624
6.51 0.7730121451
6.58 0.765184028953
6.65 0.899444194644
6.72 0.855361793418
6.79 0.827343663342
6.86 0.667718456075
6.93 0.446510408974
7.0 0.48789896146
7.07 0.533320681577
7.14 0.567787145813
7.21 0.342929804029
7.28 0.310719760978
7.35 0.408202511376
7.42 0.498504011445
7.49 0.487099773991
7.56 0.520768715247
7.63 0.468444179189
7.7 0.629312169951
7.77 0.610189028983
7.84 0.639605541398
7.91 0.440634350591
7.98 0.427779098443
8.05 0.672321570433
8.12 0.436487346747
8.19 0.431295290768
8.26 0.304541927147
8.33 0.54303689968
8.4 0.700409267494
8.47 0.641398490098
8.54 0.613463584443
8.61 0.583378165918
8.68 0.532596270327
8.75 0.363581193187
8.82 0.442875257511
8.89 0.402466896362
8.96 0.527654806161
9.03 0.398940936572
9.1 0.362750125217
9.17 0.281198229209
9.24 0.187421987509
9.31 0.169168402415
9.38 0.264942184334
9.45 0.472879529143
9.52 0.450229326125
9.59 0.207394973108
9.66 0.248039722437
9.73 0.290254766165
9.8 0.249519794167
9.87 0.502343444955
9.94 0.596005735778
10.01 0.365954673527
10.08 0.287064166269
10.15 0.593874514946
10.22 0.640509099687
10.29 0.61028392455
10.36 0.716509307884
10.43 0.363629344987
10.5 0.285121740344
10.57 0.524766320776
10.64 0.520302906315
10.71 0.301005900285
10.78 0.494920100333
10.85 0.483393693129
10.92 0.404356196748
10.99 0.294480406607
11.06 0.339568103354
11.13 0.378439544945
11.2 0.370177945463
11.27 0.52604713105
11.34 0.462241910668
11.41 0.311183354292
11.48 0.523876016746
11.55 0.473611708007
11.62 0.356432252427
11.69 0.356728464786
11.76 0.577367446723
11.83 0.526993316271
11.9 0.495717280552
11.97 0.607055423636
12.04 0.568134169455
12.11 0.507831098048
12.18 0.636232516036
12.25 0.604305618494
12.32 0.611524020205
12.39 0.492696195854
12.46 0.754476706634
12.53 0.740176800603
12.6 0.731502362375
12.67 0.638977217981
12.74 0.54849765464
12.81 0.623562181154
12.88 0.616605821704
12.95 0.71388180072
13.02 0.706832085663
13.09 0.734032591904
13.16 0.826677546174
13.23 0.767053733995
13.3 0.589117321978
13.37 0.378183645263
13.44 0.437341287254
13.51 0.391137050444
13.58 0.388920035714
13.65 0.468390866242
13.72 0.27651714035
13.79 0.31272898344
13.86 0.353383775182
13.93 0.356942556218
14.0 0.30338081455
14.07 0.485242515623
14.14 0.40709215458
14.21 0.531079499709
14.28 0.351009701791
14.35 0.333671259827
14.42 0.552771434553
14.49 0.622209733764
14.56 0.660145461615
14.63 0.65134849238
14.7 0.547839020273
14.77 0.324562390121
14.84 0.274710609424
14.91 0.526424649352
14.98 0.320072959089
15.05 0.615477096353
15.12 0.441793716091
15.19 0.367927282175
15.26 0.795784109762
15.33 0.786177824338
15.4 0.799337116872
15.47 0.549555896921
15.54 0.455285302161
15.61 0.420043175227
15.68 0.444560327635
15.75 0.624902725602
15.82 0.518936203506
15.89 0.572130662859
15.96 0.830644632383
16.03 0.739368100892
16.1 0.691886592387
16.17 0.607607758841
16.24 0.512868796768
16.31 0.464928848699
16.38 0.672992412282
16.45 0.771726523838
16.52 0.677113049396
16.59 0.54193781332
16.66 0.670389207881
16.73 0.590693183167
16.8 0.508377582885
16.87 0.669280378715
16.94 0.604234706355
17.01 0.541054343556
17.08 0.660944112749
17.15 0.720115205038
17.22 0.492286552925
17.29 0.52270477173
17.36 0.800401578174
17.43 0.570869354224
17.5 0.481358119966
17.57 0.630415487811
17.64 0.611378624059
17.71 0.614412372431
17.78 0.757073139649
17.85 0.747292156919
17.92 0.586799851057
17.99 0.539755681335
18.06 0.486922234725
18.13 0.411955127636
18.2 0.551653754007
18.27 0.847331808115
18.34 0.826586247135
18.41 0.679982475773
18.48 0.500220280246
18.55 0.461638421418
18.62 0.423286004304
18.69 0.647809596433
18.76 0.635280274543
18.83 0.478628318276
18.9 0.460032874386
18.97 0.609169191999
19.04 0.582388139304
19.11 0.590836777966
19.18 0.676381008624
19.25 0.601532103638
19.32 0.547674078101
19.39 0.656670172552
19.46 0.627189587197
19.53 0.529165355291
19.6 0.432038567454
19.67 0.364391780552
19.74 0.296491341643
19.81 0.289271096665
19.88 0.261224236285
19.95 0.180522052983
20.02 0.0535959129979
20.09 0.382452875574
20.16 0.28047990752
20.23 0.150017662996
20.3 0.445226347399
20.37 0.381028251035
20.44 0.231117879729
20.51 0.200815935921
20.58 0.149862643642
20.65 0.264278191547
20.72 0.249755306949
20.79 0.39611258607
20.86 0.245669794238
20.93 0.353015839401
21.0 0.361144796418
21.07 0.518097840146
21.14 0.403430420621
21.21 0.266032420548
21.28 0.395806958872
21.35 0.269816997451
21.42 0.213040808084
21.49 0.303598338527
21.56 0.344128627769
21.63 0.240033203955
21.7 0.183190063931
21.77 0.290871280345
21.84 0.195094263154
21.91 0.0695140556276
21.98 0.413086590146
22.05 0.382694887258
22.12 0.311359129201
22.19 0.23140171076
22.26 0.139091879656
22.33 0.058503892588
22.4 0.0530580354155
22.47 0.164461579332
22.54 0.068609790855
22.61 0.0424479784027
22.68 0.260753858024
22.75 0.24712039466
22.82 0.190876945154
22.89 0.246962366897
22.96 0.409280339137
23.03 0.201427361698
23.1 0.126721072546
23.17 0.454499330731
23.24 0.245070218386
23.31 0.107747487712
23.38 0.331290402721
23.45 0.302750972134
23.52 0.203073493889
23.59 0.179580900681
23.66 0.15889367817
23.73 0.127763922624
23.8 0.0454772104627
23.87 0.514470990165
23.94 0.414551915742
24.01 0.271746993963
24.08 0.121011274363
24.15 0.0912945264599
24.22 0.40638590598
24.29 0.308071111113
24.36 0.22866320811
24.43 0.197915344156
24.5 0.372956839698
24.57 0.504731537037
24.64 0.397881378729
24.71 0.191461703361
24.78 0.194104956586
24.85 0.345883877656
24.92 0.252927405132
24.99 0.0855993153602
25.06 0.486407402293
25.13 0.404490513566
25.2 0.286784209181
25.27 0.275544807865
25.34 0.334445318452
25.41 0.145250364734
25.48 0.132536070096
25.55 0.349651349783
25.62 0.241634552777
25.69 0.0610105381659
25.76 0.425772532998
25.83 0.460190830638
25.9 0.331920637217
25.97 0.239858512813
26.04 0.190955438729
26.11 0.130502272387
26.18 0.0658328422219
26.25 0.0983104166465
26.32 0.0546665329076
26.39 0.0916756597846
26.46 0.356030624935
26.53 0.202264174002
26.6 0.0632836769792
26.67 0.184936933428
26.74 0.124503961646
26.81 0.107029672767
26.88 0.102684194091
26.95 0.160402773647
27.02 0.119061847723
27.09 0.634829183387
27.16 0.844046331146
27.23 0.787345451865
27.3 0.618537954926
27.37 0.59233295578
27.44 0.508481742871
27.51 0.443026682803
27.58 0.570534813013
27.65 0.552888158344
27.72 0.482818760336
27.79 0.27796231454
27.86 0.163172696906
27.93 0.145849819757
28.0 0.204840529588
28.07 0.454737691637
28.14 0.338898901335
28.21 0.298590011246
28.28 0.490825314573
28.35 0.388858092086
28.42 0.361000953795
28.49 0.551275436751
28.56 0.653755904857
28.63 0.468144386331
28.7 0.207804445889
28.77 0.487961854463
28.84 0.677296326832
28.91 0.653112608442
28.98 0.788387872875
29.05 0.336181681944
29.12 0.252042916947
29.19 0.135264346622
29.26 0.40217809036
29.33 0.470167589263
29.4 0.446643877519
29.47 0.700153609471
29.54 0.608737754135
29.61 0.361512955364
29.68 0.523709849018
29.75 0.374870367639
29.82 0.226265092109
29.89 0.24847141059
29.96 0.548211611689
30.03 0.234681325031
30.1 0.295016999451
30.17 0.489205592264
30.24 0.406344743798
30.31 0.37925238615
30.38 0.595016006306
30.45 0.503735530594
30.52 0.240704826264
30.59 0.186099476251
30.66 0.182616897962
30.73 0.21590532237
30.8 0.124991374405
30.87 0.519099094042
30.94 0.570214000748
31.01 0.567500837777
31.08 0.548139763739
31.15 0.532116821219
31.22 0.44367894403
31.29 0.539528494695
31.36 0.673803630919
31.43 0.660494123853
31.5 0.566617197865
31.57 0.374025108364
31.64 0.332174299087
31.71 0.276108524472
31.78 0.206589691146
31.85 0.557054541765
31.92 0.390984609197
31.99 0.299603528106
32.06 0.506057664549
32.13 0.562648052623
32.2 0.520572156427
32.27 0.468883143006
32.34 0.599463000281
32.41 0.360253311218
32.48 0.152483434903
32.55 0.315934572363
32.62 0.471294023784
32.69 0.41480857739
32.76 0.575280009334
32.83 0.587176563007
32.9 0.320721793935
32.97 0.148149234061
33.04 0.269482287325
33.11 0.465253362293
33.18 0.375617319761
33.25 0.596557977279
33.32 0.666958380386
33.39 0.414557658844
33.46 0.381054893946
33.53 0.524429632991
33.6 0.271494789445
33.67 0.287680124386
33.74 0.59938335636
33.81 0.424194163979
33.88 0.488350965002
33.95 0.456926158541
34.02 0.516587585692
34.09 0.456995803202
34.16 0.457567476064
34.23 0.566370037364
34.3 0.313028833014
34.37 0.188964086708
34.44 0.140057578846
34.51 0.199316965465
34.58 0.146778716492
34.65 0.327410943813
34.72 0.767767333469
34.79 0.687148785161
34.86 0.656523436185
34.93 0.52923739435
35.0 0.471757503666
35.07 0.413728824987
35.14 0.624304180499
35.21 0.742687989618
35.28 0.615915633568
35.35 0.416141668629
35.42 0.226124731349
35.49 0.192471190927
35.56 0.146068840541
35.63 0.549026716599
35.7 0.44428644408
35.77 0.333293568911
35.84 0.441992707531
35.91 0.535231150558
35.98 0.494266370658
36.05 0.462627072055
36.12 0.539966615171
36.19 0.300009149138
36.26 0.114216537971
36.33 0.259742533356
36.4 0.486591875695
36.47 0.367570803006
36.54 0.468049109781
36.61 0.420413975161
36.68 0.228328788961
36.75 0.100066969767
36.82 0.331534126978
36.89 0.445597025271
36.96 0.380657006005
37.03 0.594998557536
37.1 0.615523454205
37.17 0.479110070541
37.24 0.405414656029
37.31 0.472106339751
37.38 0.264833875456
37.45 0.235252300041
37.52 0.547281893807
37.59 0.594772635907
37.66 0.593523849157
37.73 0.472782405628
37.8 0.647147728026
37.87 0.567347542093
37.94 0.612908275351
38.01 0.678171689921
38.08 0.590537024563
38.15 0.573915036361
38.22 0.472943460294
38.29 0.501158828549
38.36 0.460901188675
38.43 0.499810145369
38.5 0.755075518055
38.57 0.775039459934
38.64 0.663407191883
38.71 0.432316533321
38.78 0.397407645598
38.85 0.494573749885
38.92 0.61490957978
38.99 0.724453375993
39.06 0.678813551177
39.13 0.486573762362
39.2 0.347407637892
39.27 0.223874552612
39.34 0.190116886726
39.41 0.588544308894
39.48 0.634099075887
39.55 0.419109093918
39.62 0.45612545947
39.69 0.612203892211
39.76 0.567634019044
39.83 0.503816900652
39.9 0.592344651585
39.97 0.449318280103
40.04 0.106502519422
40.11 0.263258905693
40.18 0.469468219315
40.25 0.437456402039
40.32 0.493034332361
40.39 0.580252298592
40.46 0.551875096444
40.53 0.43757961487
40.6 0.254586469782
40.67 0.338919047809
40.74 0.29864679496
40.81 0.533040634484
40.88 0.865220669274
40.95 0.836212896033
41.02 0.688719440817
41.09 0.681101346119
41.16 0.358543770648
41.23 0.224798760422
41.3 0.465673456976
41.37 0.347111280045
41.44 0.597358918008
41.51 0.715690856736
41.58 0.733068400616
41.65 0.639372049428
41.72 0.61087741454
41.79 0.699218275481
41.86 0.327955336326
41.93 0.186232994114
42.0 0.449711532136
42.07 0.390290103255
42.14 0.10276400816
42.21 0.441755447653
42.28 0.517408702487
42.35 0.54023951976
42.42 0.270178917648
42.49 0.172326230384
42.56 0.211357938783
42.63 0.206530501938
42.7 0.591513499775
42.77 0.476209089163
42.84 0.298520234659
42.91 0.247571594317
42.98 0.279881759428
43.05 0.317532113823
43.12 0.366780124156
43.19 0.531889744312
43.26 0.429869316144
43.33 0.257139181001
43.4 0.421749702456
43.47 0.45862636318
43.54 0.408580951929
43.61 0.45905710689
43.68 0.685904276763
43.75 0.380600991654
43.82 0.110528887311
43.89 0.348149361056
43.96 0.703709652115
44.03 0.484602749157
44.1 0.72080136018
44.17 0.802190407574
44.24 0.625173073043
44.31 0.127891687522
44.38 0.356550819485
44.45 0.558294597965
44.52 0.534932527774
44.59 0.584986240507
44.66 0.719884344194
44.73 0.604565644874
44.8 0.347215611412
44.87 0.179899965849
44.94 0.185895905619
45.01 0.153463168814
45.08 0.460955330168
45.15 0.402999951859
45.22 0.291008315827
45.29 0.449705030768
45.36 0.470139525988
45.43 0.439667502287
45.5 0.381619919951
45.57 0.5283500827
45.64 0.379122606605
45.71 0.146603263385
45.78 0.265749590676
45.85 0.344849522634
45.92 0.263837420219
45.99 0.298967644213
46.06 0.633883803284
46.13 0.647603668392
46.2 0.418623302494
46.27 0.215239395077
46.34 0.247097133743
46.41 0.266958750272
46.48 0.508853601913
46.55 0.59133746348
46.62 0.481027738743
46.69 0.291875884179
46.76 0.482459630315
46.83 0.424127272505
46.9 0.290726658495
46.97 0.464371389335
47.04 0.33663735969
47.11 0.179206076384
47.18 0.466466279934
47.25 0.58976892234
47.32 0.544621983368
47.39 0.483354354486
47.46 0.601245029938
47.53 0.358642421794
47.6 0.149722610848
47.67 0.789331486154
47.74 1.0
47.81 0.851447593554
47.88 0.846420932241
47.95 0.592145328481
48.02 0.243643007108
48.09 0.0876828849712
48.16 0.176778889784
48.23 0.217799012074
48.3 0.13959819114
48.37 0.614901498997
48.44 0.970914359525
48.51 0.787664281539
48.58 0.547054017945
48.65 0.281888017868
48.72 0.250506764287
48.79 0.17442118263
48.86 0.575775161349
48.93 0.309987032217
49.0 0.461076672606
49.07 0.618225093984
49.14 0.539443001638
49.21 0.600378912774
49.28 0.569060057781
49.35 0.67058471006
49.42 0.460653562116
49.49 0.532498307169
49.56 0.378240380892
49.63 0.27333959744
49.7 0.271562192596
49.77 0.405160407273
49.84 0.618199598953
49.91 0.580070305895
49.98 0.225851760181
50.05 0.0879147062872
50.12 0.0478018127919
50.19 0.0517131805591
50.26 0.174478584054
50.33 0.132796581027
50.4 0.0574893425118
50.47 0.0339179450241
50.54 0.0615306032563
50.61 0.0223349242534
50.68 0.0497138414597
50.75 0.208434814778
50.82 0.0851969024758
50.89 0.0447909529851
50.96 0.188886536343
51.03 0.116443963768
51.1 0.0399030360287
51.17 0.118831007839
51.24 0.188045111557
51.31 0.0687432470703
51.38 0.0451498672389
51.45 0.0623323491049
51.52 0.0287156875808
51.59 0.0343318478103
51.66 0.23342301001
51.73 0.111007209497
51.8 0.0667125810659
51.87 0.0526401551185
51.94 0.0473793422056
52.01 0.0397245683478
52.08 0.170496523614
52.15 0.170475769293
52.22 0.0624168927869
52.29 0.0420356599628
52.36 0.0665737849252
52.43 0.0344802622282
52.5 0.0425985652862
52.57 0.203972241191
52.64 0.0925067413168
52.71 0.0589934395915
52.78 0.145460144525
52.85 0.171692404291
52.92 0.0488978352607
52.99 0.107488977866
53.06 0.174284512102
53.13 0.0961434389045
53.2 0.0474954852755
53.27 0.0494572920106
53.34 0.032113224075
53.41 0.0325208166007
53.48 0.151110312102
53.55 0.185173036794
53.62 0.0707905702884
53.69 0.0332291821833
53.76 0.0391107999573
53.83 0.0227344840813
53.9 0.032862634709
53.97 0.227919785936
54.04 0.129945653898
54.11 0.0628385742823
54.18 0.0476894598238
54.25 0.0362954127384
54.32 0.033109239148
54.39 0.128088623627
54.46 0.186172052878
54.53 0.0629282532193
54.6 0.110886150638
54.67 0.146631553523
54.74 0.0865781208558
54.81 0.0360110441396
54.88 0.176072934627
54.95 0.136589615998
55.02 0.0531693292758
55.09 0.0341522581408
55.16 0.0542227938582
55.23 0.0239444586601
55.3 0.0811567107028
55.37 0.231747533504
55.44 0.0796903531239
55.51 0.0461077840214
55.58 0.0428790772037
55.65 0.0307351497287
55.72 0.0356787012857
55.79 0.113050227239
55.86 0.188341219114
55.93 0.0564057210982
56.0 0.0391716573526
56.07 0.0703114343517
56.14 0.0255047254425
56.21 0.0676381081368
56.28 0.169934169421
56.35 0.0845856813691
56.42 0.0432057102457
56.49 0.156845500515
56.56 0.104744374558
56.63 0.0536694698234
56.7 0.169734656442
56.77 0.129336379627
56.84 0.0558209776868
56.91 0.0293128641041
56.98 0.0528952657098
57.05 0.0250581136095
57.12 0.0314155075195
57.19 0.537085460932
57.26 0.519391248747
57.33 0.193487729758
57.4 0.0907181868656
57.47 0.435954373857
57.54 0.310972599235
57.61 0.282304582602
57.68 0.437388474884
57.75 0.646597294036
57.82 0.357381548393
57.89 0.291517344743
57.96 0.597045185368
58.03 0.413174904202
58.1 0.303332725631
58.17 0.2579734078
58.24 0.169190675736
58.31 0.125927481458
58.38 0.26873380264
58.45 0.235384888256
58.52 0.155541848528
58.59 0.183130788416
58.66 0.163867168325
58.73 0.0605779068026
58.8 0.129444076959
58.87 0.353209797921
58.94 0.336525822938
59.01 0.437828021888
59.08 0.206129820122
59.15 0.0790559167191
59.22 0.0784290050348
59.29 0.475336191983
59.36 0.398114171613
59.43 0.453648731531
59.5 0.573100742736
59.57 0.221597993584
59.64 0.0728702930818
59.71 0.0562232820712
59.78 0.0605380157965
59.85 0.0324790465722
59.92 0.0918126755392
59.99 0.180942063825
60.06 0.0725440200624
60.13 0.0513548766179
60.2 0.213156957318
60.27 0.253409355903
60.34 0.102251652734
60.41 0.221971282853
60.48 0.422200336186
60.55 0.237269630411
60.62 0.0661156203096
60.69 0.236601305022
60.76 0.0589445085639
60.83 0.0397145592241
60.9 0.247148682333
60.97 0.433619916524
61.04 0.475122503727
61.11 0.453881018903
61.18 0.411023170708
61.25 0.306261364641
61.32 0.149957348101
61.39 0.196737684079
61.46 0.382125427549
61.53 0.121414410992
61.6 0.0585317388628
61.67 0.269063635198
61.74 0.126009321271
61.81 0.167693589235
61.88 0.381828920515
61.95 0.326670198382
62.02 0.349342624171
62.09 0.3305384559
62.16 0.220549325194
62.23 0.196220179835
62.3 0.303396963787
62.37 0.365249471705
62.44 0.184336831104
62.51 0.0476952189537
62.58 0.17545298667
62.65 0.171049093081
62.72 0.383642497775
62.79 0.439248086962
62.86 0.305377591571
62.93 0.125167758393
63.0 0.0665814280094
63.07 0.0427709705305
63.14 0.0406014220785
63.21 0.428914920679
63.28 0.467599410631
63.35 0.488890350488
63.42 0.493106110033
63.49 0.404257360659
63.56 0.294431355983
63.63 0.227451047504
63.7 0.245485172882
63.77 0.196042025324
63.84 0.17324145982
63.91 0.216392426891
63.98 0.117377522303
64.05 0.0707799582501
64.12 0.302496500213
64.19 0.74594040245
64.26 0.81580477494
64.33 0.588505484394
64.4 0.368281098163
64.47 0.418482057706
64.54 0.310251367773
64.61 0.578942130441
64.68 0.75626475804
64.75 0.699778574339
64.82 0.524239098385
64.89 0.737633023371
64.96 0.731313034831
65.03 0.785873981224
65.1 0.65286887802
65.17 0.540046921189
65.24 0.473041549213
65.31 0.348454573981
65.38 0.291125067977
65.45 0.239302071869
65.52 0.296400267001
65.59 0.277570034074
65.66 0.240303414538
65.73 0.192125064876
65.8 0.143388575259
65.87 0.0999030016293
65.94 0.0624681923199
66.01 0.197500258967
66.08 0.0913743750516
66.15 0.0594165426833
66.22 0.0444990485692
66.29 0.0393902885226
66.36 0.0367920677239
66.43 0.543112084005
66.5 0.657061557892
66.57 0.483229483332
66.64 0.393541682609
66.71 0.297129915842
66.78 0.231872598232
66.85 0.169099597395
66.92 0.420756909093
66.99 0.337800854355
67.06 0.539579103773
67.13 0.401757154802
67.2 0.606234458494
67.27 0.503273874252
67.34 0.348569281892
67.41 0.661823396632
67.48 0.570438005133
67.55 0.36846072852
67.62 0.597947216027
67.69 0.726683017409
67.76 0.429624058091
67.83 0.439631708388
67.9 0.442876627323
67.97 0.275352010788
68.04 0.188115359133
68.11 0.564968832793
68.18 0.277820030371
68.25 0.285479784132
68.32 0.567422759708
68.39 0.402945251838
68.46 0.183172448712
68.53 0.725112178043
68.6 0.670226625585
68.67 0.36136131677
68.74 0.366178701338
68.81 0.288694704053
68.88 0.243812857671
68.95 0.230998337404
69.02 0.162344158958
69.09 0.158966353433
69.16 0.131770922032
69.23 0.197401059156
69.3 0.130562161914
69.37 0.11395245887
69.44 0.155379785305
69.51 0.1156680927
69.58 0.0569499878502
69.65 0.136750150357
69.72 0.170372515528
69.79 0.0794722176016
69.86 0.172178161193
69.93 0.87205739886
70.0 0.766156506926
70.07 0.500679728368
70.14 0.644332883307
70.21 0.480010164229
70.28 0.673976026299
70.35 0.507675807443
70.42 0.428851757659
70.49 0.646414162089
70.56 0.742630763273
70.63 0.654478633126
70.7 0.476884054012
70.77 0.403416124515
70.84 0.281664321721
70.91 0.193392630754
70.98 0.238144131665
71.05 0.689845710123
71.12 0.619400751743
71.19 0.553453295315
71.26 0.680158080534
71.33 0.698652420931
71.4 0.64263695702
71.47 0.63688885341
71.54 0.712078998248
71.61 0.718623777798
71.68 0.482921741617
71.75 0.236869366566
71.82 0.197282542649
71.89 0.176293158774
71.96 0.461486707614
72.03 0.503387910203
72.1 0.551611251604
72.17 0.532856247389
72.24 0.554856746328
72.31 0.498255066858
72.38 0.419985273223
72.45 0.4064128448
72.52 0.349925011406
72.59 0.293815569246
72.66 0.215819521075
72.73 0.211059450391
72.8 0.224096135475
72.87 0.255882968167
72.94 0.424177284834
73.01 0.33604123611
73.08 0.161411822281
73.15 0.351508066885
73.22 0.558541907654
73.29 0.329867970375
73.36 0.290546114519
73.43 0.344734164956
73.5 0.314574024464
73.57 0.185103616531
73.64 0.670619885016
73.71 0.629359267575
73.78 0.540683941866
73.85 0.572187017504
73.92 0.359261939451
73.99 0.210138405109
74.06 0.285330830913
74.13 0.491441980406
74.2 0.300369941181
74.27 0.34687950928
74.34 0.266043494944
74.41 0.242264042569
74.48 0.234463741872
74.55 0.235345686472
74.62 0.207918591573
74.69 0.0860074269596
74.76 0.116762507396
74.83 0.0736368578101
74.9 0.0606873376688
74.97 0.149145552441
75.04 0.689210244201
75.11 0.632857562335
75.18 0.207320611163
75.25 0.403545832549
75.32 0.429961998558
75.39 0.119993215299
75.46 0.250352696773
75.53 0.265516134463
75.6 0.0798942677503
75.67 0.382917365246
75.74 0.539235200739
75.81 0.420359971759
75.88 0.315372684227
75.95 0.352852916809
76.02 0.35898779451
76.09 0.205645283845
76.16 0.318784432987
76.23 0.480499562045
76.3 0.20056779522
76.37 0.374359131735
76.44 0.369683545551
76.51 0.174095691303
76.58 0.177066328439
76.65 0.480488816848
76.72 0.229755090318
76.79 0.182185105007
76.86 0.238380921787
76.93 0.476719302948
77.0 0.262381590837
77.07 0.408333909791
77.14 0.264001821123
77.21 0.215266246358
77.28 0.189735440231
77.35 0.348606842614
77.42 0.584382407262
77.49 0.565852705733
77.56 0.484460455124
77.63 0.432692892646
77.7 0.285335867531
77.77 0.151260236889
77.84 0.0687599030511
77.91 0.0442627824527
77.98 0.145597859364
78.05 0.126664290065
78.12 0.0543757960994
78.19 0.0374414943881
78.26 0.0484999645803
78.33 0.0361806690717
78.4 0.0366948677651
78.47 0.105665892061
78.54 0.0655897529359
78.61 0.0364546586605
78.68 0.482460580923
78.75 0.550533575496
78.82 0.47636574958
78.89 0.479378984057
78.96 0.408843777116
79.03 0.340924534419
79.1 0.301832008079
79.17 0.411627013816
79.24 0.473443732767
79.31 0.421647262441
79.38 0.45664765264
79.45 0.626026643663
79.52 0.638255446485
79.59 0.464732432901
79.66 0.0959821364144
79.73 0.0498760168814
79.8 0.103965466723
79.87 0.413827114878
79.94 0.633600841486
80.01 0.557175211011
80.08 0.231982955047
80.15 0.0503195845501
80.22 0.0368049545631
80.29 0.0566694093531
80.36 0.510106771815
80.43 0.397935696534
80.5 0.127772630981
80.57 0.231198313974
80.64 0.307032260738
80.71 0.243634112576
80.78 0.302334174371
80.85 0.630444658278
80.92 0.274528314653
80.99 0.160788884408
81.06 0.396897201251
81.13 0.512930294067
81.2 0.483068331263
81.27 0.52036869676
81.34 0.532529028693
81.41 0.273449713829
81.48 0.103339844709
81.55 0.150547155256
81.62 0.16411130439
81.69 0.105210476934
81.76 0.422740690774
81.83 0.393321214337
81.9 0.285525838677
81.97 0.178688103617
82.04 0.0665561709388
82.11 0.049596638049
82.18 0.131149737421
82.25 0.508060348654
82.32 0.315141799957
82.39 0.284241996568
82.46 0.466795208737
82.53 0.325870606505
82.6 0.396166159171
82.67 0.485191465147
82.74 0.50694639163
82.81 0.368552234695
82.88 0.363312563251
82.95 0.493318453136
83.02 0.568041853228
83.09 0.561484365618
83.16 0.764690721438
83.23 0.591559035246
83.3 0.37840359816
83.37 0.108369274005
83.44 0.0543425149617
83.51 0.0402189029131
83.58 0.0937373888417
83.65 0.345276782015
83.72 0.225657959479
83.79 0.180884184014
83.86 0.0771331416208
83.93 0.0975644175974
84.0 0.0870770691365
84.07 0.189821308106
84.14 0.534277787076
84.21 0.270590696053
84.28 0.10707279658
84.35 0.524523983592
84.42 0.419219098108
84.49 0.337870881232
84.56 0.440785611901
84.63 0.459561040005
84.7 0.157640756091
84.77 0.212877040918
84.84 0.396355920714
84.91 0.359975675783
84.98 0.345815160177
85.05 0.668165578351
85.12 0.472996610491
85.19 0.159237899306
85.26 0.158804285278
85.33 0.151346126957
85.4 0.098308782982
85.47 0.120071494339
85.54 0.487654439481
85.61 0.475790582526
85.68 0.382739713781
85.75 0.146823133674
85.82 0.0872748572126
85.89 0.0698281039042
85.96 0.480690023907
86.03 0.471645232073
86.1 0.118904740977
86.17 0.294044713818
86.24 0.378145588893
86.31 0.360855694507
86.38 0.3732647343
86.45 0.483402660406
86.52 0.165765879853
86.59 0.0751918401501
86.66 0.330353274782
86.73 0.365778420232
86.8 0.341776055869
86.87 0.531244264335
86.94 0.666331245537
87.01 0.234706461272
87.08 0.163535644153
87.15 0.552895760741
87.22 0.550071010466
87.29 0.114187201054
87.36 0.494567890885
87.43 0.57394226246
87.5 0.233362431262
87.57 0.171177131695
87.64 0.302383205267
87.71 0.320261795917
87.78 0.427769380297
87.85 0.67340513513
87.92 0.60877511142
87.99 0.641474430225
88.06 0.553103475333
88.13 0.526109106735
88.2 0.316876505125
88.27 0.334518287158
88.34 0.85040290021
88.41 0.698008653527
88.48 0.646650795626
88.55 0.495816165959
88.62 0.506726306807
88.69 0.506879059992
88.76 0.562196491711
88.83 0.723933672159
88.9 0.586144398944
88.97 0.209028850966
89.04 0.264491788564
89.11 0.363294573214
89.18 0.54891019008
89.25 0.794004966451
89.32 0.796975305212
89.39 0.520747391301
89.46 0.130184000009
89.53 0.0996451711406
89.6 0.0560406396067
89.67 0.160294539979
89.74 0.524795657692
89.81 0.394054352439
89.88 0.0863435586823
89.95 0.266977431997
90.02 0.509879587641
90.09 0.163006368894
90.16 0.451828112868
90.23 0.468469356118
90.3 0.357033893478
90.37 0.260002218208
90.44 0.279544038427
90.51 0.241638876748
90.58 0.390140782615
90.65 0.795647969405
90.72 0.686630057826
90.79 0.717823274767
90.86 0.593889675353
90.93 0.618490128625
91.0 0.641057120785
91.07 0.566869025099
91.14 0.751302272003
91.21 0.683255381539
91.28 0.711919393536
91.35 0.692520456701
91.42 0.562382777556
91.49 0.35559894048
91.56 0.400511025069
91.63 0.563469896861
91.7 0.592649973011
91.77 0.539300880219
91.84 0.380150621776
91.91 0.591659151142
91.98 0.521101683209
92.05 0.683767799846
92.12 0.67146519854
92.19 0.564157760878
92.26 0.460591316414
92.33 0.52602088515
92.4 0.289772577434
92.47 0.365503861018
92.54 0.611067516379
92.61 0.622791218477
92.68 0.509672062924
92.75 0.510183992981
92.82 0.285458761026
92.89 0.178114520909
92.96 0.236728632221
93.03 0.60605467895
93.1 0.732451632448
93.17 0.632868829072
93.24 0.253221469684
93.31 0.13835109847
93.38 0.106869057033
93.45 0.245779795962
93.52 0.565569145953
93.59 0.206619413978
93.66 0.505470648803
93.73 0.724157066231
93.8 0.386508635862
93.87 0.489017052579
93.94 0.439170239455
94.01 0.687496461036
94.08 0.354193567291
94.15 0.264392728077
94.22 0.674045961938
94.29 0.418918567943
94.36 0.366159215727
94.43 0.695546391841
94.5 0.815291844957
94.57 0.590765398538
94.64 0.497175077728
94.71 0.49676310205
94.78 0.417922609586
94.85 0.645532556552
94.92 0.735443926428
94.99 0.657571077524
95.06 0.475285866484
95.13 0.421123346834
95.2 0.546983695158
95.27 0.43329393818
95.34 0.717316350505
95.41 0.605490936451
95.48 0.434616935221
95.55 0.541082431489
95.62 0.488182989763
95.69 0.532834154079
95.76 0.504397413797
95.83 0.666610205165
95.9 0.472731852032
95.97 0.34526790351
96.04 0.506275673077
96.11 0.451516205
96.18 0.365253725398
96.25 0.41181722662
96.32 0.350168699908
96.39 0.26766553644
96.46 0.324240369561
96.53 0.432178862868
96.6 0.392251037058
96.67 0.409911177781
96.74 0.685696158995
96.81 0.472014161615
96.88 0.279527572322
96.95 0.334744277833
97.02 0.451093278221
97.09 0.475716437581
97.16 0.476972538216
97.23 0.504891089965
97.3 0.460555078652
97.37 0.628284373013
97.44 0.642751079277
97.51 0.688148394296
97.58 0.815550347406
97.65 0.674544301139
97.72 0.584513834035
97.79 0.428307227055
97.86 0.326498807859
97.93 0.407601686541
98.0 0.400941857552
98.07 0.496202123834
98.14 0.61387583507
98.21 0.551812067816
98.28 0.505517266808
98.35 0.370407795285
98.42 0.402462920084
98.49 0.300027780312
98.56 0.427905355438
98.63 0.652103995042
98.7 0.532968956681
98.77 0.38874372447
98.84 0.215890526917
98.91 0.186226114229
98.98 0.128906771467
99.05 0.37740736732
99.12 0.541764022235
99.19 0.257147242057
99.26 0.272170738191
99.33 0.317707971339
99.4 0.284840350563
99.47 0.267413826337
99.54 0.557715840547
99.61 0.355651760246
99.68 0.182165177999
99.75 0.506986190165
99.82 0.76308253835
99.89 0.57248605826
99.96 0.571276796329
100.03 0.644989957987
100.1 0.542997235537
100.17 0.36781509319
100.24 0.38958582245
100.31 0.512733740178
100.38 0.419334100695
100.45 0.707644147641
100.52 0.84049519936
100.59 0.943717320351
100.66 0.87391548454
100.73 0.68681111841
100.8 0.737946821358
100.87 0.509892076236
100.94 0.711318095246
101.01 0.552945346467
101.08 0.601441597389
101.15 0.737932358803
101.22 0.710964424747
101.29 0.694282882383
101.36 0.563044690349
101.43 0.463310020283
101.5 0.366294026959
101.57 0.27532985953
101.64 0.40622132753
101.71 0.326895684779
101.78 0.289105327181
101.85 0.69102724291
101.92 0.792504501655
101.99 0.568311502818
102.06 0.136669510209
102.13 0.337098408186
102.2 0.319071443807
102.27 0.264080759794
102.34 0.575716150919
102.41 0.615924208765
102.48 0.377796948848
102.55 0.380246305201
102.62 0.507176113225
102.69 0.376158205753
102.76 0.416849802416
102.83 0.603718099702
102.9 0.496117128891
102.97 0.290893410644
103.04 0.345539536923
103.11 0.266046135932
103.18 0.23784206154
103.25 0.413832200814
103.32 0.473084981264
103.39 0.265706751676
103.46 0.161358349049
103.53 0.440909491759
103.6 0.447208883796
103.67 0.23305731574
103.74 0.781235256678
103.81 0.736449018511
103.88 0.509725506564
103.95 0.442340086264
104.02 0.399602744564
104.09 0.168003261756
104.16 0.264993112748
104.23 0.705090043183
104.3 0.81245212415
104.37 0.716269503188
104.44 0.368155076662
104.51 0.212745289878
104.58 0.114089240363
104.65 0.390482853479
104.72 0.527954925752
104.79 0.2136367048
104.86 0.176798155929
104.93 0.306494617417
105.0 0.287829787787
105.07 0.279271908134
105.14 0.494939637728
105.21 0.417584771455
105.28 0.19887054474
105.35 0.116957121848
105.42 0.153713363616
105.49 0.102473858238
105.56 0.27081429603
105.63 0.600294724183
105.7 0.618932955288
105.77 0.412947706465
105.84 0.345853771376
105.91 0.377740046771
105.98 0.438918306187
106.05 0.548848565787
106.12 0.857025080937
106.19 0.705905787995
106.26 0.404254565551
106.33 0.458117469889
106.4 0.125680230951
106.47 0.0950251246204
106.54 0.510238569707
106.61 0.671550399387
106.68 0.444033027568
106.75 0.385384854658
106.82 0.390902348946
106.89 0.356822298779
106.96 0.336113393532
107.03 0.461293363106
107.1 0.380541496673
107.17 0.179544620998
107.24 0.544260243183
107.31 0.656737118276
107.38 0.614023677397
107.45 0.68541040209
107.52 0.754394044441
107.59 0.429150180705
107.66 0.123427255873
107.73 0.0851856764262
107.8 0.068643575038
107.87 0.130389487885
107.94 0.642196851487
108.01 0.794070232891
108.08 0.78416865366
108.15 0.632028586688
108.22 0.50397741775
108.29 0.678570061181
108.36 0.734211814153
108.43 0.75837098812
108.5 0.72863066243
108.57 0.763034400112
108.64 0.3681130921
108.71 0.263243765013
108.78 0.529053099727
108.85 0.717825833148
108.92 0.659873140214
108.99 0.610521392797
109.06 0.695128261255
109.13 0.421446469655
109.2 0.392331782008
109.27 0.539339956242
109.34 0.537078996552
109.41 0.729370717406
109.48 0.751543757215
109.55 0.689071616975
109.62 0.372963387919
109.69 0.274797531475
109.76 0.256143175792
109.83 0.585758042825
109.9 0.668539516154
109.97 0.492289084181
110.04 0.274260135978
110.11 0.269572429853
110.18 0.284553731822
110.25 0.272719400426
110.32 0.556912417881
110.39 0.359036729236
110.46 0.293067165936
110.53 0.395743486381
110.6 0.47491724888
110.67 0.438051276637
110.74 0.476710989137
110.81 0.592110405048
110.88 0.377246112916
110.95 0.281504005594
111.02 0.354439594707
111.09 0.347085066202
111.16 0.370059732263
111.23 0.549360028555
111.3 0.592928210128
111.37 0.307953694401
111.44 0.2772390598
111.51 0.339204173442
111.58 0.302828360981
111.65 0.311037207277
111.72 0.740310872063
111.79 0.711653929827
111.86 0.578654609178
111.93 0.317854525229
112.0 0.291260401981
112.07 0.281556189156
112.14 0.302235466509
112.21 0.599208449451
112.28 0.380024331492
112.35 0.322535033366
112.42 0.448567118674
112.49 0.500266278076
112.56 0.508968418324
112.63 0.566874192411
112.7 0.587213658905
112.77 0.372256606683
112.84 0.30795721202
112.91 0.36094124428
112.98 0.348143383693
113.05 0.361421059575
113.12 0.575966234755
113.19 0.677374995487
113.26 0.52713295452
113.33 0.325513033706
113.4 0.319724090948
113.47 0.300822336803
113.54 0.361447465759
113.61 0.691441778202
113.68 0.63940458093
113.75 0.348669151197
113.82 0.32306467358
113.89 0.318577392821
113.96 0.340903152524
114.03 0.536676001714
114.1 0.560091272654
114.17 0.384712221327
114.24 0.420801151195
114.31 0.58356374528
114.38 0.568402237164
114.45 0.522258789937
114.52 0.656437260071
114.59 0.637389451384
114.66 0.325216012529
114.73 0.371890516635
114.8 0.396825821823
114.87 0.367455132158
114.94 0.394046447968
115.01 0.583937980225
115.08 0.388420114632
115.15 0.459813259318
115.22 0.435533951208
115.29 0.435848416224
115.36 0.487301020505
115.43 0.573479473033
115.5 0.76073870933
115.57 0.594034646129
115.64 0.610433309303
115.71 0.682483284545
115.78 0.509614768767
115.85 0.516651647536
115.92 0.558391534072
115.99 0.512501978044
116.06 0.308438981547
116.13 0.2872761999
116.2 0.286492129685
116.27 0.294406762242
116.34 0.454843147458
116.41 0.372834630493
116.48 0.273689318786
116.55 0.28013221685
116.62 0.301375684264
116.69 0.250662702192
116.76 0.264020363524
116.83 0.435669766065
116.9 0.404356800896
116.97 0.353202115382
117.04 0.450772488149
117.11 0.480354671411
117.18 0.633378776539
117.25 0.542311957026
117.32 0.387327349629
117.39 0.453845444471
117.46 0.645154521642
117.53 0.756791432999
117.6 0.715777273276
117.67 0.681792531715
117.74 0.672748848308
117.81 0.574728640765
117.88 0.282696134391
117.95 0.313698396289
118.02 0.265972284431
118.09 0.234624376101
118.16 0.282600295614
118.23 0.745517672943
118.3 0.60723150555
118.37 0.399201755742
118.44 0.270267633647
118.51 0.338233257622
118.58 0.298960684186
118.65 0.397781209816
118.72 0.801348960594
118.79 0.298668750179
118.86 0.161419629348
118.93 0.211523978284
119.0 0.188781874545
119.07 0.153388768647
119.14 0.534175369254
119.21 0.786207777731
119.28 0.624631050268
119.35 0.626756275243
119.42 0.45757844196
119.49 0.378116323488
119.56 0.587641063775
119.63 0.670689596256
119.7 0.465734782894
119.77 0.28961320575
119.84 0.280351195713
119.91 0.349786500078
119.98 0.222538224869
120.05 0.246028720822
120.12 0.543590658948
120.19 0.28258316248
120.26 0.162373611773
120.33 0.176262072296
120.4 0.196831664794
120.47 0.148639105332
120.54 0.471515258954
120.61 0.818188043705
120.68 0.8067837557
120.75 0.756610205966
120.82 0.528474253536
120.89 0.286266617397
120.96 0.21902021147
121.03 0.381086860755
121.1 0.477705476579
121.17 0.410934252504
121.24 0.119738710088
121.31 0.377954725089
121.38 0.630755572385
121.45 0.614801465709
121.52 0.70758760312
121.59 0.664199808938
121.66 0.505810548434
121.73 0.444157994893
121.8 0.273833188534
121.87 0.150544063006
121.94 0.173732572675
122.01 0.679010622907
122.08 0.694949225182
122.15 0.628299694937
122.22 0.512566881996
122.29 0.617407957166
122.36 0.603522491489
122.43 0.571091216967
122.5 0.611180426642
122.57 0.450560760291
122.64 0.394626771238
122.71 0.429068216364
122.78 0.41069072182
122.85 0.470890470417
122.92 0.604689566653
122.99 0.584066753679
123.06 0.579802596976
123.13 0.459921235298
123.2 0.511953815156
123.27 0.489581548414
123.34 0.47055765041
123.41 0.687223806736
123.48 0.51215302113
123.55 0.475800872763
123.62 0.528961619443
123.69 0.573138284964
123.76 0.593202001211
123.83 0.576502249343
123.9 0.689404737823
123.97 0.66660277045
124.04 0.48286342904
124.11 0.512402077915
124.18 0.511163411255
124.25 0.453936337868
124.32 0.627938695757
124.39 0.730704327719
124.46 0.752198007197
124.53 0.732261566365
124.6 0.518697097896
124.67 0.498397782561
124.74 0.514547326069
124.81 0.624365826985
124.88 0.718582651371
124.95 0.657937314294
125.02 0.422082621099
125.09 0.478230744737
125.16 0.453487023399
125.23 0.484834134007
125.3 0.614013503057
125.37 0.583890595322
125.44 0.404006958721
125.51 0.529049731295
125.58 0.528149395948
125.65 0.47151596667
125.72 0.493592496974
125.79 0.668764100028
125.86 0.542265567117
125.93 0.416844667161
126.0 0.368754486066
126.07 0.393202448773
126.14 0.197838095865
126.21 0.272005809582
126.28 0.432645508976
126.35 0.360952409915
126.42 0.249042545884
126.49 0.17442162526
126.56 0.158534685007
126.63 0.143661215995
126.7 0.447038307023
126.77 0.669629126027
126.84 0.593743222565
126.91 0.209479763344
126.98 0.31386373054
127.05 0.213263633765
127.12 0.349370581411
127.19 0.650819709069
127.26 0.544918042841
127.33 0.303640599272
127.4 0.305633358094
127.47 0.341639202865
127.54 0.277130203491
127.61 0.375499301368
127.68 0.630858167752
127.75 0.371129656786
127.82 0.189293946392
127.89 0.261844873465
127.96 0.194936613908
128.03 0.126285267558
128.1 0.382779366827
128.17 0.603268431375
128.24 0.578928733159
128.31 0.41099865341
128.38 0.264612653849
128.45 0.280412906312
128.52 0.26217721262
128.59 0.448528572821
128.66 0.645744528535
128.73 0.412881152821
128.8 0.167691429098
128.87 0.183039760627
128.94 0.16693489692
129.01 0.170765206567
129.08 0.532597889196
129.15 0.477491276647
129.22 0.26395488255
129.29 0.384834313402
129.36 0.514836314548
129.43 0.501315322517
129.5 0.446166138519
129.57 0.510925267349
129.64 0.309051212443
129.71 0.209708967098
129.78 0.301141760761
129.85 0.250972932009
129.92 0.114159098325
129.99 0.39267467032
130.06 0.554414370927
130.13 0.510176421408
130.2 0.555980600277
130.27 0.526631357853
130.34 0.494025927292
130.41 0.486511434052
130.48 0.510352271527
130.55 0.699292810039
130.62 0.436052303725
130.69 0.106435266692
130.76 0.236063463195
130.83 0.263979085444
130.9 0.15953641729
130.97 0.540103447215
131.04 0.581567073061
131.11 0.365189410798
131.18 0.317281713117
131.25 0.362232863865
131.32 0.295648792402
131.39 0.347583094699
131.46 0.587436787893
131.53 0.5220141311
131.6 0.222138872177
131.67 0.238874194778
131.74 0.204186977458
131.81 0.148914362398
131.88 0.431045672989
131.95 0.696762172402
132.02 0.563196300584
132.09 0.401287796193
132.16 0.225301116589
132.23 0.216326118604
132.3 0.196113891769
132.37 0.464683438993
132.44 0.633533693558
132.51 0.412763165251
132.58 0.113496652896
132.65 0.109064063527
132.72 0.111093258617
132.79 0.288171996742
132.86 0.499904941067
132.93 0.334891467927
133.0 0.227034580172
133.07 0.462308204159
133.14 0.450501091464
133.21 0.448257076266
133.28 0.47635813732
133.35 0.461338686509
133.42 0.175823431513
133.49 0.18167563716
133.56 0.162213317839
133.63 0.127866832395
133.7 0.250172811194
133.77 0.564056196261
133.84 0.525832397249
133.91 0.53758796382
133.98 0.492725890328
134.05 0.476388586361
134.12 0.424900998233
134.19 0.393207910761
134.26 0.686429260108
134.33 0.536886924453
134.4 0.1457099941
134.47 0.117551796706
134.54 0.348346219484
134.61 0.13616328873
134.68 0.468138655559
134.75 0.651529438299
134.82 0.284957084218
134.89 0.330025718257
134.96 0.427393082619
135.03 0.34072833932
135.1 0.442170267758
135.17 0.675353455811
135.24 0.538651652061
135.31 0.243538723827
135.38 0.348210086525
135.45 0.389583741223
135.52 0.197241696103
135.59 0.552100697505
135.66 0.704434154604
135.73 0.618653284246
135.8 0.309152113731
135.87 0.309472291024
135.94 0.297477928313
136.01 0.304241109704
136.08 0.630409350164
136.15 0.537169492938
136.22 0.216187911816
136.29 0.170208036948
136.36 0.159865088405
136.43 0.137557236131
136.5 0.412668333798
136.57 0.625438762383
136.64 0.37754525724
136.71 0.255837320497
136.78 0.345880794037
136.85 0.345914897555
136.92 0.335630288715
136.99 0.563278666869
137.06 0.379578412579
137.13 0.177657896253
137.2 0.222505587333
137.27 0.271322884781
137.34 0.195981626588
137.41 0.268466295925
137.48 0.891504657642
137.55 0.805232514144
137.62 0.596741982158
137.69 0.7191455382
137.76 0.631859970313
137.83 0.437938651186
137.9 0.640812611136
137.97 0.593320300718
138.04 0.606155641886
138.11 0.515506357443
138.18 0.640253234528
138.25 0.64816642946
138.32 0.222279600357
138.39 0.771527395541
138.46 0.795720447395
138.53 0.691415920683
138.6 0.729884336611
138.67 0.649759486664
138.74 0.438604344217
138.81 0.388892408905
138.88 0.566792849479
138.95 0.67935038568
139.02 0.611767601439
139.09 0.649761276914
139.16 0.590604536213
139.23 0.383102477318
139.3 0.312829140024
139.37 0.484814289606
139.44 0.635908877841
139.51 0.453923146489
139.58 0.188814333302
139.65 0.226468848917
139.72 0.197103956604
139.79 0.0730392633152
139.86 0.268410431995
139.93 0.338586728382
140.0 0.252081851181
140.07 0.192164217342
140.14 0.151924604494
140.21 0.17962885151
140.28 0.123665235796
140.35 0.191480609484
140.42 0.0886311304596
140.49 0.0523853922203
140.56 0.226702392671
140.63 0.31730184233
140.7 0.202413070505
140.77 0.192401039521
140.84 0.325516234455
140.91 0.223735443301
140.98 0.0708947302747
141.05 0.359700554342
141.12 0.332616690517
141.19 0.269021931749
141.26 0.255236155366
141.33 0.261695431996
141.4 0.243436577255
141.47 0.181243781325
141.54 0.26802958225
141.61 0.271794858485
141.68 0.124325924266
141.75 0.27133020853
141.82 0.349100971276
141.89 0.298353671152
141.96 0.217128612856
142.03 0.17868361443
142.1 0.130969961576
142.17 0.0719173229123
142.24 0.179467832599
142.31 0.0693472221041
142.38 0.0536598207224
142.45 0.164683881007
142.52 0.291595893801
142.59 0.200175196653
142.66 0.144130621456
142.73 0.314262945141
142.8 0.273694563774
142.87 0.166912998417
142.94 0.290116351008
143.01 0.362819534384
143.08 0.165245201984
143.15 0.28366341423
143.22 0.38843303846
143.29 0.296906682054
143.36 0.240535105161
143.43 0.268776984401
143.5 0.221769781118
143.57 0.174554464998
143.64 0.231740154272
143.71 0.279191704451
143.78 0.182237136915
143.85 0.164858907513
143.92 0.133874355771
143.99 0.0916220275019
144.06 0.1388952185
144.13 0.142402713565
144.2 0.114132177999
144.27 0.131809044982
144.34 0.246167737661
144.41 0.391269986352
144.48 0.259878907975
144.55 0.202001324156
144.62 0.337521565528
144.69 0.242873268756
144.76 0.100988008884
144.83 0.319302839753
144.9 0.272593398653
144.97 0.265644623105
145.04 0.27275761708
145.11 0.215815777825
145.18 0.131450707751
145.25 0.081100326466
145.32 0.27293830038
145.39 0.221111041949
145.46 0.105303918847
145.53 0.306416536882
145.6 0.305462921878
145.67 0.262800005003
145.74 0.185886711478
145.81 0.131459583789
145.88 0.0626611620103
145.95 0.156052573989
146.02 0.106733729193
146.09 0.049145647995
146.16 0.0664368295853
146.23 0.254940245082
146.3 0.159410450039
146.37 0.0593588182251
146.44 0.22494315171
146.51 0.140074961037
146.58 0.216065411633
146.65 0.151425106316
146.72 0.23317809965
146.79 0.106135520686
146.86 0.0633322430523
146.93 0.361672244439
147.0 0.285657844938
147.07 0.227891673343
147.14 0.218066161232
147.21 0.20572246309
147.28 0.137344270387
147.35 0.127207657993
147.42 0.334836278423
147.49 0.203835046658
147.56 0.115808942942
147.63 0.360857700524
147.7 0.283080786568
147.77 0.173471347863
147.84 0.196671280855
147.91 0.148136336126
147.98 0.219419668962
148.05 0.206036074901
148.12 0.30594420932
148.19 0.192442903254
148.26 0.274578024907
148.33 0.327614048388
148.4 0.407582720004
148.47 0.295405745036
148.54 0.217952569145
148.61 0.319324088489
148.68 0.186185976632
148.75 0.158643898874
148.82 0.290478310659
148.89 0.25320013834
148.96 0.19059282068
149.03 0.149469638199
149.1 0.238314881051
149.17 0.137077364121
149.24 0.0965952587368
149.31 0.344686013155
149.38 0.288626887864
149.45 0.236958347651
149.52 0.174753960716
149.59 0.118128337272
149.66 0.0701339579661
149.73 0.0635715964866
149.8 0.162962192138
149.87 0.0662719848173
149.94 0.0516164084356
150.01 0.232528998486
150.08 0.191794576385
150.15 0.131866484628
150.22 0.25177397754
150.29 0.310143967583
150.36 0.145754788565
150.43 0.136472459439
150.5 0.357108936014
150.57 0.167654837478
150.64 0.0796595551563
150.71 0.29721754191
150.78 0.230223328171
150.85 0.159517059906
150.92 0.152477833592
150.99 0.126375475433
151.06 0.0806147002574
151.13 0.0517589638542
151.2 0.421648896105
151.27 0.305865264484
151.34 0.208905546897
151.41 0.0955257830088
151.48 0.0908040917293
151.55 0.337998893954
151.62 0.225360617734
151.69 0.203982076468
151.76 0.170964423638
151.83 0.288547885079
151.9 0.40069920843
151.97 0.306194005878
152.04 0.14231922036
152.11 0.172563853983
152.18 0.283636824335
152.25 0.194910011684
152.32 0.0855085563551
152.39 0.393516907624
152.46 0.293123341804
152.53 0.236855490897
152.6 0.276413119688
152.67 0.274323376674
152.74 0.137860989239
152.81 0.139788327501
152.88 0.300136190292
152.95 0.197185369815
153.02 0.0758725357704
153.09 0.389699208634
153.16 0.361842070343
153.23 0.275062611735
153.3 0.21470812613
153.37 0.165848341075
153.44 0.121615954647
153.51 0.0625909132014
153.58 0.16757546604
153.65 0.0770213915674
153.72 0.0508339274992
153.79 0.163492214568
153.86 0.165328660666
153.93 0.0704456512999
154.0 0.0442741897466
154.07 0.187296344525
154.14 0.0830157321958
154.21 0.0699477658259
154.28 0.0747446475955
154.35 0.0802386762957
154.42 0.0646705287278
154.49 0.635793751958
154.56 0.84385479908
154.63 0.799960321062
154.7 0.763433428536
154.77 0.575681941367
154.84 0.673468582963
154.91 0.581940993602
154.98 0.742130070362
155.05 0.828907305953
155.12 0.742046714015
155.19 0.411776509535
155.26 0.250177731915
155.33 0.174055321911
155.4 0.542427871999
155.47 0.814748025767
155.54 0.519713809341
155.61 0.523384598118
155.68 0.607712085276
155.75 0.548983924451
155.82 0.482978686848
155.89 0.700865791048
155.96 0.553322926417
156.03 0.300968232295
156.1 0.384721129422
156.17 0.590933664755
156.24 0.5526928707
156.31 0.563850805788
156.38 0.68654888011
156.45 0.439192192208
156.52 0.281038710804
156.59 0.349090366636
156.66 0.528304746967
156.73 0.379074897435
156.8 0.519819077753
156.87 0.603479518097
156.94 0.624739815339
157.01 0.255494994412
157.08 0.436395494111
157.15 0.402972438482
157.22 0.451839489338
157.29 0.758271055934
157.36 0.597438448498
157.43 0.5531620382
157.5 0.56231780086
157.57 0.602655052598
157.64 0.540788058699
157.71 0.62859695654
157.78 0.703907538827
157.85 0.404731567244
157.92 0.283093936026
157.99 0.485738323569
158.06 0.471338236296
158.13 0.487945999902
158.2 0.781306463493
158.27 0.745512823734
158.34 0.588586946923
158.41 0.526301889016
158.48 0.53439661552
158.55 0.560338632894
158.62 0.695678650858
158.69 0.740867351228
158.76 0.707419674733
158.83 0.52113234062
158.9 0.448958667997
158.97 0.485310096319
159.04 0.499620287655
159.11 0.825986201527
159.18 0.704166117719
159.25 0.647853434126
159.32 0.623581282083
159.39 0.641707112143
159.46 0.60831688639
159.53 0.566516967305
159.6 0.64355207549
159.67 0.342930842177
159.74 0.211559805473
159.81 0.406752830738
159.88 0.444719744938
159.95 0.492131554531
160.02 0.638976131748
160.09 0.521357527408
160.16 0.333879816526
160.23 0.304102641529
160.3 0.537932276195
160.37 0.48880316705
160.44 0.524998193876
160.51 0.754476482237
160.58 0.767676375958
160.65 0.518002985266
160.72 0.621770525822
160.79 0.373804590774
160.86 0.267195696979
160.93 0.579463181895
161.0 0.761034823052
161.07 0.651005446249
161.14 0.581150975616
161.21 0.567290323146
161.28 0.469876397494
161.35 0.497155405941
161.42 0.510916418435
161.49 0.445524659479
161.56 0.494470303779
161.63 0.507880190592
161.7 0.381342994698
161.77 0.20040620052
161.84 0.705370762236
161.91 0.691648353544
161.98 0.635076412934
162.05 0.523611483917
162.12 0.515063411183
162.19 0.530430823914
162.26 0.499277681689
162.33 0.515111847796
162.4 0.559409329284
162.47 0.410406079506
162.54 0.276979501942
162.61 0.216996467271
162.68 0.206696498286
162.75 0.603929023674
162.82 0.546057152133
162.89 0.34311404317
162.96 0.369581689957
163.03 0.464331617926
163.1 0.471650223073
163.17 0.363484099262
163.24 0.659349366397
163.31 0.459755883786
163.38 0.121846300116
163.45 0.290175524187
163.52 0.392898095217
163.59 0.44497443879
163.66 0.498289603144
163.73 0.623797205685
163.8 0.422597107071
163.87 0.209028558756
163.94 0.365883080798
164.01 0.419185519829
164.08 0.299246362182
164.15 0.510344109369
164.22 0.633137815332
164.29 0.543306227468
164.36 0.5576938693
164.43 0.600902554665
164.5 0.488817219032
164.57 0.464290640687
164.64 0.611305131347
164.71 0.489444376074
164.78 0.472460212454
164.85 0.493562518922
164.92 0.56130208071
164.99 0.473748147972
165.06 0.692317765166
165.13 0.665992021565
165.2 0.396159725615
165.27 0.432600227494
165.34 0.571744988563
165.41 0.649973114505
165.48 0.600658533265
165.55 0.809482342685
165.62 0.820515034267
165.69 0.729409264492
165.76 0.637705146887
165.83 0.669497403346
165.9 0.615351564335
165.97 0.619812139303
166.04 0.685860991434
166.11 0.725168443916
166.18 0.506542083695
166.25 0.391192622164
166.32 0.273577301182
166.39 0.464251077647
166.46 0.659842916803
166.53 0.642229235034
166.6 0.403892036276
166.67 0.590386260134
166.74 0.644221326827
166.81 0.612024745173
166.88 0.506288948297
166.95 0.637178967576
167.02 0.575031247225
167.09 0.45574352226
167.16 0.502092375988
167.23 0.446963376687
167.3 0.452406737127
167.37 0.715856260033
167.44 0.638557230564
167.51 0.47491308396
167.58 0.350313039412
167.65 0.420946620085
167.72 0.311669334359
167.79 0.245421381055
167.86 0.40406296444
167.93 0.497336683525
168.0 0.564789018726
168.07 0.600858889585
168.14 0.50178407821
168.21 0.353494076514
168.28 0.450623329027
168.35 0.57337640791
168.42 0.626344972758
168.49 0.538756564149
168.56 0.523860429737
168.63 0.512295915611
168.7 0.54229361313
168.77 0.520442219063
168.84 0.489242940918
168.91 0.403591070878
168.98 0.38594038938
169.05 0.272484206979
169.12 0.332363927471
169.19 0.632248855222
169.26 0.904081848986
169.33 0.718328244797
169.4 0.637192462262
169.47 0.49317720095
169.54 0.465003163792
169.61 0.41872029285
169.68 0.384637102348
169.75 0.740484861654
169.82 0.829786885746
169.89 0.809363900155
169.96 0.691022021348
170.03 0.642277302993
170.1 0.67136680015
170.17 0.440170394789
170.24 0.582497048631
170.31 0.51395128633
170.38 0.36524094336
170.45 0.527000106151
170.52 0.586539235324
170.59 0.56463729136
170.66 0.674286454622
170.73 0.48642857212
170.8 0.438519636552
170.87 0.643972065372
170.94 0.756319749039
171.01 0.721398726579
171.08 0.789770316812
171.15 0.902593484404
171.22 0.866325275572
171.29 0.80512559234
171.36 0.62147973723
171.43 0.436153403518
171.5 0.486838370401
171.57 0.59292541502
171.64 0.477395368825
171.71 0.32788464612
171.78 0.390491533478
171.85 0.374633517102
171.92 0.509092084881
171.99 0.483253648005
172.06 0.502136322181
172.13 0.529757736855
172.2 0.612674497337
172.27 0.644522755816
172.34 0.581912403856
172.41 0.440395093327
172.48 0.442546633248
172.55 0.677616541114
172.62 0.400379209916
172.69 0.412278296077
172.76 0.314812136313
172.83 0.627712066412
172.9 0.655254098552
172.97 0.657394220081
173.04 0.608774448091
173.11 0.564940042076
173.18 0.518560236261
173.25 0.377382711932
173.32 0.425986695941
173.39 0.26610975268
173.46 0.1542573098
173.53 0.0577523699032
173.6 0.0237431233742
173.67 0.00721265860949
173.74 0.00190113551585
173.81 0.000538270894787
173.88 0.000282096263863
173.95 0.000134341476568
174.02 0.0
174.09 0.0
174.16 0.0
174.23 0.0
174.3 0.0
174.37 0.0
174.44 0.0
174.51 0.0
174.58 0.0
174.65 0.0
174.72 0.0
174.79 0.0
174.86 0.0
174.93 0.0
175.0 0.0
175.07 0.0
175.14 0.0
175.21 0.0
175.28 0.0
175.35 0.0
175.42 0.0
175.49 0.0
175.56 0.0
175.63 0.0
175.7 0.0
175.77 0.0
175.84 0.0
175.91 0.0
175.98 0.0
176.05 0.0
176.12 0.0
176.19 0.0
176.26 0.0
176.33 0.0
176.4 0.0
176.47 0.0
176.54 0.0
176.61 0.0
176.68 0.0
176.75 0.0
176.82 0.0
176.89 0.0
176.96 0.0
177.03 0.0
177.1 0.0
177.17 0.0
177.24 0.0
177.31 0.0
177.38 0.0
177.45 0.0
177.52 0.0
177.59 0.0
177.66 0.0
177.73 0.0
177.8 0.0
177.87 0.0
177.94 0.0
178.01 0.0
178.08 0.0
178.15 0.0
178.22 0.0
178.29 0.0
178.36 0.0
178.43 0.0
178.5 0.0
178.57 0.0
178.64 0.0
178.71 0.0
178.78 0.0
178.85 0.0
178.92 0.0
178.99 0.0
179.06 0.0
179.13 0.0
179.2 0.0
179.27 0.0
179.34 0.0
179.41 0.0
179.48 0.0
179.55 0.0
179.62 0.0
179.69 0.0
179.76 0.0
179.83 0.0
179.9 0.0
179.97 0.0
180.04 0.0
180.11 0.0
180.18 0.0
180.25 0.0
180.32 0.0
180.39 0.0
180.46 0.0
180.53 0.0
180.6 0.0
180.67 0.0
180.74 0.0
180.81 0.0
180.88 0.0
180.95 0.0
181.02 0.0
181.09 0.0
181.16 0.0
181.23 0.0
181.3 0.0
181.37 0.0
181.44 0.0
181.51 0.0
181.58 0.0
181.65 0.0
181.72 0.0
181.79 0.0
181.86 0.0
181.93 0.0
182.0 0.0
182.07 0.0
182.14 0.0
182.21 0.0
182.28 0.0
182.35 0.0
182.42 0.0
182.49 0.0
182.56 0.0
182.63 0.0
182.7 0.0
182.77 0.0
182.84 0.0
182.91 0.0
