0.0 0.0
0.07 0.0
0.14 0.0
0.21 0.0
0.28 0.0
0.35 0.0
0.42 0.0
0.49 0.0
0.56 0.0
0.63 0.0
0.7 0.0
0.77 0.0
0.84 0.0
0.91 0.0
0.98 0.0
1.05 0.0
1.12 0.0
1.19 0.0
1.26 0.0
1.33 0.0
1.4 0.0
1.47 0.0
1.54 0.0
1.61 0.0
1.68 0.0
1.75 0.0
1.82 0.0
1.89 0.0
1.96 0.0
2.03 0.0
2.1 0.0
2.17 0.0
2.24 0.0
2.31 0.0
2.38 0.0
2.45 0.0
2.52 0.0
2.59 0.0
2.66 0.0
2.73 0.0
2.8 0.0
2.87 0.0
2.94 0.0
3.01 0.0
3.08 0.0
3.15 0.0
3.22 0.0
3.29 0.0
3.36 0.0
3.43 0.0
3.5 0.0
3.57 0.0
3.64 0.0
3.71 0.0
3.78 0.0
3.85 0.0
3.92 0.0
3.99 0.457152602709
4.06 0.287170603283
4.13 0.704239534258
4.2 0.559259446807
4.27 0.434075581482
4.34 0.740460467786
4.41 0.710339196206
4.48 0.452602598422
4.55 0.246669633082
4.62 0.16001547464
4.69 0.240647733857
4.76 0.455805516673
4.83 0.49109827246
4.9 0.552548056641
4.97 0.43783835815
5.04 0.385832436214
5.11 0.602603224195
5.18 0.649085183135
5.25 0.593897969684
5.32 0.575827444483
5.39 0.582332574772
5.46 0.586779700504
5.53 0.517109100491
5.6 0.549596245943
5.67 0.519774980031
5.74 0.529438643635
5.81 0.528313415904
5.88 0.542433525441
5.95 0.529032837513
6.02 0.466254765853
6.09 0.393630060969
6.16 0.78203347213
6.23 0.5847627392
6.3 0.483902532453
6.37 0.402620243058
6.44 0.569389005332
6.51 0.613811618355
6.58 0.609562383159
6.65 0.428009062044
6.72 0.265080349087
6.79 0.635868695872
6.86 0.730076644533
6.93 0.566765635364
7.0 0.42753305421
7.07 0.3224405872
7.14 0.859319392099
7.21 0.67677181128
7.28 0.6774782547
7.35 0.600755833561
7.42 0.569924435193
7.49 0.617742778581
7.56 0.470709458452
7.63 0.603390045696
7.7 0.656407242294
7.77 0.416334114973
7.84 0.569478501533
7.91 0.485199793919
7.98 0.659264348528
8.05 0.585376487266
8.12 0.337992382133
8.19 0.652001306254
8.26 0.69700723391
8.33 0.730590310984
8.4 0.518832468098
8.47 0.274767235585
8.54 0.171592327729
8.61 0.0770869721612
8.68 0.0760479692375
8.75 0.0499063498801
8.82 0.0495843172165
8.89 0.0544763788857
8.96 0.0304441682194
9.03 0.0380602418364
9.1 0.0354621985693
9.17 0.0239243073826
9.24 0.0174913186029
9.31 0.0145158105562
9.38 0.0601003805419
9.45 0.181640836517
9.52 0.103384345407
9.59 0.0268886911279
9.66 0.189722800175
9.73 0.254055370691
9.8 0.408951533561
9.87 0.379926496239
9.94 0.239580163103
10.01 0.118368626217
10.08 0.125234537275
10.15 0.183507795963
10.22 0.123860596717
10.29 0.0868742897702
10.36 0.173874680014
10.43 0.190482737866
10.5 0.278809116534
10.57 0.299668136558
10.64 0.222642568198
10.71 0.157003840681
10.78 0.160223723126
10.85 0.151334983537
10.92 0.103763024634
10.99 0.074957245878
11.06 0.0988631198196
11.13 0.099292488569
11.2 0.198809424442
11.27 0.147610099784
11.34 0.0995588196732
11.41 0.132234425143
11.48 0.175972792585
11.55 0.122510040134
11.62 0.0612712642804
11.69 0.058004866733
11.76 0.179220480414
11.83 0.20790590194
11.9 0.144699114638
11.97 0.141325283381
12.04 0.140539281924
12.11 0.30861510325
12.18 0.216608355607
12.25 0.214517381333
12.32 0.217506435743
12.39 0.165648654944
12.46 0.112193595296
12.53 0.234848179107
12.6 0.324208214786
12.67 0.26681121913
12.74 0.177599729729
12.81 0.210136472286
12.88 0.212622012207
12.95 0.192407839482
13.02 0.121201444474
13.09 0.111515821236
13.16 0.140725655709
13.23 0.262907818405
13.3 0.396491038011
13.37 0.330906790772
13.44 0.20245829783
13.51 0.208654373645
13.58 0.183710245559
13.65 0.0926321950191
13.72 0.0835052011064
13.79 0.126588434565
13.86 0.274891694016
13.93 0.352429986751
14.0 0.236692757181
14.07 0.162005822554
14.14 0.234201500374
14.21 0.239530800296
14.28 0.226864820007
14.35 0.170957441049
14.42 0.148432241797
14.49 0.131192292381
14.56 0.202717156762
14.63 0.262910713945
14.7 0.222612173815
14.77 0.175485562824
14.84 0.217857094812
14.91 0.220394427411
14.98 0.251847639576
15.05 0.178750198251
15.12 0.0875484839427
15.19 0.101889503851
15.26 0.3284278815
15.33 0.501230919822
15.4 0.373293644911
15.47 0.297849396737
15.54 0.251552479983
15.61 0.242563901863
15.68 0.369658049419
15.75 0.278803013056
15.82 0.267306930499
15.89 0.284719996304
15.96 0.358265046523
16.03 0.433192258252
16.1 0.419390842623
16.17 0.389688895218
16.24 0.608521042131
16.31 0.528340063463
16.38 0.378090786366
16.45 0.334727159007
16.52 0.309343676171
16.59 0.32646193676
16.66 0.469633884449
16.73 0.532123573602
16.8 0.529014923433
16.87 0.612073248805
16.94 0.589380568045
17.01 0.507210748783
17.08 0.448073573621
17.15 0.431946721127
17.22 0.508779613071
17.29 0.522923422886
17.36 0.518688775706
17.43 0.441699846763
17.5 0.389961033022
17.57 0.396127471042
17.64 0.461984625366
17.71 0.364825863729
17.78 0.31974247696
17.85 0.352360318067
17.92 0.314393361236
17.99 0.659050940593
18.06 0.601028107063
18.13 0.51700529548
18.2 0.28891152083
18.27 0.176569174245
18.34 0.150379068749
18.41 0.106289702505
18.48 0.105211364754
18.55 0.112567312274
18.62 0.143968238757
18.69 0.263803496981
18.76 0.361114033335
18.83 0.246107021657
18.9 0.170652927085
18.97 0.127606496077
19.04 0.194224991931
19.11 0.132165693654
19.18 0.0986193848612
19.25 0.0886364308641
19.32 0.0584988296493
19.39 0.239257447068
19.46 0.199958567224
19.53 0.149422603358
19.6 0.121932741116
19.67 0.147847884535
19.74 0.136231265119
19.81 0.0566531923504
19.88 0.048644052597
19.95 0.0560071452477
20.02 0.20605092589
20.09 0.231360370375
20.16 0.193987728495
20.23 0.150429173501
20.3 0.116225980319
20.37 0.232972871797
20.44 0.302353794804
20.51 0.248652980349
20.58 0.177829288647
20.65 0.169796203578
20.72 0.194704150105
20.79 0.37595944928
20.86 0.318650157442
20.93 0.258820889648
21.0 0.124723467633
21.07 0.141860752291
21.14 0.145113709886
21.21 0.107112720209
21.28 0.0865865203456
21.35 0.165972893919
21.42 0.282154574234
21.49 0.305775447379
21.56 0.228980463969
21.63 0.216969236928
21.7 0.226126037525
21.77 0.167123442493
21.84 0.123269908512
21.91 0.0964426865933
21.98 0.0732327839012
22.05 0.0817764963728
22.12 0.216185310967
22.19 0.185304333065
22.26 0.108182833103
22.33 0.142090773949
22.4 0.195478183785
22.47 0.17662559432
22.54 0.0991437411849
22.61 0.0504825125493
22.68 0.212867039713
22.75 0.17339840957
22.82 0.202837618449
22.89 0.170309522486
22.96 0.145029096858
23.03 0.343400990173
23.1 0.288431679285
23.17 0.238189621514
23.24 0.193136691609
23.31 0.151581152272
23.38 0.165871913182
23.45 0.147349977592
23.52 0.315144570329
23.59 0.301409687688
23.66 0.196719340503
23.73 0.156178042634
23.8 0.261991802713
23.87 0.292589041125
23.94 0.234082448383
24.01 0.227087958168
24.08 0.214402130836
24.15 0.319669746775
24.22 0.498297808104
24.29 0.453301030783
24.36 0.327722325486
24.43 0.190404649077
24.5 0.148506134689
24.57 0.11168322074
24.64 0.0938703322133
24.71 0.237108439964
24.78 0.484339622317
24.85 0.433529402198
24.92 0.270189359529
24.99 0.207902204904
25.06 0.165529334485
25.13 0.130366871164
25.2 0.199173882721
25.27 0.110721462154
25.34 0.0976051580364
25.41 0.114384825933
25.48 0.0955185875997
25.55 0.28892026993
25.62 0.289699368364
25.69 0.217144670921
25.76 0.384534980476
25.83 0.29740593688
25.9 0.273577156935
25.97 0.244260852305
26.04 0.211332539217
26.11 0.19311379478
26.18 0.196440017542
26.25 0.389558970796
26.32 0.349781165124
26.39 0.276059451821
26.46 0.225946667316
26.53 0.33663494791
26.6 0.41175496199
26.67 0.319138962861
26.74 0.270179515084
26.81 0.287419805208
26.88 0.427610602159
26.95 0.459990333426
27.02 0.386502045944
27.09 0.364571439874
27.16 0.581974904318
27.23 0.422959697188
27.3 0.371657057594
27.37 0.401123664764
27.44 0.409292221273
27.51 0.371429189531
27.58 0.459952949135
27.65 0.380663218846
27.72 0.344095425791
27.79 0.36517403728
27.86 0.299387313111
27.93 0.349564848957
28.0 0.328179328777
28.07 0.28988449939
28.14 0.355352611655
28.21 0.346053724587
28.28 0.404362193471
28.35 0.426545712171
28.42 0.33622512552
28.49 0.373227802128
28.56 0.372822952725
28.63 0.296767976007
28.7 0.27277469405
28.77 0.259522573878
28.84 0.219638057892
28.91 0.737794145031
28.98 0.654653422705
29.05 0.394729884876
29.12 0.248746223375
29.19 0.168651929325
29.26 0.124972909714
29.33 0.102940913861
29.4 0.0882076800772
29.47 0.141614014406
29.54 0.201948550999
29.61 0.396314478409
29.68 0.285182826796
29.75 0.209164762844
29.82 0.155988201231
29.89 0.180213675036
29.96 0.189733544718
30.03 0.138138175403
30.1 0.0769904684798
30.17 0.0487267180183
30.24 0.287960371089
30.31 0.351656203966
30.38 0.262914080035
30.45 0.229249074604
30.52 0.247144853088
30.59 0.177934185098
30.66 0.0699472207297
30.73 0.0525070612224
30.8 0.0535552222919
30.87 0.246290116237
30.94 0.279202321298
31.01 0.274702522316
31.08 0.461797354414
31.15 0.332450490415
31.22 0.571794670914
31.29 0.40506148688
31.36 0.279279072632
31.43 0.204188713919
31.5 0.152684590235
31.57 0.779401670342
31.64 0.641382009996
31.71 0.384660792957
31.78 0.208742114559
31.85 0.187242273267
31.92 0.226009870335
31.99 0.29834275731
32.06 0.260767796652
32.13 0.194907086847
32.2 0.165286995556
32.27 0.183744007985
32.34 0.233574883457
32.41 0.14606105618
32.48 0.131153654592
32.55 0.1187943526
32.62 0.249584094633
32.69 0.24061674006
32.76 0.200763795808
32.83 0.28536727738
32.9 0.474827779315
32.97 0.64545791891
33.04 0.530666928573
33.11 0.230666093885
33.18 0.157861477953
33.25 0.166320916153
33.32 0.338268650426
33.39 0.261173814619
33.46 0.166037584734
33.53 0.134020618939
33.6 0.158923629576
33.67 0.278962517674
33.74 0.259107060961
33.81 0.277813048826
33.88 0.292734604977
33.95 0.250974103192
34.02 0.287732434689
34.09 0.178693956828
34.16 0.0978334781006
34.23 0.0906150833735
34.3 0.398911262321
34.37 0.572431223067
34.44 0.346678836135
34.51 0.132160155421
34.58 0.0961767801552
34.65 0.252456020252
34.72 0.312866347556
34.79 0.199329715685
34.86 0.132940171525
34.93 0.13536211793
35.0 0.348126090672
35.07 0.378420122312
35.14 0.27427520856
35.21 0.151577131123
35.28 0.213793613485
35.35 0.32194123444
35.42 0.246068152498
35.49 0.188055095077
35.56 0.632752116649
35.63 0.538009987719
35.7 0.301874088957
35.77 0.163449600686
35.84 0.238967350278
35.91 0.394127445621
35.98 0.249545813173
36.05 0.223127316347
36.12 0.120936379559
36.19 0.233551729876
36.26 0.307439430058
36.33 0.368277792561
36.4 0.353425284203
36.47 0.297847765433
36.54 0.296539089721
36.61 0.228852917678
36.68 0.470712554122
36.75 0.405988763548
36.82 0.258481622371
36.89 0.21611650333
36.96 0.205815029196
37.03 0.557282738975
37.1 0.392219181287
37.17 0.211741933036
37.24 0.225376047761
37.31 0.188687364447
37.38 0.248559987242
37.45 0.162049973193
37.52 0.0884508068355
37.59 0.187786706051
37.66 0.113392029619
37.73 0.19153168286
37.8 0.151610135983
37.87 0.186752406671
37.94 0.249965951535
38.01 0.275457280056
38.08 0.236610717532
38.15 0.21381807621
38.22 0.178253225574
38.29 0.126227010452
38.36 0.273529688042
38.43 0.25489356118
38.5 0.115973127241
38.57 0.0857265410643
38.64 0.128975562248
38.71 0.335179285959
38.78 0.309871992141
38.85 0.167607558035
38.92 0.194658569269
38.99 0.158529397804
39.06 0.279255888787
39.13 0.200492052407
39.2 0.11954353501
39.27 0.245844441283
39.34 0.261227465089
39.41 0.334139201357
39.48 0.249216764243
39.55 0.118842735257
39.62 0.172446870307
39.69 0.432275541616
39.76 0.715148982952
39.83 0.420466214545
39.9 0.238493782077
39.97 0.165429677535
40.04 0.611604226973
40.11 0.520160867845
40.18 0.162621085752
40.25 0.099559398586
40.32 0.0732767158618
40.39 0.367187611017
40.46 0.502071095015
40.53 0.289493546822
40.6 0.181776630118
40.67 0.100477622543
40.74 0.384505188435
40.81 0.692736406148
40.88 0.524261195553
40.95 0.262212688678
41.02 0.114567779934
41.09 0.189730020476
41.16 0.480586375744
41.23 0.295288198874
41.3 0.0794138704644
41.37 0.0464553006433
41.44 0.216737053866
41.51 0.660381774116
41.58 0.426784412639
41.65 0.171112604309
41.72 0.111748208333
41.79 0.153582256443
41.86 0.518153591859
41.93 0.364541344221
42.0 0.160338566529
42.07 0.405248132059
42.14 0.66548721541
42.21 0.358936671221
42.28 0.169130532993
42.35 0.10248161542
42.42 0.180566125513
42.49 0.367624493918
42.56 0.72093806358
42.63 0.469412724159
42.7 0.301753467165
42.77 0.185562929388
42.84 0.164250472292
42.91 0.18762712431
42.98 0.124753001946
43.05 0.0934641697623
43.12 0.217841617438
43.19 0.290378487688
43.26 0.405446358423
43.33 0.288174030896
43.4 0.206681345278
43.47 0.193215113297
43.54 0.196295874125
43.61 0.183512464362
43.68 0.124585206087
43.75 0.172267937455
43.82 0.143745898188
43.89 0.318489540882
43.96 0.182946888084
44.03 0.136004400635
44.1 0.155334729792
44.17 0.236801039247
44.24 0.196588339284
44.31 0.10553745176
44.38 0.0973919141099
44.45 0.267099182827
44.52 0.327801733181
44.59 0.262137549122
44.66 0.143253998076
44.73 0.19403422212
44.8 0.31141402436
44.87 0.338717663159
44.94 0.317290366566
45.01 0.246793913837
45.08 0.220432990029
45.15 0.176945828742
45.22 0.266079634496
45.29 0.337433210016
45.36 0.328622193125
45.43 0.291669525598
45.5 0.297750272816
45.57 0.243134442343
45.64 0.183661534883
45.71 0.104876664347
45.78 0.187127714928
45.85 0.220471833806
45.92 0.469566973654
45.99 0.396638446964
46.06 0.293726622249
46.13 0.220325509459
46.2 0.146217726761
46.27 0.137353029136
46.34 0.101848256562
46.41 0.30933147312
46.48 0.53179284358
46.55 0.452313400752
46.62 0.344394355638
46.69 0.225835572691
46.76 0.169886302122
46.83 0.181979261295
46.9 0.215259368824
46.97 0.129733662648
47.04 0.115928755971
47.11 0.454985128971
47.18 0.34052820253
47.25 0.36743902804
47.32 0.396181178135
47.39 0.383136849565
47.46 0.429997538498
47.53 0.32546973986
47.6 0.359710582871
47.67 0.27559684196
47.74 0.280766730984
47.81 0.213993140206
47.88 0.590305875629
47.95 0.519590214121
48.02 0.299661450263
48.09 0.202285927291
48.16 0.241240402862
48.23 0.273506042434
48.3 0.335017756611
48.37 0.232155605147
48.44 0.249389789842
48.51 0.276166666852
48.58 0.354721462037
48.65 0.224424770132
48.72 0.23167338059
48.79 0.510491106621
48.86 0.451047808645
48.93 0.226067341825
49.0 0.0746705366545
49.07 0.0791514658139
49.14 0.132919532748
49.21 0.586406967579
49.28 0.711047346101
49.35 0.323907880123
49.42 0.363059852803
49.49 0.309149473885
49.56 0.528492667987
49.63 0.683858956822
49.7 0.3193187099
49.77 0.14561602457
49.84 0.301660910439
49.91 0.576087732636
49.98 0.479692030718
50.05 0.332030531683
50.12 0.475633592669
50.19 0.558948854748
50.26 0.323940957226
50.33 0.14741110414
50.4 0.357811722696
50.47 0.353569756614
50.54 0.73130987903
50.61 0.695472573311
50.68 0.583205933479
50.75 0.344951013926
50.82 0.234306382182
50.89 0.160653299815
50.96 0.131687945176
51.03 0.111541043479
51.1 0.145926450668
51.17 0.157530097752
51.24 0.425269750399
51.31 0.37220427853
51.38 0.275908483481
51.45 0.237135972
51.52 0.159361124582
51.59 0.243216440013
51.66 0.142780150669
51.73 0.206238578554
51.8 0.253874422871
51.87 0.224581731634
51.94 0.366651805303
52.01 0.351430528547
52.08 0.380698482735
52.15 0.453951007268
52.22 0.700733007998
52.29 0.352531323817
52.36 0.250200589851
52.43 0.248603362743
52.5 0.1740087154
52.57 0.300839864748
52.64 0.415686871971
52.71 0.400601001248
52.78 0.516176282661
52.85 0.641959092287
52.92 0.581487805374
52.99 0.528205087954
53.06 0.388116279224
53.13 0.424003261124
53.2 0.832015354016
53.27 0.645898041965
53.34 0.631029137587
53.41 0.504996058024
53.48 0.572150774496
53.55 0.524498705002
53.62 0.7726464927
53.69 0.672346062365
53.76 0.459661247399
53.83 0.691267154879
53.9 0.714504014599
53.97 0.664382056329
54.04 0.612909303272
54.11 0.613618598301
54.18 0.709957691729
54.25 0.743733879647
54.32 0.776523708605
54.39 0.580260119849
54.46 0.308308931624
54.53 0.339976379579
54.6 0.574847697623
54.67 0.726337586692
54.74 0.542033159927
54.81 0.42591029539
54.88 0.414415245699
54.95 0.647697787981
55.02 0.601558907574
55.09 0.509058467435
55.16 0.64574377392
55.23 0.646863984733
55.3 0.574376891217
55.37 0.421147943369
55.44 0.387388643497
55.51 0.564248970829
55.58 0.513584739227
55.65 0.519740096877
55.72 0.437673738013
55.79 0.235944200543
55.86 0.647323890398
55.93 0.451181155779
56.0 0.617786062315
56.07 0.500619162317
56.14 0.280285865358
56.21 0.380637105293
56.28 0.396342269149
56.35 0.57273405789
56.42 0.536374432292
56.49 0.380213037549
56.56 0.525904332491
56.63 0.473728236566
56.7 0.51081499122
56.77 0.453449343738
56.84 0.432812035582
56.91 0.528099697522
56.98 0.489954197361
57.05 0.301487224899
57.12 0.251979738093
57.19 0.550208817636
57.26 0.464605961817
57.33 0.371180867201
57.4 0.256650576016
57.47 0.198198102342
57.54 0.421684529103
57.61 0.337608227153
57.68 0.259135685414
57.75 0.161045090977
57.82 0.563831380464
57.89 0.783015731842
57.96 0.682864013747
58.03 0.66769243953
58.1 0.592077504839
58.17 0.6045283961
58.24 0.59031439824
58.31 0.569990691903
58.38 0.566360095757
58.45 0.349992221287
58.52 0.280737762893
58.59 0.316972201781
58.66 0.679792019591
58.73 0.704125659289
58.8 0.449289500286
58.87 0.387044660961
58.94 0.384559922536
59.01 0.499380569216
59.08 0.525013184665
59.15 0.267056124605
59.22 0.497347739065
59.29 0.563747783706
59.36 0.235362724177
59.43 0.0993895291846
59.5 0.454240473405
59.57 0.643177609904
59.64 0.631087045458
59.71 0.335281009618
59.78 0.242571960758
59.85 0.365345708828
59.92 0.536057504409
59.99 0.796393140253
60.06 0.770065598136
60.13 0.48136895156
60.2 0.21625424161
60.27 0.375978648097
60.34 0.698183386438
60.41 0.765800070403
60.48 0.407950087724
60.55 0.358489569974
60.62 0.496155935391
60.69 0.698379258101
60.76 0.526607949685
60.83 0.420582340732
60.9 0.597030881471
60.97 0.672114188773
61.04 0.443950241698
61.11 0.331246509073
61.18 0.570485282544
61.25 0.379577201959
61.32 0.905170880888
61.39 0.84961188635
61.46 0.57412891643
61.53 0.536003447821
61.6 0.577401234898
61.67 0.569247476297
61.74 0.618753277129
61.81 0.51496922615
61.88 0.362622930853
61.95 0.306684806063
62.02 0.805459125743
62.09 0.685466605335
62.16 0.38318065559
62.23 0.264497592865
62.3 0.318985713039
62.37 0.699086636763
62.44 0.655994323258
62.51 0.535882196352
62.58 0.305021704933
62.65 0.445063326904
62.72 0.697513684941
62.79 0.673738258688
62.86 0.459101310883
62.93 0.511074525713
63.0 0.680401061185
63.07 0.39071608754
63.14 0.217977812276
63.21 0.53527422765
63.28 0.806119083348
63.35 0.693618792183
63.42 0.653030787869
63.49 0.613680321334
63.56 0.661931137928
63.63 0.559616355791
63.7 0.612026996312
63.77 0.51142235465
63.84 0.419076313372
63.91 0.501353157297
63.98 0.849672939679
64.05 0.860004785744
64.12 0.682968887745
64.19 0.61804345981
64.26 0.500283322633
64.33 0.609876550224
64.4 0.685442900176
64.47 0.443914600002
64.54 0.682329845194
64.61 0.733426206363
64.68 0.675186300078
64.75 0.596430479637
64.82 0.577135867347
64.89 0.743450164564
64.96 0.769274531926
65.03 0.813216770374
65.1 0.74141463705
65.17 0.489928770107
65.24 0.365193308339
65.31 0.30049177613
65.38 0.712016621766
65.45 0.76828382575
65.52 0.52388170409
65.59 0.573541467403
65.66 0.393655304689
65.73 0.63292771465
65.8 0.59534299155
65.87 0.410031533856
65.94 0.672774066326
66.01 0.644268554871
66.08 0.546801389914
66.15 0.486850098442
66.22 0.539139589023
66.29 0.755934940282
66.36 0.630653980648
66.43 0.714233881024
66.5 0.557552244825
66.57 0.413121907759
66.64 0.63159480856
66.71 0.661240496972
66.78 0.695381757227
66.85 0.572288517657
66.92 0.435429992277
66.99 0.317528573054
67.06 0.548635788691
67.13 0.646608559251
67.2 0.523625407799
67.27 0.446769946068
67.34 0.391780234607
67.41 0.473267718796
67.48 0.650788359086
67.55 0.542093938932
67.62 0.468161632205
67.69 0.432583652062
67.76 0.40398373097
67.83 0.28189502705
67.9 0.382029245969
67.97 0.535367471652
68.04 0.450160916267
68.11 0.340282633209
68.18 0.297219199933
68.25 0.429481704785
68.32 0.525209488804
68.39 0.338417369499
68.46 0.19108922463
68.53 0.127031675743
68.6 0.470887363319
68.67 0.448646093923
68.74 0.344745976307
68.81 0.361396974256
68.88 0.327759631678
68.95 0.814853242494
69.02 0.716388728996
69.09 0.706395478553
69.16 0.56912977738
69.23 0.376340687243
69.3 0.2311776331
69.37 0.449421852627
69.44 0.779731966912
69.51 0.689679952822
69.58 0.468518197551
69.65 0.473706328672
69.72 0.362346891001
69.79 0.589613324162
69.86 0.485741096864
69.93 0.355289231936
70.0 0.72623798246
70.07 0.591317118075
70.14 0.223097026421
70.21 0.108936182123
70.28 0.263444739967
70.35 0.740900143721
70.42 0.557019740769
70.49 0.293955421649
70.56 0.236301793874
70.63 0.5433798828
70.7 0.574532753468
70.77 0.833771049946
70.84 0.74287757983
70.91 0.501807151804
70.98 0.319099469882
71.05 0.407987347056
71.12 0.810411385552
71.19 0.789030472268
71.26 0.451393032964
71.33 0.461827019543
71.4 0.528404296419
71.47 0.727797550951
71.54 0.521458292343
71.61 0.426543356494
71.68 0.431872873142
71.75 0.502390134515
71.82 0.303358748286
71.89 0.291104598522
71.96 0.74548672104
72.03 0.672136915735
72.1 0.680472247928
72.17 0.613885972034
72.24 0.435318771715
72.31 0.872658493668
72.38 0.702815622694
72.45 0.596166122498
72.52 0.444514745083
72.59 0.505005388965
72.66 0.568403620663
72.73 0.570803982311
72.8 0.669908202206
72.87 0.492760124974
72.94 0.230256684446
73.01 0.156868480532
73.08 0.593820270416
73.15 0.721875131976
73.22 0.649382620305
73.29 0.590639743299
73.36 0.755084269488
73.43 0.50012419094
73.5 0.301744853763
73.57 0.153071293212
73.64 0.100133526762
73.71 0.0618275252374
73.78 0.0434576025683
73.85 0.0471642022458
73.92 0.188365024267
73.99 0.617653416125
74.06 0.715289437142
74.13 0.686535377846
74.2 0.551640881815
74.27 0.459998420632
74.34 0.652493018927
74.41 0.747546553127
74.48 0.53388398772
74.55 0.559655920035
74.62 0.374157874759
74.69 0.191745284092
74.76 0.785506293563
74.83 0.826057284559
74.9 0.573082005929
74.97 0.201405316067
75.04 0.143433567439
75.11 0.385888644444
75.18 0.680613398181
75.25 0.578562601233
75.32 0.462101109835
75.39 0.608486637337
75.46 0.484630078366
75.53 0.5601530206
75.6 0.504620769292
75.67 0.362695110437
75.74 0.628595446965
75.81 0.535548449735
75.88 0.490048320959
75.95 0.395761066132
76.02 0.50207253888
76.09 0.589232879886
76.16 0.658298976863
76.23 0.725158112982
76.3 0.230240191778
76.37 0.121812129087
76.44 0.321821798785
76.51 0.668316866731
76.58 0.605797202002
76.65 0.417521848685
76.72 0.502423784672
76.79 0.436175745141
76.86 0.624260431154
76.93 0.536682605218
77.0 0.512733880995
77.07 0.560764631668
77.14 0.623317208514
77.21 0.730677946464
77.28 0.558507529937
77.35 0.658923894139
77.42 0.551497747834
77.49 0.646756858539
77.56 0.519394835462
77.63 0.277298267505
77.7 0.19497575488
77.77 0.308841570403
77.84 0.652926320964
77.91 0.527833549952
77.98 0.338635357972
78.05 0.351138253756
78.12 0.485927516531
78.19 0.523471301811
78.26 0.41834208995
78.33 0.345654334341
78.4 0.430331761522
78.47 0.503181426238
78.54 0.663895166301
78.61 0.657929796491
78.68 0.502083103794
78.75 0.628253791796
78.82 0.448680857976
78.89 0.293133924933
78.96 0.178447841787
79.03 0.483140062385
79.1 0.646539655943
79.17 0.681173206809
79.24 0.438366696573
79.31 0.243802043939
79.38 0.406677881564
79.45 0.305123008806
79.52 0.315376983784
79.59 0.234335646075
79.66 0.200794383488
79.73 0.713454067979
79.8 0.69646869276
79.87 0.742542364942
79.94 0.635205507875
80.01 0.522280706728
80.08 0.571003348927
80.15 0.573636207011
80.22 0.879487197135
80.29 0.853695787774
80.36 0.458510904813
80.43 0.311049037932
80.5 0.472279673862
80.57 0.869904824401
80.64 0.782563700562
80.71 0.657757136984
80.78 0.707455744073
80.85 0.752549895885
80.92 0.862354794674
80.99 0.806352042524
81.06 0.551595505013
81.13 0.639233702859
81.2 0.641901508529
81.27 0.893012158007
81.34 0.650469948288
81.41 0.431896725714
81.48 0.385170392375
81.55 0.706253756221
81.62 0.626109558525
81.69 0.546261982835
81.76 0.406614450103
81.83 0.470542419182
81.9 0.482750814339
81.97 0.543993576197
82.04 0.397827293594
82.11 0.721141431821
82.18 0.767225494169
82.25 0.543855520638
82.32 0.57513447616
82.39 0.568538626435
82.46 0.418388485951
82.53 0.480441860378
82.6 0.466911714673
82.67 0.501795935736
82.74 0.373938731389
82.81 0.479590633125
82.88 0.863187656823
82.95 0.831011954714
83.02 0.498432132457
83.09 0.294542247832
83.16 0.279581390046
83.23 0.340445963728
83.3 0.221063666169
83.37 0.206934500015
83.44 0.156905922422
83.51 0.686791641921
83.58 0.806640603683
83.65 0.413295415622
83.72 0.361284199515
83.79 0.231823000737
83.86 0.828369984368
83.93 0.758867497493
84.0 0.471603869863
84.07 0.273699626756
84.14 0.343665741714
84.21 0.267380130258
84.28 0.118516221633
84.35 0.108555572861
84.42 0.156683225524
84.49 0.695730211937
84.56 0.832267314807
84.63 0.591785859725
84.7 0.287642195566
84.77 0.155917628545
84.84 0.671160290904
84.91 0.85341182863
84.98 0.772941205172
85.05 0.68046336606
85.12 0.612155402674
85.19 0.463109924363
85.26 0.354811334092
85.33 0.348655102704
85.4 0.319515677885
85.47 0.777546400443
85.54 0.796028216305
85.61 0.63954567728
85.68 0.424270813509
85.75 0.301827747626
85.82 0.374159369388
85.89 0.678725935656
85.96 0.654860687136
86.03 0.406954269934
86.1 0.41579714948
86.17 0.452602116157
86.24 0.451276325911
86.31 0.370368966965
86.38 0.529366468932
86.45 0.904504316063
86.52 0.831607960521
86.59 0.802074755931
86.66 0.751707544643
86.73 0.625913859657
86.8 0.477223889419
86.87 0.726581455396
86.94 0.720080769946
87.01 0.496953888028
87.08 0.352418849758
87.15 0.369148926408
87.22 0.705607671045
87.29 0.666370878373
87.36 0.407104424086
87.43 0.411159275415
87.5 0.352438186225
87.57 0.269020584478
87.64 0.132075526773
87.71 0.253125321489
87.78 0.801418595915
87.85 0.74182925768
87.92 0.614428787181
87.99 0.542842702533
88.06 0.574072319655
88.13 0.463179942542
88.2 0.746047180823
88.27 0.83233411919
88.34 0.570608079408
88.41 0.391631449149
88.48 0.264319948656
88.55 0.710889511837
88.62 0.790562870911
88.69 0.566662668947
88.76 0.197339457586
88.83 0.236059305579
88.9 0.471753536869
88.97 0.447296697118
89.04 0.261957322747
89.11 0.200234187291
89.18 0.359705041709
89.25 0.31312075872
89.32 0.154720053317
89.39 0.250943885509
89.46 0.603508696451
89.53 0.406341043182
89.6 0.261352920265
89.67 0.181485694734
89.74 0.61023870652
89.81 0.600549614687
89.88 0.44722909612
89.95 0.282102049373
90.02 0.285823930199
90.09 0.71248520917
90.16 0.601484048201
90.23 0.58257437091
90.3 0.373814020111
90.37 0.406371283319
90.44 0.541259469885
90.51 0.687708262885
90.58 0.640669781354
90.65 0.481681418984
90.72 0.425798675545
90.79 0.366208008642
90.86 0.43506365668
90.93 0.363004395305
91.0 0.355505601796
91.07 0.58634917881
91.14 0.563278021881
91.21 0.5469826062
91.28 0.519140705456
91.35 0.383382302713
91.42 0.614977411957
91.49 0.527375603609
91.56 0.311688589106
91.63 0.257605976324
91.7 0.278420156481
91.77 0.869142417788
91.84 0.681823206724
91.91 0.35511950409
91.98 0.229099234802
92.05 0.462434757851
92.12 0.406499989388
92.19 0.563792342416
92.26 0.416736184032
92.33 0.216295954567
92.4 0.497281741059
92.47 0.403234884388
92.54 0.580769849107
92.61 0.491605069081
92.68 0.306999707263
92.75 0.64883415661
92.82 0.670093648558
92.89 0.853113897481
92.96 0.569902258832
93.03 0.305952743069
93.1 0.1778588747
93.17 0.222901205523
93.24 0.269094613068
93.31 0.272604202782
93.38 0.227069398791
93.45 0.15370762571
93.52 0.562013518286
93.59 0.63213299631
93.66 0.370423038197
93.73 0.266490673286
93.8 0.457232982743
93.87 0.601774526703
93.94 0.368187794571
94.01 0.734792521478
94.08 0.705601673001
94.15 0.792317985976
94.22 0.866478468282
94.29 0.884930983155
94.36 0.822633701949
94.43 0.475432269659
94.5 0.764355186186
94.57 0.586275910714
94.64 0.574648387628
94.71 0.485253050963
94.78 0.481819520426
94.85 0.506968614865
94.92 0.634565278211
94.99 0.649879004307
95.06 0.431331230465
95.13 0.507917442122
95.2 0.596628059727
95.27 0.339129963257
95.34 0.298342293595
95.41 0.334750726516
95.48 0.370658695712
95.55 0.375078897607
95.62 0.441994116997
95.69 0.39877352697
95.76 0.349005774464
95.83 0.34106682178
95.9 0.275411101758
95.97 0.262819024123
96.04 0.178311016296
96.11 0.170193714554
96.18 0.800570562933
96.25 0.45867080188
96.32 0.305000678587
96.39 0.204744058183
96.46 0.10295394672
96.53 0.172718027962
96.6 0.189697907903
96.67 0.152893452778
96.74 0.123578751141
96.81 0.091424322368
96.88 0.151069849308
96.95 0.123562143277
97.02 0.0870873755452
97.09 0.0728753428642
97.16 0.121150619254
97.23 0.172350137208
97.3 0.14649720885
97.37 0.108069921687
97.44 0.0794491607122
97.51 0.487282909428
97.58 0.54578862355
97.65 0.405208305205
97.72 0.252743842394
97.79 0.16302289513
97.86 0.252722538795
97.93 0.317248692658
98.0 0.224468009936
98.07 0.163390951846
98.14 0.13521276625
98.21 0.226864272334
98.28 0.113483176649
98.35 0.101526019863
98.42 0.070685932922
98.49 0.260275622215
98.56 0.201295948417
98.63 0.141371646189
98.7 0.105795135294
98.77 0.137663270723
98.84 0.296687236716
98.91 0.220274778935
98.98 0.138800680028
99.05 0.077999953687
99.12 0.183713646793
99.19 0.280608143059
99.26 0.214862970767
99.33 0.127531821213
99.4 0.0902439124396
99.47 0.199427994178
99.54 0.206973347697
99.61 0.122015232766
99.68 0.0748788983843
99.75 0.0752796368231
99.82 0.258780015284
99.89 0.316659703118
99.96 0.218317568651
100.03 0.12199224417
100.1 0.17950636764
100.17 0.270783965402
100.24 0.148155029476
100.31 0.118889122472
100.38 0.075299617611
100.45 0.27992117278
100.52 0.357766141859
100.59 0.199536510543
100.66 0.13001856582
100.73 0.102152959916
100.8 0.229090367577
100.87 0.188632388237
100.94 0.130387509941
101.01 0.0676978537801
101.08 0.100270033022
101.15 0.127304782958
101.22 0.0883514544739
101.29 0.0629944053989
101.36 0.0661373217356
101.43 0.208912014224
101.5 0.382651764613
101.57 0.326983487358
101.64 0.238585163405
101.71 0.147282269207
101.78 0.176213631027
101.85 0.196180431308
101.92 0.143165548408
101.99 0.118442527895
102.06 0.101373141014
102.13 0.263290887802
102.2 0.271185648845
102.27 0.222839866154
102.34 0.1392214344
102.41 0.152510990605
102.48 0.230867032254
102.55 0.239153825591
102.62 0.174766580525
102.69 0.123506446599
102.76 0.271161682052
102.83 0.455342191226
102.9 0.361228570197
102.97 0.304040613785
103.04 0.236764887952
103.11 0.440831718772
103.18 0.313449895512
103.25 0.193924320464
103.32 0.140486828329
103.39 0.148038139865
103.46 0.372650943396
103.53 0.324189191693
103.6 0.222334297648
103.67 0.153911126721
103.74 0.185301116341
103.81 0.129876145474
103.88 0.143697525293
103.95 0.133493542799
104.02 0.0929052387777
104.09 0.239632123695
104.16 0.460720522031
104.23 0.417964395753
104.3 0.360490952375
104.37 0.284304252994
104.44 0.274032496706
104.51 0.209450436273
104.58 0.186632215403
104.65 0.141689002643
104.72 0.134037228756
104.79 0.359023349006
104.86 0.306331826462
104.93 0.123636259728
105.0 0.145875568826
105.07 0.370869405309
105.14 0.354698436344
105.21 0.373656611489
105.28 0.365549149312
105.35 0.162364224215
105.42 0.324646204747
105.49 0.249436289324
105.56 0.257621811003
105.63 0.26582746186
105.7 0.762273378845
105.77 0.489943573872
105.84 0.227972872676
105.91 0.401844819206
105.98 0.21531569518
106.05 0.291862534913
106.12 0.325897700865
106.19 0.504450635329
106.26 0.443764483923
106.33 0.658471106269
106.4 0.568949472905
106.47 0.485263556326
106.54 0.366962821052
106.61 0.438151715908
106.68 1.0
106.75 0.712383301977
106.82 0.572330547894
106.89 0.555054000064
106.96 0.443539376679
107.03 0.663033241365
107.1 0.685395943811
107.17 0.452101219956
107.24 0.870989961692
107.31 0.830415850307
107.38 0.749860478123
107.45 0.694521907786
107.52 0.617192352635
107.59 0.637151451326
107.66 0.632567880839
107.73 0.822410501309
107.8 0.664820217133
107.87 0.417957717267
107.94 0.480347961316
108.01 0.586388031372
108.08 0.734844943834
108.15 0.502791985872
108.22 0.651627193896
108.29 0.810979838822
108.36 0.586188849266
108.43 0.611642819855
108.5 0.473749424968
108.57 0.647841168952
108.64 0.697688821179
108.71 0.521876830641
108.78 0.44076794465
108.85 0.43515596544
108.92 0.459368381004
108.99 0.455254280445
109.06 0.483401427335
109.13 0.354683495904
109.2 0.366943644689
109.27 0.559669384394
109.34 0.469304478213
109.41 0.593018347395
109.48 0.496333144196
109.55 0.221864884342
109.62 0.183779953292
109.69 0.504430650636
109.76 0.614117728478
109.83 0.498506899088
109.9 0.422381894429
109.97 0.426176702641
110.04 0.4468307856
110.11 0.604708421369
110.18 0.49620181203
110.25 0.369531797627
110.32 0.392534603802
110.39 0.431522648502
110.46 0.293065534153
110.53 0.555672281808
110.6 0.529933094673
110.67 0.352291418664
110.74 0.421904475921
110.81 0.280385367085
110.88 0.161864620561
110.95 0.285467146174
111.02 0.752543105131
111.09 0.370982001398
111.16 0.25672216302
111.23 0.741496789943
111.3 0.859307293506
111.37 0.773351179856
111.44 0.755878361079
111.51 0.713219653223
111.58 0.667480053722
111.65 0.646976723353
111.72 0.642326486133
111.79 0.466456390522
111.86 0.309260039387
111.93 0.327363783246
112.0 0.905137394739
112.07 0.776557807835
112.14 0.667516433459
112.21 0.59783337169
112.28 0.320659866228
112.35 0.405169467286
112.42 0.365027778342
112.49 0.203560035175
112.56 0.541888186703
112.63 0.451031241783
112.7 0.210248544132
112.77 0.12952037479
112.84 0.441329890277
112.91 0.913435933269
112.98 0.714651685186
113.05 0.454980017357
113.12 0.225504363333
113.19 0.397622904202
113.26 0.456814220885
113.33 0.876824169203
113.4 0.753637423021
113.47 0.494999407322
113.54 0.147976553507
113.61 0.341812629315
113.68 0.861032034689
113.75 0.778371949547
113.82 0.408065121495
113.89 0.439006107168
113.96 0.672510222691
114.03 0.684066501435
114.1 0.417405064508
114.17 0.281203482091
114.24 0.398048104389
114.31 0.526390729516
114.38 0.381665064943
114.45 0.307326411255
114.52 0.761089150826
114.59 0.555868912989
114.66 0.625344469194
114.73 0.638708026654
114.8 0.732051495548
114.87 0.861390152263
114.94 0.670338952341
115.01 0.547610154454
115.08 0.421335213345
115.15 0.435373211967
115.22 0.43593949407
115.29 0.612143916186
115.36 0.695792386971
115.43 0.693264917366
115.5 0.37375606538
115.57 0.315800194386
115.64 0.716614224786
115.71 0.565471192316
115.78 0.502345788626
115.85 0.877680192743
115.92 0.790018739786
115.99 0.75609443709
116.06 0.68362412521
116.13 0.68703848036
116.2 0.538735475709
116.27 0.335451757639
116.34 0.225214245065
116.41 0.437169679756
116.48 0.432813692269
116.55 0.725811757216
116.62 0.380848754036
116.69 0.124387274549
116.76 0.741324603915
116.83 0.818068249576
116.9 0.719933548431
116.97 0.558288698965
117.04 0.386412089932
117.11 0.263657594372
117.18 0.229091696245
117.25 0.464228262739
117.32 0.341131672699
117.39 0.165993641058
117.46 0.093086246148
117.53 0.147821227213
117.6 0.20112415972
117.67 0.19629687868
117.74 0.138984412096
117.81 0.116715259217
117.88 0.0904134577279
117.95 0.157483078908
118.02 0.111678105221
118.09 0.0699573658584
118.16 0.075524209399
118.23 0.126331541789
118.3 0.191583875798
118.37 0.151626525169
118.44 0.107823290212
118.51 0.0894197183618
118.58 0.28026234959
118.65 0.474049337893
118.72 0.252857480136
118.79 0.132336326478
118.86 0.10583666667
118.93 0.319820756117
119.0 0.363592362717
119.07 0.261687900854
119.14 0.205712109638
119.21 0.16504198367
119.28 0.212327121082
119.35 0.180638909392
119.42 0.0928601880414
119.49 0.152340427094
119.56 0.207215777417
119.63 0.325764421092
119.7 0.224038846197
119.77 0.144263762489
119.84 0.107768911464
119.91 0.258701615073
119.98 0.548515251832
120.05 0.290041453082
120.12 0.102724795872
120.19 0.0818974276339
120.26 0.214195252997
120.33 0.241120826627
120.4 0.132744561495
120.47 0.0952918021913
120.54 0.0744418212115
120.61 0.25002372566
120.68 0.265613789362
120.75 0.179287867615
120.82 0.0977069012199
120.89 0.124287588312
120.96 0.193440246901
121.03 0.145978614319
121.1 0.166158086448
121.17 0.519176605857
121.24 0.532035087814
121.31 0.23104075782
121.38 0.107826673874
121.45 0.111692876771
121.52 0.311603805235
121.59 0.247086397544
121.66 0.128831925501
121.73 0.0850927438725
121.8 0.247268690628
121.87 0.36785902387
121.94 0.344564304115
122.01 0.301221838799
122.08 0.253542155265
122.15 0.218115470503
122.22 0.273492694248
122.29 0.394745861111
122.36 0.299434054702
122.43 0.188106132143
122.5 0.139563472257
122.57 0.301749313246
122.64 0.346877264581
122.71 0.24875831904
122.78 0.226223807395
122.85 0.283151559611
122.92 0.249587578848
122.99 0.208939060091
123.06 0.132502849315
123.13 0.201015658975
123.2 0.229184352549
123.27 0.254166568798
123.34 0.217723310321
123.41 0.104601311771
123.48 0.276720204088
123.55 0.182527986624
123.62 0.304365656209
123.69 0.278926102793
123.76 0.217624879534
123.83 0.213321200181
123.9 0.168982643727
123.97 0.322400240008
124.04 0.198656749628
124.11 0.10289433335
124.18 0.197380437384
124.25 0.267735388413
124.32 0.314976096956
124.39 0.173946673135
124.46 0.151556056942
124.53 0.192266569152
124.6 0.270783784796
124.67 0.168815518548
124.74 0.101774372456
124.81 0.302025424364
124.88 0.327088714757
124.95 0.205464170973
125.02 0.185247069515
125.09 0.147340991265
125.16 0.217447794712
125.23 0.59707358434
125.3 0.623722983396
125.37 0.488647014326
125.44 0.305592771608
125.51 0.189960385772
125.58 0.801952533099
125.65 0.350364506115
125.72 0.12064051707
125.79 0.104361995294
125.86 0.0987063965212
125.93 0.613727915186
126.0 0.357849738617
126.07 0.238927473635
126.14 0.134100844726
126.21 0.138022341112
126.28 0.787867704047
126.35 0.635952324846
126.42 0.388097117505
126.49 0.235889610926
126.56 0.561320788167
126.63 0.632413879309
126.7 0.215420988963
126.77 0.0868644033463
126.84 0.0607246271377
126.91 0.345722625544
126.98 0.688986519807
127.05 0.386351283592
127.12 0.191815683006
127.19 0.121320205545
127.26 0.51238755352
127.33 0.690263793651
127.4 0.391806897785
127.47 0.505792898718
127.54 0.646090009628
127.61 0.619845289131
127.68 0.315551102776
127.75 0.189016435831
127.82 0.171293143082
127.89 0.281208869006
127.96 0.745564896715
128.03 0.454508783356
128.1 0.355204806346
128.17 0.256992589468
128.24 0.247031305161
128.31 0.277881050085
128.38 0.181360329372
128.45 0.124039913232
128.52 0.208258483234
128.59 0.380148863167
128.66 0.499475615365
128.73 0.387774478593
128.8 0.306449629837
128.87 0.361217208669
128.94 0.255156812234
129.01 0.209831869485
129.08 0.155173529438
129.15 0.119871141051
129.22 0.141610674675
129.29 0.22386405555
129.36 0.270009908292
129.43 0.174259170822
129.5 0.146564762012
129.57 0.213428884786
129.64 0.199931384684
129.71 0.152596893252
129.78 0.0940955956572
129.85 0.184057243713
129.92 0.211648282916
129.99 0.32741719356
130.06 0.179224326816
130.13 0.17188953841
130.2 0.378238307588
130.27 0.398934821043
130.34 0.379317723112
130.41 0.304004113971
130.48 0.218078610455
130.55 0.238627142878
130.62 0.317677415134
130.69 0.396619487328
130.76 0.398721425799
130.83 0.310341976549
130.9 0.289987211983
130.97 0.253309308357
131.04 0.174407874276
131.11 0.121480829914
131.18 0.13723558209
131.25 0.14618173557
131.32 0.524375136906
131.39 0.484645898401
131.46 0.364829629102
131.53 0.287747891562
131.6 0.244683598215
131.67 0.163802338179
131.74 0.131876307569
131.81 0.144016946504
131.88 0.215129333111
131.95 0.329034622087
132.02 0.290847664743
132.09 0.241198456582
132.16 0.438979866703
132.23 0.435795369202
132.3 0.202299749931
132.37 0.120804168773
132.44 0.0749235351931
132.51 0.491066658747
132.58 0.602200921813
132.65 0.613757918096
132.72 0.566214363015
132.79 0.46007832914
132.86 0.580262437452
132.93 0.607038836103
133.0 0.52208503129
133.07 0.371236824536
133.14 0.285807088036
133.21 0.161214616741
133.28 0.337161927402
133.35 0.528210972753
133.42 0.31689220053
133.49 0.246317244108
133.56 0.173529882314
133.63 0.43796165485
133.7 0.400625876923
133.77 0.184486590985
133.84 0.209449664064
133.91 0.259056966947
133.98 0.386446767098
134.05 0.299491123003
134.12 0.262399703854
134.19 0.525915229328
134.26 0.413422427908
134.33 0.167152982663
134.4 0.0755906525721
134.47 0.0668613531692
134.54 0.0840219251537
134.61 0.544659024198
134.68 0.692747184859
134.75 0.325902731451
134.82 0.335706472414
134.89 0.253302568367
134.96 0.580032745765
135.03 0.570055042009
135.1 0.162507736979
135.17 0.250279073042
135.24 0.313217361002
135.31 0.464097594419
135.38 0.507221304911
135.45 0.327922395975
135.52 0.436361686449
135.59 0.449847178749
135.66 0.284283132929
135.73 0.150291286832
135.8 0.102293695265
135.87 0.165882496644
135.94 0.466238413764
136.01 0.804456243851
136.08 0.578769658701
136.15 0.353471390259
136.22 0.177154440391
136.29 0.127191100309
136.36 0.10771587798
136.43 0.100170320426
136.5 0.127972933203
136.57 0.116234621056
136.64 0.276573814333
136.71 0.242959386156
136.78 0.204177690171
136.85 0.179083348382
136.92 0.257013764202
136.99 0.170660482238
137.06 0.126515270928
137.13 0.0797975968736
137.2 0.0489657836012
137.27 0.0812847358632
137.34 0.429511673527
137.41 0.207947545585
137.48 0.147830065151
137.55 0.372812050031
137.62 0.238468366538
137.69 0.0628556137521
137.76 0.0475770353728
137.83 0.0426182405859
137.9 0.0334777383837
137.97 0.0290178677857
138.04 0.0226874451631
138.11 0.0202287763606
138.18 0.0202472498276
138.25 0.0211729342416
138.32 0.0165714086728
138.39 0.0150360178425
138.46 0.0125432615249
138.53 0.0171122186145
138.6 0.121928894715
138.67 0.434311978013
138.74 0.312777188159
138.81 0.234706393319
138.88 0.169510439359
138.95 0.121356318766
139.02 0.0950454294214
139.09 0.0808174771279
139.16 0.0839681790113
139.23 0.127498764612
139.3 0.192547293023
139.37 0.412479595766
139.44 0.259947011618
139.51 0.172937270908
139.58 0.143846024712
139.65 0.145577140768
139.72 0.326980374116
139.79 0.183390314749
139.86 0.0761894992491
139.93 0.0425285911144
140.0 0.284185046756
140.07 0.385740257294
140.14 0.270533846783
140.21 0.198905177391
140.28 0.266116533594
140.35 0.176608885903
140.42 0.0642636467063
140.49 0.0591697563328
140.56 0.0526749771593
140.63 0.0391779271054
140.7 0.0332045843095
140.77 0.0263532690773
140.84 0.0279206553316
140.91 0.0204155621197
140.98 0.0234427388614
141.05 0.0214455923838
141.12 0.0156697086237
141.19 0.0133367263673
141.26 0.0203553815524
141.33 0.392017006992
141.4 0.506270169813
141.47 0.430073261848
141.54 0.378344094374
141.61 0.279705967579
141.68 0.250980047543
141.75 0.213188745335
141.82 0.169985068737
141.89 0.120454535736
141.96 0.152664222854
142.03 0.354869327873
142.1 0.398970228441
142.17 0.332427445197
142.24 0.268186291155
142.31 0.173407338298
142.38 0.321639608207
142.45 0.263221568614
142.52 0.105699323769
142.59 0.0575998455113
142.66 0.0566399984115
142.73 0.478041218549
142.8 0.510082669522
142.87 0.231730742741
142.94 0.340886502662
143.01 0.417589982712
143.08 0.16140615388
143.15 0.066023831407
143.22 0.0692678485585
143.29 0.029184681543
143.36 0.0261288871819
143.43 0.0338158839561
143.5 0.0268616852874
143.57 0.0274988954286
143.64 0.0167436259412
143.71 0.0222296618531
143.78 0.0217041008441
143.85 0.0135614675206
143.92 0.0110793600736
143.99 0.142399835257
144.06 0.676176041724
144.13 0.91607906925
144.2 0.528757189135
144.27 0.604420616799
144.34 0.850304739476
144.41 0.690126116874
144.48 0.564112784777
144.55 0.561568551109
144.62 0.548026376124
144.69 0.799831088294
144.76 0.841361490322
144.83 0.7701687969
144.9 0.479076420954
144.97 0.290802035094
145.04 0.232032298684
145.11 0.696750386041
145.18 0.758847350744
145.25 0.670213133025
145.32 0.581273039483
145.39 0.96890033854
145.46 0.73018074437
145.53 0.656420381563
145.6 0.539153387258
145.67 0.543972866154
145.74 0.528659525675
145.81 0.545836217402
145.88 0.636361239329
145.95 0.665938648252
146.02 0.669332828342
146.09 0.772363013868
146.16 0.682813695197
146.23 0.547890747508
146.3 0.258612540609
146.37 0.115426257752
146.44 0.0743400643606
146.51 0.0449171167787
146.58 0.0299291565042
146.65 0.0340111298465
146.72 0.0354050990283
146.79 0.0381596010317
146.86 0.0220791816357
146.93 0.00997883912823
147.0 0.0
147.07 0.0
147.14 0.0
147.21 0.0
147.28 0.0
147.35 0.0
147.42 0.0
147.49 0.0
147.56 0.0
147.63 0.0
147.7 0.0
147.77 0.0
147.84 0.0
147.91 0.0
147.98 0.0
148.05 0.0
148.12 0.0
148.19 0.0
148.26 0.0
148.33 0.0
148.4 0.0
148.47 0.0
148.54 0.0
148.61 0.0
148.68 0.0
148.75 0.0
148.82 0.0
148.89 0.0
148.96 0.0
149.03 0.0
149.1 0.0
149.17 0.0
149.24 0.0
149.31 0.0
149.38 0.0
149.45 0.0
149.52 0.0
149.59 0.0
149.66 0.0
149.73 0.0
149.8 0.0
149.87 0.0
149.94 0.0
150.01 0.0
150.08 0.0
150.15 0.0
150.22 0.0
150.29 0.0
150.36 0.0
150.43 0.0
150.5 0.0
150.57 0.0
150.64 0.0
150.71 0.0
150.78 0.0
150.85 0.0
150.92 0.0
150.99 0.0
151.06 0.0
151.13 0.0
151.2 0.0
151.27 0.0
151.34 0.0
151.41 0.0
151.48 0.0
151.55 0.0
151.62 0.0
151.69 0.0
151.76 0.0
151.83 0.0
151.9 0.0
151.97 0.0
152.04 0.0
152.11 0.0
152.18 0.0
152.25 0.0
152.32 0.0
152.39 0.0
152.46 0.0
152.53 0.0
152.6 0.0
152.67 0.0
152.74 0.0
152.81 0.0
152.88 0.0
152.95 0.0
153.02 0.0
153.09 0.0
153.16 0.0
153.23 0.0
153.3 0.0
153.37 0.0
153.44 0.0
153.51 0.0
153.58 0.0
153.65 0.0
153.72 0.0
153.79 0.0
153.86 0.0
153.93 0.0
154.0 0.0
154.07 0.0
154.14 0.0
154.21 0.0
154.28 0.0
154.35 0.0
154.42 0.0
154.49 0.0
154.56 0.0
154.63 0.0
154.7 0.0
154.77 0.0
154.84 0.0
154.91 0.0
154.98 0.0
155.05 0.0
155.12 0.0
155.19 0.0
155.26 0.0
155.33 0.0
155.4 0.0
155.47 0.0
155.54 0.0
155.61 0.0
155.68 0.0
155.75 0.0
155.82 0.0
155.89 0.0
