0.0 0.0
0.07 0.0
0.14 0.0
0.21 0.0
0.28 0.0
0.35 0.0
0.42 0.0
0.49 0.0
0.56 0.0
0.63 0.0
0.7 0.0
0.77 0.0
0.84 0.0
0.91 0.0
0.98 0.0
1.05 0.0
1.12 0.0
1.19 0.0
1.26 0.0
1.33 0.0
1.4 0.0
1.47 0.0
1.54 0.0
1.61 0.0
1.68 0.0
1.75 0.0
1.82 0.0
1.89 0.0
1.96 0.0
2.03 0.0
2.1 0.0
2.17 0.0
2.24 0.0
2.31 0.0
2.38 0.0
2.45 0.0
2.52 0.0
2.59 0.0
2.66 0.0
2.73 0.0
2.8 0.0
2.87 0.0
2.94 0.0
3.01 0.0
3.08 0.0
3.15 0.0
3.22 0.0
3.29 0.0
3.36 0.0
3.43 0.0
3.5 0.0
3.57 0.0
3.64 0.0
3.71 0.0
3.78 0.0
3.85 0.0
3.92 0.0
3.99 0.000973572663206
4.06 0.00174301929633
4.13 0.17834792104
4.2 0.375675913137
4.27 0.61933799994
4.34 0.453297282801
4.41 0.565458912935
4.48 0.408185634895
4.55 0.316852497579
4.62 0.318994881118
4.69 0.28312498594
4.76 0.20466392168
4.83 0.719114221266
4.9 0.466392601694
4.97 0.551657224331
5.04 0.579407710233
5.11 0.474696851875
5.18 0.338084518141
5.25 0.430768306058
5.32 0.441342936296
5.39 0.594870984416
5.46 0.782415548921
5.53 0.462479865229
5.6 0.442162183444
5.67 0.384296997651
5.74 0.528019598927
5.81 0.477719726985
5.88 0.542731176678
5.95 0.423046278465
6.02 0.692045379675
6.09 0.505785564433
6.16 0.342102547706
6.23 0.328435946544
6.3 0.424649616988
6.37 0.525488548571
6.44 0.490478583064
6.51 0.409718112502
6.58 0.429360351992
6.65 0.745182134946
6.72 0.402857531703
6.79 0.382602327876
6.86 0.372699168456
6.93 0.395277489179
7.0 0.388139440374
7.07 0.36223117676
7.14 0.311449025343
7.21 0.486214358808
7.28 0.633998963296
7.35 0.450250873862
7.42 0.550212046729
7.49 0.513231136283
7.56 0.488103123551
7.63 0.451891364706
7.7 0.509941054406
7.77 0.449782485019
7.84 0.775236461521
7.91 0.586646870832
7.98 0.459468004196
8.05 0.481407435981
8.12 0.408750697345
8.19 0.548264577123
8.26 0.474870228526
8.33 0.518004791791
8.4 0.535254345502
8.47 0.765171026002
8.54 0.345526859907
8.61 0.65295006915
8.68 0.364754310868
8.75 0.420990908802
8.82 0.481861682398
8.89 0.379865628009
8.96 0.347178489453
9.03 0.698560207991
9.1 0.579157664875
9.17 0.3841727081
9.24 0.368214843244
9.31 0.392969799112
9.38 0.409361652418
9.45 0.342268384527
9.52 0.282705115752
9.59 0.210117128303
9.66 0.72008213874
9.73 0.386203889013
9.8 0.444018504921
9.87 0.523753566334
9.94 0.514445160701
10.01 0.361040038884
10.08 0.36805273628
10.15 0.397301731771
10.22 0.745040416931
10.29 0.564338159091
10.36 0.400954920837
10.43 0.346151789543
10.5 0.395125607845
10.57 0.548510554356
10.64 0.443168399028
10.71 0.536609410127
10.78 0.544136441127
10.85 0.751775477187
10.92 0.403523457968
10.99 0.408850574331
11.06 0.328510458471
11.13 0.457402847634
11.2 0.477296507174
11.27 0.590801929703
11.34 0.572730795299
11.41 0.779453239153
11.48 0.666827081017
11.55 0.478182581448
11.62 0.483706336151
11.69 0.491542317028
11.76 0.420022455949
11.83 0.353369748585
11.9 0.470192029621
11.97 0.394669558177
12.04 0.816684782477
12.11 0.570022085252
12.18 0.506078726322
12.25 0.547861461405
12.32 0.482454406574
12.39 0.352642134079
12.46 0.396404626889
12.53 0.499788428245
12.6 0.62806777677
12.67 0.736280077659
12.74 0.38176553654
12.81 0.390728147724
12.88 0.315687005804
12.95 0.541024413163
13.02 0.462089755048
13.09 0.469397586718
13.16 0.441295577419
13.23 0.668656979391
13.3 0.420985525753
13.37 0.573448146023
13.44 0.372034648676
13.51 0.353467767637
13.58 0.410937504709
13.65 0.349349812763
13.72 0.221507362308
13.79 0.493288511725
13.86 0.513589932455
13.93 0.234834785606
14.0 0.251234145678
14.07 0.350403276587
14.14 0.598001812993
14.21 0.286492026468
14.28 0.332220605103
14.35 0.261552378484
14.42 0.647773640007
14.49 0.551757903751
14.56 0.461017193036
14.63 0.536778339689
14.7 0.571859884615
14.77 0.504299109159
14.84 0.516531916858
14.91 0.442357962124
14.98 0.604282394112
15.05 0.68625060696
15.12 0.471443445437
15.19 0.478305352606
15.26 0.438481068142
15.33 0.540037332646
15.4 0.563092674421
15.47 0.554979968204
15.54 0.526691225731
15.61 0.709889660468
15.68 0.556953498481
15.75 0.46296834036
15.82 0.457126583916
15.89 0.439237083223
15.96 0.545188371297
16.03 0.606598154302
16.1 0.513453663616
16.17 0.465578729965
16.24 0.738308469764
16.31 0.418697381507
16.38 0.437538406363
16.45 0.361332390708
16.52 0.425662177016
16.59 0.423924147817
16.66 0.414106510586
16.73 0.352849655512
16.8 0.641343451329
16.87 0.542586203145
16.94 0.414419106388
17.01 0.572211540268
17.08 0.56044619181
17.15 0.495120771622
17.22 0.399545752311
17.29 0.40497539204
17.36 0.363214629156
17.43 0.767423721987
17.5 0.40880120619
17.57 0.497825502561
17.64 0.37200887922
17.71 0.638739448134
17.78 0.453741280697
17.85 0.463863015049
17.92 0.527039854769
17.99 0.670898549391
18.06 0.574965107784
18.13 0.393073889195
18.2 0.393238149125
18.27 0.330789950162
18.34 0.503561707754
18.41 0.490950841649
18.48 0.442694385516
18.55 0.352852183625
18.62 0.768425943203
18.69 0.471752391499
18.76 0.378047391
18.83 0.338879788912
18.9 0.371688828792
18.97 0.299390448869
19.04 0.297337092286
19.11 0.349584704704
19.18 0.582018589437
19.25 0.557284621484
19.32 0.358504238779
19.39 0.493344890675
19.46 0.493297581393
19.53 0.49351826351
19.6 0.392796891713
19.67 0.40410430332
19.74 0.371175029296
19.81 0.766874533998
19.88 0.536507387805
19.95 0.383775356936
20.02 0.352057607195
20.09 0.471413249241
20.16 0.483452192148
20.23 0.544629564272
20.3 0.499237110182
20.37 0.567915005002
20.44 0.69683257483
20.51 0.485689528703
20.58 0.421487038215
20.65 0.383340028127
20.72 0.492137176365
20.79 0.399042287811
20.86 0.351368756237
20.93 0.278094529875
21.0 0.899468489726
21.07 0.943240231512
21.14 0.786332192007
21.21 0.774667062619
21.28 0.75230531265
21.35 0.592373899535
21.42 0.69807667209
21.49 0.790274265009
21.56 0.639811024589
21.63 0.911973901229
21.7 0.680306098247
21.77 0.602235117462
21.84 0.587016078301
21.91 0.57814810094
21.98 0.591195633669
22.05 0.565542442391
22.12 0.56704359073
22.19 0.716790669453
22.26 0.548880487958
22.33 0.551465852045
22.4 0.408806905888
22.47 0.551586928045
22.54 0.749376920032
22.61 0.711063235082
22.68 0.578525896109
22.75 0.536458583021
22.82 0.779770151058
22.89 0.611029211109
22.96 0.712812788303
23.03 0.433355025762
23.1 0.47010447019
23.17 0.448990825837
23.24 0.434841208894
23.31 0.405368893808
23.38 0.774649161088
23.45 0.497963778121
23.52 0.371253515244
23.59 0.599261615581
23.66 0.697670598429
23.73 0.611422514495
23.8 0.549884989309
23.87 0.437426216908
23.94 0.431410787511
24.01 0.850443315636
24.08 0.608174834461
24.15 0.552172937715
24.22 0.559299018679
24.29 0.572065122099
24.36 0.521414900526
24.43 0.479248337394
24.5 0.55197950021
24.57 0.767991396481
24.64 0.611232075626
24.71 0.425912636943
24.78 0.430665460955
24.85 0.413989271264
24.92 0.797199436038
24.99 0.732429533022
25.06 0.606648347768
25.13 0.535471782275
25.2 0.783673396928
25.27 0.498412005646
25.34 0.456544323177
25.41 0.435852777007
25.48 0.592811582236
25.55 0.636049447139
25.62 0.5276537716
25.69 0.441382582394
25.76 0.6958669146
25.83 0.711965987524
25.9 0.574054704876
25.97 0.456383824895
26.04 0.408699428032
26.11 0.43556725541
26.18 0.37950040982
26.25 0.45218700384
26.32 0.400626076697
26.39 0.883871872855
26.46 0.683120465094
26.53 0.624679059074
26.6 0.517461623967
26.67 0.56546468512
26.74 0.59464126951
26.81 0.526172460299
26.88 0.584179348846
26.95 0.678735101255
27.02 0.777563560068
27.09 0.497921278358
27.16 0.392926163733
27.23 0.414892444635
27.3 0.786827174359
27.37 0.696564082387
27.44 0.666426891449
27.51 0.598590100254
27.58 0.760398251772
27.65 0.597158473744
27.72 0.532549758263
27.79 0.586169997296
27.86 0.685247303538
27.93 0.657935050977
28.0 0.607303011978
28.07 0.600056934676
28.14 0.685798653393
28.21 0.813467511011
28.28 0.632289589009
28.35 0.570614619946
28.42 0.428270393308
28.49 0.455275869305
28.56 0.418836554878
28.63 0.430168732579
28.7 0.387749261522
28.77 0.851814739236
28.84 0.698390278883
28.91 0.565395191268
28.98 0.627347451571
29.05 0.630370807378
29.12 0.461251282544
29.19 0.49415209368
29.26 0.715295817234
29.33 0.738064229655
29.4 0.738387868782
29.47 0.509415335392
29.54 0.495945883788
29.61 0.460230670197
29.68 0.787182245761
29.75 0.719275964529
29.82 0.587440433728
29.89 0.483390919749
29.96 0.806901188293
30.03 0.695988501818
30.1 0.574044026524
30.17 0.549923699446
30.24 0.577993551608
30.31 0.64893015749
30.38 0.581268290587
30.45 0.75166252472
30.52 0.775979201466
30.59 0.864114934873
30.66 0.595490806959
30.73 0.546091565014
30.8 0.519882543729
30.87 0.775036080607
30.94 0.766305659032
31.01 0.575169508498
31.08 0.520755714199
31.15 0.799249027157
31.22 0.784225497078
31.29 0.688468087402
31.36 0.640534897793
31.43 0.714839873115
31.5 0.67148690278
31.57 0.673967214116
31.64 0.836876716085
31.71 0.760471607736
31.78 0.921516920304
31.85 0.784122135671
31.92 0.596468152716
31.99 0.513242351286
32.06 0.868186306599
32.13 0.710977005835
32.2 0.541595449997
32.27 0.579574911574
32.34 0.750347323652
32.41 0.851063625235
32.48 0.795894650082
32.55 0.973628893368
32.62 0.875109357727
32.69 0.880916731583
32.76 0.846038075337
32.83 0.846557268055
32.9 0.849123121927
32.97 0.914783770121
33.04 0.867519146798
33.11 0.814188774714
33.18 0.769360209308
33.25 0.945904943749
33.32 0.683811781852
33.39 0.705480760254
33.46 0.693680455678
33.53 0.7269823898
33.6 0.767971254239
33.67 0.805876311981
33.74 0.825505570095
33.81 0.769276220774
33.88 0.813342452089
33.95 0.627447114914
34.02 0.695162795774
34.09 0.678934817076
34.16 0.862814715544
34.23 0.586609516312
34.3 0.590188599119
34.37 0.457028530528
34.44 0.658832237248
34.51 0.763038022422
34.58 0.768832069004
34.65 0.821934276368
34.72 0.922277266748
34.79 0.875504127367
34.86 0.768501042649
34.93 0.706601273749
35.0 0.666415555636
35.07 0.785741948892
35.14 0.742753066217
35.21 0.683542605243
35.28 0.583316456146
35.35 0.823543858871
35.42 0.58499669228
35.49 0.408108911505
35.56 0.423332163763
35.63 0.42603839275
35.7 0.419764781744
35.77 0.375745110687
35.84 0.391742602565
35.91 0.594423737361
35.98 0.963446058295
36.05 0.673672294757
36.12 0.647564303877
36.19 0.513562929464
36.26 0.525397161364
36.33 0.422154290849
36.4 0.672673921664
36.47 0.687148782602
36.54 0.838902450366
36.61 0.591951004005
36.68 0.42844109433
36.75 0.398845667274
36.82 0.442789232981
36.89 0.677838657649
36.96 0.578710926494
37.03 0.649129574465
37.1 0.65308694967
37.17 0.770145243003
37.24 0.600338400864
37.31 0.685195301734
37.38 0.478937703804
37.45 0.503237956719
37.52 0.423032737547
37.59 0.405780575607
37.66 0.374364702622
37.73 0.788073743778
37.8 0.660628756395
37.87 0.447950504893
37.94 0.547307719507
38.01 0.606455056507
38.08 0.590725748051
38.15 0.435962466326
38.22 0.531877052637
38.29 0.421641509974
38.36 0.865838557135
38.43 0.736133379719
38.5 0.648406557106
38.57 0.657142855144
38.64 0.567466188685
38.71 0.465288397579
38.78 0.440894590504
38.85 0.496293986348
38.92 0.733255663809
38.99 0.606258240131
39.06 0.410943256547
39.13 0.280510647748
39.2 0.321777878004
39.27 0.666211407987
39.34 0.574118825852
39.41 0.581575212124
39.48 0.621686675191
39.55 0.76577171475
39.62 0.558855913507
39.69 0.48891483087
39.76 0.439262065504
39.83 0.511847917791
39.9 0.570376612373
39.97 0.562931466538
40.04 0.594405978259
40.11 0.712500201403
40.18 0.787777439552
40.25 0.70850244888
40.32 0.696738603556
40.39 0.715227291135
40.46 0.657481879135
40.53 0.670678058027
40.6 0.673463499094
40.67 0.711735952153
40.74 0.840018233187
40.81 0.774051094558
40.88 0.641389904765
40.95 0.656872266963
41.02 0.650652894658
41.09 0.560585377897
41.16 0.566518035764
41.23 0.576509309069
41.3 0.498494638563
41.37 0.894849613725
41.44 0.637722369804
41.51 0.556326105589
41.58 0.523631152519
41.65 0.624448807516
41.72 0.576788851196
41.79 0.557006602838
41.86 0.629689076593
41.93 0.704162896275
42.0 0.599135329482
42.07 0.482744834336
42.14 0.552039647167
42.21 0.511928025138
42.28 0.700221517615
42.35 0.636524167709
42.42 0.478842675759
42.49 0.452413164382
42.56 0.724928744544
42.63 0.494908688649
42.7 0.450384886728
42.77 0.423000566422
42.84 0.460183083688
42.91 0.441102242921
42.98 0.360571389345
43.05 0.269211406728
43.12 0.540071783905
43.19 0.57666910538
43.26 0.364656424071
43.33 0.413219549947
43.4 0.405646556382
43.47 0.397261466362
43.54 0.284739414841
43.61 0.32063253483
43.68 0.333927339369
43.75 0.716493144408
43.82 0.36222712008
43.89 0.337083073925
43.96 0.3365034176
44.03 0.35040658933
44.1 0.39432513079
44.17 0.370476926819
44.24 0.264840203117
44.31 0.323729437354
44.38 0.668419694136
44.45 0.233556453273
44.52 0.61429829617
44.59 0.357680082921
44.66 0.547077063553
44.73 0.417291178554
44.8 0.337206163005
44.87 0.253679972691
44.94 0.741322253587
45.01 0.532039424113
45.08 0.400014815148
45.15 0.331981962958
45.22 0.609003996949
45.29 0.435309295076
45.36 0.344653959034
45.43 0.332055546554
45.5 0.286912139549
45.57 0.711484800428
45.64 0.313216441945
45.71 0.34139799905
45.78 0.328872675479
45.85 0.37307858884
45.92 0.215109937361
45.99 0.267955122896
46.06 0.282671887855
46.13 0.612547091028
46.2 0.422653776242
46.27 0.254028552134
46.34 0.312894082134
46.41 0.262475855601
46.48 0.487198302075
46.55 0.379349728958
46.62 0.272544686523
46.69 0.200381661095
46.76 0.605596556212
46.83 0.358982027929
46.9 0.53353146972
46.97 0.352002207444
47.04 0.456207969728
47.11 0.413652705444
47.18 0.287748092842
47.25 0.217486696538
47.32 0.601879361893
47.39 0.658965273459
47.46 0.423967865856
47.53 0.26405115598
47.6 0.345019998733
47.67 0.639667343089
47.74 0.286803515903
47.81 0.286208390783
47.88 0.246792868326
47.95 0.718220131553
48.02 0.530741423877
48.09 0.496826157899
48.16 0.584495247218
48.23 0.453005720694
48.3 0.548776568281
48.37 0.514726886313
48.44 0.531404233238
48.51 0.664480092021
48.58 0.634052665345
48.65 0.499022109961
48.72 0.509407096135
48.79 0.422829946788
48.86 0.538348449044
48.93 0.516532255126
49.0 0.529316884475
49.07 0.556300136479
49.14 0.777575443978
49.21 0.516503806228
49.28 0.575370511266
49.35 0.235754993217
49.42 0.387768072309
49.49 0.634995077874
49.56 0.588341012857
49.63 0.461053826509
49.7 0.568362920964
49.77 0.712293497665
49.84 0.559788094046
49.91 0.465076989872
49.98 0.587823165583
50.05 0.61065416787
50.12 0.514717259646
50.19 0.483502942613
50.26 0.551599889073
50.33 0.758340682092
50.4 0.721015602411
50.47 0.613306237
50.54 0.595759658017
50.61 0.487243898394
50.68 0.456256793588
50.75 0.564629520272
50.82 0.459314357762
50.89 0.598612083898
50.96 0.623405147123
51.03 0.33804700339
51.1 0.407952930254
51.17 0.343798087315
51.24 0.602054515089
51.31 0.469091405303
51.38 0.433839198777
51.45 0.384137089432
51.52 0.611658280085
51.59 0.503805305662
51.66 0.366191320427
51.73 0.378745877526
51.8 0.370338044665
51.87 0.397630523772
51.94 0.336804166371
52.01 0.385575969642
52.08 0.505060114338
52.15 0.627765426947
52.22 0.351812539218
52.29 0.418627520138
52.36 0.315206156977
52.43 0.436020732458
52.5 0.37793837186
52.57 0.290118265954
52.64 0.260548193784
52.71 0.717621998895
52.78 0.827238222603
52.85 0.514076994742
52.92 0.35984006533
52.99 0.591409134572
53.06 0.604870767848
53.13 0.649102972055
53.2 0.547805374943
53.27 0.704660943391
53.34 0.621676009557
53.41 0.243145609134
53.48 0.528782272558
53.55 0.521328540296
53.62 0.58785587336
53.69 0.577719714268
53.76 0.411057167865
53.83 0.311205730097
53.9 0.684734920701
53.97 0.638871779831
54.04 0.353247651421
54.11 0.276843210707
54.18 0.288419001575
54.25 0.476864232956
54.32 0.445968557322
54.39 0.353883087731
54.46 0.388714217238
54.53 0.667409696556
54.6 0.463317367437
54.67 0.335462551103
54.74 0.367177040239
54.81 0.514895941772
54.88 0.361499810779
54.95 0.311041686354
55.02 0.336794458316
55.09 0.623228265705
55.16 0.500999227667
55.23 0.470335389383
55.3 0.406184701044
55.37 0.387709326751
55.44 0.32774051588
55.51 0.308228661136
55.58 0.387187721643
55.65 0.383401056362
55.72 0.66058514645
55.79 0.232195180275
55.86 0.188941517211
55.93 0.125279685509
56.0 0.381547901385
56.07 0.292443353965
56.14 0.313243963784
56.21 0.273299811423
56.28 0.501491411036
56.35 0.359773010573
56.42 0.460344229258
56.49 0.376823523728
56.56 0.343859275782
56.63 0.333260400841
56.7 0.309707783865
56.77 0.481995851682
56.84 0.732649748429
56.91 0.712206048871
56.98 0.587447122798
57.05 0.723880558219
57.12 0.581171479638
57.19 0.626755274221
57.26 0.392786598683
57.33 0.411934812129
57.4 0.350150032937
57.47 0.874354655027
57.54 0.854456936263
57.61 0.744833591111
57.68 0.678572336828
57.75 0.6730234536
57.82 0.48733321148
57.89 0.378142556387
57.96 0.80478687469
58.03 0.742141184085
58.1 0.729839279301
58.17 0.519472137431
58.24 0.503785745852
58.31 0.520905826617
58.38 0.840389288417
58.45 0.730627852099
58.52 0.44868492165
58.59 0.45677559717
58.66 0.883240016342
58.73 0.897091228233
58.8 0.52748470851
58.87 0.415692948395
58.94 0.475330006779
59.01 0.531570573647
59.08 0.461140027778
59.15 0.493658744174
59.22 0.63902701333
59.29 0.603148595308
59.36 0.389913164541
59.43 0.58370369613
59.5 0.41400299149
59.57 0.539907220042
59.64 0.331171612529
59.71 0.327253351857
59.78 0.295444206007
59.85 0.919460399765
59.92 0.792321513681
59.99 0.638895629039
60.06 0.633179572447
60.13 0.544381760897
60.2 0.535378834709
60.27 0.607897825534
60.34 0.736307572793
60.41 0.763078540897
60.48 0.718034373762
60.55 0.417417706274
60.62 0.446608192741
60.69 0.36816778067
60.76 0.781508917835
60.83 0.749526333022
60.9 0.593991260945
60.97 0.72590761251
61.04 0.842897149569
61.11 0.589022495664
61.18 0.466146993251
61.25 0.453471544546
61.32 0.430341273731
61.39 0.499272375321
61.46 0.31315169657
61.53 0.314021628056
61.6 0.814308870244
61.67 0.758478382849
61.74 0.360588962781
61.81 0.503854191834
61.88 0.688613668801
61.95 0.658605973699
62.02 0.321615467106
62.09 0.39712123622
62.16 0.361890972645
62.23 0.726692182039
62.3 0.661430455541
62.37 0.529628452754
62.44 0.328705466508
62.51 0.314994030767
62.58 0.215767864719
62.65 0.266646093322
62.72 0.857745539169
62.79 0.661313616801
62.86 0.735456913716
62.93 0.385502027431
63.0 0.25956858061
63.07 0.244269869017
63.14 0.649009023671
63.21 0.625624949665
63.28 0.531537788298
63.35 0.427112277315
63.42 0.651583676342
63.49 0.57090193462
63.56 0.611323425954
63.63 0.492362517941
63.7 0.426876076808
63.77 0.437700354367
63.84 0.399537658026
63.91 0.303326281705
63.98 0.505143357664
64.05 0.501643114333
64.12 0.244108870963
64.19 0.305054356141
64.26 0.291487818903
64.33 0.619634853534
64.4 0.305926745796
64.47 0.280236723933
64.54 0.237250107403
64.61 0.776516508087
64.68 0.743869791358
64.75 0.503437485602
64.82 0.402681025432
64.89 0.355458770887
64.96 0.306617177461
65.03 0.267585577157
65.1 0.616955562683
65.17 0.595890720571
65.24 0.698087060497
65.31 0.403730407142
65.38 0.331545962699
65.45 0.23190319724
65.52 0.657163712075
65.59 0.726085713476
65.66 0.596202905618
65.73 0.483879312221
65.8 0.586577791549
65.87 0.556869347171
65.94 0.46656405174
66.01 0.560908977602
66.08 0.315051771693
66.15 0.293042553568
66.22 0.261406359625
66.29 0.314200341974
66.36 0.310089162646
66.43 0.61538718918
66.5 0.259128072221
66.57 0.261389550473
66.64 0.197262696082
66.71 0.623561027911
66.78 0.30078494722
66.85 0.282245679582
66.92 0.26175386958
66.99 0.728508746781
67.06 0.711743687822
67.13 0.661773855405
67.2 0.626593257546
67.27 0.703503389483
67.34 0.476765037594
67.41 0.305395281303
67.48 0.58948287924
67.55 0.655570033282
67.62 0.717648348239
67.69 0.492413929683
67.76 0.335360659765
67.83 0.277716395166
67.9 0.519711429408
67.97 0.591205838954
68.04 0.371148214515
68.11 0.291492244372
68.18 0.621499292186
68.25 0.657280381681
68.32 0.598560400016
68.39 0.427211393833
68.46 0.48112341879
68.53 0.630879217467
68.6 0.510255222012
68.67 0.469767371533
68.74 0.525185973659
68.81 0.84366642071
68.88 0.497635179416
68.95 0.348056704704
69.02 0.32826505604
69.09 0.411218946735
69.16 0.654344238134
69.23 0.573310665267
69.3 0.516049831951
69.37 0.642267529954
69.44 0.737409257697
69.51 0.605648645763
69.58 0.615616188127
69.65 0.556439712974
69.72 0.551083080767
69.79 0.554931151974
69.86 0.639690440731
69.93 0.572045760672
70.0 0.910257577176
70.07 0.57079522995
70.14 0.605419728204
70.21 0.586766294911
70.28 0.57895772015
70.35 0.585002502615
70.42 0.527520168217
70.49 0.546116671921
70.56 0.620103795561
70.63 0.635568752185
70.7 0.375367272281
70.77 0.481090461762
70.84 0.454897922806
70.91 0.492620751688
70.98 0.39036998358
71.05 0.450293326572
71.12 0.514446587533
71.19 0.830732987508
71.26 0.515126211134
71.33 0.414017783747
71.4 0.394294484417
71.47 0.476271957686
71.54 0.505304000918
71.61 0.338407941082
71.68 0.294401920308
71.75 0.591220280226
71.82 0.776268157887
71.89 0.561193643353
71.96 0.557319037135
72.03 0.49831201548
72.1 0.456986599209
72.17 0.352608372074
72.24 0.463805503027
72.31 0.573831419617
72.38 0.799642990547
72.45 0.576394473235
72.52 0.3956470222
72.59 0.556263313524
72.66 0.501967507571
72.73 0.500466524551
72.8 0.533660857463
72.87 0.487747572722
72.94 0.502518258461
73.01 0.761777671736
73.08 0.444733745917
73.15 0.409711854533
73.22 0.295293493354
73.29 0.507090468655
73.36 0.486569581541
73.43 0.448985778514
73.5 0.323994065141
73.57 0.663547345581
73.64 0.453362751766
73.71 0.300377548461
73.78 0.310096354033
73.85 0.312135929349
73.92 0.311971023402
73.99 0.206667219596
74.06 0.204227010893
74.13 0.239057329064
74.2 0.770803691752
74.27 0.583344362034
74.34 0.626903914026
74.41 0.643745846433
74.48 0.725743852353
74.55 0.693057942246
74.62 0.624727052522
74.69 0.726482309258
74.76 0.823916695734
74.83 0.565573287147
74.9 0.520184056782
74.97 0.468996906279
75.04 0.478503342749
75.11 0.55074485158
75.18 0.58033112758
75.25 0.547948317592
75.32 0.478989357167
75.39 0.680497114461
75.46 0.427605706937
75.53 0.669006700809
75.6 0.437279853422
75.67 0.48227150372
75.74 0.460600257901
75.81 0.522103475528
75.88 0.501949027422
75.95 0.674664726531
76.02 0.383553677817
76.09 0.460152483096
76.16 0.538812540858
76.23 0.608607603365
76.3 0.493677928837
76.37 0.336258729858
76.44 0.368290317838
76.51 0.508329322752
76.58 0.931223587628
76.65 0.75843791397
76.72 0.723393760442
76.79 0.526124656331
76.86 0.619216286825
76.93 0.333869683646
77.0 0.588523045878
77.07 0.66953928693
77.14 0.759821210034
77.21 0.685358062346
77.28 0.45528548707
77.35 0.448738542311
77.42 0.710205641499
77.49 0.671022837671
77.56 0.453676559485
77.63 0.38388325572
77.7 0.80074586575
77.77 0.995986170816
77.84 0.536187444199
77.91 0.584806398384
77.98 0.399149766939
78.05 0.565540454745
78.12 0.397382879358
78.19 0.521066825943
78.26 0.392553448952
78.33 0.694169901106
78.4 0.5591074709
78.47 0.482901089
78.54 0.50567325544
78.61 0.451623634004
78.68 0.449885931629
78.75 0.358220418699
78.82 0.351334822555
78.89 0.4111498204
78.96 0.973297270593
79.03 0.71151529547
79.1 0.643000161263
79.17 0.395517006244
79.24 0.44839828097
79.31 0.350495676056
79.38 0.578089674576
79.45 0.684838832748
79.52 0.702328351158
79.59 0.581690143335
79.66 0.507844736438
79.73 0.370574799627
79.8 0.405083788053
79.87 0.807464223676
79.94 0.730655690588
80.01 0.604041854611
80.08 0.580108214926
80.15 0.720595208288
80.22 0.377146537186
80.29 0.566746143258
80.36 0.514119444909
80.43 0.457498974417
80.5 0.391038849984
80.57 0.382902216986
80.64 0.414897836585
80.71 0.770570992198
80.78 0.78100501969
80.85 0.740259394543
80.92 0.632251189164
80.99 0.485039576092
81.06 0.511766587081
81.13 0.452094215234
81.2 0.475872222111
81.27 0.457232372972
81.34 0.851235773436
81.41 0.569328281075
81.48 0.529916413445
81.55 0.434262366449
81.62 0.389517739982
81.69 0.253101589325
81.76 0.446736976433
81.83 0.687931009685
81.9 0.781491400354
81.97 0.783419133386
82.04 0.523040805126
82.11 0.241310014876
82.18 0.363830946931
82.25 0.722586060208
82.32 0.635077643391
82.39 0.524008854855
82.46 0.503425572443
82.53 0.666994695656
82.6 0.474395511771
82.67 0.608685667113
82.74 0.44422002145
82.81 0.484148538426
82.88 0.456587888613
82.95 0.381258070043
83.02 0.358592557406
83.09 0.618976058887
83.16 0.484328857213
83.23 0.360945682289
83.3 0.425785160545
83.37 0.504776758424
83.44 0.566087073926
83.51 0.365761749814
83.58 0.418032597216
83.65 0.34007575411
83.72 0.869889242337
83.79 0.726808934305
83.86 0.519549995166
83.93 0.423566886571
84.0 0.359559325275
84.07 0.283806010939
84.14 0.355276283875
84.21 0.67100697974
84.28 0.743918785624
84.35 0.70982292236
84.42 0.465029608104
84.49 0.386404801491
84.56 0.317737497277
84.63 0.736855818461
84.7 0.54154408658
84.77 0.446460024732
84.84 0.416521964639
84.91 0.705829713573
84.98 0.758986280448
85.05 0.822268141126
85.12 0.570231092015
85.19 0.546848104029
85.26 0.500033440268
85.33 0.526629138181
85.4 0.653391353267
85.47 0.807354990892
85.54 0.719408520043
85.61 0.736346324895
85.68 0.750101730469
85.75 0.593356632156
85.82 0.707159689095
85.89 0.561465089923
85.96 0.573288203469
86.03 0.268357623118
86.1 0.864971072375
86.17 0.648845778547
86.24 0.645472361782
86.31 0.577661107324
86.38 0.591680249232
86.45 0.31170946038
86.52 0.414575754002
86.59 0.66124850518
86.66 0.819842547916
86.73 0.857720569604
86.8 0.382891365685
86.87 0.296065241739
86.94 0.294442123405
87.01 0.761177387384
87.08 0.650317516593
87.15 0.515371160844
87.22 0.623496937455
87.29 0.709355109591
87.36 0.629759347446
87.43 0.465473098598
87.5 0.464844315751
87.57 0.412408834543
87.64 0.395063624574
87.71 0.316536114695
87.78 0.341214557
87.85 0.441933803809
87.92 0.536736980629
87.99 0.25239960566
88.06 0.243948819044
88.13 0.244565457284
88.2 0.349010023217
88.27 0.28284411363
88.34 0.33686598941
88.41 0.496735584572
88.48 0.717613928772
88.55 0.755741998361
88.62 0.531255622682
88.69 0.578080833811
88.76 0.481939430767
88.83 0.453523623923
88.9 0.374993649516
88.97 0.498212640811
89.04 0.705136198069
89.11 0.757536416682
89.18 0.926337258152
89.25 0.625591213094
89.32 0.327385578004
89.39 0.532495127883
89.46 0.515505593367
89.53 0.446176854484
89.6 0.491263757915
89.67 0.629342673006
89.74 0.746191040147
89.81 0.541324728289
89.88 0.541261342347
89.95 0.59684481354
90.02 0.541456476282
90.09 0.633813425507
90.16 0.929433482867
90.23 0.779248465834
90.3 0.915289086197
90.37 0.606162990812
90.44 0.650314462002
90.51 0.471238183791
90.58 0.59006950695
90.65 0.535308142928
90.72 0.447486552964
90.79 0.286143056618
90.86 0.652192776025
90.93 0.819931221344
91.0 0.491759826287
91.07 0.623517012298
91.14 0.635369532322
91.21 0.548801667557
91.28 0.38997972334
91.35 0.433350843185
91.42 0.464914783715
91.49 0.807492116847
91.56 0.541871189781
91.63 0.454661801143
91.7 0.310451580581
91.77 0.568896886864
91.84 0.628509714534
91.91 0.570892436394
91.98 0.665983006733
92.05 0.690956002152
92.12 0.639991586268
92.19 0.453418405854
92.26 0.505235725341
92.33 0.475453328578
92.4 0.668253614422
92.47 0.600995888218
92.54 0.675512632406
92.61 0.643568681429
92.68 0.872321941731
92.75 0.651862718696
92.82 0.504511527857
92.89 0.442282558745
92.96 0.448203710392
93.03 0.399557240727
93.1 0.410901209505
93.17 0.379597908752
93.24 0.446446565202
93.31 0.954007430693
93.38 0.730760347843
93.45 0.774884546444
93.52 0.709230799693
93.59 0.67461443896
93.66 0.455029946755
93.73 0.422598498573
93.8 0.546861007832
93.87 0.809299994698
93.94 0.574763839233
94.01 0.436041458404
94.08 0.361820106643
94.15 0.380346255563
94.22 0.604491722612
94.29 0.503259539782
94.36 0.561551944839
94.43 0.607121551216
94.5 0.762122223748
94.57 0.534262559745
94.64 0.722708377373
94.71 0.468164549315
94.78 0.712815207051
94.85 0.72933715643
94.92 0.797528166998
94.99 0.696456051348
95.06 0.961580462409
95.13 0.757176244545
95.2 0.551723261739
95.27 0.662515670834
95.34 0.749991086113
95.41 0.650235525877
95.48 0.540021801539
95.55 0.484022065389
95.62 0.488120745311
95.69 0.898563084546
95.76 0.674293073608
95.83 0.664115123083
95.9 0.642862620738
95.97 0.931359801784
96.04 0.64289249011
96.11 0.530324707471
96.18 0.580174256149
96.25 0.786904373359
96.32 0.681801366308
96.39 0.558125933664
96.46 0.356391198134
96.53 0.420162118919
96.6 0.610629588714
96.67 0.653576162379
96.74 0.589824291458
96.81 0.58978373356
96.88 0.726677639032
96.95 0.48813418958
97.02 0.456923755006
97.09 0.481128986233
97.16 0.551269854635
97.23 0.554732812117
97.3 0.520493404697
97.37 0.697513373469
97.44 0.816887669884
97.51 0.734382848571
97.58 0.618304446911
97.65 0.633830660674
97.72 0.581784693226
97.79 0.574159231147
97.86 0.542024200372
97.93 0.625378532429
98.0 0.621695653298
98.07 0.951554174487
98.14 0.701191797882
98.21 0.555785365414
98.28 0.604572378056
98.35 0.533839729071
98.42 0.458487677606
98.49 0.428776368118
98.56 0.554366056459
98.63 0.648966893969
98.7 0.734719878557
98.77 0.532760330472
98.84 0.487911343053
98.91 0.425971578341
98.98 0.509572318732
99.05 0.500743581801
99.12 0.511183913044
99.19 0.516181468036
99.26 0.707835937639
99.33 0.466109275029
99.4 0.5424735686
99.47 0.435144384042
99.54 0.446140858126
99.61 0.514389936443
99.68 0.44564060845
99.75 0.465763556881
99.82 0.610173310141
99.89 0.511805770285
99.96 0.301660423258
100.03 0.361663748973
100.1 0.550092293284
100.17 0.559795240924
100.24 0.395189521537
100.31 0.449505125106
100.38 0.407905903287
100.45 0.799134707627
100.52 0.683802906752
100.59 0.583301813948
100.66 0.646738958992
100.73 0.633972310018
100.8 0.507239957946
100.87 0.34640712766
100.94 0.498147297743
101.01 0.693462445375
101.08 0.684852003605
101.15 0.502175261722
101.22 0.44422046654
101.29 0.302600620509
101.36 0.720881222027
101.43 0.585212489849
101.5 0.652578008016
101.57 0.648399978671
101.64 0.700908590755
101.71 0.631213121648
101.78 0.515604099475
101.85 0.495031675994
101.92 0.549871509432
101.99 0.578103947985
102.06 0.552905416422
102.13 0.6616423325
102.2 0.62745110801
102.27 0.85481946865
102.34 0.488676378206
102.41 0.481169592455
102.48 0.456694918835
102.55 0.406944472686
102.62 0.417215129158
102.69 0.406970804227
102.76 0.355276570004
102.83 0.638833953516
102.9 0.647347445722
102.97 0.538513239267
103.04 0.546873026541
103.11 0.532968213064
103.18 0.498652971163
103.25 0.378927012736
103.32 0.399281448804
103.39 0.526441591128
103.46 0.863576184888
103.53 0.570281972192
103.6 0.388351616179
103.67 0.366218936371
103.74 0.543909492139
103.81 0.595283911196
103.88 0.566595429332
103.95 0.591645590688
104.02 0.6530166661
104.09 0.673230434566
104.16 0.288632590225
104.23 0.455816416183
104.3 0.553385423393
104.37 0.814360423142
104.44 0.635737332035
104.51 0.637572408717
104.58 0.655946774223
104.65 0.8343670733
104.72 0.592979050631
104.79 0.493951574153
104.86 0.478614842949
104.93 0.659277330066
105.0 0.685600725563
105.07 0.503219285818
105.14 0.454338814391
105.21 0.618044580318
105.28 0.809104890012
105.35 0.565363701766
105.42 0.5941893808
105.49 0.648841859209
105.56 0.621318294318
105.63 0.42926783044
105.7 0.417412875137
105.77 0.462386164824
105.84 0.8581644238
105.91 0.647097861986
105.98 0.586995508772
106.05 0.651526727677
106.12 0.57024349986
106.19 0.631736460065
106.26 0.520803249841
106.33 0.669487934957
106.4 0.553673597727
106.47 0.767519636397
106.54 0.555119692214
106.61 0.535685105142
106.68 0.531361528734
106.75 0.569495182298
106.82 0.494800994606
106.89 0.588916796897
106.96 0.702676863202
107.03 0.871753043874
107.1 1.0
107.17 0.781914604904
107.24 0.755706222005
107.31 0.737624018841
107.38 0.686331001709
107.45 0.581389179649
107.52 0.665324369775
107.59 0.602264441281
107.66 0.866842833397
107.73 0.830382276719
107.8 0.722179741111
107.87 0.759516335913
107.94 0.719794675278
108.01 0.664846014725
108.08 0.661768960684
108.15 0.684858007237
108.22 0.667506178139
108.29 0.815103163087
108.36 0.600987753239
108.43 0.565432890414
108.5 0.64310656963
108.57 0.878552971586
108.64 0.764940272128
108.71 0.67744768908
108.78 0.648415055786
108.85 0.75330179093
108.92 0.645277208772
108.99 0.68152643023
109.06 0.670162263255
109.13 0.526870649251
109.2 0.562103354464
109.27 0.524778557097
109.34 0.551900687439
109.41 0.661046768649
109.48 0.645599157828
109.55 0.462292288927
109.62 0.486400930478
109.69 0.502922076151
109.76 0.682924868266
109.83 0.445624987053
109.9 0.446639593224
109.97 0.446887736139
110.04 0.83964854502
110.11 0.666000464445
110.18 0.600328128181
110.25 0.555417308821
110.32 0.532801342362
110.39 0.544255072945
110.46 0.570727362585
110.53 0.63343453796
110.6 0.653609443686
110.67 0.776156296527
110.74 0.457084260917
110.81 0.45557872526
110.88 0.395553859719
110.95 0.71391694028
111.02 0.727164655539
111.09 0.636970565277
111.16 0.606020671289
111.23 0.646248623383
111.3 0.646113928893
111.37 0.503298237202
111.44 0.620347986074
111.51 0.544967855771
111.58 0.681225475446
111.65 0.605067839833
111.72 0.65920258542
111.79 0.50386963901
111.86 0.801905820602
111.93 0.542762962482
112.0 0.426428117609
112.07 0.391402034747
112.14 0.443511556
112.21 0.452770557884
112.28 0.4136853827
112.35 0.440938635366
112.42 0.728042017488
112.49 0.755843908774
112.56 0.593278372569
112.63 0.550683923809
112.7 0.539619170333
112.77 0.628630255154
112.84 0.565252838681
112.91 0.649301342432
112.98 0.557186536304
113.05 0.875860728608
113.12 0.540363229017
113.19 0.437805806426
113.26 0.432530263309
113.33 0.709943693155
113.4 0.744352326442
113.47 0.580676174278
113.54 0.66063743184
113.61 0.776731691431
113.68 0.681132014119
113.75 0.580057781111
113.82 0.634737017076
113.89 0.652678468706
113.96 0.792039257776
114.03 0.633813759961
114.1 0.670683114253
114.17 0.770145858499
114.24 0.753154626282
114.31 0.685064859763
114.38 0.646133684543
114.45 0.574233367927
114.52 0.577750110119
114.59 0.43901086164
114.66 0.54011592923
114.73 0.451060025091
114.8 0.734663642037
114.87 0.716508294009
114.94 0.611225522626
115.01 0.631834958542
115.08 0.624139178559
115.15 0.567457561564
115.22 0.491931262344
115.29 0.681657237175
115.36 0.704267196187
115.43 0.73472677237
115.5 0.511184688772
115.57 0.49894542345
115.64 0.445936103883
115.71 0.810135814465
115.78 0.665451914844
115.85 0.527200358137
115.92 0.511714324581
115.99 0.774861879904
116.06 0.705099442514
116.13 0.560291001548
116.2 0.619053465172
116.27 0.631174840069
116.34 0.636708581327
116.41 0.54291618926
116.48 0.737876989078
116.55 0.594055314522
116.62 0.863385191564
116.69 0.673493939454
116.76 0.47720343244
116.83 0.530239081004
116.9 0.604141343732
116.97 0.692610734613
117.04 0.592550281181
117.11 0.561712753412
117.18 0.685103365158
117.25 0.821411945127
117.32 0.576105580398
117.39 0.620149834427
117.46 0.644281827957
117.53 0.713173313969
117.6 0.7246639756
117.67 0.784312284595
117.74 0.68817326342
117.81 0.907829518166
117.88 0.684405792975
117.95 0.693064702532
118.02 0.635518893173
118.09 0.80682810447
118.16 0.675445311866
118.23 0.622831467725
118.3 0.626645467907
118.37 0.664268903044
118.44 0.939281046697
118.51 0.879177835094
118.58 0.793002555212
118.65 0.831656172137
118.72 0.788060743326
118.79 0.740129522287
118.86 0.880051946613
118.93 0.972930250424
119.0 0.986244885643
119.07 0.941352313712
119.14 0.99529686841
119.21 0.876052540898
119.28 0.879346301763
119.35 0.927591341967
119.42 0.834344643293
119.49 0.552958322395
119.56 0.752649015175
119.63 0.827190585227
119.7 0.847195159992
119.77 0.76231642808
119.84 0.839925163539
119.91 0.762669340159
119.98 0.493580175567
120.05 0.749360077816
120.12 0.821084691866
120.19 0.85208058657
120.26 0.592419617936
120.33 0.551305723824
120.4 0.515781029217
120.47 0.78459060463
120.54 0.762894354911
120.61 0.769641062543
120.68 0.787990075708
120.75 0.96400926917
120.82 0.71985592733
120.89 0.663141638166
120.96 0.829535962995
121.03 0.795333022457
121.1 0.741771225049
121.17 0.748318706459
121.24 0.635557605853
121.31 0.71191126431
121.38 0.818994926899
121.45 0.511051423657
121.52 0.453430555547
121.59 0.415539340111
121.66 0.450043395666
121.73 0.397964441941
121.8 0.402823126224
121.87 0.372798540582
121.94 0.873441306893
122.01 0.792701800084
122.08 0.647727368422
122.15 0.623498154459
122.22 0.494060192712
122.29 0.497864852357
122.36 0.366824433365
122.43 0.665389162202
122.5 0.661324487177
122.57 0.881923207863
122.64 0.501480843321
122.71 0.439985426218
122.78 0.373412648166
122.85 0.551282500285
122.92 0.604542520129
122.99 0.578758050109
123.06 0.600187639886
123.13 0.712910766661
123.2 0.621124701667
123.27 0.473706973648
123.34 0.487978073531
123.41 0.468656108286
123.48 0.510405929579
123.55 0.389463580126
123.62 0.37053450624
123.69 0.389630561465
123.76 0.867201624483
123.83 0.528631576436
123.9 0.452877314694
123.97 0.49937740518
124.04 0.53545895986
124.11 0.475778903212
124.18 0.553803172408
124.25 0.440787743404
124.32 0.701075419492
124.39 0.837217493732
124.46 0.650642914462
124.53 0.734517321788
124.6 0.615916838977
124.67 0.441237461346
124.74 0.395766601425
124.81 0.581852207062
124.88 0.509813731882
124.95 0.739258703165
125.02 0.572105047968
125.09 0.410648882741
125.16 0.305449712028
125.23 0.53872095654
125.3 0.71466683982
125.37 0.604790120034
125.44 0.689086794676
125.51 0.636079907845
125.58 0.662369108965
125.65 0.439042711028
125.72 0.496300529175
125.79 0.490530778164
125.86 0.593775206495
125.93 0.565740101895
126.0 0.562139240185
126.07 0.527587816852
126.14 0.736672157682
126.21 0.511282525973
126.28 0.563560436322
126.35 0.57821177937
126.42 0.668451312077
126.49 0.649702055934
126.56 0.592741680172
126.63 0.51524704297
126.7 0.620691059114
126.77 0.721493358496
126.84 0.51113292223
126.91 0.609679575315
126.98 0.572801805001
127.05 0.551963376497
127.12 0.433683716028
127.19 0.463607088141
127.26 0.522116342452
127.33 0.741935919895
127.4 0.64213453698
127.47 0.552582525046
127.54 0.449082434318
127.61 0.46400754222
127.68 0.6013612145
127.75 0.536495154181
127.82 0.608635170985
127.89 0.603100437812
127.96 0.692758423197
128.03 0.453935787691
128.1 0.686148317585
128.17 0.479140667513
128.24 0.586412148024
128.31 0.533334672419
128.38 0.507840427964
128.45 0.531295825779
128.52 0.725585449811
128.59 0.460280493602
128.66 0.449986707697
128.73 0.440091202558
128.8 0.7115546033
128.87 0.485341321864
128.94 0.477035937339
129.01 0.480402274625
129.08 0.58042121258
129.15 0.619763591445
129.22 0.476209969328
129.29 0.604022846713
129.36 0.562348937474
129.43 0.489056824841
129.5 0.4218706221
129.57 0.497597566745
129.64 0.534914229133
129.71 0.727252405722
129.78 0.518645344096
129.85 0.455054618744
129.92 0.379786230263
129.99 0.54894548767
130.06 0.565728253592
130.13 0.561443909984
130.2 0.580097003737
130.27 0.696622333259
130.34 0.597325035426
130.41 0.487464221895
130.48 0.459671574499
130.55 0.446879227285
130.62 0.581066477755
130.69 0.571642915823
130.76 0.625617908337
130.83 0.535016695273
130.9 0.830305532982
130.97 0.584352920065
131.04 0.548656746164
131.11 0.503980360938
131.18 0.535568248598
131.25 0.570752268565
131.32 0.428023270286
131.39 0.492799934859
131.46 0.662644304467
131.53 0.715215948963
131.6 0.470256440542
131.67 0.532154425266
131.74 0.486711959562
131.81 0.382792640847
131.88 0.362506719433
131.95 0.514678029389
132.02 0.434848705486
132.09 0.779358910535
132.16 0.499104833168
132.23 0.464169237158
132.3 0.374671471556
132.37 0.44031640552
132.44 0.460746598496
132.51 0.475895810623
132.58 0.552979155163
132.65 0.614413301139
132.72 0.524306428224
132.79 0.48472792261
132.86 0.530590093183
132.93 0.36897128434
133.0 0.484852806039
133.07 0.350546744443
133.14 0.324304960698
133.21 0.370066891854
133.28 0.642086982263
133.35 0.360376102808
133.42 0.363789530645
133.49 0.362727495654
133.56 0.648855570533
133.63 0.393717957713
133.7 0.374590809753
133.77 0.328130951612
133.84 0.616793813062
133.91 0.511985141666
133.98 0.444107280083
134.05 0.422032739238
134.12 0.434719591156
134.19 0.398178858459
134.26 0.350083811135
134.33 0.360029591127
134.4 0.436375522817
134.47 0.686407655156
134.54 0.330335051369
134.61 0.311788147254
134.68 0.295465393576
134.75 0.380117641938
134.82 0.353768836872
134.89 0.326662057057
134.96 0.291254774722
135.03 0.556275600559
135.1 0.484394747106
135.17 0.268385359872
135.24 0.272348100322
135.31 0.424564607289
135.38 0.538118596796
135.45 0.475175025074
135.52 0.435058196762
135.59 0.458428547999
135.66 0.71315379994
135.73 0.431547193691
135.8 0.337802933687
135.87 0.274290195782
135.94 0.425618694239
136.01 0.354426854519
136.08 0.253868248421
136.15 0.223251087391
136.22 0.567868753764
136.29 0.569691968154
136.36 0.424039506315
136.43 0.413677786917
136.5 0.391099896023
136.57 0.33219109689
136.64 0.29266909485
136.71 0.338095613606
136.78 0.376629726336
136.85 0.602989933342
136.92 0.208956087432
136.99 0.215146163895
137.06 0.170031888683
137.13 0.411973173824
137.2 0.389902697289
137.27 0.351738333767
137.34 0.214073515408
137.41 0.505867588212
137.48 0.437040928963
137.55 0.458797461709
137.62 0.465055565769
137.69 0.407229753934
137.76 0.511222091616
137.83 0.404656862549
137.9 0.372028442845
137.97 0.470568306396
138.04 0.563696211746
138.11 0.394980167604
138.18 0.34106651616
138.25 0.34739650993
138.32 0.536694471965
138.39 0.262637957479
138.46 0.269615244764
138.53 0.275148802899
138.6 0.619048997737
138.67 0.583243795794
138.74 0.634954031649
138.81 0.642409556989
138.88 0.548618975803
138.95 0.319696951258
139.02 0.235973406645
139.09 0.680219094543
139.16 0.876012911331
139.23 0.828244469979
139.3 0.301504280503
139.37 0.493124719776
139.44 0.584126442873
139.51 0.566897021231
139.58 0.548660547235
139.65 0.321554161643
139.72 0.31205626582
139.79 0.569994541794
139.86 0.611597564685
139.93 0.725869900647
140.0 0.568790459421
140.07 0.56275342407
140.14 0.447446271023
140.21 0.739097439328
140.28 0.562724772973
140.35 0.354533330286
140.42 0.799325812859
140.49 0.617331231592
140.56 0.552706026152
140.63 0.519249666052
140.7 0.676645689816
140.77 0.583373259839
140.84 0.577348666668
140.91 0.476778589957
140.98 0.699710303457
141.05 0.687796806065
141.12 0.633645158493
141.19 0.597437528814
141.26 0.683644422822
141.33 0.636938665021
141.4 0.542613193419
141.47 0.568189040725
141.54 0.583333471311
141.61 0.75079442955
141.68 0.47682259031
141.75 0.513349122084
141.82 0.458697729695
141.89 0.56457448931
141.96 0.538514793268
142.03 0.556374733609
142.1 0.467420781847
142.17 0.573743748278
142.24 0.578248063129
142.31 0.410563729342
142.38 0.421306129365
142.45 0.370990180762
142.52 0.457344720116
142.59 0.383520449921
142.66 0.379519897144
142.73 0.329381001637
142.8 0.674807748025
142.87 0.385607007695
142.94 0.386782740361
143.01 0.336862769499
143.08 0.361737052798
143.15 0.391778919388
143.22 0.358858398382
143.29 0.261277832814
143.36 0.522496787815
143.43 0.732351476904
143.5 0.461956135133
143.57 0.553447720771
143.64 0.354728310347
143.71 0.764442762936
143.78 0.466639195695
143.85 0.640093597144
143.92 0.446754495186
143.99 0.741223161231
144.06 0.415446933012
144.13 0.400903910948
144.2 0.392083189458
144.27 0.548670168815
144.34 0.598208745635
144.41 0.638039613619
144.48 0.56834320728
144.55 0.569649558681
144.62 0.570818480194
144.69 0.495685577192
144.76 0.416942517723
144.83 0.648973852638
144.9 0.711875663447
144.97 0.665509492993
145.04 0.712999745294
145.11 0.521741648927
145.18 0.631783910503
145.25 0.39147867802
145.32 0.339754198006
145.39 0.337577603556
145.46 0.330701204248
145.53 0.286597969399
145.6 0.248483213096
145.67 0.183069175435
145.74 0.36799342355
145.81 0.731406891063
145.88 0.602172709447
145.95 0.694651067855
146.02 0.576664250081
146.09 0.540005226377
146.16 0.44945920705
146.23 0.509596830489
146.3 0.545304336389
146.37 0.631578744233
146.44 0.61151435315
146.51 0.463835350781
146.58 0.339247593712
146.65 0.524894913868
146.72 0.548453641298
146.79 0.462593920247
146.86 0.484893014223
146.93 0.353803248709
147.0 0.590822289404
147.07 0.351939054221
147.14 0.579812682613
147.21 0.332665123119
147.28 0.433941868387
147.35 0.36788639587
147.42 0.398485086926
147.49 0.336790677592
147.56 0.624957272287
147.63 0.356700486279
147.7 0.325859666114
147.77 0.403705332028
147.84 0.478420586478
147.91 0.474817665908
147.98 0.296934269056
148.05 0.34590010371
148.12 0.264627962456
148.19 0.827049377158
148.26 0.682386989386
148.33 0.481678807521
148.4 0.40901006035
148.47 0.482247515897
148.54 0.623403655435
148.61 0.544504560033
148.68 0.675777917655
148.75 0.702576062971
148.82 0.451137320739
148.89 0.345422234444
148.96 0.47007880247
149.03 0.676273631226
149.1 0.683288168751
149.17 0.623302267685
149.24 0.692263036449
149.31 0.554796790665
149.38 0.791471307325
149.45 0.497253904914
149.52 0.527190817945
149.59 0.404853779388
149.66 0.492122110695
149.73 0.48634892613
149.8 0.480166166951
149.87 0.41112946833
149.94 0.659648624373
150.01 0.569221973171
150.08 0.380067587085
150.15 0.48388025454
150.22 0.413220775853
150.29 0.478750853635
150.36 0.317795633697
150.43 0.298963199084
150.5 0.257026741265
150.57 0.835134113902
150.64 0.661711970053
150.71 0.614698657416
150.78 0.498673121035
150.85 0.589542166536
150.92 0.623230894281
150.99 0.70798558462
151.06 0.746967355159
151.13 0.701709937644
151.2 0.70128428001
151.27 0.554258099177
151.34 0.831346562256
151.41 0.319582173921
151.48 0.679148614282
151.55 0.768337063762
151.62 0.682225317338
151.69 0.636470249473
151.76 0.70031775249
151.83 0.492425387578
151.9 0.518761282482
151.97 0.469351915369
152.04 0.343569013339
152.11 0.405735888543
152.18 0.355891897135
152.25 0.363595267815
152.32 0.601242482219
152.39 0.77417178015
152.46 0.604516631135
152.53 0.732241286541
152.6 0.836774917581
152.67 0.721607901843
152.74 0.622810900739
152.81 0.555951488365
152.88 0.570472872682
152.95 0.732793821608
153.02 0.547767922504
153.09 0.605932811741
153.16 0.418302566087
153.23 0.356343815095
153.3 0.242399103726
153.37 0.210129161001
153.44 0.555057000613
153.51 0.688441930083
153.58 0.642170206514
153.65 0.543805185869
153.72 0.283103627965
153.79 0.180647669425
153.86 0.624734778018
153.93 0.552497576388
154.0 0.523959802091
154.07 0.507496286707
154.14 0.632727345468
154.21 0.503686848064
154.28 0.450705027446
154.35 0.475460013834
154.42 0.444280373148
154.49 0.46268591532
154.56 0.443554695421
154.63 0.447308005637
154.7 0.45399571083
154.77 0.515840829003
154.84 0.325996858197
154.91 0.438701982978
154.98 0.309750448947
155.05 0.607799075263
155.12 0.402110738893
155.19 0.371755968753
155.26 0.334382114808
155.33 0.717412232935
155.4 0.66110581814
155.47 0.430513134531
155.54 0.383927187402
155.61 0.30611765646
155.68 0.328786998145
155.75 0.308893213979
155.82 0.57904773012
155.89 0.491919004557
155.96 0.687536036575
156.03 0.379570103327
156.1 0.304274296012
156.17 0.249138431761
156.24 0.56312460774
156.31 0.608966062541
156.38 0.502808639172
156.45 0.452914110942
156.52 0.611134285478
156.59 0.749181834421
156.66 0.519480835767
156.73 0.754683213801
156.8 0.465687854655
156.87 0.480569640013
156.94 0.512103893023
157.01 0.653868423914
157.08 0.477643661057
157.15 0.626029965283
157.22 0.32343157404
157.29 0.444571706351
157.36 0.414909775178
157.43 0.66955052228
157.5 0.535296021212
157.57 0.541132917271
157.64 0.308313742049
157.71 0.698749769396
157.78 0.815351838839
157.85 0.564227049298
157.92 0.609136064135
157.99 0.353830143607
158.06 0.311489052947
158.13 0.427252756708
158.2 0.910460821927
158.27 0.6630808808
158.34 0.822810899467
158.41 0.334791787342
158.48 0.300679079319
158.55 0.374892681423
158.62 0.674632028928
158.69 0.635446334556
158.76 0.556310489278
158.83 0.516966057912
158.9 0.613717883192
158.97 0.604536371525
159.04 0.477932160943
159.11 0.462225113359
159.18 0.467302345869
159.25 0.533666497392
159.32 0.532143374311
159.39 0.394135379904
159.46 0.452251253257
159.53 0.706012294691
159.6 0.489327521116
159.67 0.502529292885
159.74 0.434331796716
159.81 0.429718780646
159.88 0.441056969609
159.95 0.402632047698
160.02 0.370209446639
160.09 0.518066065462
160.16 0.70455705169
160.23 0.540800832873
160.3 0.466940417533
160.37 0.385741459293
160.44 0.405829285015
160.51 0.366066991453
160.58 0.471685589807
160.65 0.597011887713
160.72 0.71431625747
160.79 0.539746056669
160.86 0.519054253618
160.93 0.364981299278
161.0 0.341931961135
161.07 0.442094930304
161.14 0.334908645158
161.21 0.406037958596
161.28 0.563296851318
161.35 0.774871830851
161.42 0.636035510726
161.49 0.672908728402
161.56 0.476911857616
161.63 0.622305209516
161.7 0.740239336232
161.77 0.926965813366
161.84 0.706366350015
161.91 0.873443721826
161.98 0.768892799664
162.05 0.61775025738
162.12 0.529212164907
162.19 0.688436201135
162.26 0.609703229955
162.33 0.545197638076
162.4 0.429649798012
162.47 0.574785671547
162.54 0.871210021022
162.61 0.624099978823
162.68 0.664659163284
162.75 0.678106601995
162.82 0.550871664158
162.89 0.424910984171
162.96 0.508205606731
163.03 0.487374297128
163.1 0.70849192949
163.17 0.587416316193
163.24 0.518771307187
163.31 0.306227081269
163.38 0.467371765963
163.45 0.752130993679
163.52 0.544613408767
163.59 0.580655916312
163.66 0.587473768446
163.73 0.683380358393
163.8 0.464278496647
163.87 0.513933723998
163.94 0.431688865926
164.01 0.606070378971
164.08 0.552789751448
164.15 0.559820314767
164.22 0.531987749132
164.29 0.768762397115
164.36 0.563668528403
164.43 0.469419246082
164.5 0.401240418271
164.57 0.40133682864
164.64 0.378762955004
164.71 0.355024422548
164.78 0.312352966812
164.85 0.54381433311
164.92 0.815404679956
164.99 0.657049036473
165.06 0.719630037657
165.13 0.667709803125
165.2 0.762035564671
165.27 0.444833806026
165.34 0.435610137951
165.41 0.579724948962
165.48 0.7596830591
165.55 0.543897102097
165.62 0.417197751562
165.69 0.347879346403
165.76 0.438908796081
165.83 0.667140671277
165.9 0.524081798792
165.97 0.63120525118
166.04 0.516353079585
166.11 0.730086420127
166.18 0.427520664174
166.25 0.501441449017
166.32 0.455733649739
166.39 0.669061220552
166.46 0.651837750403
166.53 0.709517585345
166.6 0.71846608971
166.67 0.865773988525
166.74 0.687624605725
166.81 0.470710722567
166.88 0.492196476378
166.95 0.546797567208
167.02 0.548331002396
167.09 0.504949394953
167.16 0.430323201794
167.23 0.41335589763
167.3 0.857182422398
167.37 0.581955419682
167.44 0.709972485409
167.51 0.715145717533
167.58 0.640404528308
167.65 0.574323512696
167.72 0.491182386511
167.79 0.549135396245
167.86 0.723976012279
167.93 0.661444390682
168.0 0.4854911011
168.07 0.364171064572
168.14 0.378708563701
168.21 0.59083271469
168.28 0.526453509373
168.35 0.523791743634
168.42 0.558184819108
168.49 0.71500991286
168.56 0.512678022598
168.63 0.482724233015
168.7 0.430956486411
168.77 0.478159121376
168.84 0.520179569001
168.91 0.484832300094
168.98 0.654378222684
169.05 0.723061252573
169.12 0.606134129887
169.19 0.445020598969
169.26 0.480720886775
169.33 0.436295387493
169.4 0.490053268786
169.47 0.443476355717
169.54 0.614826109652
169.61 0.591447436498
169.68 0.794983111558
169.75 0.560204029636
169.82 0.570956294132
169.89 0.576496405267
169.96 0.580697667052
170.03 0.452251446553
170.1 0.448439290316
170.17 0.542225162446
170.24 0.717342583937
170.31 0.598607186634
170.38 0.495294593363
170.45 0.469147781709
170.52 0.393329791941
170.59 0.559388568299
170.66 0.49037340696
170.73 0.519229001146
170.8 0.476809879804
170.87 0.688085408958
170.94 0.33624507576
171.01 0.626002906338
171.08 0.387209761242
171.15 0.479143797134
171.22 0.443479266608
171.29 0.420974778731
171.36 0.386516547127
171.43 0.628270943949
171.5 0.354197699155
171.57 0.310533669216
171.64 0.425815917555
171.71 0.630568651277
171.78 0.545814896899
171.85 0.466575961084
171.92 0.435583883983
171.99 0.610441459228
172.06 0.75633709296
172.13 0.53971267617
172.2 0.567647398925
172.27 0.621106239323
172.34 0.491311821306
172.41 0.364495134801
172.48 0.415536380897
172.55 0.444995680272
172.62 0.737842147412
172.69 0.504370165914
172.76 0.399295389031
172.83 0.291108722799
172.9 0.427945565154
172.97 0.593287498191
173.04 0.559928246615
173.11 0.572542945584
173.18 0.586709591681
173.25 0.651889649201
173.32 0.420613716413
173.39 0.46480094234
173.46 0.400612754509
173.53 0.541853264088
173.6 0.525881170333
173.67 0.576657302857
173.74 0.541462641418
173.81 0.751977370135
173.88 0.590787876295
173.95 0.399465323227
174.02 0.395636189975
174.09 0.412161659382
174.16 0.386526489173
174.23 0.304604611494
174.3 0.27550807341
174.37 0.384888185629
174.44 0.697012958473
174.51 0.589222647673
174.58 0.565150166528
174.65 0.528098724533
174.72 0.547329358525
174.79 0.47690638682
174.86 0.463602702095
174.93 0.582288202235
175.0 0.769961667427
175.07 0.616728419127
175.14 0.401372880952
175.21 0.270194968488
175.28 0.374655346571
175.35 0.5277550538
175.42 0.500574091425
175.49 0.565279912886
175.56 0.488630612752
175.63 0.719342853967
175.7 0.327408070323
175.77 0.33248726886
175.84 0.370887128375
175.91 0.75984280963
175.98 0.763906225685
176.05 0.641570134534
176.12 0.713872897961
176.19 0.769107784625
176.26 0.610090683583
176.33 0.437354816798
176.4 0.413874282828
176.47 0.433994909159
176.54 0.660356474327
176.61 0.519137970012
176.68 0.311931944476
176.75 0.277390318216
176.82 0.850239421053
176.89 0.520948945691
176.96 0.630836607068
177.03 0.6834242036
177.1 0.616209459127
177.17 0.423181009834
177.24 0.361367195496
177.31 0.42986261602
177.38 0.768274464994
177.45 0.635943884442
177.52 0.548100055226
177.59 0.555915540331
177.66 0.478707204268
177.73 0.585153135153
177.8 0.534830600485
177.87 0.590295715817
177.94 0.477798988661
178.01 0.748624886602
178.08 0.459594027056
178.15 0.523741487855
178.22 0.509226539543
178.29 0.537574510814
178.36 0.451141915343
178.43 0.441331260942
178.5 0.808574128762
178.57 0.864123457716
178.64 0.988480665654
178.71 0.786898588457
178.78 0.757276785352
178.85 0.668976438485
178.92 0.670903745502
178.99 0.569855814786
179.06 0.727050553468
179.13 0.637629686748
179.2 0.804393993504
179.27 0.80834802163
179.34 0.707189510143
179.41 0.674199907312
179.48 0.724217695027
179.55 0.599976623859
179.62 0.644090395902
179.69 0.766786785087
179.76 0.80802885884
179.83 0.710641346727
179.9 0.588514942692
179.97 0.64180725447
180.04 0.573144820816
180.11 0.757602489698
180.18 0.670876813725
180.25 0.669533816134
180.32 0.695677655857
180.39 0.79759406452
180.46 0.581886536239
180.53 0.681155792113
180.6 0.634539150287
180.67 0.525106963777
180.74 0.489304218732
180.81 0.447101565137
180.88 0.444256419661
180.95 0.685234479852
181.02 0.531234624595
181.09 0.474933877707
181.16 0.43855046026
181.23 0.605322722686
181.3 0.503669488272
181.37 0.392144469487
181.44 0.36326948844
181.51 0.37029049885
181.58 0.82310530888
181.65 0.624785068132
181.72 0.530928884455
181.79 0.528758020225
181.86 0.533785421699
181.93 0.513068426538
182.0 0.50963652364
182.07 0.550348076491
182.14 0.7797219694
182.21 0.688878900639
182.28 0.367792380088
182.35 0.394195568826
182.42 0.512433063986
182.49 0.681806824386
182.56 0.596485497248
182.63 0.618804177739
182.7 0.5434555611
182.77 0.777826790271
182.84 0.476226686919
182.91 0.45387057052
182.98 0.502406661613
183.05 0.585365268993
183.12 0.58421451988
183.19 0.483951785634
183.26 0.501100078764
183.33 0.742920528254
183.4 0.576289578174
183.47 0.446601939859
183.54 0.494559753134
183.61 0.450224253648
183.68 0.447593491625
183.75 0.382293792569
183.82 0.404780287354
183.89 0.574106919052
183.96 0.769116940768
184.03 0.564349835717
184.1 0.522198934675
184.17 0.542231869321
184.24 0.554824556668
184.31 0.498496173489
184.38 0.590791172507
184.45 0.527733915827
184.52 0.87632293324
184.59 0.589488030842
184.66 0.451021987676
184.73 0.445168021769
184.8 0.556468020715
184.87 0.715440958629
184.94 0.635300570035
185.01 0.555790667075
185.08 0.612902877118
185.15 0.755925318328
185.22 0.535450041522
185.29 0.477424867395
185.36 0.411232024759
185.43 0.661876116803
185.5 0.65956265455
185.57 0.622733326591
185.64 0.575815492176
185.71 0.801280278013
185.78 0.631461399362
185.85 0.633474278163
185.92 0.583978194748
185.99 0.520219159145
186.06 0.590693854154
186.13 0.477409610972
186.2 0.493951569066
186.27 0.647539929462
186.34 0.803538219705
186.41 0.535214648536
186.48 0.571437607124
186.55 0.646039282167
186.62 0.576730147604
186.69 0.486053153469
186.76 0.849249799706
186.83 0.686333682424
186.9 0.837589104689
186.97 0.564020243825
187.04 0.481765926948
187.11 0.487012077575
187.18 0.788073340653
187.25 0.706498335814
187.32 0.561274883773
187.39 0.550019055586
187.46 0.654836323583
187.53 0.765547958967
187.6 0.57264250592
187.67 0.691284729297
187.74 0.700377957944
187.81 0.54119028432
187.88 0.526275080312
187.95 0.725701100796
188.02 0.648940996074
188.09 0.821220986139
188.16 0.63594275137
188.23 0.561387468722
188.3 0.514033566648
188.37 0.706053278603
188.44 0.787570216965
188.51 0.695884032772
188.58 0.603778560823
188.65 0.568979959785
188.72 0.866587642796
188.79 0.669563546893
188.86 0.698448325013
188.93 0.667371063992
189.0 0.733882110567
189.07 0.698340967967
189.14 0.780032803916
189.21 0.807769901503
189.28 0.838751482103
189.35 0.754160396775
189.42 0.658366644843
189.49 0.632907047487
189.56 0.710431299725
189.63 0.685511706237
189.7 0.597534536875
189.77 0.639344971834
189.84 0.511315765315
189.91 0.884997073786
189.98 0.783080960153
190.05 0.856004887752
190.12 0.869234314888
190.19 0.836496514886
190.26 0.706470616863
190.33 0.756711482552
190.4 0.843446277788
190.47 0.874194090618
190.54 0.869931632735
190.61 0.770888416593
190.68 0.655147487466
190.75 0.82999131578
190.82 0.927837492149
190.89 0.70463121136
190.96 0.493350567483
191.03 0.535955732746
191.1 0.847278244357
191.17 0.750731258523
191.24 0.67294522962
191.31 0.717042023376
191.38 0.67843457503
191.45 0.573647206926
191.52 0.649169221835
191.59 0.585804733327
191.66 0.819371655123
191.73 0.620412739079
191.8 0.484739817965
191.87 0.40552001976
191.94 0.525191265147
192.01 0.673742149768
192.08 0.866959660693
192.15 0.800248403611
192.22 0.644193893379
192.29 0.821743565359
192.36 0.636625912802
192.43 0.774628711098
192.5 0.68501829569
192.57 0.751033122563
192.64 0.683097971504
192.71 0.653386579356
192.78 0.551509002911
192.85 0.780548989096
192.92 0.60336244211
192.99 0.451306392731
193.06 0.411876654091
193.13 0.443642534622
193.2 0.438487443107
193.27 0.423437951548
193.34 0.338000694926
193.41 0.481960730245
193.48 0.955057996344
193.55 0.729722401138
193.62 0.693227239326
193.69 0.499915287876
193.76 0.514294016945
193.83 0.378776188174
193.9 0.465134149637
193.97 0.695377039342
194.04 0.760401333068
194.11 0.647730175034
194.18 0.336951459459
194.25 0.388774402345
194.32 0.445109870089
194.39 0.622963589594
194.46 0.583028317419
194.53 0.690294085515
194.6 0.574311069244
194.67 0.728409384828
194.74 0.529088091542
194.81 0.474328675743
194.88 0.412724348866
194.95 0.511676371097
195.02 0.445428484783
195.09 0.385398173881
195.16 0.296183189391
195.23 0.700514446785
195.3 0.656341125478
195.37 0.401921127892
195.44 0.483374615456
195.51 0.515839797666
195.58 0.462349639444
195.65 0.377435641123
195.72 0.474746096663
195.79 0.346266318901
195.86 0.858314201764
195.93 0.674140314811
196.0 0.618157980418
196.07 0.622098049242
196.14 0.486576882293
196.21 0.325411039279
196.28 0.337367271696
196.35 0.512320341695
196.42 0.687704503244
196.49 0.60960347378
196.56 0.465907248553
196.63 0.37651566623
196.7 0.399703784792
196.77 0.666237841262
196.84 0.567177581978
196.91 0.613481667425
196.98 0.552835820835
197.05 0.743754961882
197.12 0.580697534796
197.19 0.435445408769
197.26 0.442324032256
197.33 0.49849557071
197.4 0.537890312538
197.47 0.463491831379
197.54 0.461374123644
197.61 0.60315759249
197.68 0.606318163271
197.75 0.510055109425
197.82 0.55365186842
197.89 0.518795221251
197.96 0.549358593758
198.03 0.518537828089
198.1 0.465337642367
198.17 0.563394249787
198.24 0.710107930195
198.31 0.596507957775
198.38 0.538735696658
198.45 0.672037361183
198.52 0.555223590273
198.59 0.510449961724
198.66 0.548476030611
198.73 0.513298159248
198.8 0.651479765567
198.87 0.665997840956
198.94 0.568132376918
199.01 0.484330963126
199.08 0.403208114052
199.15 0.553519985628
199.22 0.49114074005
199.29 0.541404924654
199.36 0.549418467302
199.43 0.706563256681
199.5 0.507920887569
199.57 0.59969159059
199.64 0.507738638362
199.71 0.479451023875
199.78 0.568287409491
199.85 0.473900971967
199.92 0.507161829343
199.99 0.628778495649
200.06 0.586566385793
200.13 0.410451628905
200.2 0.440849130255
200.27 0.524146232604
200.34 0.61050791375
200.41 0.420624410025
200.48 0.4508745458
200.55 0.378192451007
200.62 0.674571416534
200.69 0.447463962725
200.76 0.428032926202
200.83 0.460160348477
200.9 0.48111271882
200.97 0.409126520128
201.04 0.346284409913
201.11 0.415426606375
201.18 0.515428146387
201.25 0.643958679701
201.32 0.418231800548
201.39 0.379143271927
201.46 0.310698184755
201.53 0.502997761844
201.6 0.448309587195
201.67 0.464296227772
201.74 0.44511356561
201.81 0.622660082535
201.88 0.480425545216
201.95 0.349312402289
202.02 0.371346293675
202.09 0.388827074328
202.16 0.459749008762
202.23 0.487658472008
202.3 0.56844903703
202.37 0.643662169462
202.44 0.741343419537
202.51 0.423784634906
202.58 0.452818205433
202.65 0.404640615482
202.72 0.4736423618
202.79 0.408311346192
202.86 0.512184169505
202.93 0.507639155599
203.0 0.762481294604
203.07 0.607201039253
203.14 0.421471484217
203.21 0.544923285703
203.28 0.512310980811
203.35 0.413439212171
203.42 0.344910091955
203.49 0.511878737113
203.56 0.472355025927
203.63 0.784774054309
203.7 0.422815243548
203.77 0.427284372106
203.84 0.309939261328
203.91 0.44028444931
203.98 0.450315605248
204.05 0.44150059363
204.12 0.481786052659
204.19 0.630841889653
204.26 0.516986187437
204.33 0.47887396179
204.4 0.464132602414
204.47 0.335843890461
204.54 0.477410717339
204.61 0.405004813778
204.68 0.377949651719
204.75 0.540059470165
204.82 0.684136045378
204.89 0.465119695648
204.96 0.514737437495
205.03 0.499737195811
205.1 0.723696451078
205.17 0.447813708305
205.24 0.527777020912
205.31 0.509788878041
205.38 0.717774888676
205.45 0.721284515781
205.52 0.611391426847
205.59 0.697386609215
205.66 0.574345665475
205.73 0.461201644804
205.8 0.374814421835
205.87 0.573226058693
205.94 0.609619266854
206.01 0.699858364644
206.08 0.54852097837
206.15 0.426410386484
206.22 0.313389115353
206.29 0.600791131431
206.36 0.599569094117
206.43 0.501782054985
206.5 0.52320456274
206.57 0.661163938028
206.64 0.543174782894
206.71 0.403142860002
206.78 0.495161923397
206.85 0.518470070089
206.92 0.636018512093
206.99 0.510508834451
207.06 0.520534191498
207.13 0.612178893277
207.2 0.663186671128
207.27 0.459404882765
207.34 0.479439413377
207.41 0.494287050138
207.48 0.52664017642
207.55 0.489181562026
207.62 0.490042027077
207.69 0.497101892596
207.76 0.643935638013
207.83 0.549013894231
207.9 0.514795435302
207.97 0.538217120708
208.04 0.466782910258
208.11 0.407780867255
208.18 0.388069519235
208.25 0.4825799818
208.32 0.49860792294
208.39 0.777958971909
208.46 0.49470944971
208.53 0.426549884135
208.6 0.410042027586
208.67 0.576049975906
208.74 0.556605013143
208.81 0.599694309456
208.88 0.570964364254
208.95 0.665862241025
209.02 0.553888222801
209.09 0.550974903483
209.16 0.587886841469
209.23 0.495388624406
209.3 0.560385284385
209.37 0.493396269353
209.44 0.524583358306
209.51 0.618538381273
209.58 0.579494487576
209.65 0.420338523455
209.72 0.474611538243
209.79 0.526976316225
209.86 0.668854298084
209.93 0.488361208511
210.0 0.466799659641
210.07 0.426552553405
210.14 0.714108261698
210.21 0.495250526882
210.28 0.508407729855
210.35 0.626299598428
210.42 0.550989209956
210.49 0.521492179643
210.56 0.445587533342
210.63 0.500762018712
210.7 0.59743833252
210.77 0.64119558471
210.84 0.479080787611
210.91 0.366939930477
210.98 0.355333937054
211.05 0.487164929206
211.12 0.48457029834
211.19 0.502969847054
211.26 0.481491846716
211.33 0.706351380994
211.4 0.452249350814
211.47 0.416576367388
211.54 0.442263307954
211.61 0.444592770567
211.68 0.571385644742
211.75 0.530718860343
211.82 0.657099875956
211.89 0.685523287486
211.96 0.610690571168
212.03 0.426765892803
212.1 0.487052601137
212.17 0.448941817583
212.24 0.432748330838
212.31 0.393445442926
212.38 0.552730102993
212.45 0.524615701109
212.52 0.803822254699
212.59 0.50348225914
212.66 0.540340319585
212.73 0.512265272583
212.8 0.521654351464
212.87 0.443529256604
212.94 0.384337484334
213.01 0.482906786155
213.08 0.647222637322
213.15 0.678607427745
213.22 0.460407264214
213.29 0.389208540855
213.36 0.351610994712
213.43 0.494179334476
213.5 0.393655253395
213.57 0.490134492674
213.64 0.473967702444
213.71 0.63310279819
213.78 0.380979429543
213.85 0.554985238072
213.92 0.360891676307
213.99 0.441676996894
214.06 0.511283765868
214.13 0.396336006685
214.2 0.375893248175
214.27 0.651610143953
214.34 0.41245255894
214.41 0.276241620333
214.48 0.494808932473
214.55 0.591601552185
214.62 0.560499845535
214.69 0.422819855955
214.76 0.502524332036
214.83 0.480512724412
214.9 0.685310768325
214.97 0.515627064861
215.04 0.558965642248
215.11 0.490285006945
215.18 0.491176197213
215.25 0.380195789616
215.32 0.396601461069
215.39 0.409774389717
215.46 0.702396054476
215.53 0.570164706165
215.6 0.49767281625
215.67 0.348806863668
215.74 0.397578566477
215.81 0.466467057667
215.88 0.471591173443
215.95 0.592777802427
216.02 0.458862115522
216.09 0.719853163955
216.16 0.365203737593
216.23 0.428136061248
216.3 0.393211804867
216.37 0.603765746038
216.44 0.491779873153
216.51 0.40829415299
216.58 0.34921639123
216.65 0.667703248853
216.72 0.463231682472
216.79 0.351648467498
216.86 0.382039296308
216.93 0.399907573825
217.0 0.478709397927
217.07 0.398667713824
217.14 0.380942724855
217.21 0.425238976281
217.28 0.648689413247
217.35 0.424275086238
217.42 0.492055128424
217.49 0.452807979802
217.56 0.423011169744
217.63 0.302353800148
217.7 0.34811474702
217.77 0.385948021874
217.84 0.699103834894
217.91 0.452837896227
217.98 0.347777051942
218.05 0.295361439563
218.12 0.344010834108
218.19 0.476065651985
218.26 0.474823052772
218.33 0.513006823501
218.4 0.462527707346
218.47 0.648121148689
218.54 0.326156939365
218.61 0.615663686889
218.68 0.348234009595
218.75 0.482653049092
218.82 0.395729983213
218.89 0.348854253066
218.96 0.279463790336
219.03 0.655108158018
219.1 0.344436059368
219.17 0.344603539208
219.24 0.353730428125
219.31 0.584644826799
219.38 0.417898618685
219.45 0.373593590079
219.52 0.3676372763
219.59 0.521085973726
219.66 0.508372832234
219.73 0.358932271923
219.8 0.452341035595
219.87 0.425354613277
219.94 0.37434842122
220.01 0.309536427924
220.08 0.362828683749
220.15 0.291274373954
220.22 0.640079823507
220.29 0.333151519043
220.36 0.293093134898
220.43 0.21985039295
220.5 0.324907090266
220.57 0.351154428738
220.64 0.379689507059
220.71 0.323855968889
220.78 0.497593894114
220.85 0.403899048032
220.92 0.246489353638
220.99 0.269073927244
221.06 0.242280035719
221.13 0.403080225627
221.2 0.345031649924
221.27 0.469516875998
221.34 0.338564951127
221.41 0.620906247545
221.48 0.323417757166
221.55 0.309077227016
221.62 0.294991818796
221.69 0.308878922767
221.76 0.265298551995
221.83 0.282102711499
221.9 0.267158356621
221.97 0.515290833494
222.04 0.452119346303
222.11 0.293845085669
222.18 0.319725589637
222.25 0.277437487611
222.32 0.226075653164
222.39 0.202788616468
222.46 0.301869900545
222.53 0.2904417156
222.6 0.444635861664
222.67 0.239128936459
222.74 0.222195526555
222.81 0.20882792178
222.88 0.282647358294
222.95 0.304103906554
223.02 0.272389811639
223.09 0.312942731773
223.16 0.371980945355
223.23 0.387632501626
223.3 0.182435171044
223.37 0.355048096264
223.44 0.249320664436
223.51 0.35252310931
223.58 0.258549232319
223.65 0.182434154966
223.72 0.207472599003
223.79 0.404981536829
223.86 0.157795183266
223.93 0.183157232094
224.0 0.175156134171
224.07 0.366482092817
224.14 0.227791636405
224.21 0.223027842826
224.28 0.246146308575
224.35 0.315604784914
224.42 0.328996770463
224.49 0.246430871319
224.56 0.273654990919
224.63 0.205715891273
224.7 0.217076182147
224.77 0.189258319751
224.84 0.226949351385
224.91 0.173987384336
224.98 0.392032823042
225.05 0.200659893385
225.12 0.181259841502
225.19 0.155222600901
225.26 0.186195134723
225.33 0.183906058331
225.4 0.191241363516
225.47 0.190156080824
225.54 0.251382915195
225.61 0.202787903052
225.68 0.119114376412
225.75 0.133414791212
225.82 0.119378693908
225.89 0.190127654816
225.96 0.139996829431
226.03 0.145997432236
226.1 0.111920161029
226.17 0.260402701403
226.24 0.124753830425
226.31 0.124828470792
226.38 0.119737117476
226.45 0.149322050575
226.52 0.13059309182
226.59 0.136938209758
226.66 0.115092283809
226.73 0.168711337631
226.8 0.149609065131
226.87 0.131506287352
226.94 0.134264933984
227.01 0.119268825281
227.08 0.0998921126608
227.15 0.0807844774589
227.22 0.086949809446
227.29 0.0849513324941
227.36 0.212308395472
227.43 0.096886316301
227.5 0.0924694782205
227.57 0.0697920753152
227.64 0.0793152115718
227.71 0.0905822916409
227.78 0.0959512846405
227.85 0.0930239297191
227.92 0.107983729229
227.99 0.104103123195
228.06 0.0482292318684
228.13 0.11304392114
228.2 0.0625714838825
228.27 0.0791055778675
228.34 0.0680295432612
228.41 0.064378825082
228.48 0.0547106478934
228.55 0.0963620533683
228.62 0.0443217754453
228.69 0.0449504336661
228.76 0.0456545563071
228.83 0.083515361903
228.9 0.0545929291458
228.97 0.0463181375826
229.04 0.0464329670584
229.11 0.0629645049535
229.18 0.0498623456591
229.25 0.042533871974
229.32 0.0479485719298
229.39 0.0396237929136
229.46 0.0321700542933
229.53 0.025616398845
229.6 0.0287279461107
229.67 0.0223686081746
229.74 0.0497028494667
229.81 0.0113768609495
229.88 0.0
229.95 0.0
230.02 0.0
230.09 0.0
230.16 0.0
230.23 0.0
230.3 0.0
230.37 0.0
230.44 0.0
230.51 0.0
230.58 0.0
230.65 0.0
230.72 0.0
230.79 0.0
230.86 0.0
230.93 0.0
231.0 0.0
231.07 0.0
231.14 0.0
231.21 0.0
231.28 0.0
231.35 0.0
231.42 0.0
231.49 0.0
231.56 0.0
231.63 0.0
231.7 0.0
231.77 0.0
231.84 0.0
231.91 0.0
231.98 0.0
232.05 0.0
232.12 0.0
232.19 0.0
232.26 0.0
232.33 0.0
232.4 0.0
232.47 0.0
232.54 0.0
232.61 0.0
232.68 0.0
232.75 0.0
232.82 0.0
232.89 0.0
232.96 0.0
233.03 0.0
233.1 0.0
233.17 0.0
233.24 0.0
233.31 0.0
233.38 0.0
233.45 0.0
233.52 0.0
233.59 0.0
233.66 0.0
233.73 0.0
233.8 0.0
233.87 0.0
233.94 0.0
234.01 0.0
234.08 0.0
234.15 0.0
234.22 0.0
234.29 0.0
234.36 0.0
234.43 0.0
234.5 0.0
234.57 0.0
234.64 0.0
234.71 0.0
234.78 0.0
234.85 0.0
234.92 0.0
234.99 0.0
235.06 0.0
235.13 0.0
235.2 0.0
235.27 0.0
235.34 0.0
235.41 0.0
235.48 0.0
235.55 0.0
235.62 0.0
235.69 0.0
235.76 0.0
235.83 0.0
235.9 0.0
235.97 0.0
236.04 0.0
236.11 0.0
236.18 0.0
236.25 0.0
236.32 0.0
236.39 0.0
236.46 0.0
236.53 0.0
236.6 0.0
236.67 0.0
236.74 0.0
236.81 0.0
236.88 0.0
236.95 0.0
237.02 0.0
237.09 0.0
237.16 0.0
237.23 0.0
237.3 0.0
237.37 0.0
237.44 0.0
237.51 0.0
237.58 0.0
237.65 0.0
237.72 0.0
237.79 0.0
237.86 0.0
237.93 0.0
238.0 0.0
238.07 0.0
238.14 0.0
238.21 0.0
238.28 0.0
238.35 0.0
238.42 0.0
238.49 0.0
238.56 0.0
238.63 0.0
238.7 0.0
238.77 0.0
