0.0 0.0
0.07 0.0
0.14 0.0
0.21 0.0
0.28 0.0
0.35 0.0
0.42 0.0
0.49 0.0
0.56 0.0
0.63 0.0
0.7 0.0
0.77 0.0
0.84 0.0
0.91 0.0
0.98 0.0
1.05 0.0
1.12 0.0
1.19 0.0
1.26 0.0
1.33 0.0
1.4 0.0
1.47 0.0
1.54 0.0
1.61 0.0
1.68 0.0
1.75 0.0
1.82 0.0
1.89 0.0
1.96 0.0
2.03 0.0
2.1 0.0
2.17 0.0
2.24 0.0
2.31 0.0
2.38 0.0
2.45 0.0
2.52 0.0
2.59 0.0
2.66 0.0
2.73 0.0
2.8 0.0
2.87 0.0
2.94 0.0
3.01 0.0
3.08 0.0
3.15 0.0
3.22 0.0
3.29 0.0
3.36 0.0
3.43 0.0
3.5 0.0
3.57 0.0
3.64 0.0
3.71 0.0
3.78 0.0
3.85 0.0
3.92 0.0
3.99 0.00437899143728
4.06 0.717825649514
4.13 0.841520033061
4.2 0.728419334053
4.27 0.636274230192
4.34 0.517207440188
4.41 0.473718209104
4.48 0.435718580058
4.55 0.456816801295
4.62 0.417040053996
4.69 0.356010183544
4.76 0.76351843095
4.83 0.665627108017
4.9 0.552214446216
4.97 0.533268604936
5.04 0.474876240825
5.11 0.440977987394
5.18 0.458835851527
5.25 0.42794399855
5.32 0.365056551705
5.39 0.384747760542
5.46 0.41726075909
5.53 0.302640111668
5.6 0.238128550878
5.67 0.189224362695
5.74 0.188213498326
5.81 0.26081626823
5.88 0.686773013313
5.95 0.467163268124
6.02 0.413419776711
6.09 0.390673761066
6.16 0.349145812552
6.23 0.313088132048
6.3 0.249579753336
6.37 0.152346077284
6.44 0.24134496141
6.51 0.611720714018
6.58 0.449894306248
6.65 0.343727896583
6.72 0.312244643417
6.79 0.29650796914
6.86 0.255528005575
6.93 0.289337133342
7.0 0.318034566014
7.07 0.292475838688
7.14 0.370321186167
7.21 0.392301440543
7.28 0.327316154839
7.35 0.317484409432
7.42 0.305736550157
7.49 0.292039022034
7.56 0.598803820713
7.63 0.704777225883
7.7 0.641832389947
7.77 0.506746926977
7.84 0.45292116694
7.91 0.414708709921
7.98 0.448558425528
8.05 0.468860439864
8.12 0.416373343594
8.19 0.372230271926
8.26 0.76817142199
8.33 0.62834107986
8.4 0.501343054554
8.47 0.478212854661
8.54 0.447300891505
8.61 0.362964792152
8.68 0.375532865091
8.75 0.36440236423
8.82 0.320740229325
8.89 0.336711679169
8.96 0.512688911418
9.03 0.354389517918
9.1 0.158216540386
9.17 0.0966587191333
9.24 0.0820569219942
9.31 0.335507667747
9.38 0.521635596704
9.45 0.438263984442
9.52 0.427232440993
9.59 0.400734956707
9.66 0.390635794708
9.73 0.345894785775
9.8 0.324532056129
9.87 0.123598188591
9.94 0.207543523854
10.01 0.638186385699
10.08 0.366204976603
10.15 0.315441346101
10.22 0.25927378932
10.29 0.254802257163
10.36 0.24759695243
10.43 0.803390087016
10.5 0.711989585652
10.57 0.321911951365
10.64 0.750214139507
10.71 0.990753398071
10.78 0.719825633408
10.85 0.483328969053
10.92 0.643262297157
10.99 0.469459454233
11.06 0.433375243689
11.13 0.814734462861
11.2 0.812346711762
11.27 0.633490221768
11.34 0.374411546801
11.41 0.472614396933
11.48 0.545499726254
11.55 0.624045621062
11.62 0.52260773599
11.69 0.501115294424
11.76 0.550442719821
11.83 0.700027822882
11.9 0.743025328732
11.97 0.755214463557
12.04 0.679037213911
12.11 0.767624354164
12.18 0.740248388016
12.25 0.79334963356
12.32 0.683116165155
12.39 0.188218042757
12.46 0.609156745418
12.53 0.533235889464
12.6 0.39598420891
12.67 0.524988433638
12.74 0.876955761617
12.81 0.577943127996
12.88 0.538118403601
12.95 0.704229115799
13.02 0.662836743091
13.09 0.46327636782
13.16 0.563968574874
13.23 0.702004273622
13.3 0.737904300842
13.37 0.553625814553
13.44 0.300251205849
13.51 0.389135479696
13.58 0.798561428116
13.65 0.658364095814
13.72 0.70267955651
13.79 0.612192142165
13.86 0.555201168917
13.93 0.435757720143
14.0 0.551194934914
14.07 0.468114177359
14.14 0.39884462049
14.21 0.387725408636
14.28 0.627313068934
14.35 0.58240176024
14.42 0.314863241819
14.49 0.415113105722
14.56 0.591016153967
14.63 0.63054306049
14.7 0.588263443355
14.77 0.878202380451
14.84 0.717984509789
14.91 0.424027145231
14.98 0.475153105843
15.05 0.556253191358
15.12 0.628438866713
15.19 0.902667300008
15.26 0.672854041963
15.33 0.39275664876
15.4 0.542136420813
15.47 0.52546751398
15.54 0.367316176445
15.61 0.632716580211
15.68 0.739656796166
15.75 0.684120931211
15.82 0.758801360099
15.89 0.765659103729
15.96 0.649617988019
16.03 0.57275069123
16.1 0.769135709499
16.17 0.407920610615
16.24 0.323383795964
16.31 0.476665383054
16.38 0.374812160064
16.45 0.422619057311
16.52 0.730130199279
16.59 0.85089163141
16.66 0.665048816825
16.73 0.588745403368
16.8 0.490990877487
16.87 0.72309521965
16.94 0.583060146839
17.01 0.400326212888
17.08 0.201998256091
17.15 0.315475084822
17.22 0.429881903197
17.29 0.256235723571
17.36 0.233147337517
17.43 0.411100423346
17.5 0.433315592679
17.57 0.479990642938
17.64 0.470747128181
17.71 0.4277345492
17.78 0.319545612474
17.85 0.843173773721
17.92 0.883891188258
17.99 0.7187986489
18.06 0.403430857964
18.13 0.647206390138
18.2 0.565392410699
18.27 0.715540529072
18.34 0.852033010776
18.41 0.836915636868
18.48 0.682789289215
18.55 0.629127748048
18.62 0.616368287855
18.69 0.388608308212
18.76 0.551025842144
18.83 0.598196577581
18.9 0.360182350282
18.97 0.760380406715
19.04 0.903533632763
19.11 0.810405594809
19.18 0.633668105613
19.25 0.741486304477
19.32 0.777323964165
19.39 0.489220280468
19.46 0.513139906254
19.53 0.821453442139
19.6 0.906660347399
19.67 0.651949671065
19.74 0.454115345029
19.81 0.251951829393
19.88 0.710469282427
19.95 0.715179535839
20.02 0.655200347783
20.09 0.862365305757
20.16 0.75740933688
20.23 0.582169195906
20.3 0.524035259315
20.37 0.501551865561
20.44 0.400430308723
20.51 0.382566753359
20.58 0.456422040829
20.65 0.40206994248
20.72 0.251870941996
20.79 0.892409084489
20.86 0.694300644804
20.93 0.525150080129
21.0 0.535415070321
21.07 0.330241756599
21.14 0.276009714243
21.21 0.475325707124
21.28 0.525704849254
21.35 0.353153795266
21.42 0.404806461673
21.49 0.7592816902
21.56 0.686956708772
21.63 0.317696404234
21.7 0.728810383259
21.77 0.242200383727
21.84 0.369795880608
21.91 0.815562601165
21.98 0.811130297796
22.05 0.640564065869
22.12 0.54525940043
22.19 0.66824344133
22.26 0.446046740858
22.33 0.601556133747
22.4 0.796698680035
22.47 0.801078537908
22.54 0.676715850479
22.61 0.754619649896
22.68 0.611089801509
22.75 0.523698130287
22.82 0.697706128398
22.89 0.721990859423
22.96 0.330296292946
23.03 0.546085574602
23.1 0.750341961743
23.17 0.70589596229
23.24 0.49443723087
23.31 0.526185432791
23.38 0.413817709884
23.45 0.602774201385
23.52 0.787976705722
23.59 0.675161404618
23.66 0.76979851698
23.73 0.698531345848
23.8 0.575512951643
23.87 0.509972689313
23.94 0.482427307263
24.01 0.418895240167
24.08 0.289920803721
24.15 0.399206543518
24.22 0.427439332219
24.29 0.197385148022
24.36 0.736681585813
24.43 0.66561994527
24.5 0.464844467567
24.57 0.53103731597
24.64 0.310718368597
24.71 0.320158057389
24.78 0.384019761298
24.85 0.525903291544
24.92 0.37497419463
24.99 0.552513548694
25.06 0.92050396577
25.13 0.788957566389
25.2 0.560959758854
25.27 0.556038134728
25.34 0.575749100518
25.41 0.410338862786
25.48 0.740399141494
25.55 0.68944415225
25.62 0.648343294767
25.69 0.628553138021
25.76 0.628028901647
25.83 0.587572794301
25.9 0.7642486145
25.97 0.81745212005
26.04 0.663277977458
26.11 0.287815239804
26.18 0.733029662241
26.25 0.726681796229
26.32 0.575440432399
26.39 0.867424873735
26.46 0.733494049608
26.53 0.738066129491
26.6 0.447787134594
26.67 0.779954882744
26.74 0.806705443873
26.81 0.32147293615
26.88 0.762134308611
26.95 0.780433377015
27.02 0.606192458175
27.09 0.41014420937
27.16 0.593262118485
27.23 0.347283927739
27.3 0.757096490228
27.37 0.738556780789
27.44 0.628409401563
27.51 0.636522211379
27.58 0.599262515265
27.65 0.575914577067
27.72 0.607089301505
27.79 0.675180453532
27.86 0.618272845022
27.93 0.622936424952
28.0 0.791388414349
28.07 0.664063863161
28.14 0.461290142355
28.21 0.40495562167
28.28 0.318228175588
28.35 0.314880600629
28.42 0.438023466957
28.49 0.473499949671
28.56 0.254016767454
28.63 0.444155262593
28.7 0.917051073727
28.77 0.807578747713
28.84 0.406507229042
28.91 0.744530856614
28.98 0.726514132206
29.05 0.616460790559
29.12 0.891688252743
29.19 0.812103235407
29.26 0.641948086834
29.33 0.32566740054
29.4 0.595381626156
29.47 0.624174184599
29.54 0.513588845088
29.61 0.73191713661
29.68 0.577424988352
29.75 0.502006478202
29.82 0.703847662329
29.89 0.699038552879
29.96 0.370486078228
30.03 0.849210682768
30.1 0.758106481826
30.17 0.725334881521
30.24 0.737130127068
30.31 0.717970311015
30.38 0.692679667135
30.45 0.73273455297
30.52 0.534254738664
30.59 0.463950019211
30.66 0.490525085132
30.73 0.6360155429
30.8 0.684922358902
30.87 0.219235772845
30.94 0.733471140541
31.01 0.750364077237
31.08 0.563267233972
31.15 0.618493737026
31.22 0.513790201896
31.29 0.552517245698
31.36 0.606155107984
31.43 0.536362827441
31.5 0.231776194289
31.57 0.357616938678
31.64 0.774844703516
31.71 0.537199029774
31.78 0.444155739371
31.85 0.450913147527
31.92 0.403525640012
31.99 0.489658953543
32.06 0.526113252519
32.13 0.361297063386
32.2 0.288866280179
32.27 0.646085155798
32.34 0.920533392904
32.41 0.77302537226
32.48 0.42550712514
32.55 0.491423951201
32.62 0.576727759455
32.69 0.400672370587
32.76 0.830153559146
32.83 0.640251613628
32.9 0.475809746899
32.97 0.470933828445
33.04 0.582562884019
33.11 0.691617725826
33.18 0.726130527694
33.25 0.804982223622
33.32 0.769973709648
33.39 0.454770706231
33.46 0.813561156844
33.53 0.819074029097
33.6 0.718647839983
33.67 0.828672882287
33.74 0.897561886969
33.81 0.834408621765
33.88 0.343162407099
33.95 0.586296933658
34.02 0.640959707027
34.09 0.507619076097
34.16 0.533115301254
34.23 0.360161433859
34.3 0.483298483821
34.37 0.807829062099
34.44 0.717136601862
34.51 0.891524244541
34.58 0.695775630431
34.65 0.684425482572
34.72 0.638996914925
34.79 0.57673925438
34.86 0.561981723738
34.93 0.332889074097
35.0 0.326008836402
35.07 0.368989430124
35.14 0.192777604466
35.21 0.31153194698
35.28 0.685022040192
35.35 0.481240257073
35.42 0.365046732628
35.49 0.455779150282
35.56 0.372091959007
35.63 0.415525708111
35.7 0.497663796282
35.77 0.443316028527
35.84 0.344952236773
35.91 0.785803319055
35.98 0.906703266854
36.05 0.742146911813
36.12 0.290123714411
36.19 0.657614511708
36.26 0.451646784148
36.33 0.404230177381
36.4 0.906089703651
36.47 0.777419883509
36.54 0.502486352117
36.61 0.735195089421
36.68 0.926405718765
36.75 0.667804342165
36.82 0.659716440396
36.89 0.679598927194
36.96 0.44515528622
37.03 0.460921614141
37.1 0.815615168628
37.17 0.608770728508
37.24 0.413287663481
37.31 0.776914054538
37.38 0.727528086915
37.45 0.616634552895
37.52 0.67449574281
37.59 0.887287180659
37.66 0.855687315066
37.73 0.817830118865
37.8 0.665978526105
37.87 0.532049472865
37.94 0.817751626442
38.01 0.822537959879
38.08 0.795551493808
38.15 0.819609449936
38.22 0.83281862828
38.29 0.704826422641
38.36 0.643565818933
38.43 0.462260350772
38.5 0.335690246502
38.57 0.309364202441
38.64 0.334010650576
38.71 0.362054774881
38.78 0.19922392577
38.85 0.455004867214
38.92 0.748934309417
38.99 0.616790390941
39.06 0.541985619816
39.13 0.454178750066
39.2 0.352221418568
39.27 0.318065244491
39.34 0.520792462885
39.41 0.566734000073
39.48 0.431528170651
39.55 0.788480405827
39.62 0.899720949727
39.69 0.699442237474
39.76 0.407349212894
39.83 0.665840482463
39.9 0.531926093686
39.97 0.44982616987
40.04 0.790128990641
40.11 0.776166187464
40.18 0.647202995674
40.25 0.49042962039
40.32 0.583966796574
40.39 0.501023949607
40.46 0.527166424927
40.53 0.908936230084
40.6 0.838597070208
40.67 0.423209106368
40.74 0.672386556337
40.81 0.717628921088
40.88 0.597684293902
40.95 0.814685730208
41.02 0.645030852429
41.09 0.712361501994
41.16 0.578846728574
41.23 0.742936714693
41.3 0.429840407737
41.37 0.674508522341
41.44 0.812513802384
41.51 0.742795810387
41.58 0.399090585274
41.65 0.647921826856
41.72 0.578343193203
41.79 0.354986736057
41.86 0.870193447882
41.93 0.711555883098
42.0 0.735936824919
42.07 0.750442555404
42.14 0.591903095853
42.21 0.532693345478
42.28 0.717206174907
42.35 0.746052567995
42.42 0.544898787352
42.49 0.533172650745
42.56 0.73970273785
42.63 0.615507844329
42.7 0.560716843227
42.77 0.507023562318
42.84 0.47186483025
42.91 0.409702906892
42.98 0.524252804374
43.05 0.501418892231
43.12 0.341033153214
43.19 0.554663795034
43.26 0.927390821323
43.33 0.815309177431
43.4 0.356967677373
43.47 0.757278837722
43.54 0.811155755483
43.61 0.652542984699
43.68 0.891439522334
43.75 0.670016821398
43.82 0.704808769211
43.89 0.418918554733
43.96 0.44653668095
44.03 0.541487956249
44.1 0.651300264034
44.17 0.914252321641
44.24 0.396232600347
44.31 0.610484793369
44.38 0.792750305564
44.45 0.663004543335
44.52 0.390122631921
44.59 0.850223745697
44.66 0.773785651382
44.73 0.714922860199
44.8 0.695465231025
44.87 0.833618841061
44.94 0.663226477596
45.01 0.687563818851
45.08 0.61855957822
45.15 0.460648275057
45.22 0.436071609052
45.29 0.6887630625
45.36 0.495752952308
45.43 0.181453547885
45.5 0.810156203882
45.57 0.68737476638
45.64 0.600474823561
45.71 0.535495754969
45.78 0.490932728087
45.85 0.541008323099
45.92 0.583037546648
45.99 0.425816415762
46.06 0.406138802203
46.13 0.524785388309
46.2 0.740284573983
46.27 0.554758596089
46.34 0.429816728857
46.41 0.411116649612
46.48 0.386374920476
46.55 0.525973917934
46.62 0.494921059977
46.69 0.494668881249
46.76 0.395776628653
46.83 0.542772666574
46.9 0.871067955545
46.97 0.580328943475
47.04 0.352568689804
47.11 0.623263768166
47.18 0.566699336309
47.25 0.202944242324
47.32 0.779499715711
47.39 0.888115518544
47.46 0.854880771128
47.53 0.772019115682
47.6 0.720867653031
47.67 0.756455345224
47.74 0.705236669655
47.81 0.574488290829
47.88 0.497707151331
47.95 0.440372784425
48.02 0.67713841767
48.09 0.70423923108
48.16 0.605217060647
48.23 0.726669672465
48.3 0.840914237684
48.37 0.856590076136
48.44 0.864634158751
48.51 0.73971798205
48.58 0.681376458866
48.65 0.635871896729
48.72 0.606063383013
48.79 0.488170727448
48.86 0.460668801822
48.93 0.320056495917
49.0 0.279209824062
49.07 0.182213139561
49.14 0.480320612386
49.21 0.664261972816
49.28 0.607329831662
49.35 0.591693543545
49.42 0.596796693081
49.49 0.566955039387
49.56 0.552436614905
49.63 0.382212951385
49.7 0.266631984317
49.77 0.317371913763
49.84 0.648202729433
49.91 0.540245897687
49.98 0.439607189474
50.05 0.42442398546
50.12 0.406333542737
50.19 0.393735242754
50.26 0.353021710547
50.33 0.489097330547
50.4 0.395096269118
50.47 0.403883927811
50.54 0.528370022931
50.61 0.378743311948
50.68 0.378504048973
50.75 0.967156257439
50.82 0.62025420926
50.89 0.45604769625
50.96 0.855152161919
51.03 0.750415947749
51.1 0.82398233514
51.17 0.808187459192
51.24 0.77484441048
51.31 0.262775056036
51.38 0.374867570766
51.45 0.625521802592
51.52 0.655796389027
51.59 0.632540153625
51.66 0.745652165401
51.73 0.405737677315
51.8 0.256757086609
51.87 0.631326731792
51.94 0.638037867213
52.01 0.663050537291
52.08 0.672735771112
52.15 0.591287375273
52.22 0.64175771491
52.29 0.423387232562
52.36 0.803669803194
52.43 0.563535279403
52.5 0.501887005112
52.57 0.441640249987
52.64 0.529005231187
52.71 0.372687430019
52.78 0.971447871923
52.85 0.800246824567
52.92 0.718617627195
52.99 0.838262350411
53.06 0.809076770709
53.13 0.713958952844
53.2 0.664247184801
53.27 0.618169048558
53.34 0.660742883184
53.41 0.785458552088
53.48 0.770453087778
53.55 0.702613746995
53.62 0.662174905005
53.69 0.495385871849
53.76 0.385985965287
53.83 0.382491387708
53.9 0.654518740073
53.97 0.607938571653
54.04 0.315799011397
54.11 0.769756726901
54.18 0.898189484213
54.25 0.748058361918
54.32 0.588941447516
54.39 0.514341798314
54.46 0.388408289864
54.53 0.682897327571
54.6 0.875415839247
54.67 0.775387748039
54.74 0.749483409486
54.81 0.685016293522
54.88 0.541075802126
54.95 0.549141691359
55.02 0.678670369465
55.09 0.573909912519
55.16 0.533149629215
55.23 0.658590666377
55.3 0.855425632473
55.37 0.811822168096
55.44 0.788274813463
55.51 0.66713495009
55.58 0.695412926502
55.65 0.812354043994
55.72 0.751771797674
55.79 0.773177427768
55.86 0.441362209658
55.93 0.566510233151
56.0 0.527528194309
56.07 0.234843299098
56.14 0.423575187337
56.21 0.568051411615
56.28 0.532263284489
56.35 0.603593076589
56.42 0.772791830612
56.49 0.935977183399
56.56 0.835012454594
56.63 0.702583603903
56.7 0.546467808973
56.77 0.642842155035
56.84 0.699309490653
56.91 0.608900594075
56.98 0.598073367888
57.05 0.734624394986
57.12 0.825220006085
57.19 0.792330363023
57.26 0.639824117098
57.33 0.540092351656
57.4 0.617460348496
57.47 0.548466148699
57.54 0.432859095105
57.61 0.356236567197
57.68 0.349886830507
57.75 0.578494070231
57.82 0.498462707032
57.89 0.394784086153
57.96 0.605272330375
58.03 0.750434047861
58.1 0.904228786649
58.17 0.901949243391
58.24 0.878938868231
58.31 0.847863028343
58.38 0.572864371714
58.45 0.757440617268
58.52 0.691924859071
58.59 0.75061604688
58.66 0.92966266645
58.73 0.725792584503
58.8 0.690211415129
58.87 0.742162301739
58.94 0.83273152694
59.01 0.656043061849
59.08 0.703241832104
59.15 0.820412651682
59.22 0.646412088762
59.29 0.661271964945
59.36 0.572523875151
59.43 0.572295707939
59.5 0.701781173554
59.57 0.53642041928
59.64 0.45813107973
59.71 0.358777444573
59.78 0.484042397288
59.85 0.493871530716
59.92 0.604370500684
59.99 0.852260859609
60.06 0.850436063631
60.13 0.777242828084
60.2 0.728400267715
60.27 0.722167941776
60.34 0.757507736732
60.41 0.700130562833
60.48 0.687652581784
60.55 0.645604800354
60.62 0.65171748055
60.69 0.699206383219
60.76 0.594717066796
60.83 0.467541868851
60.9 0.463403645167
60.97 0.388061622124
61.04 0.330302305725
61.11 0.348265827495
61.18 0.338000560107
61.25 0.290963909952
61.32 0.430532175079
61.39 0.746593833711
61.46 0.488992176615
61.53 0.54803562994
61.6 0.824404199046
61.67 0.605041869563
61.74 0.522537166623
61.81 0.892801998037
61.88 0.904116533329
61.95 0.719241522684
62.02 0.542427739626
62.09 0.529040783563
62.16 0.449217357016
62.23 0.528674187802
62.3 0.805669262791
62.37 0.859572637728
62.44 0.497810600904
62.51 0.681026035516
62.58 0.414235401593
62.65 0.46333232341
62.72 0.856351399233
62.79 0.734677261821
62.86 0.31332690399
62.93 0.464332372381
63.0 0.85497186726
63.07 0.815643395107
63.14 0.691885025204
63.21 0.404194189412
63.28 0.2450539351
63.35 0.422957386994
63.42 0.727612999199
63.49 0.529832167252
63.56 0.567329064003
63.63 0.72405680331
63.7 0.702407693693
63.77 0.525170993385
63.84 0.432169063802
63.91 0.439116894571
63.98 0.424011489197
64.05 0.414612768401
64.12 0.41878293616
64.19 0.137940346468
64.26 0.503590080337
64.33 0.619455819638
64.4 0.429419354828
64.47 0.476953548167
64.54 0.456624466823
64.61 0.359480605465
64.68 0.37647506245
64.75 0.538819809446
64.82 0.473112646571
64.89 0.382718683733
64.96 0.841850666197
65.03 0.774724170745
65.1 0.373315361482
65.17 0.169230992718
65.24 0.564468272268
65.31 0.329386807891
65.38 0.64815582469
65.45 0.874504673592
65.52 0.707858974564
65.59 0.542562670752
65.66 0.504317739026
65.73 0.647516049827
65.8 0.628813295243
65.87 0.625374614648
65.94 0.722676389062
66.01 0.475169536442
66.08 0.600539435589
66.15 0.784157328797
66.22 0.637347389229
66.29 0.54759505134
66.36 0.581232111627
66.43 0.674492118669
66.5 0.661267965402
66.57 0.631517293794
66.64 0.564144767031
66.71 0.541460862313
66.78 0.561855117997
66.85 0.467527845897
66.92 0.288205378223
66.99 0.545624228472
67.06 0.618211711409
67.13 0.743116201524
67.2 0.745329525016
67.27 0.722087016364
67.34 0.729662287562
67.41 0.667375511926
67.48 0.424387666439
67.55 0.420791234352
67.62 0.476346027838
67.69 0.42124025872
67.76 0.416684894552
67.83 0.153724254956
67.9 0.525261284856
67.97 0.618910953541
68.04 0.495472138434
68.11 0.498609587686
68.18 0.415400923944
68.25 0.298429151735
68.32 0.342880577895
68.39 0.51100495005
68.46 0.373605245211
68.53 0.355318942082
68.6 0.911764494841
68.67 0.853786961775
68.74 0.611080440202
68.81 0.561213174669
68.88 0.641869222177
68.95 0.456985108413
69.02 0.520625049131
69.09 0.754766676275
69.16 0.981903585682
69.23 0.633046635194
69.3 0.380936693163
69.37 0.534508788069
69.44 0.353812668147
69.51 0.811665821594
69.58 0.863059224141
69.65 0.461868438298
69.72 0.474682550468
69.79 0.590913958904
69.86 0.698803675938
69.93 0.60483605861
70.0 0.790395651675
70.07 0.774349746967
70.14 0.538122756371
70.21 0.500436830909
70.28 0.501422673185
70.35 0.307367329479
70.42 0.815095514701
70.49 0.795057451214
70.56 0.726898146969
70.63 0.302600257209
70.7 0.517606827453
70.77 0.554648709232
70.84 0.521094071216
70.91 0.764759054429
70.98 0.619900290071
71.05 0.64377631054
71.12 0.628822003952
71.19 0.507751198832
71.26 0.625319582516
71.33 0.66855939733
71.4 0.67507749816
71.47 0.538675425142
71.54 0.745462918101
71.61 0.709401660975
71.68 0.444530147309
71.75 0.429164057248
71.82 0.328408326359
71.89 0.327540579113
71.96 0.333388697044
72.03 0.487388629035
72.1 0.374588394725
72.17 0.274660163797
72.24 0.689314536952
72.31 0.897615276515
72.38 0.696706579965
72.45 0.427683241
72.52 0.711819946409
72.59 0.625725546455
72.66 0.855300808707
72.73 0.794755022383
72.8 0.68178504112
72.87 0.298809325352
72.94 0.439343816777
73.01 0.535912323637
73.08 0.474325179792
73.15 0.669901023136
73.22 0.545674693997
73.29 0.359147680315
73.36 0.64147296802
73.43 0.79922269597
73.5 0.314796196802
73.57 0.677355592078
73.64 0.700237514581
73.71 0.664518287309
73.78 0.605565795478
73.85 0.671618967158
73.92 0.615065477418
73.99 0.652156609811
74.06 0.704847079292
74.13 0.433932585194
74.2 0.393956483233
74.27 0.495085359631
74.34 0.489619710499
74.41 0.257994559557
74.48 0.547399834028
74.55 0.71477598905
74.62 0.618387618451
74.69 0.600385314574
74.76 0.553960323682
74.83 0.663255084231
74.9 0.581756210195
74.97 0.633637484159
75.04 0.514043692158
75.11 0.478211574807
75.18 0.663853015159
75.25 0.492871998123
75.32 0.438675310145
75.39 0.442495355509
75.46 0.342076332308
75.53 0.218999978781
75.6 0.330103679693
75.67 0.447139471522
75.74 0.403613417712
75.81 0.508941296595
75.88 0.723922580221
75.95 0.566064242099
76.02 0.406907994367
76.09 0.66356542503
76.16 0.691435460699
76.23 0.267378164455
76.3 0.763088173548
76.37 0.923437031232
76.44 0.812419524041
76.51 0.765879374814
76.58 0.774333843832
76.65 0.715852783316
76.72 0.762855678909
76.79 0.615238732881
76.86 0.513923499942
76.93 0.534321213449
77.0 0.800027198162
77.07 0.856212058313
77.14 0.62678465878
77.21 0.855586998601
77.28 0.803676799622
77.35 0.72707716019
77.42 0.743255274751
77.49 0.789981599947
77.56 0.74061972779
77.63 0.718093085114
77.7 0.751055198316
77.77 0.656130156854
77.84 0.570582688503
77.91 0.506801681913
77.98 0.210952983232
78.05 0.231076152248
78.12 0.877371047264
78.19 0.794805982108
78.26 0.764981063137
78.33 0.701317183766
78.4 0.705823131003
78.47 0.672336155755
78.54 0.641374384426
78.61 0.607501762919
78.68 0.570912656368
78.75 0.755768808176
78.82 0.757308014589
78.89 0.676388068503
78.96 0.614356994361
79.03 0.516691321699
79.1 0.39564513951
79.17 0.403050448335
79.24 0.390909303277
79.31 0.386682405363
79.38 0.376315923395
79.45 0.456968897986
79.52 0.548097398728
79.59 0.463285444011
79.66 0.505348621703
79.73 0.812202200739
79.8 0.680656040539
79.87 0.439579107136
79.94 0.899339819388
80.01 0.741567958519
80.08 0.809355183273
80.15 0.775997443169
80.22 0.833883682105
80.29 0.318812045549
80.36 0.386623582773
80.43 0.573193541254
80.5 0.589088606949
80.57 0.570988669866
80.64 0.713495894435
80.71 0.44866631499
80.78 0.38841353283
80.85 0.642583455072
80.92 0.665583608826
80.99 0.734897086223
81.06 0.610219179344
81.13 0.705598212528
81.2 0.630795003205
81.27 0.467073855759
81.34 0.781170824685
81.41 0.625368256562
81.48 0.51340115167
81.55 0.566137572339
81.62 0.63332169923
81.69 0.518501936327
81.76 0.777232014269
81.83 0.783893370028
81.9 0.7402830597
81.97 0.752190633015
82.04 0.764018872814
82.11 0.728087612725
82.18 0.677868894255
82.25 0.660134537603
82.32 0.550474293245
82.39 0.647454203424
82.46 0.78838569981
82.53 0.694620487884
82.6 0.616166199249
82.67 0.58479000554
82.74 0.365147460927
82.81 0.374818087308
82.88 0.497604441476
82.95 0.693472927838
83.02 0.445856452885
83.09 0.466690792968
83.16 0.874400093059
83.23 0.752726115629
83.3 0.519739151086
83.37 0.547527025841
83.44 0.36710231255
83.51 0.292829517112
83.58 0.870030451841
83.65 0.870973333478
83.72 0.751761557259
83.79 0.701328334968
83.86 0.52282582277
83.93 0.591623553913
84.0 0.631849445964
84.07 0.652118486639
84.14 0.541681770156
84.21 0.537208785492
84.28 0.69266845891
84.35 0.774021405847
84.42 0.718962177157
84.49 0.778015422632
84.56 0.718703984067
84.63 0.866079108996
84.7 0.759256836008
84.77 0.781335198786
84.84 0.634733075487
84.91 0.445995038247
84.98 0.701297806969
85.05 0.646650032284
85.12 0.236225476313
85.19 0.511506456346
85.26 0.63754418735
85.33 0.629191211692
85.4 0.681591003872
85.47 0.875607730206
85.54 0.943847095011
85.61 0.823588940063
85.68 0.772097541578
85.75 0.608188550236
85.82 0.533334389107
85.89 0.579898795367
85.96 0.579274245695
86.03 0.608161842791
86.1 0.779617829748
86.17 0.78504141002
86.24 0.685318725521
86.31 0.602681573547
86.38 0.623933420013
86.45 0.611908629193
86.52 0.546683682936
86.59 0.417778236631
86.66 0.233993929159
86.73 0.249596527658
86.8 0.60168917202
86.87 0.523844290231
86.94 0.33281245552
87.01 0.324432404934
87.08 0.59909697694
87.15 0.581913686073
87.22 0.628496060974
87.29 0.780851955751
87.36 0.770531947683
87.43 0.618621659052
87.5 0.603516565722
87.57 0.610843626056
87.64 0.658538170193
87.71 0.739189955218
87.78 0.741632453333
87.85 0.672751876996
87.92 0.709450875157
87.99 0.773628782167
88.06 0.693653233585
88.13 0.615406729539
88.2 0.763265455482
88.27 0.591478965276
88.34 0.541961914008
88.41 0.567293237599
88.48 0.612570755564
88.55 0.632361423935
88.62 0.714094438363
88.69 0.489199280094
88.76 0.350831297706
88.83 0.319022896718
88.9 0.52907119118
88.97 0.305471870678
89.04 0.638408072859
89.11 0.915103174183
89.18 0.794237316748
89.25 0.717445396699
89.32 0.673381633201
89.39 0.652219205435
89.46 0.657255536462
89.53 0.636416084884
89.6 0.64156886202
89.67 0.574845666257
89.74 0.640401608381
89.81 0.632124799867
89.88 0.598278263302
89.95 0.633665911804
90.02 0.631690026544
90.09 0.484322252855
90.16 0.419205720356
90.23 0.473170729443
90.3 0.360273804393
90.37 0.299409869844
90.44 0.620368488488
90.51 0.633920628064
90.58 0.386262462822
90.65 0.444702463473
90.72 0.638458330883
90.79 0.439619734576
90.86 0.602751005618
90.93 0.954871529569
91.0 0.833151532839
91.07 0.730650282463
91.14 0.450162964678
91.21 0.499275743695
91.28 0.401426768401
91.35 0.684114352952
91.42 0.795541841049
91.49 0.587689707683
91.56 0.520778197583
91.63 0.595067651712
91.7 0.341044877815
91.77 0.550206643809
91.84 0.809512402547
91.91 0.695155766165
91.98 0.38172062107
92.05 0.549185111351
92.12 0.766009013871
92.19 0.63830715765
92.26 0.652510275563
92.33 0.344860050864
92.4 0.237968415501
92.47 0.357671075862
92.54 0.73227935109
92.61 0.606658887288
92.68 0.704101502649
92.75 0.757009697763
92.82 0.69423981373
92.89 0.55562829638
92.96 0.467299281107
93.03 0.436358668549
93.1 0.491691689341
93.17 0.432547298631
93.24 0.399704823252
93.31 0.182139459262
93.38 0.52528328472
93.45 0.74417857209
93.52 0.586082412412
93.59 0.488627746151
93.66 0.427363049445
93.73 0.28489672476
93.8 0.320777299151
93.87 0.577043870685
93.94 0.524778657988
94.01 0.388962335111
94.08 0.860683146956
94.15 0.710465816684
94.22 0.277672062237
94.29 0.243068994241
94.36 0.524669895755
94.43 0.484913784514
94.5 0.477360557531
94.57 0.906748688994
94.64 0.79626286604
94.71 0.599453386142
94.78 0.473361974139
94.85 0.556258516691
94.92 0.523305126453
94.99 0.691333091399
95.06 0.699322243256
95.13 0.377775422474
95.2 0.55969614711
95.27 0.85894153039
95.34 0.631258492456
95.41 0.504576762121
95.48 0.593231020254
95.55 0.65747965186
95.62 0.596745909177
95.69 0.550828678124
95.76 0.666964876838
95.83 0.580615215735
95.9 0.635388162661
95.97 0.517785677524
96.04 0.415769113187
96.11 0.456245989646
96.18 0.757340069542
96.25 0.728789636321
96.32 0.69192250528
96.39 0.799034947113
96.46 0.738114751265
96.53 0.639812702956
96.6 0.442756216017
96.67 0.401170105432
96.74 0.464605000258
96.81 0.445489245708
96.88 0.448630919428
96.95 0.221477354497
97.02 0.471885849632
97.09 0.672383066834
97.16 0.497212654136
97.23 0.425245543921
97.3 0.406554927358
97.37 0.284891665535
97.44 0.28961553957
97.51 0.540632430973
97.58 0.501250011714
97.65 0.345793694744
97.72 0.831619764786
97.79 0.795324235798
97.86 0.596322572172
97.93 0.386309700201
98.0 0.597465280495
98.07 0.418980584877
98.14 0.408669409068
98.21 0.824129117587
98.28 0.857623939859
98.35 0.554859302213
98.42 0.535927336576
98.49 0.497376801728
98.56 0.430693512695
98.63 0.669980638599
98.7 0.838276481074
98.77 0.651253565209
98.84 0.373061418203
98.91 0.668262707249
98.98 0.633723833111
99.05 0.479402263394
99.12 0.758175598685
99.19 0.759392543284
99.26 0.879235290619
99.33 0.545065532667
99.4 0.603007416734
99.47 0.421022453889
99.54 0.652575658988
99.61 0.836494777205
99.68 0.784133417072
99.75 0.501554761072
99.82 0.535750691401
99.89 0.613826178145
99.96 0.277409006335
100.03 0.770116658869
100.1 0.819591289634
100.17 0.666371324023
100.24 0.634861274709
100.31 0.611907700983
100.38 0.627493925905
100.45 0.749256298786
100.52 0.710314256962
100.59 0.48666334948
100.66 0.606177250406
100.73 0.82475900843
100.8 0.604602998491
100.87 0.443828215583
100.94 0.444045158731
101.01 0.362502753824
101.08 0.402841087688
101.15 0.464260027375
101.22 0.454816071348
101.29 0.296047823665
101.36 0.437618377373
101.43 0.751009131497
101.5 0.803528263713
101.57 0.23184801183
101.64 0.527968985162
101.71 0.431127079027
101.78 0.434688981987
101.85 0.733045974042
101.92 0.931444962727
101.99 0.893204344171
102.06 0.582408598271
102.13 0.777770858084
102.2 0.778883703679
102.27 0.609319451591
102.34 0.793462023103
102.41 0.680719773459
102.48 0.547750059382
102.55 0.625741040923
102.62 0.636973022474
102.69 0.522768832842
102.76 0.67222102118
102.83 0.793123335442
102.9 0.673513437556
102.97 0.74432767348
103.04 0.623872503405
103.11 0.587542437372
103.18 0.697190276018
103.25 0.720235500268
103.32 0.534452461828
103.39 0.186992964434
103.46 0.461891184215
103.53 0.485987444089
103.6 0.337693558333
103.67 0.67697959541
103.74 0.704719054308
103.81 0.5982648977
103.88 0.639995435357
103.95 0.592842822207
104.02 0.568268826788
104.09 0.668498178182
104.16 0.576219584614
104.23 0.487426894764
104.3 0.597454008911
104.37 0.749336669807
104.44 0.698740354852
104.51 0.609506223134
104.58 0.585939681781
104.65 0.522877422422
104.72 0.453736101207
104.79 0.444912867962
104.86 0.426837111879
104.93 0.359709254207
105.0 0.292051274101
105.07 0.670327057654
105.14 0.470015656858
105.21 0.219921093399
105.28 0.227617462848
105.35 0.184314768878
105.42 0.12951938491
105.49 0.506537693049
105.56 0.872996354742
105.63 0.729812833539
105.7 0.722918905527
105.77 0.636602039095
105.84 0.671645939127
105.91 0.614523571775
105.98 0.627824974043
106.05 0.498167836942
106.12 0.545049997015
106.19 0.736539043675
106.26 0.747454974187
106.33 0.672116523014
106.4 0.678691845033
106.47 0.505372473237
106.54 0.410303787187
106.61 0.36083530859
106.68 0.450739893648
106.75 0.424778280051
106.82 0.387609052814
106.89 0.743710562167
106.96 0.863430193264
107.03 0.577394903867
107.1 0.396224118148
107.17 0.796248608658
107.24 0.744418587454
107.31 0.65212098774
107.38 0.837813783812
107.45 0.746151479472
107.52 0.535694539398
107.59 0.428428641821
107.66 0.574637729606
107.73 0.44533764005
107.8 0.484993482344
107.87 0.564222092063
107.94 0.480150757723
108.01 0.409850891578
108.08 0.46831533617
108.15 0.346977866847
108.22 0.29628525081
108.29 0.798140717346
108.36 0.746120899202
108.43 0.739330745477
108.5 0.664080822809
108.57 0.648863811962
108.64 0.649672253505
108.71 0.578068826118
108.78 0.578917294773
108.85 0.496631600487
108.92 0.364584768747
108.99 0.499688908396
109.06 0.512731841961
109.13 0.192813177434
109.2 0.5969704966
109.27 0.675765056874
109.34 0.69043308645
109.41 0.636786711868
109.48 0.810625492075
109.55 0.549280180099
109.62 0.464980043372
109.69 0.490085594725
109.76 0.414863653019
109.83 0.485535864765
109.9 0.580465875165
109.97 0.522666027948
110.04 0.531601387795
110.11 0.535330761532
110.18 0.538737076715
110.25 0.493342040289
110.32 0.522056180756
110.39 0.44901734342
110.46 0.367344271454
110.53 0.472363417276
110.6 0.604381726333
110.67 0.472982530736
110.74 0.199771801425
110.81 0.438197579352
110.88 0.455135331524
110.95 0.356031329644
111.02 0.712176472826
111.09 0.816602374708
111.16 0.747256858197
111.23 0.713600769588
111.3 0.664664246087
111.37 0.677998295716
111.44 0.610051067056
111.51 0.674786418528
111.58 0.589557994933
111.65 0.631858203775
111.72 0.761305124881
111.79 0.779517763551
111.86 0.668437906253
111.93 0.665229298394
112.0 0.406685884285
112.07 0.40175273197
112.14 0.441606200806
112.21 0.504895396626
112.28 0.451470506455
112.35 0.44248146561
112.42 0.553739148146
112.49 0.559838918925
112.56 0.425838963682
112.63 0.240044414477
112.7 0.293533162702
112.77 0.187461112163
112.84 0.649170835912
112.91 0.897827556433
112.98 0.780326296965
113.05 0.687778897657
113.12 0.697123619075
113.19 0.696030806044
113.26 0.648925536399
113.33 0.70032996343
113.4 0.598014988812
113.47 0.584134915198
113.54 0.725665704734
113.61 0.769971398624
113.68 0.718416325826
113.75 0.717795791538
113.82 0.688801654529
113.89 0.574906037977
113.96 0.42377280279
114.03 0.549768233674
114.1 0.590119611593
114.17 0.533706088444
114.24 0.626932109665
114.31 0.635698935886
114.38 0.551600575721
114.45 0.378193934683
114.52 0.5069958142
114.59 0.386231305984
114.66 0.432564798414
114.73 1.0
114.8 0.814389596104
114.87 0.774752620566
114.94 0.732569135028
115.01 0.699474303516
115.08 0.686424674477
115.15 0.666714077754
115.22 0.658447208699
115.29 0.705297469049
115.36 0.648183249677
115.43 0.667812262053
115.5 0.638884251355
115.57 0.584606268898
115.64 0.506680805419
115.71 0.42044769972
115.78 0.313321713295
115.85 0.271144386262
115.92 0.255734679796
115.99 0.235348101651
116.06 0.229740230345
116.13 0.211460196599
116.2 0.18176231421
116.27 0.174451440542
116.34 0.147898913037
116.41 0.139153093526
116.48 0.119930612153
116.55 0.105808334118
116.62 0.0940263955664
116.69 0.0877310875125
116.76 0.075552273885
116.83 0.0643080054206
116.9 0.0498092476043
116.97 0.0381949144678
117.04 0.0295413743201
117.11 0.0250485360813
117.18 0.019533734543
117.25 0.01629695406
117.32 0.0119867563511
117.39 0.00911997084518
117.46 0.00688531117502
117.53 0.00484563597176
117.6 0.00349078078504
117.67 0.00238823262834
117.74 0.00182247861933
117.81 0.000839493839091
117.88 0.0
117.95 0.0
118.02 0.0
118.09 0.0
118.16 0.0
118.23 0.0
118.3 0.0
118.37 0.0
118.44 0.0
118.51 0.0
118.58 0.0
118.65 0.0
118.72 0.0
118.79 0.0
118.86 0.0
118.93 0.0
119.0 0.0
119.07 0.0
119.14 0.0
119.21 0.0
119.28 0.0
119.35 0.0
119.42 0.0
119.49 0.0
119.56 0.0
119.63 0.0
119.7 0.0
119.77 0.0
119.84 0.0
119.91 0.0
119.98 0.0
120.05 0.0
120.12 0.0
120.19 0.0
120.26 0.0
120.33 0.0
120.4 0.0
120.47 0.0
120.54 0.0
120.61 0.0
120.68 0.0
120.75 0.0
120.82 0.0
120.89 0.0
120.96 0.0
121.03 0.0
121.1 0.0
121.17 0.0
121.24 0.0
121.31 0.0
121.38 0.0
121.45 0.0
121.52 0.0
121.59 0.0
121.66 0.0
121.73 0.0
121.8 0.0
121.87 0.0
121.94 0.0
122.01 0.0
122.08 0.0
122.15 0.0
122.22 0.0
122.29 0.0
122.36 0.0
122.43 0.0
122.5 0.0
122.57 0.0
122.64 0.0
122.71 0.0
122.78 0.0
122.85 0.0
122.92 0.0
122.99 0.0
123.06 0.0
123.13 0.0
123.2 0.0
123.27 0.0
123.34 0.0
123.41 0.0
123.48 0.0
123.55 0.0
123.62 0.0
123.69 0.0
123.76 0.0
123.83 0.0
123.9 0.0
123.97 0.0
124.04 0.0
124.11 0.0
124.18 0.0
124.25 0.0
124.32 0.0
124.39 0.0
124.46 0.0
124.53 0.0
124.6 0.0
124.67 0.0
124.74 0.0
124.81 0.0
124.88 0.0
124.95 0.0
125.02 0.0
125.09 0.0
125.16 0.0
125.23 0.0
125.3 0.0
125.37 0.0
125.44 0.0
125.51 0.0
125.58 0.0
125.65 0.0
125.72 0.0
125.79 0.0
125.86 0.0
125.93 0.0
126.0 0.0
126.07 0.0
126.14 0.0
126.21 0.0
126.28 0.0
126.35 0.0
126.42 0.0
126.49 0.0
126.56 0.0
126.63 0.0
126.7 0.0
126.77 0.0
