0.0 0.0
0.07 0.0
0.14 0.0
0.21 0.0
0.28 0.0
0.35 0.0
0.42 0.0
0.49 0.0
0.56 0.0
0.63 0.0
0.7 0.0
0.77 0.0
0.84 0.0
0.91 0.0
0.98 0.0
1.05 0.0
1.12 0.0
1.19 0.0
1.26 0.0
1.33 0.0
1.4 0.0
1.47 0.0
1.54 0.0
1.61 0.0
1.68 0.0
1.75 0.0
1.82 0.0
1.89 0.0
1.96 0.0
2.03 0.0
2.1 0.0
2.17 0.0
2.24 0.0
2.31 0.0
2.38 0.0
2.45 0.0
2.52 0.0
2.59 0.0
2.66 0.0
2.73 0.0
2.8 0.0
2.87 0.0
2.94 0.0
3.01 0.0
3.08 0.0
3.15 0.0
3.22 0.0
3.29 0.0
3.36 0.0
3.43 0.0
3.5 0.0
3.57 0.0
3.64 0.0
3.71 0.0
3.78 0.0
3.85 0.0
3.92 0.0
3.99 0.00496127998381
4.06 0.0218246501307
4.13 0.0984314772651
4.2 0.10824607113
4.27 0.106807348654
4.34 0.0406431974046
4.41 0.25382517579
4.48 0.22809827136
4.55 0.143055641856
4.62 0.0945927891545
4.69 0.113822437375
4.76 0.120548787673
4.83 0.119873147191
4.9 0.0501125138582
4.97 0.028573670531
5.04 0.0292501676976
5.11 0.237489026936
5.18 0.194245078391
5.25 0.153132007591
5.32 0.17008902451
5.39 0.141232725268
5.46 0.0779840605285
5.53 0.0967062215953
5.6 0.293029407502
5.67 0.227524619735
5.74 0.191870753565
5.81 0.165816121265
5.88 0.204682686918
5.95 0.143743855727
6.02 0.130684098497
6.09 0.0472407301881
6.16 0.044021945966
6.23 0.0280380094319
6.3 0.606503500992
6.37 0.634085298374
6.44 0.419431804639
6.51 0.083097283073
6.58 0.643333787904
6.65 0.713150196919
6.72 0.612997392354
6.79 0.271048833238
6.86 0.466979003031
6.93 0.575428060553
7.0 0.483906336763
7.07 0.385901664151
7.14 0.471177600589
7.21 0.676204767953
7.28 0.618866448193
7.35 0.592554833419
7.42 0.528474080716
7.49 0.604021774673
7.56 0.516145821084
7.63 0.204478309635
7.7 0.0682940496175
7.77 0.668650034388
7.84 0.650927247072
7.91 0.277936868844
7.98 0.132977074149
8.05 0.685880117511
8.12 0.739712721372
8.19 0.735624289716
8.26 0.580751132736
8.33 0.326776157725
8.4 0.228163304444
8.47 0.149520913015
8.54 0.0824745594013
8.61 0.28813594564
8.68 0.710298056183
8.75 0.579903254203
8.82 0.530801135897
8.89 0.428597659427
8.96 0.404342566767
9.03 0.251944820097
9.1 0.175218383989
9.17 0.177004558704
9.24 0.481892752012
9.31 0.548885703469
9.38 0.519715192205
9.45 0.513262339168
9.52 0.493530579514
9.59 0.312840838791
9.66 0.139969643692
9.73 0.159339462394
9.8 0.357621644133
9.87 0.642150597293
9.94 0.57332178452
10.01 0.526694532546
10.08 0.52604093241
10.15 0.399542104549
10.22 0.244508722642
10.29 0.188278678682
10.36 0.191543504526
10.43 0.595367490675
10.5 0.592538149249
10.57 0.519467305352
10.64 0.504097635311
10.71 0.601156653378
10.78 0.532963159382
10.85 0.4384158961
10.92 0.46692758026
10.99 0.61952834481
11.06 0.548875187642
11.13 0.497679641396
11.2 0.428537616611
11.27 0.409919351039
11.34 0.404661216391
11.41 0.259338069224
11.48 0.205407150802
11.55 0.190351294299
11.62 0.573289525852
11.69 0.648116820018
11.76 0.60814771911
11.83 0.588384321857
11.9 0.504900215987
11.97 0.161337366241
12.04 0.113551876077
12.11 0.477765681616
12.18 0.581984179331
12.25 0.651885053721
12.32 0.603669098723
12.39 0.546443223928
12.46 0.582820494256
12.53 0.391163709796
12.6 0.343487933848
12.67 0.410351740969
12.74 0.475227597633
12.81 0.734717329285
12.88 0.657947848322
12.95 0.64865654521
13.02 0.609330462378
13.09 0.633928755343
13.16 0.579527682308
13.23 0.484552982447
13.3 0.477073296159
13.37 0.786220668392
13.44 0.651603761611
13.51 0.580143763148
13.58 0.567689097529
13.65 0.593902344539
13.72 0.280354961657
13.79 0.10830947988
13.86 0.0575389793152
13.93 0.379121556645
14.0 0.528025048961
14.07 0.482085527683
14.14 0.454150777477
14.21 0.539677801662
14.28 0.48329251327
14.35 0.327616506341
14.42 0.165757243495
14.49 0.301421986948
14.56 0.708220392753
14.63 0.6689559825
14.7 0.626439441401
14.77 0.581656226702
14.84 0.54152660119
14.91 0.277016618407
14.98 0.124051958493
15.05 0.16337748106
15.12 0.368520053237
15.19 0.502387158259
15.26 0.474251500938
15.33 0.495723669475
15.4 0.478078724247
15.47 0.562938596616
15.54 0.466507704
15.61 0.469425999436
15.68 0.428813815304
15.75 0.745756517996
15.82 0.648950159892
15.89 0.605552504386
15.96 0.538257183563
16.03 0.444043251888
16.1 0.239725614524
16.17 0.192813529695
16.24 0.2374957208
16.31 0.531306035626
16.38 0.635823529173
16.45 0.537485385974
16.52 0.563544643718
16.59 0.577524362566
16.66 0.677469584612
16.73 0.541974892439
16.8 0.618566914897
16.87 0.807073012303
16.94 0.848360778285
17.01 0.857547922056
17.08 0.849431198196
17.15 0.820476223912
17.22 0.763359387975
17.29 0.72136902473
17.36 0.6594426505
17.43 0.677772087529
17.5 0.583377796133
17.57 0.669241448367
17.64 0.588040486368
17.71 0.551643956389
17.78 0.604094410422
17.85 0.618543215471
17.92 0.567745534454
17.99 0.270617340166
18.06 0.57898413081
18.13 0.650630380464
18.2 0.54073485339
18.27 0.447025177573
18.34 0.474933548637
18.41 0.484085090609
18.48 0.435577350476
18.55 0.401486962377
18.62 0.369383636563
18.69 0.816191198964
18.76 0.766735544768
18.83 0.722975022135
18.9 0.708147321604
18.97 0.548373298795
19.04 0.427546849876
19.11 0.260351224841
19.18 0.244160798087
19.25 0.676749851493
19.32 0.79705688374
19.39 0.75482322434
19.46 0.711053898164
19.53 0.537058358735
19.6 0.378770125005
19.67 0.386817461784
19.74 0.416690256519
19.81 0.704407070748
19.88 0.719232555192
19.95 0.730801635141
20.02 0.603610143863
20.09 0.65965721896
20.16 0.689554847765
20.23 0.637865502855
20.3 0.616859413981
20.37 0.57019057319
20.44 0.625263167239
20.51 0.62033178217
20.58 0.529497562148
20.65 0.475377860485
20.72 0.533212781319
20.79 0.489203484747
20.86 0.297141844776
20.93 0.216683287083
21.0 0.518301029097
21.07 0.699811454872
21.14 0.657360579869
21.21 0.5854443737
21.28 0.582678152205
21.35 0.733683806515
21.42 0.637995035902
21.49 0.469130875513
21.56 0.46678259758
21.63 0.76766323826
21.7 0.697457455939
21.77 0.607621518454
21.84 0.648742976941
21.91 0.536504686637
21.98 0.402284211849
22.05 0.288083194955
22.12 0.261226441266
22.19 0.529075989892
22.26 0.722037526177
22.33 0.663803285162
22.4 0.649665531414
22.47 0.627709507831
22.54 0.714898883826
22.61 0.688389023197
22.68 0.751727057801
22.75 0.676643273023
22.82 0.694803659865
22.89 0.74083473995
22.96 0.678557864598
23.03 0.656580601977
23.1 0.56300695763
23.17 0.373449967068
23.24 0.336954514489
23.31 0.301003129155
23.38 0.577223452495
23.45 0.678018363078
23.52 0.537999354177
23.59 0.476383287486
23.66 0.54961887209
23.73 0.4351807339
23.8 0.282491518058
23.87 0.205445551754
23.94 0.540560048544
24.01 0.660323035261
24.08 0.628170681917
24.15 0.570021870454
24.22 0.59971150197
24.29 0.535800829863
24.36 0.467594775508
24.43 0.305184158715
24.5 0.224261732017
24.57 0.621869582514
24.64 0.680658333854
24.71 0.569746848751
24.78 0.545029948992
24.85 0.570005391497
24.92 0.579032422177
24.99 0.569177943092
25.06 0.477814865498
25.13 0.626746133277
25.2 0.695836375897
25.27 0.70390574108
25.34 0.646676017178
25.41 0.560015510697
25.48 0.557732831542
25.55 0.302695012141
25.62 0.703692673175
25.69 0.83857143326
25.76 0.791736338178
25.83 0.467710743845
25.9 0.221705281984
25.97 0.0948396325686
26.04 0.167067062679
26.11 0.0951380811652
26.18 0.115359590591
26.25 0.287710441758
26.32 0.64709152424
26.39 0.614123126489
26.46 0.707620850588
26.53 0.660098734912
26.6 0.581835817689
26.67 0.536206690812
26.74 0.268477667562
26.81 0.729154386598
26.88 0.677204821405
26.95 0.715813279711
27.02 0.565965543284
27.09 0.333216687105
27.16 0.275877854855
27.23 0.267497780392
27.3 0.166211327407
27.37 0.0595287962363
27.44 0.0542449371733
27.51 0.614315347324
27.58 0.636495425869
27.65 0.578331892249
27.72 0.559497001741
27.79 0.524073989719
27.86 0.498863131685
27.93 0.463292645106
28.0 0.479684913835
28.07 0.57159397617
28.14 0.628372116723
28.21 0.582467261298
28.28 0.566005946425
28.35 0.466844548121
28.42 0.5392466821
28.49 0.424634860679
28.56 0.352521799544
28.63 0.341588930886
28.7 0.735099402859
28.77 0.701342946806
28.84 0.661703324054
28.91 0.579914500762
28.98 0.588566635992
29.05 0.598623662813
29.12 0.576094420832
29.19 0.540246423932
29.26 0.533228727156
29.33 0.678151591051
29.4 0.641213232715
29.47 0.636112400061
29.54 0.588992137703
29.61 0.610251287195
29.68 0.565536131662
29.75 0.488570351656
29.82 0.448824203638
29.89 0.814907078136
29.96 0.786002302943
30.03 0.749186391822
30.1 0.740226316065
30.17 0.686287159794
30.24 0.598437510429
30.31 0.48824289306
30.38 0.472567520294
30.45 0.616674465733
30.52 0.692082074985
30.59 0.665311988643
30.66 0.684803148145
30.73 0.614776110984
30.8 0.657669005743
30.87 0.62205728757
30.94 0.546677421206
31.01 0.435306358121
31.08 0.734388952115
31.15 0.758808892974
31.22 0.719539583661
31.29 0.710373456341
31.36 0.684750336656
31.43 0.680234869075
31.5 0.633634144996
31.57 0.617342801054
31.64 0.67063331597
31.71 0.632487403096
31.78 0.600077288772
31.85 0.563037829751
31.92 0.62521057725
31.99 0.611679599166
32.06 0.550592214149
32.13 0.480568517948
32.2 0.491351452747
32.27 0.649808642201
32.34 0.561450438355
32.41 0.532841347351
32.48 0.520303149046
32.55 0.53606270814
32.62 0.506711218258
32.69 0.389372335258
32.76 0.280889791045
32.83 0.679535606257
32.9 0.621918567697
32.97 0.563952846705
33.04 0.562271582694
33.11 0.555761942023
33.18 0.493666123466
33.25 0.420517157349
33.32 0.394166911436
33.39 0.645361990577
33.46 0.72727474318
33.53 0.662977850887
33.6 0.649896247666
33.67 0.605784076236
33.74 0.5991336375
33.81 0.584794197044
33.88 0.584470274849
33.95 0.609676620361
34.02 0.610781482453
34.09 0.603814711158
34.16 0.595526908864
34.23 0.566430603395
34.3 0.538956559302
34.37 0.414748403058
34.44 0.405746310684
34.51 0.388741732046
34.58 0.649972043049
34.65 0.791956017427
34.72 0.732858800039
34.79 0.738578942657
34.86 0.682376744736
34.93 0.613567202473
35.0 0.57131078828
35.07 0.507224691343
35.14 0.460370191114
35.21 0.608185102682
35.28 0.537486579251
35.35 0.508210910811
35.42 0.510468431245
35.49 0.574925383426
35.56 0.570582094178
35.63 0.514129995272
35.7 0.498683755684
35.77 0.645006764119
35.84 0.663745896003
35.91 0.611931778127
35.98 0.569738517524
36.05 0.544384931986
36.12 0.504243523536
36.19 0.448133758479
36.26 0.373381765664
36.33 0.467584452951
36.4 0.661421229548
36.47 0.633790053929
36.54 0.591826799474
36.61 0.609275266505
36.68 0.569189708656
36.75 0.549376015678
36.82 0.495854086351
36.89 0.438785347426
36.96 0.67587968071
37.03 0.657202742583
37.1 0.562297189844
37.17 0.585648459992
37.24 0.527666931058
37.31 0.50579894291
37.38 0.455503524251
37.45 0.448600003181
37.52 0.419302218388
37.59 0.326591510239
37.66 0.283798945258
37.73 0.29120461142
37.8 0.447028282918
37.87 0.64965170503
37.94 0.617579350142
38.01 0.581613540157
38.08 0.605564062565
38.15 0.627217438822
38.22 0.623283688076
38.29 0.562736998942
38.36 0.547815448597
38.43 0.489010258475
38.5 0.471400681602
38.57 0.412614487286
38.64 0.431553743433
38.71 0.524079658601
38.78 0.295801492236
38.85 0.272384598337
38.92 0.261106404493
38.99 0.545447918613
39.06 0.640817833303
39.13 0.60385968871
39.2 0.544920469305
39.27 0.525694650648
39.34 0.596169582747
39.41 0.597222320652
39.48 0.544252911405
39.55 0.597789338132
39.62 0.510659787795
39.69 0.452114440103
39.76 0.407118471291
39.83 0.47645731304
39.9 0.521983749642
39.97 0.320937027203
40.04 0.256030380938
40.11 0.189239642794
40.18 0.412898858682
40.25 0.511601487912
40.32 0.472381740334
40.39 0.413879871811
40.46 0.503809360519
40.53 0.561800240232
40.6 0.544556443647
40.67 0.531104722428
40.74 0.512449161232
40.81 0.56061565113
40.88 0.476653429672
40.95 0.396895389964
41.02 0.407445104691
41.09 0.365622181414
41.16 0.316463125637
41.23 0.463642019184
41.3 0.447410119791
41.37 0.462186209711
41.44 0.49711266952
41.51 0.472502594703
41.58 0.455617157065
41.65 0.604973879866
41.72 0.526555750783
41.79 0.552822966729
41.86 0.51176575956
41.93 0.502891080781
42.0 0.452190890215
42.07 0.479552266757
42.14 0.472207683593
42.21 0.54637906273
42.28 0.707174806913
42.35 0.67125397665
42.42 0.660163423802
42.49 0.566968804145
42.56 0.492093239242
42.63 0.36911621644
42.7 0.297333410883
42.77 0.407823531114
42.84 0.720013274675
42.91 0.752941707943
42.98 0.720357183998
43.05 0.698845199731
43.12 0.531725129035
43.19 0.416958021921
43.26 0.413923203313
43.33 0.811908232665
43.4 0.810439980098
43.47 0.772825021446
43.54 0.780899485475
43.61 0.67224245455
43.68 0.499188099491
43.75 0.259189239608
43.82 0.126823670802
43.89 0.0689656140634
43.96 0.496909040343
44.03 0.661192185405
44.1 0.554672565394
44.17 0.499876925744
44.24 0.501410615307
44.31 0.649262617285
44.38 0.521534053387
44.45 0.501977540495
44.52 0.497325986069
44.59 0.676074273986
44.66 0.711391275404
44.73 0.641602434467
44.8 0.554432954393
44.87 0.583639473539
44.94 0.309456027207
45.01 0.216515049063
45.08 0.166266812099
45.15 0.518991221268
45.22 0.728743865461
45.29 0.69127023908
45.36 0.616841231428
45.43 0.585876182735
45.5 0.506963941197
45.57 0.243141863922
45.64 0.530149042831
45.71 0.546180664864
45.78 0.657491831714
45.85 0.584574499337
45.92 0.627868196373
45.99 0.537547727397
46.06 0.55865480512
46.13 0.609446239617
46.2 0.52889416436
46.27 0.473820900381
46.34 0.627666895118
46.41 0.646599334709
46.48 0.578662746094
46.55 0.665426176293
46.62 0.621270751538
46.69 0.453368128554
46.76 0.16292499108
46.83 0.186232078471
46.9 0.498733745219
46.97 0.686188874549
47.04 0.623261050547
47.11 0.49173173369
47.18 0.464781321286
47.25 0.625442389059
47.32 0.396877337705
47.39 0.125901724369
47.46 0.190285362186
47.53 0.723241316299
47.6 0.695533736171
47.67 0.634172920126
47.74 0.693875752473
47.81 0.624884411823
47.88 0.4795984213
47.95 0.466977798895
48.02 0.540082811356
48.09 0.616164807009
48.16 0.621335273217
48.23 0.635735625117
48.3 0.580227385954
48.37 0.574593739129
48.44 0.594523716408
48.51 0.526330652383
48.58 0.479370013427
48.65 0.394344565382
48.72 0.760072282913
48.79 0.666178988934
48.86 0.58486772748
48.93 0.734235491627
49.0 0.641131397111
49.07 0.255910360452
49.14 0.18233617167
49.21 0.255086277979
49.28 0.660954719915
49.35 0.727735079041
49.42 0.693357820069
49.49 0.620922223286
49.56 0.607981108681
49.63 0.56685857961
49.7 0.560791604737
49.77 0.553037350605
49.84 0.552671698441
49.91 0.761589968006
49.98 0.767073045788
50.05 0.67621435109
50.12 0.71126224399
50.19 0.622711844282
50.26 0.342428215433
50.33 0.355015518357
50.4 0.534508575421
50.47 0.632850227877
50.54 0.730432395544
50.61 0.83049577704
50.68 0.787432305481
50.75 0.713528573396
50.82 0.515975668825
50.89 0.440550900915
50.96 0.739938661256
51.03 0.755160990292
51.1 0.685830174665
51.17 0.641732364911
51.24 0.613928907809
51.31 0.614344570138
51.38 0.927897951981
51.45 0.83587891267
51.52 0.504625100906
51.59 0.441158285704
51.66 0.753617943436
51.73 0.806503562665
51.8 0.580757535609
51.87 0.314587220577
51.94 0.274816453472
52.01 0.38157501347
52.08 0.251998264599
52.15 0.167241605852
52.22 0.521075011782
52.29 0.783440822469
52.36 0.761741983315
52.43 0.792226248647
52.5 0.858032727165
52.57 0.860718955632
52.64 0.798631765808
52.71 0.775369826437
52.78 0.738163104431
52.85 0.785284198501
52.92 0.847456826564
52.99 0.773808051964
53.06 0.692498953393
53.13 0.765625309126
53.2 0.635376891574
53.27 0.623739114017
53.34 0.648082968504
53.41 0.734523303875
53.48 0.777035925291
53.55 0.696253385685
53.62 0.720494987468
53.69 0.679488269295
53.76 0.62276248203
53.83 0.430809902633
53.9 0.256292780391
53.97 0.434110797163
54.04 0.825995510447
54.11 0.769453676852
54.18 0.716955851112
54.25 0.697420015906
54.32 0.650642030935
54.39 0.57184562744
54.46 0.58904619133
54.53 0.659547429825
54.6 0.691163069943
54.67 0.663935975671
54.74 0.678115928447
54.81 0.63230509439
54.88 0.665871556553
54.95 0.60012272561
55.02 0.544734595968
55.09 0.510640633465
55.16 0.502412009703
55.23 0.730262099962
55.3 0.613840735564
55.37 0.579288139711
55.44 0.597280331965
55.51 0.539214690535
55.58 0.540033365799
55.65 0.606635599749
55.72 0.588233661608
55.79 0.678785828385
55.86 0.67158616384
55.93 0.644527460683
56.0 0.681211430486
56.07 0.636239296823
56.14 0.602476977531
56.21 0.512116710197
56.28 0.485992301019
56.35 0.54061035947
56.42 0.710901563635
56.49 0.634591352292
56.56 0.572617923404
56.63 0.628635421721
56.7 0.55173303635
56.77 0.49996424239
56.84 0.436584068476
56.91 0.399768539551
56.98 0.780504440029
57.05 0.66452318332
57.12 0.606614333567
57.19 0.55318523233
57.26 0.558723722056
57.33 0.541617888551
57.4 0.444911322762
57.47 0.400560847616
57.54 0.695268632027
57.61 0.742419484202
57.68 0.68801698336
57.75 0.532919055887
57.82 0.620374380767
57.89 0.518320264861
57.96 0.481997641
58.03 0.558965388448
58.1 0.623321596082
58.17 0.683787628774
58.24 0.57638354688
58.31 0.481052697644
58.38 0.324833690796
58.45 0.672749317378
58.52 0.541130467787
58.59 0.33218168441
58.66 0.259134701721
58.73 0.720220111261
58.8 0.643186649942
58.87 0.649617155356
58.94 0.541474454201
59.01 0.22484340325
59.08 0.0746066615978
59.15 0.059134923438
59.22 0.0478837330635
59.29 0.462243229703
59.36 0.914953261886
59.43 0.763590216063
59.5 0.614797380424
59.57 0.530325315659
59.64 0.928281471821
59.71 1.0
59.78 0.483993696841
59.85 0.204608204248
59.92 0.579326378882
59.99 0.429228400534
60.06 0.115416239244
60.13 0.205549700238
60.2 0.433347532757
60.27 0.407982283718
60.34 0.294755932455
60.41 0.369371239071
60.48 0.369536479239
60.55 0.474701367661
60.62 0.207471934652
60.69 0.0610354236972
60.76 0.421328248406
60.83 0.817033790811
60.9 0.795107085591
60.97 0.724931468545
61.04 0.687014922292
61.11 0.591235143365
61.18 0.518025505762
61.25 0.580099705256
61.32 0.639908247445
61.39 0.688717519803
61.46 0.744528509443
61.53 0.66366128079
61.6 0.644168173389
61.67 0.775682006955
61.74 0.777016030455
61.81 0.674479576344
61.88 0.594733041613
61.95 0.381456808416
62.02 0.122671612153
62.09 0.0482077008615
62.16 0.0398070214603
62.23 0.313336586439
62.3 0.636311441797
62.37 0.5180531303
62.44 0.592997070332
62.51 0.213559880374
62.58 0.612487243942
62.65 0.567095111325
62.72 0.159699509737
62.79 0.107887416849
62.86 0.731609917273
62.93 0.719643729972
63.0 0.705311210309
63.07 0.691415854772
63.14 0.629586205514
63.21 0.50234542829
63.28 0.230982801058
63.35 0.409007579496
63.42 0.595593589084
63.49 0.801929953476
63.56 0.756212562064
63.63 0.701057901137
63.7 0.682435558444
63.77 0.532268257076
63.84 0.412666590843
63.91 0.461072495215
63.98 0.479866333283
64.05 0.642386880363
64.12 0.587625591689
64.19 0.57402320805
64.26 0.567923358869
64.33 0.616367483953
64.4 0.599214162562
64.47 0.420084428654
64.54 0.318300909878
64.61 0.669513048762
64.68 0.682989962361
64.75 0.665895557827
64.82 0.638973766712
64.89 0.66350145326
64.96 0.519671646804
65.03 0.413362947015
65.1 0.178512631344
65.17 0.379797614068
65.24 0.747866517185
65.31 0.691034889784
65.38 0.665034534782
65.45 0.665456637987
65.52 0.660132632029
65.59 0.565107818854
65.66 0.532292588429
65.73 0.536714910871
65.8 0.629311479145
65.87 0.635342097598
65.94 0.626733581604
66.01 0.598673439533
66.08 0.650444044582
66.15 0.52678311956
66.22 0.334071314877
66.29 0.332014722187
66.36 0.447590457797
66.43 0.497950030055
66.5 0.53803702874
66.57 0.482215489615
66.64 0.52244370765
66.71 0.474539970086
66.78 0.256744313794
66.85 0.185620770741
66.92 0.403414049164
66.99 0.555396961959
67.06 0.549110513051
67.13 0.561470812022
67.2 0.711961356969
67.27 0.616542140047
67.34 0.581621906129
67.41 0.446323671524
67.48 0.42846896352
67.55 0.734232076834
67.62 0.695141459476
67.69 0.649074994748
67.76 0.621510459174
67.83 0.626900561199
67.9 0.406144528793
67.97 0.401795583692
68.04 0.537877625752
68.11 0.437483841011
68.18 0.683986277456
68.25 0.610725434239
68.32 0.536848844604
68.39 0.660403438715
68.46 0.624218493459
68.53 0.472422578874
68.6 0.300225636624
68.67 0.199428785745
68.74 0.748164757311
68.81 0.764477637795
68.88 0.706769885168
68.95 0.737573941283
69.02 0.635039515419
69.09 0.349596290154
69.16 0.523603889395
69.23 0.567689706655
69.3 0.60652546642
69.37 0.751417121601
69.44 0.758726834784
69.51 0.72326372147
69.58 0.692622251863
69.65 0.657822438
69.72 0.599245839249
69.79 0.473218689357
69.86 0.209677429705
69.93 0.380945999847
70.0 0.411875948373
70.07 0.527640714783
70.14 0.490243746984
70.21 0.707235123347
70.28 0.780689934427
70.35 0.79144126963
70.42 0.732185434276
70.49 0.745969778084
70.56 0.646158407252
70.63 0.427016022691
70.7 0.693681627171
70.77 0.685149230124
70.84 0.836496028263
70.91 0.823341597108
70.98 0.69583781239
71.05 0.305295209532
71.12 0.836279125366
71.19 0.708780475325
71.26 0.701690164515
71.33 0.631086554967
71.4 0.650644279596
71.47 0.442580529223
71.54 0.278875880558
71.61 0.110369630686
71.68 0.105079555505
71.75 0.416538731985
71.82 0.256947099317
71.89 0.0680916940661
71.96 0.146891142102
72.03 0.515831122631
72.1 0.329758015006
72.17 0.105937342911
72.24 0.343121732277
72.31 0.75088578084
72.38 0.685141667632
72.45 0.562925192602
72.52 0.515320640883
72.59 0.570607847909
72.66 0.567839681773
72.73 0.488203169621
72.8 0.475794157998
72.87 0.52934199198
72.94 0.515617537893
73.01 0.460301670489
73.08 0.235612840657
73.15 0.640976924671
73.22 0.713912250675
73.29 0.632488596374
73.36 0.673279515893
73.43 0.670642043509
73.5 0.591482420007
73.57 0.510769929811
73.64 0.567931482711
73.71 0.550682622025
73.78 0.521389839443
73.85 0.507024805953
73.92 0.273855653314
73.99 0.186968022358
74.06 0.748672869876
74.13 0.723936798414
74.2 0.520951462495
74.27 0.188270399573
74.34 0.57080379733
74.41 0.618376554011
74.48 0.503840044799
74.55 0.602797087535
74.62 0.780152862894
74.69 0.709888842331
74.76 0.668085969157
74.83 0.697002299272
74.9 0.665516574397
74.97 0.586751471907
75.04 0.519803682585
75.11 0.458029499561
75.18 0.379219739826
75.25 0.742082242685
75.32 0.665432899473
75.39 0.652011648634
75.46 0.62389042248
75.53 0.669914339643
75.6 0.607495362198
75.67 0.488751670126
75.74 0.46065385675
75.81 0.573488747829
75.88 0.712109811989
75.95 0.636314232264
76.02 0.611783886629
76.09 0.469402984054
76.16 0.678503983611
76.23 0.61506600251
76.3 0.580582038032
76.37 0.472214641303
76.44 0.604631686083
76.51 0.673585562812
76.58 0.565285831109
76.65 0.517120849367
76.72 0.640006305761
76.79 0.644355529909
76.86 0.580040866575
76.93 0.505328355069
77.0 0.728323536429
77.07 0.75202741195
77.14 0.700693752785
77.21 0.737583445158
77.28 0.676380014713
77.35 0.679928618028
77.42 0.583748244209
77.49 0.501827138663
77.56 0.572783192888
77.63 0.648671456293
77.7 0.626327787973
77.77 0.59178401738
77.84 0.593985707842
77.91 0.60986664031
77.98 0.596547445648
78.05 0.599420148977
78.12 0.538135170661
78.19 0.770212413535
78.26 0.773078457746
78.33 0.630780397298
78.4 0.645504370631
78.47 0.607478857182
78.54 0.458229414268
78.61 0.370634288073
78.68 0.629546868615
78.75 0.710444133334
78.82 0.710242385822
78.89 0.577137090254
78.96 0.664852162016
79.03 0.620312149008
79.1 0.576884459607
79.17 0.533975688502
79.24 0.481636776061
79.31 0.381565289181
79.38 0.705897322401
79.45 0.754117394696
79.52 0.670229658078
79.59 0.717540420304
79.66 0.582999452229
79.73 0.507046414157
79.8 0.649763532183
79.87 0.602578821979
79.94 0.687567137267
80.01 0.70408003235
80.08 0.682293130616
80.15 0.635425786637
80.22 0.606021611216
80.29 0.553025144211
80.36 0.41732545043
80.43 0.401125017082
80.5 0.635846373
80.57 0.621451067828
80.64 0.522094936183
80.71 0.509467163885
80.78 0.457989188712
80.85 0.484332899286
80.92 0.397797735809
80.99 0.567020823011
81.06 0.55078316353
81.13 0.752094097599
81.2 0.799619331648
81.27 0.710208728663
81.34 0.682442818001
81.41 0.653235609381
81.48 0.438575686714
81.55 0.385120129244
81.62 0.304666357691
81.69 0.499432040602
81.76 0.703239111526
81.83 0.677551737265
81.9 0.725939884712
81.97 0.700871029964
82.04 0.622512138046
82.11 0.542657924945
82.18 0.523605654881
82.25 0.565607657739
82.32 0.79114923585
82.39 0.681058107893
82.46 0.631788347663
82.53 0.616837825321
82.6 0.605888501594
82.67 0.526026429582
82.74 0.520063080929
82.81 0.499673635332
82.88 0.682927005298
82.95 0.690020717872
83.02 0.628371637892
83.09 0.463450860246
83.16 0.610608409433
83.23 0.461864029115
83.3 0.277456591459
83.37 0.541123553509
83.44 0.640042247411
83.51 0.571530885556
83.58 0.587812635502
83.65 0.65536620048
83.72 0.727570576121
83.79 0.677980132593
83.86 0.62560445222
83.93 0.639433617227
84.0 0.607837799196
84.07 0.742144917444
84.14 0.669961734151
84.21 0.669366851089
84.28 0.58072718358
84.35 0.718914935978
84.42 0.583176183258
84.49 0.539588313446
84.56 0.498155319397
84.63 0.6432589795
84.7 0.719728048767
84.77 0.685317057717
84.84 0.671475420299
84.91 0.680557486156
84.98 0.67140654788
85.05 0.679081789449
85.12 0.638844197834
85.19 0.579004995252
85.26 0.826409384488
85.33 0.703191459686
85.4 0.606480626763
85.47 0.636815718285
85.54 0.610426207135
85.61 0.621124254188
85.68 0.653939216424
85.75 0.695420609333
85.82 0.736423167864
85.89 0.793348993615
85.96 0.729661453553
86.03 0.780585857606
86.1 0.751705864367
86.17 0.727537460769
86.24 0.748897133309
86.31 0.757229171563
86.38 0.675687456617
86.45 0.895836512489
86.52 0.81631941604
86.59 0.76072432929
86.66 0.739304137274
86.73 0.721226773885
86.8 0.713999635726
86.87 0.656787260494
86.94 0.650463754834
87.01 0.737278112686
87.08 0.703790417699
87.15 0.666439152756
87.22 0.655223973522
87.29 0.671954098324
87.36 0.721195211205
87.43 0.561253482412
87.5 0.476531175726
87.57 0.651620001695
87.64 0.805170120059
87.71 0.748315153714
87.78 0.695493336288
87.85 0.682200537055
87.92 0.726166527099
87.99 0.71189594929
88.06 0.660418749367
88.13 0.578967083988
88.2 0.662679329543
88.27 0.638321346824
88.34 0.596037625142
88.41 0.610465324706
88.48 0.606034841505
88.55 0.625909385124
88.62 0.577141729813
88.69 0.520721233761
88.76 0.518052492944
88.83 0.711797995209
88.9 0.641570256147
88.97 0.603686096685
89.04 0.617228628606
89.11 0.716534004152
89.18 0.627265721503
89.25 0.566561000727
89.32 0.617468772727
89.39 0.739804649346
89.46 0.643916322336
89.53 0.602709408237
89.6 0.64441660205
89.67 0.543209395071
89.74 0.580898090459
89.81 0.513196546035
89.88 0.383399821495
89.95 0.62802452659
90.02 0.62936061091
90.09 0.673151474714
90.16 0.693795447826
90.23 0.673885746493
90.3 0.729988588586
90.37 0.736324716494
90.44 0.672654567448
90.51 0.661764103032
90.58 0.769450315262
90.65 0.692328045428
90.72 0.611360654209
90.79 0.618960573796
90.86 0.644283692212
90.93 0.646343453221
91.0 0.604567430421
91.07 0.537523173458
91.14 0.631520491055
91.21 0.68140317249
91.28 0.620640124438
91.35 0.633173278186
91.42 0.653416694407
91.49 0.594433970861
91.56 0.612488426361
91.63 0.672273084541
91.7 0.676849191035
91.77 0.671359791813
91.84 0.743957424613
91.91 0.73541778538
91.98 0.687789865399
92.05 0.733206305481
92.12 0.627478047816
92.19 0.713557012273
92.26 0.597151303808
92.33 0.853727198256
92.4 0.743253069464
92.47 0.671486859043
92.54 0.667482279294
92.61 0.656827575686
92.68 0.467372760736
92.75 0.27090249767
92.82 0.716398244129
92.89 0.633836353966
92.96 0.685496656303
93.03 0.67851494678
93.1 0.648783570094
93.17 0.590055543444
93.24 0.83347038345
93.31 0.651097601286
93.38 0.413983087604
93.45 0.374189989163
93.52 0.319962071668
93.59 0.308036094238
93.66 0.250599188471
93.73 0.217813957196
93.8 0.178242890899
93.87 0.174701248551
93.94 0.118964203032
94.01 0.0928271401166
94.08 0.0317167321175
94.15 0.0262162459471
94.22 0.0258431528992
94.29 0.0223443089327
94.36 0.0191530580428
94.43 0.0133490190011
94.5 0.0116547136286
94.57 0.0188066079837
94.64 0.316916116164
94.71 0.800558268443
94.78 0.637832566658
94.85 0.560543739599
94.92 0.59302130505
94.99 0.463898321955
95.06 0.379538977945
95.13 0.255561879975
95.2 0.727301849799
95.27 0.616736698577
95.34 0.583449823842
95.41 0.491948968837
95.48 0.545557729465
95.55 0.675825067904
95.62 0.698652035348
95.69 0.699027905834
95.76 0.633925618511
95.83 0.389122252948
95.9 0.338035842194
95.97 0.255803207602
96.04 0.172813946007
96.11 0.128246854611
96.18 0.054694413014
96.25 0.0341904323156
96.32 0.0276501573105
96.39 0.0221576592592
96.46 0.0238626672131
96.53 0.0163662316086
96.6 0.0519616684375
96.67 0.0893023078897
96.74 0.403060147364
96.81 0.279994457199
96.88 0.191313203044
96.95 0.233184825943
97.02 0.650571525496
97.09 0.599209382937
97.16 0.453902210922
97.23 0.592614353973
97.3 0.516562839558
97.37 0.344459272634
97.44 0.245037537868
97.51 0.779941467098
97.58 0.909673624355
97.65 0.879648039062
97.72 0.725729410747
97.79 0.627776763516
97.86 0.341307279381
97.93 0.696183749959
98.0 0.682928666549
98.07 0.645461049987
98.14 0.411730950492
98.21 0.302749396933
98.28 0.256495452992
98.35 0.380010812267
98.42 0.409175510239
98.49 0.558262585972
98.56 0.588450351691
98.63 0.473371419112
98.7 0.392505082974
98.77 0.246578675914
98.84 0.484176819885
98.91 0.163265015464
98.98 0.366524284043
99.05 0.393815725183
99.12 0.347201955399
99.19 0.0963210003306
99.26 0.270082732278
99.33 0.253601822245
99.4 0.653966649864
99.47 0.633603695246
99.54 0.597143381921
99.61 0.583391725666
99.68 0.697727070433
99.75 0.771900363809
99.82 0.665622725067
99.89 0.646328393385
99.96 0.485877548761
100.03 0.495878144086
100.1 0.470722317971
100.17 0.514311914181
100.24 0.500183212622
100.31 0.694694883767
100.38 0.627864784837
100.45 0.516217700041
100.52 0.445662911723
100.59 0.650404543729
100.66 0.56826862868
100.73 0.594389400479
100.8 0.546440730966
100.87 0.775500371436
100.94 0.74780553625
101.01 0.634330775871
101.08 0.597097244751
101.15 0.528868029519
101.22 0.42159304093
101.29 0.400873857673
101.36 0.469640839342
101.43 0.782200045086
101.5 0.869126242034
101.57 0.836370482217
101.64 0.745225559431
101.71 0.734229330884
101.78 0.800788486319
101.85 0.737601529991
101.92 0.715542020253
101.99 0.682928339727
102.06 0.579143114686
102.13 0.300284468791
102.2 0.21757281198
102.27 0.337152822234
102.34 0.557588189799
102.41 0.71852348448
102.48 0.672756499844
102.55 0.598704373544
102.62 0.562516634563
102.69 0.320073266894
102.76 0.166188527011
102.83 0.143077965592
102.9 0.361639049173
102.97 0.66273103136
103.04 0.663342785347
103.11 0.640544417476
103.18 0.671970077819
103.25 0.690285570113
103.32 0.531548966957
103.39 0.46811070681
103.46 0.427319402923
103.53 0.664801074752
103.6 0.666320074732
103.67 0.60183609085
103.74 0.574941815694
103.81 0.624651732473
103.88 0.622635601556
103.95 0.542146501821
104.02 0.416748805295
104.09 0.599653720843
104.16 0.630068103976
104.23 0.594618147117
104.3 0.577303264197
104.37 0.573098534125
104.44 0.539730711958
104.51 0.392955822668
104.58 0.240473252314
104.65 0.240592400915
104.72 0.632899334668
104.79 0.654365175251
104.86 0.612556851437
104.93 0.627291185329
105.0 0.582430867962
105.07 0.265188631975
105.14 0.186164131141
105.21 0.287193927389
105.28 0.490600397992
105.35 0.627814339272
105.42 0.581302874309
105.49 0.598256305966
105.56 0.666879948833
105.63 0.651289081616
105.7 0.513714664108
105.77 0.495449570689
105.84 0.498865429205
105.91 0.600252048015
105.98 0.550604870057
106.05 0.592103607293
106.12 0.527160215897
106.19 0.616405655805
106.26 0.643119469176
106.33 0.535192614449
106.4 0.431781338054
106.47 0.659252465511
106.54 0.703280639539
106.61 0.633699369178
106.68 0.634106896806
106.75 0.576343129625
106.82 0.392108591263
106.89 0.236919258077
106.96 0.130568324515
107.03 0.46788777455
107.1 0.585294220512
107.17 0.62903116207
107.24 0.527437366824
107.31 0.514224530216
107.38 0.429844984093
107.45 0.194497883849
107.52 0.223885508652
107.59 0.373606890124
107.66 0.645697400376
107.73 0.589297865401
107.8 0.567952099594
107.87 0.658360357532
107.94 0.580453637459
108.01 0.365163753278
108.08 0.300577081294
108.15 0.385175232825
108.22 0.432256843414
108.29 0.6819425068
108.36 0.635535432449
108.43 0.555478763904
108.5 0.59037027447
108.57 0.444960263429
108.64 0.266515879092
108.71 0.258841565869
108.78 0.201586891717
108.85 0.695815906681
108.92 0.621549248838
108.99 0.562055453962
109.06 0.516229479721
109.13 0.548437595717
109.2 0.2618222049
109.27 0.393356901821
109.34 0.812654361214
109.41 0.669303697499
109.48 0.658318474467
109.55 0.586122501715
109.62 0.514320210663
109.69 0.647998205623
109.76 0.776227437946
109.83 0.824842841247
109.9 0.692051670838
109.97 0.585396954218
110.04 0.217725607968
110.11 0.12165079958
110.18 0.0639145266429
110.25 0.273522192499
110.32 0.737771431433
110.39 0.737113461013
110.46 0.671427274428
110.53 0.61867201127
110.6 0.685073106833
110.67 0.764419428869
110.74 0.671977049644
110.81 0.565546027505
110.88 0.649185324604
110.95 0.714543934243
111.02 0.674068663238
111.09 0.626744603406
111.16 0.672433658005
111.23 0.869736992756
111.3 0.931960177134
111.37 0.920877989172
111.44 0.896900867206
111.51 0.842574538514
111.58 0.723512354257
111.65 0.658973311312
111.72 0.794763281589
111.79 0.65157047579
111.86 0.576334116525
111.93 0.407512920642
112.0 0.274094041722
112.07 0.405275342818
112.14 0.166756047209
112.21 0.0875873812912
112.28 0.222405949807
112.35 0.793895793781
112.42 0.944405292189
112.49 0.841998942248
112.56 0.884946639825
112.63 0.859690354725
112.7 0.765819359509
112.77 0.559344185124
112.84 0.743731150307
112.91 0.819022418798
112.98 0.602091815985
113.05 0.594240766305
113.12 0.466626021976
113.19 0.245823063035
113.26 0.145210235315
113.33 0.0701671348949
113.4 0.145634274474
113.47 0.394830257576
113.54 0.837889996859
113.61 0.852518962931
113.68 0.873550207269
113.75 0.850056351854
113.82 0.812819172497
113.89 0.818858543462
113.96 0.79858049939
114.03 0.746347045975
114.1 0.676757517134
114.17 0.806344427865
114.24 0.819673762673
114.31 0.767029687142
114.38 0.72681252674
114.45 0.653308432971
114.52 0.57196813003
114.59 0.539925084819
114.66 0.844236819748
114.73 0.738185916771
114.8 0.651169740832
114.87 0.645806601016
114.94 0.632328041367
115.01 0.744546161047
115.08 0.787114672152
115.15 0.656129854683
115.22 0.585218114595
115.29 0.661773437525
115.36 0.823749488475
115.43 0.820864171582
115.5 0.80777859656
115.57 0.835875186256
115.64 0.819980430661
115.71 0.670533877621
115.78 0.536653906049
115.85 0.501480875359
115.92 0.742677028026
115.99 0.61761626357
116.06 0.592409491344
116.13 0.532921061332
116.2 0.561819880994
116.27 0.509886993456
116.34 0.421876102869
116.41 0.812172254281
116.48 0.659259437336
116.55 0.536436955378
116.62 0.408037127796
116.69 0.275977318176
116.76 0.325800353106
116.83 0.177213717783
116.9 0.0865201047273
116.97 0.0545210522613
117.04 0.423852925117
117.11 0.787622525215
117.18 0.678576556384
117.25 0.775179626247
117.32 0.752278272768
117.39 0.643088260461
117.46 0.542794287579
117.53 0.535379007877
117.6 0.737877470267
117.67 0.739088625268
117.74 0.755504075504
117.81 0.594387425436
117.88 0.771062750285
117.95 0.831129624578
118.02 0.908306059875
118.09 0.869385180006
118.16 0.831433799604
118.23 0.815500565965
118.3 0.701800990575
118.37 0.657005734522
118.44 0.523431958621
118.51 0.376413868725
118.58 0.600352943487
118.65 0.322731895797
118.72 0.672049302111
118.79 0.548085941491
118.86 0.498826472331
118.93 0.279115445956
119.0 0.370535492509
119.07 0.240312129442
119.14 0.614341554913
119.21 0.635865301488
119.28 0.412543382493
119.35 0.278772064325
119.42 0.189258919818
119.49 0.122148018467
119.56 0.108061304208
119.63 0.0709541801604
119.7 0.0554378922481
119.77 0.0349925048435
119.84 0.028520569137
119.91 0.0216608258264
119.98 0.0214486124343
120.05 0.045893080088
120.12 0.0182637242437
120.19 0.0159666464961
120.26 0.0184724283791
120.33 0.0130891483403
120.4 0.0146274926625
120.47 0.0154743342714
120.54 0.0580721007635
120.61 0.0155119610597
120.68 0.0146135229546
120.75 0.0141312498966
120.82 0.0143072675649
120.89 0.0136691127188
120.96 0.0099649685524
121.03 0.0141366842498
121.1 0.012253845367
121.17 0.0145806529897
121.24 0.0117547133277
121.31 0.0129150090799
121.38 0.599463077653
121.45 0.786934460097
121.52 0.778773557822
121.59 0.781319156521
121.66 0.773069509793
121.73 0.780567603391
121.8 0.875761272398
121.87 0.866310476176
121.94 0.793981169044
122.01 0.685668758631
122.08 0.517742339587
122.15 0.571346074116
122.22 0.514900569182
122.29 0.69879452398
122.36 0.460832229486
122.43 0.326909600683
122.5 0.241348938883
122.57 0.568319789776
122.64 0.38963139158
122.71 0.779964382587
122.78 0.649123661797
122.85 0.425535346574
122.92 0.25187400738
122.99 0.178059390001
123.06 0.132766071407
123.13 0.108283424301
123.2 0.0700319970264
123.27 0.054569820288
123.34 0.0405850840278
123.41 0.0335449516791
123.48 0.0256651525878
123.55 0.0247108693104
123.62 0.0401609547487
123.69 0.0186229702774
123.76 0.0178409652251
123.83 0.0193365936854
123.9 0.0173740440792
123.97 0.0183947068136
124.04 0.0175379682758
124.11 0.0380193331615
124.18 0.0180832396566
124.25 0.0128718285021
124.32 0.0156183104286
124.39 0.0181297459934
124.46 0.0129699834528
124.53 0.011807121991
124.6 0.0114893268799
124.67 0.0135565494031
124.74 0.0171965714593
124.81 0.0119489124633
124.88 0.0702014120369
124.95 0.397436601595
125.02 0.659912372971
125.09 0.729476115508
125.16 0.663366162295
125.23 0.718818246837
125.3 0.708611571719
125.37 0.696440001699
125.44 0.487146504432
125.51 0.473670241218
125.58 0.515523298282
125.65 0.516168306602
125.72 0.253251285292
125.79 0.199568019193
125.86 0.138661876641
125.93 0.659032206454
126.0 0.630600238446
126.07 0.533789706586
126.14 0.560206394932
126.21 0.592686314364
126.28 0.488910756065
126.35 0.239804282894
126.42 0.404431008286
126.49 0.666896258407
126.56 0.767589519983
126.63 0.671608266076
126.7 0.64960603909
126.77 0.625879763827
126.84 0.462636236045
126.91 0.193234870678
126.98 0.276558861286
127.05 0.21677890564
127.12 0.692635663478
127.19 0.600980752975
127.26 0.530502603695
127.33 0.557079073968
127.4 0.541172852485
127.47 0.412804502892
127.54 0.209514154808
127.61 0.352991112674
127.68 0.62471847241
127.75 0.404559827973
127.82 0.407702899331
127.89 0.411915431853
127.96 0.479069979584
128.03 0.473726533734
128.1 0.311879189549
128.17 0.367207074419
128.24 0.417283958247
128.31 0.697926986226
128.38 0.626701364196
128.45 0.585053183876
128.52 0.606323427918
128.59 0.587355018447
128.66 0.429993651926
128.73 0.295687658552
128.8 0.418063873164
128.87 0.74342276135
128.94 0.694892845147
129.01 0.594373301547
129.08 0.553883221522
129.15 0.442717276225
129.22 0.41701081821
129.29 0.438393630996
129.36 0.604441406631
129.43 0.530346233304
129.5 0.534340831433
129.57 0.567093546709
129.64 0.562925859274
129.71 0.535795400939
129.78 0.763655180742
129.85 0.818775404916
129.92 0.731977776838
129.99 0.688203089056
130.06 0.728893683141
130.13 0.707261278818
130.2 0.648081578699
130.27 0.633699272543
130.34 0.626713447895
130.41 0.458930278618
130.48 0.196078684531
130.55 0.402654747873
130.62 0.584864578704
130.69 0.527361217475
130.76 0.404490998985
130.83 0.440313160721
130.9 0.543653395299
130.97 0.444974765171
131.04 0.305836793588
131.11 0.24516857147
131.18 0.370215258725
131.25 0.646532764153
131.32 0.593179964276
131.39 0.511688008678
131.46 0.524594669158
131.53 0.557500562618
131.6 0.323685103061
131.67 0.258347913786
131.74 0.41583387629
131.81 0.63149601095
131.88 0.520617168883
131.95 0.42692086125
132.02 0.461351344309
132.09 0.49114680076
132.16 0.400422276496
132.23 0.225087673354
132.3 0.188270578727
132.37 0.294982622616
132.44 0.671877830624
132.51 0.58708806304
132.58 0.504920673259
132.65 0.522308656644
132.72 0.567387183107
132.79 0.344425554671
132.86 0.145254747065
132.93 0.264502381203
133.0 0.679846702076
133.07 0.487306818394
133.14 0.41545429242
133.21 0.683062772922
133.28 0.496493728722
133.35 0.567421712152
133.42 0.509295020297
133.49 0.657066157363
133.56 0.64172114984
133.63 0.86571261372
133.7 0.785105051601
133.77 0.720807669619
133.84 0.611094883393
133.91 0.602845461422
133.98 0.576408290831
134.05 0.550573743863
134.12 0.641200966603
134.19 0.633183626802
134.26 0.660132920848
134.33 0.700713261082
134.4 0.578260903635
134.47 0.673951512482
134.54 0.697396771424
134.61 0.615010396211
134.68 0.714380214174
134.75 0.724325143482
134.82 0.660185592271
134.89 0.562327820921
134.96 0.347941155555
135.03 0.40654730177
135.1 0.783911877198
135.17 0.638826597261
135.24 0.463110373317
135.31 0.284577072972
135.38 0.819395141593
135.45 0.708496233137
135.52 0.632400214572
135.59 0.539492264918
135.66 0.25167435869
135.73 0.121765334681
135.8 0.195050583084
135.87 0.711938036482
135.94 0.635184645765
136.01 0.489927294989
136.08 0.141507865321
136.15 0.713792496206
136.22 0.63338720929
136.29 0.450279439815
136.36 0.14511916511
136.43 0.593023844701
136.5 0.635297360005
136.57 0.822740519643
136.64 0.696927338857
136.71 0.666594606745
136.78 0.591321395942
136.85 0.590917037719
136.92 0.496012783579
136.99 0.507474418602
137.06 0.611516398102
137.13 0.849931394304
137.2 0.835319123259
137.27 0.669949922984
137.34 0.29537068538
137.41 0.615185583254
137.48 0.75468751752
137.55 0.643273124019
137.62 0.386829842989
137.69 0.520840389962
137.76 0.841068817683
137.83 0.724927578177
137.9 0.361048220432
137.97 0.484471838487
138.04 0.747991128369
138.11 0.702748847092
138.18 0.400983328674
138.25 0.348365504163
138.32 0.734284584303
138.39 0.778134456172
138.46 0.762461333152
138.53 0.82745901922
138.6 0.756973496375
138.67 0.350800158452
138.74 0.509148778107
138.81 0.807986986903
138.88 0.826753890992
138.95 0.74858258578
139.02 0.758885299655
139.09 0.753590654405
139.16 0.81376036881
139.23 0.810742364665
139.3 0.708358052899
139.37 0.64748522657
139.44 0.678505320212
139.51 0.679128875595
139.58 0.509409505452
139.65 0.607675377726
139.72 0.568723278285
139.79 0.588433140916
139.86 0.468180059146
139.93 0.403135735362
140.0 0.264391351015
140.07 0.613854070088
140.14 0.725995945955
140.21 0.698449883924
140.28 0.639531474672
140.35 0.727411706253
140.42 0.669615723835
140.49 0.577287692956
140.56 0.539809516051
140.63 0.647590477124
140.7 0.710449730555
140.77 0.629703211862
140.84 0.706800520587
140.91 0.717313833292
140.98 0.651757838825
141.05 0.553965354631
141.12 0.494951056462
141.19 0.424572989401
141.26 0.627279230838
141.33 0.671418134291
141.4 0.620688363687
141.47 0.732748896897
141.54 0.747735849492
141.61 0.701302741279
141.68 0.646350730151
141.75 0.56712283467
141.82 0.490916527509
141.89 0.481006757001
141.96 0.487221235746
142.03 0.508822324947
142.1 0.566615004408
142.17 0.749283879015
142.24 0.736316454757
142.31 0.680998058561
142.38 0.326713393932
142.45 0.544273713957
142.52 0.577849659365
142.59 0.447890981329
142.66 0.44024598104
142.73 0.789342236868
142.8 0.81854275271
142.87 0.784775079413
142.94 0.644003811622
143.01 0.406254536172
143.08 0.473880276526
143.15 0.458747334728
143.22 0.4819209303
143.29 0.652906829385
143.36 0.76871919226
143.43 0.628268396039
143.5 0.644028645693
143.57 0.496352813392
143.64 0.364688912417
143.71 0.363281751535
143.78 0.618429754211
143.85 0.552371906728
143.92 0.717213443796
143.99 0.860124481911
144.06 0.860598253273
144.13 0.538834213065
144.2 0.589216930998
144.27 0.551955875232
144.34 0.597594790459
144.41 0.627112864711
144.48 0.624031419243
144.55 0.539605641487
144.62 0.532793162391
144.69 0.527120500059
144.76 0.579390355497
144.83 0.814111585464
144.9 0.863650462898
144.97 0.805738647866
145.04 0.7631856776
145.11 0.694917577154
145.18 0.653186325607
145.25 0.642569779736
145.32 0.628767889645
145.39 0.687644549384
145.46 0.619017957525
145.53 0.603401968505
145.6 0.580202228319
145.67 0.636020907487
145.74 0.575002516496
145.81 0.434521769987
145.88 0.665073585035
145.95 0.696726020231
146.02 0.667199436683
146.09 0.649635697303
146.16 0.650411557899
146.23 0.717909046433
146.3 0.696586288406
146.37 0.704450699755
146.44 0.540105686671
146.51 0.475442813221
146.58 0.686988520347
146.65 0.506003553637
146.72 0.505016503544
146.79 0.513398393439
146.86 0.555113983625
146.93 0.499760170213
147.0 0.498705736312
147.07 0.454990801442
147.14 0.615337026353
147.21 0.682870402248
147.28 0.607504974651
147.35 0.561822655175
147.42 0.57730615347
147.49 0.548860984491
147.56 0.56716397723
147.63 0.536098389202
147.7 0.524429349728
147.77 0.722340081212
147.84 0.70222234133
147.91 0.649491386724
147.98 0.618416972352
148.05 0.628684103971
148.12 0.556761841294
148.19 0.494798095435
148.26 0.697868468937
148.33 0.590734798504
148.4 0.566803009141
148.47 0.568856090402
148.54 0.672209256678
148.61 0.709580472918
148.68 0.840318735792
148.75 0.788411794168
148.82 0.689861250822
148.89 0.690055485788
148.96 0.653595450425
149.03 0.559225896465
149.1 0.559160160878
149.17 0.561648570204
149.24 0.489702250877
149.31 0.448840792259
149.38 0.461022888963
149.45 0.441105098533
149.52 0.751711962134
149.59 0.695235326663
149.66 0.766264266367
149.73 0.816163414816
149.8 0.834562476712
149.87 0.710023545885
149.94 0.616312816857
150.01 0.582758999745
150.08 0.581208489203
150.15 0.550206071053
150.22 0.521006205596
150.29 0.537552514622
150.36 0.562932786581
150.43 0.498973473485
150.5 0.372205456757
150.57 0.555042216504
150.64 0.665743406796
150.71 0.578816649583
150.78 0.515651539245
150.85 0.533473554267
150.92 0.600324924809
150.99 0.773764073334
151.06 0.923310530523
151.13 0.675973184159
151.2 0.503347448098
151.27 0.664965630876
151.34 0.926118157338
151.41 0.916854332182
151.48 0.795750360998
151.55 0.684891455028
151.62 0.370627070861
151.69 0.304968984387
151.76 0.290469110533
151.83 0.337732885419
151.9 0.413623747108
151.97 0.482968004751
152.04 0.50076935403
152.11 0.426388228404
152.18 0.300158793537
152.25 0.188572532238
152.32 0.319273159637
152.39 0.310032493187
152.46 0.515377324281
152.53 0.395255535616
152.6 0.182913496506
152.67 0.80010463296
152.74 0.750007225627
152.81 0.735300073273
152.88 0.790702213883
152.95 0.79639043334
153.02 0.762948077472
153.09 0.591632624226
153.16 0.612654383147
153.23 0.462540452448
153.3 0.364524106563
153.37 0.794527378543
153.44 0.698819799966
153.51 0.674084175846
153.58 0.395720063692
153.65 0.171607289413
153.72 0.129178043244
153.79 0.0876752799181
153.86 0.0614552684692
153.93 0.0515070904938
154.0 0.0459738809394
154.07 0.035139451708
154.14 0.0298832367274
154.21 0.0251952238179
154.28 0.0678741136395
154.35 0.0186143817192
154.42 0.0185414799526
154.49 0.0101462490198
154.56 0.00233755037801
154.63 0.0
154.7 0.0
154.77 0.0
154.84 0.0
154.91 0.0
154.98 0.0
155.05 0.0
155.12 0.0
155.19 0.0
155.26 0.0
155.33 0.0
155.4 0.0
155.47 0.0
155.54 0.0
155.61 0.0
155.68 0.0
155.75 0.0
155.82 0.0
155.89 0.0
155.96 0.0
156.03 0.0
156.1 0.0
156.17 0.0
156.24 0.0
156.31 0.0
156.38 0.0
156.45 0.0
156.52 0.0
156.59 0.0
156.66 0.0
156.73 0.0
156.8 0.0
156.87 0.0
156.94 0.0
157.01 0.0
157.08 0.0
157.15 0.0
157.22 0.0
157.29 0.0
157.36 0.0
157.43 0.0
157.5 0.0
157.57 0.0
157.64 0.0
157.71 0.0
157.78 0.0
157.85 0.0
157.92 0.0
157.99 0.0
158.06 0.0
158.13 0.0
158.2 0.0
158.27 0.0
158.34 0.0
158.41 0.0
158.48 0.0
158.55 0.0
158.62 0.0
158.69 0.0
158.76 0.0
158.83 0.0
158.9 0.0
158.97 0.0
159.04 0.0
159.11 0.0
159.18 0.0
159.25 0.0
159.32 0.0
159.39 0.0
159.46 0.0
159.53 0.0
159.6 0.0
159.67 0.0
159.74 0.0
159.81 0.0
159.88 0.0
159.95 0.0
160.02 0.0
160.09 0.0
160.16 0.0
160.23 0.0
160.3 0.0
160.37 0.0
160.44 0.0
160.51 0.0
160.58 0.0
160.65 0.0
160.72 0.0
160.79 0.0
160.86 0.0
160.93 0.0
161.0 0.0
161.07 0.0
161.14 0.0
161.21 0.0
161.28 0.0
161.35 0.0
161.42 0.0
161.49 0.0
161.56 0.0
161.63 0.0
161.7 0.0
161.77 0.0
161.84 0.0
161.91 0.0
161.98 0.0
162.05 0.0
162.12 0.0
162.19 0.0
162.26 0.0
162.33 0.0
162.4 0.0
162.47 0.0
162.54 0.0
162.61 0.0
162.68 0.0
162.75 0.0
162.82 0.0
162.89 0.0
162.96 0.0
163.03 0.0
163.1 0.0
163.17 0.0
163.24 0.0
163.31 0.0
163.38 0.0
163.45 0.0
163.52 0.0
