0.0 0.0
0.07 0.0
0.14 0.0
0.21 0.0
0.28 0.0
0.35 0.0
0.42 0.0
0.49 0.0
0.56 0.0
0.63 0.0
0.7 0.0
0.77 0.0
0.84 0.0
0.91 0.0
0.98 0.0
1.05 0.0
1.12 0.0
1.19 0.0
1.26 0.0
1.33 0.0
1.4 0.0
1.47 0.0
1.54 0.0
1.61 0.0
1.68 0.0
1.75 0.0
1.82 0.0
1.89 0.0
1.96 0.0
2.03 0.0
2.1 0.0
2.17 0.0
2.24 0.0
2.31 0.0
2.38 0.0
2.45 0.0
2.52 0.0
2.59 0.0
2.66 0.0
2.73 0.0
2.8 0.0
2.87 0.0
2.94 0.0
3.01 0.0
3.08 0.0
3.15 0.0
3.22 0.0
3.29 0.0
3.36 0.0
3.43 0.0
3.5 0.0
3.57 0.0
3.64 0.0
3.71 0.0
3.78 0.0
3.85 0.0
3.92 0.0
3.99 0.00750966514813
4.06 0.0305941658542
4.13 0.859736002348
4.2 0.786138523946
4.27 0.75390398316
4.34 0.717446673406
4.41 0.640711519967
4.48 0.591774388472
4.55 0.537670934223
4.62 0.513729677934
4.69 0.457548928076
4.76 0.440591769788
4.83 0.373634940625
4.9 0.313356117539
4.97 0.313864436417
5.04 0.334186629316
5.11 0.294165045632
5.18 0.304579348404
5.25 0.210337356543
5.32 0.161991409929
5.39 0.25831868058
5.46 0.239632077074
5.53 0.307478520101
5.6 0.164518472856
5.67 0.0974058153533
5.74 0.1397527282
5.81 0.337681579478
5.88 0.199395189832
5.95 0.0956017809447
6.02 0.362197795814
6.09 0.565682498882
6.16 0.452352431542
6.23 0.398715309639
6.3 0.804803177268
6.37 0.669473083581
6.44 0.582460951188
6.51 0.573265523578
6.58 0.47749140248
6.65 0.402199727058
6.72 0.40658828885
6.79 0.52482694033
6.86 0.44321294226
6.93 0.50002313754
7.0 0.261217591904
7.07 0.204247013663
7.14 0.414685710321
7.21 0.437321815892
7.28 0.339891518849
7.35 0.387610130582
7.42 0.168918711511
7.49 0.124862728089
7.56 0.335237429116
7.63 0.326948737253
7.7 0.388888899078
7.77 0.201706514931
7.84 0.0963648631547
7.91 0.111923915753
7.98 0.449826296074
8.05 0.269582140612
8.12 0.0925293492377
8.19 0.546797461883
8.26 0.63300103996
8.33 0.517268325105
8.4 0.512197288325
8.47 0.735903901823
8.54 0.695635066655
8.61 0.638198615996
8.68 0.632748925968
8.75 0.616767635244
8.82 0.564662409763
8.89 0.530800024247
8.96 0.493766794678
9.03 0.464384575599
9.1 0.478524288825
9.17 0.407324298946
9.24 0.318253388768
9.31 0.281574964583
9.38 0.412520106537
9.45 0.423560532602
9.52 0.450412250693
9.59 0.333941324927
9.66 0.389629219578
9.73 0.350869249246
9.8 0.294416097227
9.87 0.444037110388
9.94 0.476274842165
10.01 0.451048963745
10.08 0.454046863277
10.15 0.349673646087
10.22 0.449420487088
10.29 0.31934055808
10.36 0.161959495261
10.43 0.116897432485
10.5 0.557931765628
10.57 0.560691822256
10.64 0.470702122212
10.71 0.411013807418
10.78 0.495186710861
10.85 0.594028614017
10.92 0.527268290258
10.99 0.508317346644
11.06 0.455459997415
11.13 0.453518349357
11.2 0.404293226595
11.27 0.460617784884
11.34 0.66536250771
11.41 0.601819998679
11.48 0.490919780204
11.55 0.543811344693
11.62 0.898753162991
11.69 0.797611117461
11.76 0.752481888968
11.83 0.678237037435
11.9 0.641414945459
11.97 0.55950288711
12.04 0.515300234008
12.11 0.457345479081
12.18 0.575134238758
12.25 0.570029223335
12.32 0.605942868135
12.39 0.578139631134
12.46 0.458648576275
12.53 0.323232541525
12.6 0.292093704386
12.67 0.527456093132
12.74 0.351419376005
12.81 0.325430339353
12.88 0.362635972744
12.95 0.571807386765
13.02 0.541571779844
13.09 0.434062516373
13.16 0.214734377599
13.23 0.141734683671
13.3 0.0510685057648
13.37 0.0346850085116
13.44 0.0381358463976
13.51 0.415562018567
13.58 0.435618607505
13.65 0.38168885419
13.72 0.336353724066
13.79 0.227365970046
13.86 0.073443985816
13.93 0.273135300237
14.0 0.226879286813
14.07 0.35148875394
14.14 0.326665633202
14.21 0.270271696978
14.28 0.209970917058
14.35 0.143264127457
14.42 0.0432676802146
14.49 0.0308306346751
14.56 0.249041314425
14.63 0.563662508084
14.7 0.4193641259
14.77 0.334154044712
14.84 0.313182695034
14.91 0.289425253354
14.98 0.169211458856
15.05 0.132619806266
15.12 0.359680322016
15.19 0.487509860751
15.26 0.511221222156
15.33 0.414349800966
15.4 0.36962846349
15.47 0.283245191155
15.54 0.107416626838
15.61 0.0594265964684
15.68 0.144396183511
15.75 0.445193801125
15.82 0.485270541071
15.89 0.370914641206
15.96 0.313970507904
16.03 0.308884723003
16.1 0.192547344701
16.17 0.296188893558
16.24 0.336897349109
16.31 0.642918069741
16.38 0.508538116129
16.45 0.449969596112
16.52 0.420639036318
16.59 0.381240849614
16.66 0.21355792419
16.73 0.104767276142
16.8 0.465186285152
16.87 0.543897082399
16.94 0.373729487292
17.01 0.440606797287
17.08 0.394066305728
17.15 0.239862273192
17.22 0.139837817824
17.29 0.080874911964
17.36 0.251639425853
17.43 0.288171320047
17.5 0.162470186002
17.57 0.0388481473691
17.64 0.215432697314
17.71 0.0668454038803
17.78 0.0340596321275
17.85 0.0410079393286
17.92 0.443757334167
17.99 0.434525246263
18.06 0.358644448036
18.13 0.352246605888
18.2 0.475453426957
18.27 0.339474892041
18.34 0.323508387448
18.41 0.379190457922
18.48 0.355823451832
18.55 0.435394657482
18.62 0.371846722435
18.69 0.345210070336
18.76 0.371149901289
18.83 0.261438369941
18.9 0.239743722819
18.97 0.201182921486
19.04 0.359745877032
19.11 0.384573854577
19.18 0.350834471429
19.25 0.343224638794
19.32 0.306174182811
19.39 0.259968649391
19.46 0.2123231986
19.53 0.418085864845
19.6 0.47433424415
19.67 0.458941819659
19.74 0.412580696416
19.81 0.395652609602
19.88 0.408835651577
19.95 0.261863099663
20.02 0.208030945267
20.09 0.156205659453
20.16 0.402380186279
20.23 0.276309042601
20.3 0.354906563447
20.37 0.377168337579
20.44 0.39306529604
20.51 0.216670153017
20.58 0.123362718777
20.65 0.291555953885
20.72 0.478745977216
20.79 0.380755182216
20.86 0.311793465774
20.93 0.443325082143
21.0 0.381220799012
21.07 0.208089047351
21.14 0.0962600469684
21.21 0.425030929741
21.28 0.59683063817
21.35 0.494555109288
21.42 0.387343659978
21.49 0.556093568224
21.56 0.343529001234
21.63 0.11606289411
21.7 0.0611853326705
21.77 0.522385750046
21.84 0.570691402552
21.91 0.411528213696
21.98 0.157582719613
22.05 0.241337809366
22.12 0.0649547632233
22.19 0.0494737188712
22.26 0.192130198097
22.33 0.420320930187
22.4 0.336145755609
22.47 0.292905738573
22.54 0.325217001895
22.61 0.292984155433
22.68 0.225192781243
22.75 0.193733399592
22.82 0.193839460626
22.89 0.508574526502
22.96 0.42741659126
23.03 0.273099312732
23.1 0.222587472503
23.17 0.17982322015
23.24 0.115943599678
23.31 0.0647376617638
23.38 0.280757258261
23.45 0.507575479112
23.52 0.409707454614
23.59 0.328679092826
23.66 0.390805581761
23.73 0.234308432164
23.8 0.105175469344
23.87 0.174829410497
23.94 0.434945562002
24.01 0.499413855803
24.08 0.468284037634
24.15 0.26260201187
24.22 0.220638342054
24.29 0.0696271845275
24.36 0.0488454565307
24.43 0.045004839688
24.5 0.335663240241
24.57 0.450789175408
24.64 0.410415121141
24.71 0.422062727906
24.78 0.429821183968
24.85 0.277394453922
24.92 0.225298690235
24.99 0.130181643528
25.06 0.492285749815
25.13 0.591813021516
25.2 0.371592626189
25.27 0.156143237462
25.34 0.248438287335
25.41 0.136025645279
25.48 0.106722631781
25.55 0.412664633369
25.62 0.611297602882
25.69 0.509273061927
25.76 0.370272118231
25.83 0.294314537601
25.9 0.337435868374
25.97 0.207673298588
26.04 0.173382719633
26.11 0.160090066431
26.18 0.462044906931
26.25 0.388379065477
26.32 0.194506976534
26.39 0.265450938278
26.46 0.127651076021
26.53 0.0594567616968
26.6 0.0403259632302
26.67 0.326155815756
26.74 0.418321437566
26.81 0.347598632065
26.88 0.315714079769
26.95 0.386020658523
27.02 0.267036878199
27.09 0.292611968742
27.16 0.337129141673
27.23 0.374758354964
27.3 0.501553715943
27.37 0.382197805944
27.44 0.309468712473
27.51 0.39091087308
27.58 0.240526187594
27.65 0.166968545272
27.72 0.0951029077063
27.79 0.318073604235
27.86 0.430229544417
27.93 0.370136344295
28.0 0.397525418526
28.07 0.44998379688
28.14 0.277250401273
28.21 0.221765054765
28.28 0.19241388086
28.35 0.602218259706
28.42 0.552868934391
28.49 0.417504681509
28.56 0.499282681152
28.63 0.512817099954
28.7 0.36056943604
28.77 0.220373045978
28.84 0.168735706528
28.91 0.39214516725
28.98 0.494997202262
29.05 0.28060800956
29.12 0.150365089111
29.19 0.46438375362
29.26 0.610709970094
29.33 0.461058972255
29.4 0.652760127375
29.47 0.585305261207
29.54 0.297005263807
29.61 0.110938107462
29.68 0.080093909647
29.75 0.210278565516
29.82 0.0425793344864
29.89 0.145096461723
29.96 0.403261160329
30.03 0.544312280958
30.1 0.124689850086
30.17 0.0501966238555
30.24 0.534157026265
30.31 0.294676175395
30.38 0.0830332500173
30.45 0.0368392480698
30.52 0.65625437719
30.59 0.670882381497
30.66 0.626402257518
30.73 0.311337781153
30.8 0.206599412088
30.87 0.132113344207
30.94 0.0685017936361
31.01 0.173494261798
31.08 0.549597958009
31.15 0.519809465265
31.22 0.48384913297
31.29 0.461690214628
31.36 0.456977203683
31.43 0.279257689872
31.5 0.181128943877
31.57 0.0798996250126
31.64 0.274071390637
31.71 0.696239193202
31.78 0.432342226013
31.85 0.235875406686
31.92 0.314063782165
31.99 0.15059418102
32.06 0.0969936985053
32.13 0.282745659383
32.2 0.598153957964
32.27 0.650648361834
32.34 0.43544350303
32.41 0.423036602763
32.48 0.450469458577
32.55 0.21540272689
32.62 0.108441109985
32.69 0.0600573294992
32.76 0.354592099684
32.83 0.472008578594
32.9 0.308003709042
32.97 0.228485698305
33.04 0.324020605265
33.11 0.162097800705
33.18 0.0859772134294
33.25 0.111004758134
33.32 0.37109861736
33.39 0.548081058678
33.46 0.452021445512
33.53 0.394766197182
33.6 0.543629039106
33.67 0.425298648043
33.74 0.238228080688
33.81 0.317203011836
33.88 0.656314018704
33.95 0.577311684751
34.02 0.476992154837
34.09 0.463030984147
34.16 0.420956195034
34.23 0.30582826811
34.3 0.230666324836
34.37 0.180368550918
34.44 0.718978365521
34.51 0.677661150879
34.58 0.39279837501
34.65 0.578757369284
34.72 0.484175520665
34.79 0.160460784012
34.86 0.180035960841
34.93 0.827101141311
35.0 0.56319031545
35.07 0.511304135672
35.14 0.453694570394
35.21 0.397999162943
35.28 0.173598485969
35.35 0.126606904323
35.42 0.235954812773
35.49 0.466985239441
35.56 0.657191034898
35.63 0.613934888056
35.7 0.510694751306
35.77 0.529003312585
35.84 0.254630888287
35.91 0.136581687441
35.98 0.0658398319671
36.05 0.360619539739
36.12 0.61328012091
36.19 0.400509566766
36.26 0.26605905689
36.33 0.341229464179
36.4 0.206654655773
36.47 0.139121526688
36.54 0.365188852484
36.61 0.407007421508
36.68 0.60332623128
36.75 0.443526797854
36.82 0.587971003982
36.89 0.47792245907
36.96 0.225655631816
37.03 0.107823052546
37.1 0.0604015878872
37.17 0.331706734718
37.24 0.531865449584
37.31 0.402303978786
37.38 0.325917013083
37.45 0.395955332834
37.52 0.287126590543
37.59 0.229968185671
37.66 0.163897079035
37.73 0.363576138832
37.8 0.618472491391
37.87 0.522784198275
37.94 0.4796258214
38.01 0.513262948377
38.08 0.453508586329
38.15 0.385104373557
38.22 0.466067011182
38.29 0.501884822656
38.36 0.597186883207
38.43 0.53795652892
38.5 0.490225389837
38.57 0.550774179553
38.64 0.355319242853
38.71 0.37019670516
38.78 0.286206161469
38.85 0.320476726883
38.92 0.518227313102
38.99 0.545030306329
39.06 0.553138911474
39.13 0.892963487919
39.2 0.569160535268
39.27 0.272622521764
39.34 0.534837226317
39.41 0.584702232217
39.48 0.47010119711
39.55 0.314172435523
39.62 0.332028653314
39.69 0.268158018553
39.76 0.101085442014
39.83 0.0670041599878
39.9 0.108529481826
39.97 0.572493200986
40.04 0.518122837111
40.11 0.389125470527
40.18 0.430561995756
40.25 0.242226873026
40.32 0.116885850649
40.39 0.390235172535
40.46 0.58390931452
40.53 0.495084605783
40.6 0.348830929727
40.67 0.188519103635
40.74 0.208445413072
40.81 0.361828468472
40.88 0.113252576989
40.95 0.0493076818294
41.02 0.264996537465
41.09 0.485173755578
41.16 0.386465489212
41.23 0.330899870925
41.3 0.481057573141
41.37 0.409241894834
41.44 0.20335815526
41.51 0.117817333211
41.58 0.318002528176
41.65 0.489844269699
41.72 0.462517574697
41.79 0.428416058667
41.86 0.359929442672
41.93 0.178370699406
42.0 0.0729328760087
42.07 0.0405365582218
42.14 0.337240364549
42.21 0.511744999002
42.28 0.40097893236
42.35 0.340742779046
42.42 0.399560217312
42.49 0.268898860749
42.56 0.22785903051
42.63 0.245160919468
42.7 0.439894565685
42.77 0.524338150359
42.84 0.434046849346
42.91 0.4080445907
42.98 0.518070636175
43.05 0.386697789218
43.12 0.310780427625
43.19 0.30771086762
43.26 0.688624499958
43.33 0.552625203641
43.4 0.409089651846
43.47 0.30814364039
43.54 0.395346623157
43.61 0.255071563465
43.68 0.125682558255
43.75 0.109994946136
43.82 0.45541029948
43.89 0.409436060685
43.96 0.198339117009
44.03 0.182511535532
44.1 0.298987301951
44.17 0.206274869808
44.24 0.136316365708
44.31 0.12857216838
44.38 0.584754292513
44.45 0.508598432332
44.52 0.404339445609
44.59 0.402738250124
44.66 0.346960130614
44.73 0.125274196856
44.8 0.0552225534321
44.87 0.192609844614
44.94 0.5308839631
45.01 0.465412225981
45.08 0.410860691136
45.15 0.470894473056
45.22 0.420220314174
45.29 0.290830901301
45.36 0.210568838371
45.43 0.214901146345
45.5 0.477180040383
45.57 0.438096112186
45.64 0.339809288573
45.71 0.282396796958
45.78 0.304097753843
45.85 0.227646538788
45.92 0.228027842327
45.99 0.715939641632
46.06 0.458870662827
46.13 0.388523002194
46.2 0.470898571551
46.27 0.244604832643
46.34 0.403303839604
46.41 0.299945755899
46.48 0.187383489787
46.55 0.199347484603
46.62 0.510970123047
46.69 0.445434720039
46.76 0.461678709763
46.83 0.137916673644
46.9 0.117838644816
46.97 0.662248843982
47.04 0.331779902312
47.11 0.48940494675
47.18 0.257835858276
47.25 0.161613773465
47.32 0.0480301638828
47.39 0.547251652687
47.46 0.474424225741
47.53 0.257850701423
47.6 0.391814264844
47.67 0.36114916642
47.74 0.629134514128
47.81 0.236957960559
47.88 0.150166926443
47.95 0.411775127835
48.02 1.0
48.09 0.372082033833
48.16 0.203115609491
48.23 0.754549553637
48.3 0.825916063293
48.37 0.302290790716
48.44 0.217117845905
48.51 0.87591939174
48.58 0.676197264009
48.65 0.302421820927
48.72 0.43058176698
48.79 0.310078984387
48.86 0.396082685517
48.93 0.40493879327
49.0 0.132672746508
49.07 0.0518987128299
49.14 0.522147002488
49.21 0.399926632091
49.28 0.397041735282
49.35 0.337891732596
49.42 0.297840042599
49.49 0.541691418272
49.56 0.218563686282
49.63 0.464378689655
49.7 0.404749192495
49.77 0.512348335878
49.84 0.129301307106
49.91 0.0568131306495
49.98 0.445864449108
50.05 0.730513874215
50.12 0.711260685352
50.19 0.69018202409
50.26 0.690590262905
50.33 0.659962839658
50.4 0.615938560895
50.47 0.617201027586
50.54 0.557601770726
50.61 0.524809191271
50.68 0.460203025348
50.75 0.403647618108
50.82 0.396006302225
50.89 0.431228243059
50.96 0.37053395439
51.03 0.384683611194
51.1 0.311212291941
51.17 0.216400187336
51.24 0.281955854756
51.31 0.313612347131
51.38 0.3726425679
51.45 0.290508316568
51.52 0.150235592629
51.59 0.117744558077
51.66 0.340988195567
51.73 0.298218717703
51.8 0.133396330932
51.87 0.114580837214
51.94 0.586885172644
52.01 0.605640685603
52.08 0.541672004348
52.15 0.458995077289
52.22 0.698072617422
52.29 0.691737014814
52.36 0.682341607628
52.43 0.611176882102
52.5 0.508788914003
52.57 0.467374565121
52.64 0.5394456843
52.71 0.551992298303
52.78 0.576620866432
52.85 0.435744593706
52.92 0.258475218767
52.99 0.29536876976
53.06 0.424059089402
53.13 0.314981203648
53.2 0.413102910076
53.27 0.302012985346
53.34 0.179704869332
53.41 0.261901216713
53.48 0.438632664402
53.55 0.46821452096
53.62 0.309079102664
53.69 0.134322007372
53.76 0.132706785018
53.83 0.473861821552
53.9 0.377672127491
53.97 0.16157052213
54.04 0.305451982924
54.11 0.902343171062
54.18 0.747196273684
54.25 0.719307264767
54.32 0.614804801015
54.39 0.740485540462
54.46 0.589389968
54.53 0.509400560001
54.6 0.403026156817
54.67 0.234150639626
54.74 0.164801357396
54.81 0.257298037456
54.88 0.320588797396
54.95 0.531195679646
55.02 0.456368348615
55.09 0.351117766484
55.16 0.282066491319
55.23 0.42672093799
55.3 0.421869640606
55.37 0.335657889296
55.44 0.45915602946
55.51 0.764885850064
55.58 0.706285076135
55.65 0.717533222639
55.72 0.703324803316
55.79 0.685454094927
55.86 0.644929569917
55.93 0.562480538384
56.0 0.260648735412
56.07 0.675007630418
56.14 0.59796676231
56.21 0.581698995993
56.28 0.571500213439
56.35 0.532384419037
56.42 0.458389754358
56.49 0.3570038764
56.56 0.624354759384
56.63 0.683188458594
56.7 0.604053865736
56.77 0.534622912937
56.84 0.476173056376
56.91 0.459061237625
56.98 0.451094024385
57.05 0.532432720083
57.12 0.677224649267
57.19 0.623336331329
57.26 0.480063966971
57.33 0.352613904414
57.4 0.367288057416
57.47 0.545348997823
57.54 0.390567958368
57.61 0.394091375633
57.68 0.617334312777
57.75 0.382250176026
57.82 0.340980401489
57.89 0.433619453179
57.96 0.456421360126
58.03 0.497539577767
58.1 0.283521691811
58.17 0.463486765695
58.24 0.509279204444
58.31 0.540028370956
58.38 0.513164668117
58.45 0.499816388273
58.52 0.642166891507
58.59 0.341185216016
58.66 0.192471858459
58.73 0.452058928735
58.8 0.60528087327
58.87 0.490168094528
58.94 0.411659875833
59.01 0.399414845694
59.08 0.621959399456
59.15 0.521658482393
59.22 0.446734708914
59.29 0.425226882091
59.36 0.553111907779
59.43 0.505437801731
59.5 0.449617570254
59.57 0.415022620306
59.64 0.48955945327
59.71 0.405029528422
59.78 0.271018920207
59.85 0.386883576578
59.92 0.405510536669
59.99 0.291324148017
60.06 0.257524453418
60.13 0.205039202505
60.2 0.588795649143
60.27 0.428182245838
60.34 0.371759135513
60.41 0.412012730323
60.48 0.508789556383
60.55 0.429448962117
60.62 0.357999222506
60.69 0.289618553513
60.76 0.587447925581
60.83 0.627984675756
60.9 0.521423095924
60.97 0.483536316017
61.04 0.70883099233
61.11 0.458155809442
61.18 0.285011554188
61.25 0.294527534863
61.32 0.419865054562
61.39 0.366669980971
61.46 0.299603618503
61.53 0.359435085095
61.6 0.488576227801
61.67 0.432266009018
61.74 0.399342738597
61.81 0.343783722755
61.88 0.526301771407
61.95 0.465576154384
62.02 0.349945377361
62.09 0.426591536534
62.16 0.559164775989
62.23 0.417951086788
62.3 0.355664943744
62.37 0.29159644945
62.44 0.605938292607
62.51 0.475202257528
62.58 0.39863117028
62.65 0.582410215563
62.72 0.460999989274
62.79 0.351294169972
62.86 0.275780770999
62.93 0.588932560547
63.0 0.680021225549
63.07 0.639182452486
63.14 0.761480602116
63.21 0.630957121476
63.28 0.549796447569
63.35 0.525318296018
63.42 0.337599385312
63.49 0.369623681754
63.56 0.513806573419
63.63 0.410427590525
63.7 0.168631936584
63.77 0.510344827435
63.84 0.704725080362
63.91 0.641054744466
63.98 0.629594811338
64.05 0.344864874036
64.12 0.63740287126
64.19 0.56927754241
64.26 0.407237134891
64.33 0.420362139401
64.4 0.395715088609
64.47 0.293272241727
64.54 0.250541321836
64.61 0.46905158039
64.68 0.485261101133
64.75 0.414908986606
64.82 0.424709231606
64.89 0.568425433626
64.96 0.651977753824
65.03 0.484504967264
65.1 0.430005895628
65.17 0.380655554479
65.24 0.474071913853
65.31 0.41653212182
65.38 0.308768492227
65.45 0.448441935024
65.52 0.498642940554
65.59 0.308352240774
65.66 0.268238050865
65.73 0.411208726829
65.8 0.529862355457
65.87 0.417812974248
65.94 0.385094456587
66.01 0.519724924894
66.08 0.775870798678
66.15 0.673430121252
66.22 0.674041473618
66.29 0.58474483642
66.36 0.652816763199
66.43 0.663177713314
66.5 0.488451331554
66.57 0.511416394338
66.64 0.531606728396
66.71 0.426073854691
66.78 0.324580766827
66.85 0.578511064265
66.92 0.587304634094
66.99 0.411559487884
67.06 0.438564171164
67.13 0.413493392229
67.2 0.367812700904
67.27 0.492373471675
67.34 0.431136757198
67.41 0.697983801806
67.48 0.435565816455
67.55 0.359540686201
67.62 0.381843809235
67.69 0.669516442295
67.76 0.490482111667
67.83 0.302332737337
67.9 0.317301345311
67.97 0.553749823867
68.04 0.441632049199
68.11 0.392725518154
68.18 0.332845659291
68.25 0.4124741612
68.32 0.453186433017
68.39 0.299982690819
68.46 0.252932371361
68.53 0.668271448136
68.6 0.663330909418
68.67 0.642140097821
68.74 0.382421686598
68.81 0.337287457807
68.88 0.233283861592
68.95 0.221335248724
69.02 0.171794456312
69.09 0.639590386265
69.16 0.467571169354
69.23 0.393422563562
69.3 0.340036980742
69.37 0.542483468376
69.44 0.485137709157
69.51 0.393761921431
69.58 0.261771454157
69.65 0.471675586554
69.72 0.472768367184
69.79 0.335928639895
69.86 0.282195881371
69.93 0.527236511479
70.0 0.407685135666
70.07 0.350103742909
70.14 0.190012696754
70.21 0.576647802658
70.28 0.575530428206
70.35 0.446016620826
70.42 0.362396747202
70.49 0.445569859198
70.56 0.455949054411
70.63 0.38627157043
70.7 0.312725118434
70.77 0.56800759903
70.84 0.660113150756
70.91 0.509865294951
70.98 0.372123048243
71.05 0.598036141195
71.12 0.439974139018
71.19 0.360748132519
71.26 0.541910935306
71.33 0.598010443165
71.4 0.472719144381
71.47 0.421166381411
71.54 0.383219049636
71.61 0.612755816666
71.68 0.476899549562
71.75 0.491591413613
71.82 0.532832138533
71.89 0.682075011589
71.96 0.792673996848
72.03 0.726230862214
72.1 0.806993556374
72.17 0.64361339707
72.24 0.570041921733
72.31 0.472668531339
72.38 0.349361356531
72.45 0.523978548034
72.52 0.538741051971
72.59 0.373213705979
72.66 0.42347119054
72.73 0.531207420176
72.8 0.515406262733
72.87 0.259743616066
72.94 0.27195688453
73.01 0.621743611263
73.08 0.462950126055
73.15 0.346915116536
73.22 0.35889764058
73.29 0.512869094682
73.36 0.44349879828
73.43 0.335886230496
73.5 0.40775465709
73.57 0.600190429217
73.64 0.512106422036
73.71 0.401372196891
73.78 0.340784527061
73.85 0.650912375051
73.92 0.520340255071
73.99 0.441758126626
74.06 0.372611134067
74.13 0.439386370342
74.2 0.431737977833
74.27 0.40070878993
74.34 0.420047238516
74.41 0.578074021953
74.48 0.402434706813
74.55 0.284506891932
74.62 0.357239230559
74.69 0.45388367228
74.76 0.3424560688
74.83 0.317530603517
74.9 0.29682421352
74.97 0.388833662044
75.04 0.376647180614
75.11 0.350730302374
75.18 0.436570617703
75.25 0.35887502331
75.32 0.301903450141
75.39 0.343866249514
75.46 0.40345228438
75.53 0.57031073379
75.6 0.47932851373
75.67 0.45151132113
75.74 0.54917492071
75.81 0.818996710682
75.88 0.712271783059
75.95 0.559742416736
76.02 0.628868423631
76.09 0.623729279421
76.16 0.641919446169
76.23 0.519123096089
76.3 0.505649635869
76.37 0.462806272961
76.44 0.392308339241
76.51 0.29314681048
76.58 0.754060113684
76.65 0.569132762808
76.72 0.418247503108
76.79 0.361599467787
76.86 0.396457007455
76.93 0.419520755313
77.0 0.354625258249
77.07 0.136173348848
77.14 0.336173023477
77.21 0.2816072375
77.28 0.272056247143
77.35 0.247939358031
77.42 0.635556263056
77.49 0.634626499524
77.56 0.560227470263
77.63 0.607646190554
77.7 0.692048182107
77.77 0.714549547631
77.84 0.520165212363
77.91 0.333857188418
77.98 0.543503377895
78.05 0.440883014764
78.12 0.452624881216
78.19 0.41639311223
78.26 0.569572049647
78.33 0.637298332551
78.4 0.626630616773
78.47 0.502406380633
78.54 0.571127099288
78.61 0.574205701069
78.68 0.716327642642
78.75 0.60839855662
78.82 0.576176618256
78.89 0.497115872431
78.96 0.368787271355
79.03 0.416503336377
79.1 0.717819766651
79.17 0.538153543667
79.24 0.398998249294
79.31 0.317221639891
79.38 0.578074194901
79.45 0.594175646699
79.52 0.388459796234
79.59 0.37214519323
79.66 0.695109467199
79.73 0.565504302243
79.8 0.654375122615
79.87 0.575601441548
79.94 0.44680273082
80.01 0.350717586871
80.08 0.374388043147
80.15 0.471343537177
80.22 0.752524081707
80.29 0.699435184132
80.36 0.795373694511
80.43 0.590201026265
80.5 0.499040651377
80.57 0.40028066776
80.64 0.508797620336
80.71 0.490532700952
80.78 0.557939799173
80.85 0.434419139616
80.92 0.281691083227
80.99 0.42014775285
81.06 0.632912865774
81.13 0.42889973621
81.2 0.346849695507
81.27 0.428969724215
81.34 0.467220439658
81.41 0.412162172878
81.48 0.258220416474
81.55 0.461584727554
81.62 0.382807498196
81.69 0.367336571321
81.76 0.3235477655
81.83 0.603877084042
81.9 0.634189171182
81.97 0.562325708774
82.04 0.496050869963
82.11 0.564210578468
82.18 0.706858550918
82.25 0.633922040143
82.32 0.572225928358
82.39 0.408582721307
82.46 0.555443928711
82.53 0.541907499146
82.6 0.554021768
82.67 0.481676039194
82.74 0.427065303758
82.81 0.455754778329
82.88 0.470258886069
82.95 0.739490381558
83.02 0.873800159963
83.09 0.81585561754
83.16 0.706361796771
83.23 0.584363149925
83.3 0.61350456222
83.37 0.510998973108
83.44 0.508013238875
83.51 0.445963161739
83.58 0.434190057209
83.65 0.379956298753
83.72 0.461393705181
83.79 0.397774027939
83.86 0.53093839906
83.93 0.37150240228
84.0 0.311272267948
84.07 0.444500577684
84.14 0.512026542717
84.21 0.35459995648
84.28 0.137110818083
84.35 0.432562950835
84.42 0.582909518321
84.49 0.366816190723
84.56 0.200296574635
84.63 0.463495982321
84.7 0.652604720003
84.77 0.568469303583
84.84 0.605742750771
84.91 0.470265729881
84.98 0.673524345779
85.05 0.505445065561
85.12 0.224144086281
85.19 0.118268518325
85.26 0.0862997078864
85.33 0.0613374093617
85.4 0.0513577846412
85.47 0.640048054091
85.54 0.576717019998
85.61 0.385792210894
85.68 0.344059278847
85.75 0.310889417377
85.82 0.433644603856
85.89 0.331880993457
85.96 0.210829507603
86.03 0.321170739044
86.1 0.606965451701
86.17 0.456513370535
86.24 0.359573762092
86.31 0.342937448601
86.38 0.374275053727
86.45 0.318617558069
86.52 0.207932115754
86.59 0.372228180867
86.66 0.60913554834
86.73 0.474807945805
86.8 0.412287894906
86.87 0.349221118248
86.94 0.701663811424
87.01 0.567462487772
87.08 0.642197495758
87.15 0.497730647654
87.22 0.373574362149
87.29 0.334675924829
87.36 0.261193843819
87.43 0.433217654314
87.5 0.600008867688
87.57 0.430620820042
87.64 0.422410892836
87.71 0.302455663683
87.78 0.473904162532
87.85 0.407394659455
87.92 0.340330394223
87.99 0.25298319251
88.06 0.595085205685
88.13 0.579965782022
88.2 0.484107762933
88.27 0.332137316175
88.34 0.706998904183
88.41 0.560096298462
88.48 0.499477078868
88.55 0.439545787834
88.62 0.489777223716
88.69 0.40698892554
88.76 0.403520073471
88.83 0.583304215852
88.9 0.656406471936
88.97 0.807420211334
89.04 0.616313855905
89.11 0.299707507231
89.18 0.650444190637
89.25 0.745217967232
89.32 0.699708683849
89.39 0.654963919478
89.46 0.344258790892
89.53 0.260488627077
89.6 0.314026850096
89.67 0.265865443143
89.74 0.672992312075
89.81 0.53538664988
89.88 0.589124554091
89.95 0.350737622269
90.02 0.600875672328
90.09 0.54091011187
90.16 0.455982269992
90.23 0.264809273393
90.3 0.602843828994
90.37 0.570092158469
90.44 0.430228809861
90.51 0.453343542314
90.58 0.376879691579
90.65 0.511691559871
90.72 0.37636313485
90.79 0.147428296402
90.86 0.492950173559
90.93 0.419923066371
91.0 0.371653317747
91.07 0.201863319193
91.14 0.435245664402
91.21 0.378413217706
91.28 0.314892288255
91.35 0.342313672464
91.42 0.50944003403
91.49 0.535818702348
91.56 0.431513720874
91.63 0.356343741204
91.7 0.311069122088
91.77 0.364268560249
91.84 0.359128531342
91.91 0.258489598185
91.98 0.411231166399
92.05 0.536027524144
92.12 0.493466539285
92.19 0.317370579755
92.26 0.31444736159
92.33 0.430525626244
92.4 0.275983825633
92.47 0.22866047874
92.54 0.283603949644
92.61 0.435086916847
92.68 0.218570485432
92.75 0.189846573238
92.82 0.225824238376
92.89 0.661068282576
92.96 0.566796550255
93.03 0.582690943
93.1 0.379287733751
93.17 0.626723412101
93.24 0.358713584603
93.31 0.404995284654
93.38 0.653516628996
93.45 0.274838227346
93.52 0.136717280826
93.59 0.0686774720718
93.66 0.063456399771
93.73 0.349910352474
93.8 0.376993194142
93.87 0.402358399542
93.94 0.422495183287
94.01 0.542118544564
94.08 0.535799329285
94.15 0.415267446712
94.22 0.426452862388
94.29 0.486511737019
94.36 0.490858033852
94.43 0.463504328503
94.5 0.610338414379
94.57 0.797399276671
94.64 0.727771875483
94.71 0.693742085494
94.78 0.586840302057
94.85 0.547660902584
94.92 0.475626205182
94.99 0.419642514733
95.06 0.516101434218
95.13 0.728783986174
95.2 0.742134042064
95.27 0.535765718394
95.34 0.445295508043
95.41 0.430027899976
95.48 0.426309661176
95.55 0.217306367179
95.62 0.0914983444184
95.69 0.338688449453
95.76 0.759552184604
95.83 0.694575049279
95.9 0.652599428924
95.97 0.617923097287
96.04 0.614090538696
96.11 0.551230425781
96.18 0.496731584109
96.25 0.361843839967
96.32 0.775836288836
96.39 0.79782599815
96.46 0.754846914521
96.53 0.485443489394
96.6 0.251366422175
96.67 0.197726538801
96.74 0.10961944682
96.81 0.0596560741859
96.88 0.696432931433
96.95 0.616693761603
97.02 0.456135687508
97.09 0.313898847431
97.16 0.276047624559
97.23 0.614986625768
97.3 0.506071732406
97.37 0.1802969047
97.44 0.517798215009
97.51 0.611745860228
97.58 0.52628936189
97.65 0.388411333643
97.72 0.462210940172
97.79 0.650341730159
97.86 0.599108769545
97.93 0.617499470823
98.0 0.639412216233
98.07 0.522317358487
98.14 0.348726225672
98.21 0.285928889197
98.28 0.376005998464
98.35 0.645087554409
98.42 0.569966564727
98.49 0.479702986761
98.56 0.641958318681
98.63 0.640142916246
98.7 0.66174566224
98.77 0.695692687905
98.84 0.641188383156
98.91 0.665376755041
98.98 0.539482776013
99.05 0.178636065801
99.12 0.475512594288
99.19 0.605918044349
99.26 0.630277536246
99.33 0.633529240293
99.4 0.496504194125
99.47 0.525691950869
99.54 0.575983384615
99.61 0.437041608251
99.68 0.352309967692
99.75 0.84541707855
99.82 0.546232357989
99.89 0.484788429566
99.96 0.402533239843
100.03 0.269074545837
100.1 0.211846391477
100.17 0.164636776161
100.24 0.0616814957516
100.31 0.269905397182
100.38 0.845287789226
100.45 0.728291435052
100.52 0.679002366073
100.59 0.651017887782
100.66 0.606028883318
100.73 0.553722888591
100.8 0.478733864182
100.87 0.514605821784
100.94 0.703141491398
101.01 0.736922452463
101.08 0.754943126053
101.15 0.775845282148
101.22 0.563490739041
101.29 0.284763472172
101.36 0.133659512667
101.43 0.470623692048
101.5 0.574027982413
101.57 0.566882727934
101.64 0.618690280843
101.71 0.51748433661
101.78 0.447465612283
101.85 0.544227346226
101.92 0.489881606582
101.99 0.429543414708
102.06 0.57211473494
102.13 0.725772366708
102.2 0.563994240072
102.27 0.455354014303
102.34 0.510299897932
102.41 0.558909700019
102.48 0.408683490312
102.55 0.439799098211
102.62 0.420641194371
102.69 0.650397027059
102.76 0.572808213052
102.83 0.390013207617
102.9 0.460287011714
102.97 0.386286404074
103.04 0.188036230017
103.11 0.333106359882
103.18 0.575473700206
103.25 0.645862625169
103.32 0.599934014323
103.39 0.63706347443
103.46 0.645494796395
103.53 0.672538848225
103.6 0.707690273656
103.67 0.65531491905
103.74 0.664713035443
103.81 0.672593111236
103.88 0.461190446239
103.95 0.371259361423
104.02 0.249547777434
104.09 0.449827184572
104.16 0.273480965968
104.23 0.0955763223814
104.3 0.496026506106
104.37 0.657861683832
104.44 0.552788557133
104.51 0.533097486873
104.58 0.487005705937
104.65 0.66323710871
104.72 0.653113885567
104.79 0.659053461222
104.86 0.481818605628
104.93 0.545928313888
105.0 0.328644951686
105.07 0.334950063125
105.14 0.353479378683
105.21 0.763363230134
105.28 0.687690112434
105.35 0.587766341498
105.42 0.483205515289
105.49 0.409816467173
105.56 0.350419675783
105.63 0.283382947345
105.7 0.252771228186
105.77 0.580153634309
105.84 0.498447110788
105.91 0.459448917445
105.98 0.400743338734
106.05 0.592759982003
106.12 0.580204434553
106.19 0.430258957985
106.26 0.332339278005
106.33 0.297875018072
106.4 0.248607543876
106.47 0.188604448881
106.54 0.155990480381
106.61 0.172496729131
106.68 0.125896706289
106.75 0.097957104287
106.82 0.080430237119
106.89 0.10662699801
106.96 0.0685423709237
107.03 0.0367273533557
107.1 0.0353793504152
107.17 0.0473527918207
107.24 0.0334861525937
107.31 0.0331690803517
107.38 0.029179923706
107.45 0.0831390250215
107.52 0.0860452990029
107.59 0.135444837298
107.66 0.240891593191
107.73 0.618016674683
107.8 0.292763562698
107.87 0.0759314511796
107.94 0.041203172328
108.01 0.600391024565
108.08 0.212841667263
108.15 0.0753797393778
108.22 0.0379201646348
108.29 0.715496999405
108.36 0.598821987966
108.43 0.447193238631
108.5 0.404901702507
108.57 0.493391643158
108.64 0.525147877302
108.71 0.434067667763
108.78 0.319186539046
108.85 0.622955788003
108.92 0.7573168969
108.99 0.647053089292
109.06 0.45336972403
109.13 0.455219900481
109.2 0.478909438088
109.27 0.370678823317
109.34 0.61133510511
109.41 0.556215246872
109.48 0.256354341131
109.55 0.170395636973
109.62 0.588276413616
109.69 0.555694038593
109.76 0.296087698833
109.83 0.278234880142
109.9 0.567582005516
109.97 0.703212252919
110.04 0.524208561701
110.11 0.452882521002
110.18 0.327167361038
110.25 0.634267971949
110.32 0.550998971511
110.39 0.621212693171
110.46 0.643780728374
110.53 0.409887872974
110.6 0.255537155554
110.67 0.0868981841545
110.74 0.0646314458364
110.81 0.0349140386541
110.88 0.0262135406797
110.95 0.017147333974
111.02 0.0195760444211
111.09 0.015429298594
111.16 0.0162803972464
111.23 0.0118829637755
111.3 0.0111895265248
111.37 0.011781994264
111.44 0.0108718784219
111.51 0.0102202481022
111.58 0.00916052150788
111.65 0.00727753333903
111.72 0.00791312887846
111.79 0.00962843509591
111.86 0.00812552652371
111.93 0.0073952778876
112.0 0.00747600389296
112.07 0.00825698530413
112.14 0.00670796509804
112.21 0.00738948031772
112.28 0.00825087129583
112.35 0.00572899396729
112.42 0.00754234382876
112.49 0.00932802956069
112.56 0.00789946311015
112.63 0.0113756379255
112.7 0.0146974658653
112.77 0.732108503365
112.84 0.689608263278
112.91 0.586938068223
112.98 0.509165589749
113.05 0.309453576644
113.12 0.329375704913
113.19 0.290941105492
113.26 0.198994328879
113.33 0.516448466431
113.4 0.735986701308
113.47 0.586065051697
113.54 0.54225600237
113.61 0.42037222932
113.68 0.307772365953
113.75 0.172150638632
113.82 0.54306557347
113.89 0.455311214345
113.96 0.589378532505
114.03 0.596500494076
114.1 0.467515269985
114.17 0.452469963231
114.24 0.268911029849
114.31 0.145556848258
114.38 0.0990579289144
114.45 0.308360427311
114.52 0.766867446334
114.59 0.719386845703
114.66 0.733960616457
114.73 0.549173155117
114.8 0.679791362023
114.87 0.626257199488
114.94 0.581703582925
115.01 0.577281289558
115.08 0.6483565951
115.15 0.560372823825
115.22 0.244292187688
115.29 0.418081267461
115.36 0.271021843224
115.43 0.164470588027
115.5 0.069242245273
115.57 0.303178089733
115.64 0.623863965303
115.71 0.528017972775
115.78 0.369855755597
115.85 0.424850055253
115.92 0.2854553947
115.99 0.1513550054
116.06 0.540423679508
116.13 0.329935189887
116.2 0.768827612217
116.27 0.586487417159
116.34 0.459072276859
116.41 0.419968329418
116.48 0.310462079176
116.55 0.154402050763
116.62 0.0878783982325
116.69 0.207992117418
116.76 0.662348338682
116.83 0.609358002645
116.9 0.582904618752
116.97 0.646509585884
117.04 0.414086807383
117.11 0.143988623186
117.18 0.0748987434845
117.25 0.597324416085
117.32 0.608356067398
117.39 0.455871425321
117.46 0.204449619772
117.53 0.383464777844
117.6 0.527176864263
117.67 0.29713361997
117.74 0.507200793222
117.81 0.351034929938
117.88 0.672832983908
117.95 0.508790032466
118.02 0.299889519186
118.09 0.379719204657
118.16 0.467157875127
118.23 0.467935863202
118.3 0.386427547961
118.37 0.670253623118
118.44 0.583204610922
118.51 0.475028578451
118.58 0.479595518383
118.65 0.563582091865
118.72 0.364067784351
118.79 0.138582422059
118.86 0.618577677231
118.93 0.50994399309
119.0 0.722374417749
119.07 0.593957453384
119.14 0.544867493538
119.21 0.643721167632
119.28 0.529797598663
119.35 0.438706942856
119.42 0.3874661416
119.49 0.597525351628
119.56 0.666918786994
119.63 0.643353855803
119.7 0.556497024352
119.77 0.653652818198
119.84 0.5487026321
119.91 0.322616668746
119.98 0.293825110952
120.05 0.519846252894
120.12 0.815629982696
120.19 0.722771329399
120.26 0.661117558594
120.33 0.633352833003
120.4 0.673101878639
120.47 0.497851219242
120.54 0.40729700637
120.61 0.493384879168
120.68 0.632306082285
120.75 0.550402512657
120.82 0.591542541742
120.89 0.520908747612
120.96 0.562540992375
121.03 0.393868517465
121.1 0.500019421051
121.17 0.674652226366
121.24 0.660077071075
121.31 0.62282750501
121.38 0.576757710367
121.45 0.674629480811
121.52 0.450275677584
121.59 0.238450965464
121.66 0.138602459357
121.73 0.54849440707
121.8 0.614020931747
121.87 0.542632970798
121.94 0.249351030661
122.01 0.401585911604
122.08 0.466944094845
122.15 0.258931541017
122.22 0.535015597805
122.29 0.292070874257
122.36 0.723988594811
122.43 0.593702946623
122.5 0.584196699517
122.57 0.522826738811
122.64 0.531036659365
122.71 0.221064414501
122.78 0.139821406739
122.85 0.0996172285862
122.92 0.733274890611
122.99 0.598815471995
123.06 0.398610825096
123.13 0.207302068814
123.2 0.538851350239
123.27 0.23616736056
123.34 0.469779249055
123.41 0.378373153562
123.48 0.575830087783
123.55 0.658633502783
123.62 0.584706224282
123.69 0.216953254217
123.76 0.600588920208
123.83 0.539109049892
123.9 0.417071060153
123.97 0.253490216176
124.04 0.567690396602
124.11 0.589232621136
124.18 0.353380840901
124.25 0.147562390269
124.32 0.500551999257
124.39 0.273588049488
124.46 0.134088176488
124.53 0.0958225551804
124.6 0.636542207235
124.67 0.536725315511
124.74 0.447409558022
124.81 0.321233389099
124.88 0.531952044429
124.95 0.243709252063
125.02 0.131779496928
125.09 0.0818688621299
125.16 0.53953405044
125.23 0.742907906937
125.3 0.639544290786
125.37 0.550798055924
125.44 0.471218736907
125.51 0.239229049516
125.58 0.145171023356
125.65 0.122422526081
125.72 0.523913878665
125.79 0.683562688356
125.86 0.587553942903
125.93 0.483598196357
126.0 0.667458977777
126.07 0.301163712154
126.14 0.129393859166
126.21 0.0663937474346
126.28 0.663854056239
126.35 0.614172882053
126.42 0.463409709616
126.49 0.322137378579
126.56 0.515493605437
126.63 0.530656919013
126.7 0.346465934582
126.77 0.143258313733
126.84 0.525459678421
126.91 0.610483979851
126.98 0.476961415648
127.05 0.42712880525
127.12 0.463120214079
127.19 0.54053671169
127.26 0.502926030476
127.33 0.345973809179
127.4 0.584256433207
127.47 0.617802932412
127.54 0.506305987108
127.61 0.455479159519
127.68 0.521977950254
127.75 0.472004695809
127.82 0.171228375545
127.89 0.609786632257
127.96 0.509659299245
128.03 0.741921197794
128.1 0.688705170848
128.17 0.580684163743
128.24 0.626709141964
128.31 0.599082378771
128.38 0.497568896309
128.45 0.475944628702
128.52 0.511248905291
128.59 0.659765921838
128.66 0.612957802252
128.73 0.574766733075
128.8 0.506225592745
128.87 0.59482978667
128.94 0.430932441561
129.01 0.443636775882
129.08 0.463552656156
129.15 0.783344941001
129.22 0.769066250494
129.29 0.696614243993
129.36 0.68027824006
129.43 0.725045411692
129.5 0.361481105566
129.57 0.240447569278
129.64 0.115792497959
129.71 0.625218947944
129.78 0.631303791638
129.85 0.763288472746
129.92 0.453024637961
129.99 0.318237886136
130.06 0.426770596965
130.13 0.463253640859
130.2 0.63447927964
130.27 0.620048260621
130.34 0.404004856172
130.41 0.348619192516
130.48 0.656925244685
130.55 0.523071991886
130.62 0.329611522803
130.69 0.162187990404
130.76 0.240676780921
130.83 0.777946186154
130.9 0.716206999784
130.97 0.588272181133
131.04 0.553164860375
131.11 0.424501920732
131.18 0.377931762834
131.25 0.376348473203
131.32 0.503595113373
131.39 0.632714758221
131.46 0.739994679863
131.53 0.431012442513
131.6 0.196161352678
131.67 0.174652858768
131.74 0.231667780199
131.81 0.128252671061
131.88 0.0554118292169
131.95 0.311845430093
132.02 0.756013210542
132.09 0.687045881832
132.16 0.602704636953
132.23 0.491987162137
132.3 0.415142991388
132.37 0.39563997012
132.44 0.335064263183
132.51 0.279333066833
132.58 0.700623242183
132.65 0.443389283031
132.72 0.284384605115
132.79 0.156147796836
132.86 0.108633577711
132.93 0.100312274637
133.0 0.0694670125244
133.07 0.474109416081
133.14 0.708984662617
133.21 0.734183902244
133.28 0.568045856719
133.35 0.288641958996
133.42 0.50222473358
133.49 0.49211694655
133.56 0.261747398185
133.63 0.121304772474
133.7 0.718173494435
133.77 0.696126639954
133.84 0.573757533998
133.91 0.578994336044
133.98 0.597435898384
134.05 0.529598935205
134.12 0.452951631912
134.19 0.430982623182
134.26 0.598912933127
134.33 0.563289964093
134.4 0.609829316283
134.47 0.522447274986
134.54 0.650969629498
134.61 0.421588743072
134.68 0.327147446324
134.75 0.402691924681
134.82 0.649236410776
134.89 0.69293621948
134.96 0.600248199659
135.03 0.709774411178
135.1 0.670712667878
135.17 0.462064452942
135.24 0.23257617606
135.31 0.149359244471
135.38 0.642989227523
135.45 0.674364399495
135.52 0.643307146452
135.59 0.596557386472
135.66 0.507450974375
135.73 0.350109810354
135.8 0.410391510844
135.87 0.361799885435
135.94 0.515225335981
136.01 0.710419961698
136.08 0.474554256273
136.15 0.300367986423
136.22 0.137153867962
136.29 0.124085131524
136.36 0.112732218248
136.43 0.0455013116054
136.5 0.0342924158187
136.57 0.485767044347
136.64 0.490636837698
136.71 0.36223378712
136.78 0.400537908435
136.85 0.35269674476
136.92 0.373408005818
136.99 0.332951230938
137.06 0.369963327553
137.13 0.510904514816
137.2 0.622912890167
137.27 0.406581177063
137.34 0.302293454311
137.41 0.116081984944
137.48 0.101272743148
137.55 0.0947370155737
137.62 0.0534880014873
137.69 0.654772851493
137.76 0.572840686475
137.83 0.540430913879
137.9 0.398123570754
137.97 0.569312694632
138.04 0.496370583943
138.11 0.483106216345
138.18 0.421936088873
138.25 0.363790619459
138.32 0.706837590911
138.39 0.536578063318
138.46 0.448169148956
138.53 0.352418996405
138.6 0.601811941378
138.67 0.538377079375
138.74 0.268142361979
138.81 0.259700744837
138.88 0.656628460611
138.95 0.656097667004
139.02 0.628360580836
139.09 0.627569720465
139.16 0.70569212281
139.23 0.511883457438
139.3 0.520166081856
139.37 0.576540099565
139.44 0.731596111649
139.51 0.688377849992
139.58 0.689404891254
139.65 0.705595365826
139.72 0.710705399602
139.79 0.379499084204
139.86 0.197376592123
139.93 0.469685185123
140.0 0.766341634969
140.07 0.705629221885
140.14 0.563855206725
140.21 0.470327881047
140.28 0.448366945772
140.35 0.435983366921
140.42 0.235069727875
140.49 0.56295116498
140.56 0.851494253601
140.63 0.753208888646
140.7 0.735834378498
140.77 0.726364529412
140.84 0.510291525142
140.91 0.412202118239
140.98 0.49788875663
141.05 0.681890644876
141.12 0.566084016469
141.19 0.523970026052
141.26 0.558011278144
141.33 0.485886716984
141.4 0.303653570286
141.47 0.17549307498
141.54 0.714128225561
141.61 0.757574573747
141.68 0.730911642054
141.75 0.631804892299
141.82 0.634799215982
141.89 0.375742760663
141.96 0.183301830495
142.03 0.441810585083
142.1 0.700262840684
142.17 0.622355155582
142.24 0.393591141614
142.31 0.503369441468
142.38 0.4165943243
142.45 0.378996879335
142.52 0.217501183962
142.59 0.710344732029
142.66 0.720328613939
142.73 0.670595448827
142.8 0.52138285313
142.87 0.596168910329
142.94 0.479051677631
143.01 0.351739117543
143.08 0.594220400403
143.15 0.760861327386
143.22 0.543164281349
143.29 0.512578405611
143.36 0.528808910117
143.43 0.489747247591
143.5 0.32710126437
143.57 0.365482149083
143.64 0.563263859349
143.71 0.695463234894
143.78 0.592581051759
143.85 0.514773898096
143.92 0.612454741194
143.99 0.290862724742
144.06 0.227432073365
144.13 0.479745059766
144.2 0.727279732976
144.27 0.576643083639
144.34 0.420749281371
144.41 0.540766182755
144.48 0.609996297889
144.55 0.44468914077
144.62 0.245923609218
144.69 0.77223602835
144.76 0.530729815781
144.83 0.497503478131
144.9 0.402827767036
144.97 0.575364238172
145.04 0.249326873962
145.11 0.433425803322
145.18 0.644574393929
145.25 0.780811514145
145.32 0.698883682339
145.39 0.743858515493
145.46 0.641572656274
145.53 0.40416286347
145.6 0.240508724565
145.67 0.256415240797
145.74 0.724287249007
145.81 0.694282512893
145.88 0.649444353576
145.95 0.456620936789
146.02 0.555988111559
146.09 0.199192842195
146.16 0.101796860189
146.23 0.468171402663
146.3 0.755909468155
146.37 0.708394766296
146.44 0.617114891719
146.51 0.640340440335
146.58 0.565321461656
146.65 0.601637524895
146.72 0.571389146406
146.79 0.607341274109
146.86 0.908075466252
146.93 0.652049278409
147.0 0.634221190378
147.07 0.689407680284
147.14 0.5930613245
147.21 0.75585937776
147.28 0.690683727219
147.35 0.512412742974
147.42 0.922081113168
147.49 0.657014527831
147.56 0.592236249819
147.63 0.799948415217
147.7 0.475052963215
147.77 0.79621322083
147.84 0.632308122505
147.91 0.442083388256
147.98 0.699887371776
148.05 0.443547812975
148.12 0.436714718816
148.19 0.364642012694
148.26 0.27147643599
148.33 0.659525361174
148.4 0.338333019744
148.47 0.548917033855
148.54 0.660689396513
148.61 0.52199325333
148.68 0.513392140774
148.75 0.50069495625
148.82 0.609187744524
148.89 0.724831919341
148.96 0.628397589877
149.03 0.703935518054
149.1 0.569706650956
149.17 0.455071171575
149.24 0.452829025805
149.31 0.437999611773
149.38 0.588121549796
149.45 0.653983372807
149.52 0.529901835188
149.59 0.559867532494
149.66 0.620708361608
149.73 0.549998324824
149.8 0.50839721266
149.87 0.687019587035
149.94 0.697638773703
150.01 0.616587460152
150.08 0.654485909319
150.15 0.464885279999
150.22 0.724440904089
150.29 0.512809553896
150.36 0.559057886323
150.43 0.804039667439
150.5 0.646930602918
150.57 0.524596638732
150.64 0.576406695591
150.71 0.656020263127
150.78 0.608506526738
150.85 0.46864414455
150.92 0.314746706628
150.99 0.469646658509
151.06 0.564642244179
151.13 0.515505424839
151.2 0.479990598871
151.27 0.46478489015
151.34 0.421586963225
151.41 0.39215919792
151.48 0.768990918196
151.55 0.763306461272
151.62 0.632858426963
151.69 0.4965586871
151.76 0.63756865363
151.83 0.659703603426
151.9 0.5458789685
151.97 0.370580121139
152.04 0.3597720673
152.11 0.530561121796
152.18 0.457083559299
152.25 0.559521931381
152.32 0.611657199506
152.39 0.37064569231
152.46 0.398236991594
152.53 0.365298758293
152.6 0.639453857818
152.67 0.477830148378
152.74 0.426700648871
152.81 0.79548113248
152.88 0.720846333793
152.95 0.672992126774
153.02 0.740665815332
153.09 0.60851000756
153.16 0.660348410839
153.23 0.288109181235
153.3 0.263320699576
153.37 0.370684849901
153.44 0.305230622374
153.51 0.20043771472
153.58 0.564861093176
153.65 0.772579331721
153.72 0.778905840288
153.79 0.48877246523
153.86 0.676810288842
153.93 0.689078990095
154.0 0.693901969567
154.07 0.613756439597
154.14 0.646064116617
154.21 0.631400093445
154.28 0.798829163041
154.35 0.673552141045
154.42 0.668677853888
154.49 0.770403011794
154.56 0.480328769858
154.63 0.731123879104
154.7 0.541489044027
154.77 0.628267599257
154.84 0.255207567365
154.91 0.596482162504
154.98 0.670248053612
155.05 0.440899826861
155.12 0.380096111317
155.19 0.2803449181
155.26 0.709070179861
155.33 0.812407002325
155.4 0.439286549701
155.47 0.827891919009
155.54 0.71591354354
155.61 0.43759109263
155.68 0.442706291099
155.75 0.36326207228
155.82 0.795571605358
155.89 0.460400241551
155.96 0.682105372572
156.03 0.86157411803
156.1 0.506602028074
156.17 0.677488336543
156.24 0.647429193928
156.31 0.641728688921
156.38 0.686355942509
156.45 0.355062105757
156.52 0.702865697739
156.59 0.437903919086
156.66 0.517682465068
156.73 0.302644426325
156.8 0.550044221698
156.87 0.353294857076
156.94 0.196817013073
157.01 0.417782897394
157.08 0.61980026603
157.15 0.576824677478
157.22 0.522001161439
157.29 0.626528252272
157.36 0.50616247801
157.43 0.491599781651
157.5 0.481962823623
157.57 0.681599485424
157.64 0.583841191886
157.71 0.541027638808
157.78 0.552162016674
157.85 0.629705304411
157.92 0.551797637364
157.99 0.455839274988
158.06 0.496609844644
158.13 0.427346744844
158.2 0.540375914412
158.27 0.573928349925
158.34 0.658447481658
158.41 0.547645859881
158.48 0.497685357049
158.55 0.36829839491
158.62 0.764414634303
158.69 0.655550601051
158.76 0.653350769654
158.83 0.657445408622
158.9 0.699960123153
158.97 0.34177584119
159.04 0.175643926778
159.11 0.505209904305
159.18 0.633622123995
159.25 0.518725854698
159.32 0.4293801857
159.39 0.572915466669
159.46 0.504440439162
159.53 0.341850515905
159.6 0.266385697355
159.67 0.591115329927
159.74 0.624244694882
159.81 0.454541838526
159.88 0.425065333153
159.95 0.629497487995
160.02 0.503097791918
160.09 0.16540493849
160.16 0.418167392875
160.23 0.62877235939
160.3 0.533260872674
160.37 0.544060132756
160.44 0.666570433912
160.51 0.635502102673
160.58 0.502574696412
160.65 0.480861674955
160.72 0.650170551231
160.79 0.615043065838
160.86 0.627914444483
160.93 0.539549284146
161.0 0.742944122506
161.07 0.490871463004
161.14 0.235336033132
161.21 0.448354337649
161.28 0.665552695749
161.35 0.555511484986
161.42 0.677474819016
161.49 0.669400027168
161.56 0.489141636729
161.63 0.367879754489
161.7 0.292978545066
161.77 0.534031685294
161.84 0.727175108743
161.91 0.567575491446
161.98 0.584164124416
162.05 0.600914159032
162.12 0.524413473154
162.19 0.290806701839
162.26 0.125421814902
162.33 0.756281874358
162.4 0.635756050678
162.47 0.607134970516
162.54 0.61021401417
162.61 0.61780152887
162.68 0.584581246312
162.75 0.503536239673
162.82 0.490752601893
162.89 0.623610956161
162.96 0.501919876051
163.03 0.36320287549
163.1 0.424466344692
163.17 0.601668020816
163.24 0.405412290618
163.31 0.391689052158
163.38 0.296991659806
163.45 0.801517100217
163.52 0.540219583382
163.59 0.342341639728
163.66 0.332367377356
163.73 0.770012867935
163.8 0.451887363999
163.87 0.197405164707
163.94 0.260612420065
164.01 0.771298549613
164.08 0.521476528403
164.15 0.4590409276
164.22 0.52172064211
164.29 0.653363305556
164.36 0.603942874724
164.43 0.681194983054
164.5 0.632508562009
164.57 0.402165119338
164.64 0.148349184454
164.71 0.10144465283
164.78 0.0480180527489
164.85 0.0356051125946
164.92 0.0295159993576
164.99 0.0294831249223
165.06 0.556431112986
165.13 0.811613450802
165.2 0.728966125464
165.27 0.684397858658
165.34 0.637095841424
165.41 0.572089653632
165.48 0.571248718069
165.55 0.559447295627
165.62 0.527359757115
165.69 0.515238840204
165.76 0.562532414329
165.83 0.59749365172
165.9 0.568622184199
165.97 0.58348777579
166.04 0.51173643711
166.11 0.463438232785
166.18 0.586630147038
166.25 0.614204638976
166.32 0.479696251279
166.39 0.687917541379
166.46 0.519124718193
166.53 0.486326648104
166.6 0.493625335303
166.67 0.500893383092
166.74 0.530742371639
166.81 0.704673506602
166.88 0.526801890443
166.95 0.433641304534
167.02 0.542630227381
167.09 0.547961773749
167.16 0.57686849137
167.23 0.488846224839
167.3 0.913003116518
167.37 0.827689787082
167.44 0.580298949861
167.51 0.638522982476
167.58 0.651884412094
167.65 0.483110130488
167.72 0.215425851601
167.79 0.114878225656
167.86 0.0885802472336
167.93 0.073396195063
168.0 0.0601848304238
168.07 0.0536148201212
168.14 0.0456359575763
168.21 0.0374595965992
168.28 0.0313461461123
168.35 0.0297631976264
168.42 0.0257175001829
168.49 0.0230258208606
168.56 0.0182678034403
168.63 0.0173708250188
168.7 0.0141153674233
168.77 0.0120149214453
168.84 0.0106722761017
168.91 0.0090964127955
168.98 0.0090297668742
169.05 0.00824605535023
169.12 0.00824498820206
169.19 0.00859536915072
169.26 0.0068167172841
169.33 0.00361515874831
169.4 0.0
169.47 0.0
169.54 0.0
169.61 0.0
169.68 0.0
169.75 0.0
169.82 0.0
169.89 0.0
169.96 0.0
170.03 0.0
170.1 0.0
170.17 0.0
170.24 0.0
170.31 0.0
170.38 0.0
170.45 0.0
170.52 0.0
170.59 0.0
170.66 0.0
170.73 0.0
170.8 0.0
170.87 0.0
170.94 0.0
171.01 0.0
171.08 0.0
171.15 0.0
171.22 0.0
171.29 0.0
171.36 0.0
171.43 0.0
171.5 0.0
171.57 0.0
171.64 0.0
171.71 0.0
171.78 0.0
171.85 0.0
171.92 0.0
171.99 0.0
172.06 0.0
172.13 0.0
172.2 0.0
172.27 0.0
172.34 0.0
172.41 0.0
172.48 0.0
172.55 0.0
172.62 0.0
172.69 0.0
172.76 0.0
172.83 0.0
172.9 0.0
172.97 0.0
173.04 0.0
173.11 0.0
173.18 0.0
173.25 0.0
173.32 0.0
173.39 0.0
173.46 0.0
173.53 0.0
173.6 0.0
173.67 0.0
173.74 0.0
173.81 0.0
173.88 0.0
173.95 0.0
174.02 0.0
174.09 0.0
174.16 0.0
174.23 0.0
174.3 0.0
174.37 0.0
174.44 0.0
174.51 0.0
174.58 0.0
174.65 0.0
174.72 0.0
174.79 0.0
174.86 0.0
174.93 0.0
175.0 0.0
175.07 0.0
175.14 0.0
175.21 0.0
175.28 0.0
175.35 0.0
175.42 0.0
175.49 0.0
175.56 0.0
175.63 0.0
175.7 0.0
175.77 0.0
175.84 0.0
175.91 0.0
175.98 0.0
176.05 0.0
176.12 0.0
176.19 0.0
176.26 0.0
176.33 0.0
176.4 0.0
176.47 0.0
176.54 0.0
176.61 0.0
176.68 0.0
176.75 0.0
176.82 0.0
176.89 0.0
176.96 0.0
177.03 0.0
177.1 0.0
177.17 0.0
177.24 0.0
177.31 0.0
177.38 0.0
177.45 0.0
177.52 0.0
177.59 0.0
177.66 0.0
177.73 0.0
177.8 0.0
177.87 0.0
177.94 0.0
178.01 0.0
178.08 0.0
178.15 0.0
178.22 0.0
178.29 0.0
178.36 0.0
