0.0 0.0
0.07 0.0
0.14 0.0
0.21 0.0
0.28 0.0
0.35 0.0
0.42 0.0
0.49 0.0
0.56 0.0
0.63 0.0
0.7 0.0
0.77 0.0
0.84 0.0
0.91 0.0
0.98 0.0
1.05 0.0
1.12 0.0
1.19 0.0
1.26 0.0
1.33 0.0
1.4 0.0
1.47 0.0
1.54 0.0
1.61 0.0
1.68 0.0
1.75 0.0
1.82 0.0
1.89 0.0
1.96 0.0
2.03 0.0
2.1 0.0
2.17 0.0
2.24 0.0
2.31 0.0
2.38 0.0
2.45 0.0
2.52 0.0
2.59 0.0
2.66 0.0
2.73 0.0
2.8 0.0
2.87 0.0
2.94 0.0
3.01 0.0
3.08 0.0
3.15 0.0
3.22 0.0
3.29 0.0
3.36 0.0
3.43 0.0
3.5 0.0
3.57 0.0
3.64 0.0
3.71 0.0
3.78 0.0
3.85 0.0
3.92 0.0
3.99 0.000326141182357
4.06 0.000406674073947
4.13 0.000391076831555
4.2 0.000415829714918
4.27 0.000399160432755
4.34 0.201137228918
4.41 0.318683396077
4.48 0.26218259325
4.55 0.173249547948
4.62 0.151125061501
4.69 0.113906542981
4.76 0.126713454274
4.83 0.264931162781
4.9 0.225815566896
4.97 0.170194316525
5.04 0.14716817792
5.11 0.113561579074
5.18 0.113844622151
5.25 0.202781686432
5.32 0.322186729591
5.39 0.196614393773
5.46 0.100908476229
5.53 0.0706693427307
5.6 0.283595107188
5.67 0.274264422954
5.74 0.278804510215
5.81 0.322305457996
5.88 0.217481029975
5.95 0.120697802578
6.02 0.08741585506
6.09 0.0760721551676
6.16 0.14717790001
6.23 0.338217616752
6.3 0.298238573585
6.37 0.209729321053
6.44 0.132981006058
6.51 0.121316993322
6.58 0.102071377223
6.65 0.249122571728
6.72 0.26100626133
6.79 0.183596681542
6.86 0.118488471392
6.93 0.117766926597
7.0 0.102614137149
7.07 0.17400427448
7.14 0.26152080531
7.21 0.193517406635
7.28 0.0957347490943
7.35 0.0643303750747
7.42 0.216272049997
7.49 0.21999754854
7.56 0.21701977082
7.63 0.293771440035
7.7 0.170294455104
7.77 0.0905794163364
7.84 0.0570219979003
7.91 0.0445474282988
7.98 0.187850273196
8.05 0.325266672936
8.12 0.224624770631
8.19 0.112989943125
8.26 0.257755229333
8.33 0.308596865286
8.4 0.187806104221
8.47 0.111656920187
8.54 0.0700482829392
8.61 0.0487209271124
8.68 0.0388596358572
8.75 0.0305965627933
8.82 0.0235639456134
8.89 0.174270105233
8.96 0.314690651829
9.03 0.273045050276
9.1 0.139631415312
9.17 0.101848456149
9.24 0.346704528443
9.31 0.338490529287
9.38 0.13698707473
9.45 0.0837085039503
9.52 0.0605908616015
9.59 0.0415306884867
9.66 0.0322395093863
9.73 0.0278368573902
9.8 0.0275894689985
9.87 0.335567852772
9.94 0.309498254115
10.01 0.170139892951
10.08 0.121771837794
10.15 0.0972112603425
10.22 0.114897413191
10.29 0.243564306502
10.36 0.237915093448
10.43 0.158261576421
10.5 0.115450952032
10.57 0.113062659255
10.64 0.11767061857
10.71 0.104797267729
10.78 0.326506228284
10.85 0.260006227287
10.92 0.111075254346
10.99 0.0754983552429
11.06 0.052222845675
11.13 0.0347744550974
11.2 0.0532352350935
11.27 0.125488346886
11.34 0.112909244044
11.41 0.088732836023
11.48 0.0648616608982
11.55 0.0541461786524
11.62 0.0428651802128
11.69 0.172599696398
11.76 0.292387142932
11.83 0.333224242753
11.9 0.291055341839
11.97 0.199495249033
12.04 0.15152736081
12.11 0.129801872117
12.18 0.194034764134
12.25 0.2952635298
12.32 0.258747033481
12.39 0.188527031071
12.46 0.110462254748
12.53 0.16182785014
12.6 0.165215555505
12.67 0.232897569296
12.74 0.121704540381
12.81 0.0774261847016
12.88 0.128205989942
12.95 0.310531625552
13.02 0.296141395782
13.09 0.244520753234
13.16 0.171292677447
13.23 0.0977874536311
13.3 0.0740650872234
13.37 0.216748364524
13.44 0.114010823426
13.51 0.0412917699114
13.58 0.179283634983
13.65 0.441925472048
13.72 0.419438234728
13.79 0.345961177704
13.86 0.286658692563
13.93 0.253783870874
14.0 0.219597318408
14.07 0.249478465525
14.14 0.319865558676
14.21 0.300855021236
14.28 0.226833151494
14.35 0.215407909869
14.42 0.224450007082
14.49 0.285086189282
14.56 0.264302032263
14.63 0.290774064819
14.7 0.255312622995
14.77 0.223716194689
14.84 0.200330705076
14.91 0.148711011681
14.98 0.160015915671
15.05 0.229399467242
15.12 0.26218644955
15.19 0.208756907248
15.26 0.139309563459
15.33 0.178684651487
15.4 0.231560674844
15.47 0.249455555942
15.54 0.328979733009
15.61 0.145615204254
15.68 0.108893612449
15.75 0.244387956063
15.82 0.222713959219
15.89 0.187503265859
15.96 0.285647622128
16.03 0.253638689069
16.1 0.274831989599
16.17 0.226420622163
16.24 0.250656180798
16.31 0.275024552988
16.38 0.20797372953
16.45 0.310887696072
16.52 0.161426165264
16.59 0.0890022269777
16.66 0.27274548187
16.73 0.192135500556
16.8 0.0811552645125
16.87 0.301268191918
16.94 0.327219880244
17.01 0.309498835779
17.08 0.255096653795
17.15 0.276659339907
17.22 0.139525185065
17.29 0.0794971771133
17.36 0.238074136868
17.43 0.308390085668
17.5 0.225894147645
17.57 0.193715950507
17.64 0.252703319154
17.71 0.216652945962
17.78 0.183042422936
17.85 0.24199314093
17.92 0.290649058662
17.99 0.207420911623
18.06 0.159310019614
18.13 0.220932663319
18.2 0.113593445339
18.27 0.0801026946689
18.34 0.313469094109
18.41 0.334205890612
18.48 0.323362330043
18.55 0.301421254854
18.62 0.318296284388
18.69 0.239400887905
18.76 0.206289400563
18.83 0.227235820633
18.9 0.160262177017
18.97 0.0602111394969
19.04 0.145553794867
19.11 0.198639435939
19.18 0.0612417734875
19.25 0.118088360636
19.32 0.321662151039
19.39 0.199507015723
19.46 0.144077445127
19.53 0.206365246206
19.6 0.23512449317
19.67 0.120771075794
19.74 0.173025484614
19.81 0.360032122197
19.88 0.256795650747
19.95 0.195636271006
20.02 0.205161450875
20.09 0.158021145755
20.16 0.191122610228
20.23 0.207165690085
20.3 0.205773198199
20.37 0.114258433014
20.44 0.113439023628
20.51 0.210327310923
20.58 0.140745643827
20.65 0.0542150326304
20.72 0.175850250893
20.79 0.167411723775
20.86 0.0858215259388
20.93 0.0524235078791
21.0 0.210548874391
21.07 0.0866190521373
21.14 0.0296956514668
21.21 0.211942957953
21.28 0.338481662722
21.35 0.254717549635
21.42 0.229169304048
21.49 0.220154946449
21.56 0.117575788694
21.63 0.0803038343754
21.7 0.249935400241
21.77 0.310308415403
21.84 0.245230758386
21.91 0.213263819793
21.98 0.226249177724
22.05 0.119161363604
22.12 0.181830340362
22.19 0.332095951323
22.26 0.277294130234
22.33 0.213809220027
22.4 0.22459710592
22.47 0.254439413831
22.54 0.139408693198
22.61 0.195932208989
22.68 0.257439556923
22.75 0.252243679761
22.82 0.221980878293
22.89 0.243994187428
22.96 0.141464038042
23.03 0.154201346334
23.1 0.262537896021
23.17 0.224674222562
23.24 0.181838140739
23.31 0.175941037213
23.38 0.342799724226
23.45 0.359325073346
23.52 0.347789993289
23.59 0.353626686905
23.66 0.237384647935
23.73 0.209703380265
23.8 0.297411621299
23.87 0.121945502385
23.94 0.151726572951
24.01 0.34687784427
24.08 0.345600895098
24.15 0.248916736581
24.22 0.235363023189
24.29 0.188604333799
24.36 0.110184827006
24.43 0.236137567243
24.5 0.293019501274
24.57 0.0878823257803
24.64 0.0918410456389
24.71 0.178637742725
24.78 0.0930940049954
24.85 0.0465374173386
24.92 0.318600547064
24.99 0.363189116645
25.06 0.354262999856
25.13 0.312254702437
25.2 0.289306207132
25.27 0.255931326874
25.34 0.243723752522
25.41 0.250096127793
25.48 0.132243730601
25.55 0.1090262762
25.62 0.311198221287
25.69 0.203838927139
25.76 0.108751974461
25.83 0.291675134142
25.9 0.387407520302
25.97 0.361854030381
26.04 0.330771347877
26.11 0.293941306843
26.18 0.241196889242
26.25 0.268831176759
26.32 0.234836725394
26.39 0.0979451218909
26.46 0.112525698408
26.53 0.315291614386
26.6 0.199941897551
26.67 0.113383128925
26.74 0.251110637884
26.81 0.23785689901
26.88 0.186562917279
26.95 0.189115826679
27.02 0.257543144521
27.09 0.17694436696
27.16 0.203748200506
27.23 0.329903393581
27.3 0.148045706842
27.37 0.106348077419
27.44 0.292482756942
27.51 0.221346607601
27.58 0.0779396390862
27.65 0.347532263692
27.72 0.367090260009
27.79 0.160032819023
27.86 0.0610633701528
27.93 0.0512948513001
28.0 0.0378756847514
28.07 0.02987609472
28.14 0.214718856306
28.21 0.238532706562
28.28 0.187543673332
28.35 0.176693522527
28.42 0.201133752981
28.49 0.263066333215
28.56 0.104062723867
28.63 0.381554070798
28.7 0.408904084031
28.77 0.37871063862
28.84 0.292806582004
28.91 0.211412932595
28.98 0.132425215465
29.05 0.119513717095
29.12 0.357782618779
29.19 0.339978710086
29.26 0.285455230781
29.33 0.218912652484
29.4 0.152727712974
29.47 0.106921547306
29.54 0.187559244827
29.61 0.306998277265
29.68 0.243824979527
29.75 0.223769343752
29.82 0.159285525378
29.89 0.147263131853
29.96 0.12094073311
30.03 0.247147581882
30.1 0.23927099437
30.17 0.140129925509
30.24 0.120155831467
30.31 0.14479590254
30.38 0.209486711196
30.45 0.162116927537
30.52 0.260685664092
30.59 0.144078671653
30.66 0.0517983097332
30.73 0.0506398677697
30.8 0.185888285928
30.87 0.204955216639
30.94 0.220897948424
31.01 0.332980109103
31.08 0.321662220089
31.15 0.248120152514
31.22 0.251631663257
31.29 0.162232470251
31.36 0.137380798891
31.43 0.223408093267
31.5 0.179226148606
31.57 0.104400343834
31.64 0.171791652273
31.71 0.127732243162
31.78 0.1976344876
31.85 0.199076391625
31.92 0.281654567738
31.99 0.129207599275
32.06 0.226322453281
32.13 0.137325097297
32.2 0.255544975912
32.27 0.155996426606
32.34 0.362723410162
32.41 0.451421241044
32.48 0.265110873396
32.55 0.216574553639
32.62 0.189464971072
32.69 0.12093422948
32.76 0.234236205229
32.83 0.331048938297
32.9 0.307605390006
32.97 0.214058484488
33.04 0.17780224572
33.11 0.1399254585
33.18 0.0991863707343
33.25 0.28824113913
33.32 0.377528815423
33.39 0.284097162373
33.46 0.214368538052
33.53 0.163013112994
33.6 0.112100639321
33.67 0.198120505491
33.74 0.326657629325
33.81 0.194672984754
33.88 0.149777405688
33.95 0.120993715984
34.02 0.182241475807
34.09 0.101577496926
34.16 0.301871410908
34.23 0.308399489423
34.3 0.236219437843
34.37 0.198123837475
34.44 0.213601236119
34.51 0.238013755047
34.58 0.217627177319
34.65 0.296446001371
34.72 0.291151323339
34.79 0.179381259653
34.86 0.13716338197
34.93 0.118444298906
35.0 0.140128243717
35.07 0.183092236504
35.14 0.285044578691
35.21 0.169696624401
35.28 0.153839257879
35.35 0.189564760888
35.42 0.157725598668
35.49 0.167036865641
35.56 0.249244680101
35.63 0.239768068549
35.7 0.228783317065
35.77 0.174846094881
35.84 0.242841951826
35.91 0.288037018544
35.98 0.161187341487
36.05 0.522353694636
36.12 0.42825302557
36.19 0.35132871816
36.26 0.289645199918
36.33 0.185151232838
36.4 0.087295613394
36.47 0.249608404704
36.54 0.397406498447
36.61 0.390269617207
36.68 0.362623273924
36.75 0.201307333307
36.82 0.124228260103
36.89 0.0945823929461
36.96 0.355977454779
37.03 0.352604278128
37.1 0.294257332698
37.17 0.249509553508
37.24 0.153259210631
37.31 0.103753364321
37.38 0.143006273755
37.45 0.290585999082
37.52 0.190518402293
37.59 0.12419737342
37.66 0.0923400684489
37.73 0.180250530592
37.8 0.171884164857
37.87 0.228962419098
37.94 0.316236762568
38.01 0.216602471146
38.08 0.180590622335
38.15 0.135821493637
38.22 0.0985424727505
38.29 0.100430397986
38.36 0.285945278184
38.43 0.272493737439
38.5 0.284142805987
38.57 0.19209243405
38.64 0.158060197964
38.71 0.115593772072
38.78 0.192028453405
38.85 0.413547387889
38.92 0.304607855623
38.99 0.21319534969
39.06 0.149632100996
39.13 0.0920070093331
39.2 0.101510117588
39.27 0.249932530545
39.34 0.270989293469
39.41 0.0979170686231
39.48 0.0527087102501
39.55 0.106227763192
39.62 0.225571295144
39.69 0.143019765539
39.76 0.300260358669
39.83 0.312034648719
39.9 0.280104783274
39.97 0.250896378564
40.04 0.226996210382
40.11 0.188226188155
40.18 0.188038709933
40.25 0.116564790821
40.32 0.0653065562329
40.39 0.0442080926007
40.46 0.104430997617
40.53 0.290749186708
40.6 0.169411316699
40.67 0.313520883227
40.74 0.280618385123
40.81 0.0605157895588
40.88 0.0439264071287
40.95 0.227780462481
41.02 0.21175701874
41.09 0.265194678584
41.16 0.347331064298
41.23 0.123325547609
41.3 0.0868887590863
41.37 0.104908442701
41.44 0.195650204012
41.51 0.178704292285
41.58 0.356772279812
41.65 0.385478079273
41.72 0.369293256096
41.79 0.312472071374
41.86 0.306096639152
41.93 0.301964390462
42.0 0.300283100892
42.07 0.363490839664
42.14 0.318546163282
42.21 0.330216390572
42.28 0.251585391165
42.35 0.301012848663
42.42 0.25341370467
42.49 0.376595275934
42.56 0.27025137315
42.63 0.0886216985025
42.7 0.0575388462974
42.77 0.0485883125157
42.84 0.0476170398016
42.91 0.163360027873
42.98 0.224170190658
43.05 0.125857116863
43.12 0.166732815968
43.19 0.08769444964
43.26 0.203297073063
43.33 0.146566531879
43.4 0.280292772938
43.47 0.306146851809
43.54 0.229473670886
43.61 0.147586223105
43.68 0.182690435764
43.75 0.218508768522
43.82 0.311498020252
43.89 0.453057335243
43.96 0.422421861853
44.03 0.225031698671
44.1 0.227154339759
44.17 0.218328374424
44.24 0.240354800831
44.31 0.303884179623
44.38 0.4671712374
44.45 0.47391748303
44.52 0.355366151017
44.59 0.305045333285
44.66 0.252144650673
44.73 0.0953872209526
44.8 0.281510929623
44.87 0.400685481892
44.94 0.417540154373
45.01 0.368763345432
45.08 0.239302380792
45.15 0.117240160662
45.22 0.12332514735
45.29 0.254762330702
45.36 0.303986008186
45.43 0.266843088366
45.5 0.233804837959
45.57 0.235464344992
45.64 0.275791025143
45.71 0.269970897819
45.78 0.297285010593
45.85 0.242229350148
45.92 0.232937959214
45.99 0.204016431645
46.06 0.185878645763
46.13 0.20308977849
46.2 0.287262323516
46.27 0.212820339411
46.34 0.0981249577328
46.41 0.107750918703
46.48 0.100278883422
46.55 0.11564965039
46.62 0.165921065346
46.69 0.199206444328
46.76 0.116362381286
46.83 0.171062098779
46.9 0.108255319267
46.97 0.163607391687
47.04 0.125774816745
47.11 0.257260210287
47.18 0.238455941024
47.25 0.180452014381
47.32 0.132637068547
47.39 0.123580228446
47.46 0.202633160939
47.53 0.276307264959
47.6 0.331989749165
47.67 0.256982048736
47.74 0.202062346575
47.81 0.220260562262
47.88 0.17605347031
47.95 0.192195751298
48.02 0.305190730434
48.09 0.376298879174
48.16 0.285302213489
48.23 0.278637192427
48.3 0.275889716001
48.37 0.134001001575
48.44 0.111098520886
48.51 0.325197454979
48.58 0.280294467603
48.65 0.265978498824
48.72 0.234206388245
48.79 0.16708004216
48.86 0.121654983118
48.93 0.221566482256
49.0 0.339912925934
49.07 0.294179811115
49.14 0.262535658313
49.21 0.208255865586
49.28 0.298653022288
49.35 0.289210488961
49.42 0.259600144239
49.49 0.218203175159
49.56 0.211457950073
49.63 0.265325990582
49.7 0.21393783437
49.77 0.204572841353
49.84 0.214705715626
49.91 0.250254528692
49.98 0.128027679065
50.05 0.105067936705
50.12 0.103994496026
50.19 0.113065840264
50.26 0.145096616718
50.33 0.225701298691
50.4 0.246082211931
50.47 0.207050386122
50.54 0.161001226722
50.61 0.124731451697
50.68 0.158206710456
50.75 0.162663200851
50.82 0.378727036381
50.89 0.259845983089
50.96 0.241229963307
51.03 0.193001272151
51.1 0.170907739096
51.17 0.136844330762
51.24 0.18520575121
51.31 0.262810215189
51.38 0.159145147856
51.45 0.220239992207
51.52 0.151984867826
51.59 0.227635257268
51.66 0.105465410665
51.73 0.288425137904
51.8 0.264791132853
51.87 0.19651766091
51.94 0.143923991294
52.01 0.112367948224
52.08 0.136275446303
52.15 0.134407567977
52.22 0.27713775404
52.29 0.154660364271
52.36 0.144656271701
52.43 0.088894930543
52.5 0.149716634141
52.57 0.102813311839
52.64 0.217365284791
52.71 0.227153412842
52.78 0.196176691404
52.85 0.157312533318
52.92 0.110060642434
52.99 0.0843152094102
53.06 0.110510886264
53.13 0.271292076824
53.2 0.301187739781
53.27 0.19819935542
53.34 0.162982661681
53.41 0.167134139206
53.48 0.101558657817
53.55 0.212240168106
53.62 0.334242746076
53.69 0.297355930237
53.76 0.242943460885
53.83 0.183569508376
53.9 0.13322202658
53.97 0.0996057466069
54.04 0.305611598502
54.11 0.30110067166
54.18 0.165780310972
54.25 0.0973411585589
54.32 0.113276041983
54.39 0.244734069253
54.46 0.201756549571
54.53 0.34578669855
54.6 0.309216760581
54.67 0.25781801388
54.74 0.214852073632
54.81 0.194171160128
54.88 0.172873645863
54.95 0.215715534958
55.02 0.211060030211
55.09 0.117480309274
55.16 0.0547676082743
55.23 0.0449179502892
55.3 0.187815647247
55.37 0.1951196953
55.44 0.23486182353
55.51 0.333565859462
55.58 0.146290615058
55.65 0.0588000004382
55.72 0.0558147043952
55.79 0.265709966905
55.86 0.158448219014
55.93 0.30209164369
56.0 0.228682312427
56.07 0.113606652729
56.14 0.0764257328438
56.21 0.143219599136
56.28 0.221883831776
56.35 0.20946399355
56.42 0.370009059157
56.49 0.340108080475
56.56 0.31776092809
56.63 0.27904466819
56.7 0.25966974373
56.77 0.260316057314
56.84 0.318911868116
56.91 0.271971194123
56.98 0.247806989332
57.05 0.214632242281
57.12 0.196563602963
57.19 0.193872528002
57.26 0.238394529296
57.33 0.297380217321
57.4 0.173609306238
57.47 0.087239280981
57.54 0.052866365636
57.61 0.0450353913098
57.68 0.0317054896273
57.75 0.058860060413
57.82 0.154510663748
57.89 0.0788535541615
57.96 0.028693439404
58.03 0.0200087047757
58.1 0.126396024
58.17 0.091466153565
58.24 0.106658651788
58.31 0.221324635467
58.38 0.0846414114507
58.45 0.03807116582
58.52 0.0302635399583
58.59 0.190652899981
58.66 0.18034456112
58.73 0.191171102472
58.8 0.229705498316
58.87 0.156330958021
58.94 0.116817427058
59.01 0.0711414077197
59.08 0.162422546648
59.15 0.085976728273
59.22 0.297666171057
59.29 0.18892654846
59.36 0.0520468310228
59.43 0.0434123745916
59.5 0.178635172638
59.57 0.16645848614
59.64 0.165489095347
59.71 0.302541528223
59.78 0.132617289648
59.85 0.070248035782
59.92 0.0463237431932
59.99 0.218641362053
60.06 0.0802748799388
60.13 0.234919431623
60.2 0.219490440958
60.27 0.0790996153774
60.34 0.0441132042071
60.41 0.0755920276438
60.48 0.179246062096
60.55 0.0834769538929
60.62 0.30298596244
60.69 0.279701651847
60.76 0.275036667271
60.83 0.285397573533
60.9 0.290118120432
60.97 0.29358710186
61.04 0.26799036754
61.11 0.29566502742
61.18 0.259621899859
61.25 0.253903525025
61.32 0.23526996054
61.39 0.182822624354
61.46 0.126696313341
61.53 0.163307592722
61.6 0.0809195374792
61.67 0.0456664353495
61.74 0.0289637642973
61.81 0.0413496741032
61.88 0.0652875462525
61.95 0.165324400311
62.02 0.411572584129
62.09 0.149407488768
62.16 0.0571742228664
62.23 0.0367416433961
62.3 0.0671941912223
62.37 0.096281242434
62.44 0.192430869749
62.51 0.395172541946
62.58 0.357144547963
62.65 0.303059829023
62.72 0.279011496985
62.79 0.250618178392
62.86 0.181008509524
62.93 0.221356067533
63.0 0.273518766627
63.07 0.0987757560949
63.14 0.0645650874154
63.21 0.0465578340786
63.28 0.0988196324825
63.35 0.114444436595
63.42 0.257234085755
63.49 0.352895579188
63.56 0.339602106962
63.63 0.276994962087
63.7 0.217736533568
63.77 0.179827246924
63.84 0.155689194754
63.91 0.321787558625
63.98 0.236788858322
64.05 0.07120430228
64.12 0.0534395171874
64.19 0.213089451822
64.26 0.311494245876
64.33 0.211921764101
64.4 0.304269546321
64.47 0.134571160544
64.54 0.0557674339953
64.61 0.0935739078122
64.68 0.289966433826
64.75 0.230096707397
64.82 0.373842786903
64.89 0.383692330194
64.96 0.357324356887
65.03 0.29010369822
65.1 0.287406456689
65.17 0.263124171867
65.24 0.272444386158
65.31 0.125957525794
65.38 0.0853917983284
65.45 0.0684137324306
65.52 0.0678368006517
65.59 0.0716815788335
65.66 0.102189231376
65.73 0.317791860417
65.8 0.202680517945
65.87 0.0602409517994
65.94 0.0352048977911
66.01 0.166573740949
66.08 0.357613468224
66.15 0.320339792321
66.22 0.314684527392
66.29 0.241456125078
66.36 0.173900594424
66.43 0.135845402699
66.5 0.249429321396
66.57 0.11601698552
66.64 0.299212672692
66.71 0.25404206744
66.78 0.0682007300656
66.85 0.0415743811295
66.92 0.168995279832
66.99 0.228961409087
67.06 0.198216011829
67.13 0.378249194549
67.2 0.121607532485
67.27 0.0538579216703
67.34 0.0593123652279
67.41 0.209020375066
67.48 0.100018497133
67.55 0.275772312432
67.62 0.274642724255
67.69 0.0635029230499
67.76 0.0540042937206
67.83 0.119519823977
67.9 0.23842109505
67.97 0.148833728635
68.04 0.369072212262
68.11 0.391099654533
68.18 0.324776385612
68.25 0.274332711653
68.32 0.269140521091
68.39 0.256211430034
68.46 0.305235249344
68.53 0.368116660847
68.6 0.314760026612
68.67 0.29410479759
68.74 0.220675456868
68.81 0.285155297226
68.88 0.179423193261
68.95 0.215847316266
69.02 0.101030740258
69.09 0.140497837621
69.16 0.0736035062217
69.23 0.17072983316
69.3 0.122340973878
69.37 0.185850049453
69.44 0.278618746554
69.51 0.0823905047836
69.58 0.0481092687351
69.65 0.0476223040318
69.72 0.273113819989
69.79 0.121708851947
69.86 0.363551841769
69.93 0.364654626611
70.0 0.306635700774
70.07 0.28210924134
70.14 0.291472856857
70.21 0.23285543907
70.28 0.277506189298
70.35 0.42632753798
70.42 0.377203437308
70.49 0.339530018139
70.56 0.216542388935
70.63 0.234108520142
70.7 0.129321378274
70.77 0.29174187447
70.84 0.196386490524
70.91 0.209471498999
70.98 0.195727241071
71.05 0.255059111337
71.12 0.254805264959
71.19 0.142531983932
71.26 0.414756466176
71.33 0.423036626337
71.4 0.390058681678
71.47 0.352319662102
71.54 0.200771053604
71.61 0.0980470042907
71.68 0.249595447769
71.75 0.465870615576
71.82 0.401832292926
71.89 0.335194916352
71.96 0.267893572648
72.03 0.16517557638
72.1 0.206039563801
72.17 0.393990977395
72.24 0.308496104081
72.31 0.103530093313
72.38 0.0677421837791
72.45 0.056255251883
72.52 0.038699807133
72.59 0.0586388550713
72.66 0.222635695634
72.73 0.157526453237
72.8 0.0437224913541
72.87 0.0570523918663
72.94 0.172212389261
73.01 0.226898788182
73.08 0.207267780807
73.15 0.298716081867
73.22 0.150140182308
73.29 0.0712312050947
73.36 0.0552353968077
73.43 0.31763621218
73.5 0.330238093526
73.57 0.287868077482
73.64 0.266205740826
73.71 0.211936249512
73.78 0.162143194852
73.85 0.128695857111
73.92 0.178859202032
73.99 0.210656979537
74.06 0.380990088931
74.13 0.153092969564
74.2 0.0756053134467
74.27 0.0591890993798
74.34 0.233347682047
74.41 0.0919086344695
74.48 0.32090807405
74.55 0.262387268581
74.62 0.112223538849
74.69 0.076494476809
74.76 0.161905088499
74.83 0.181441496557
74.9 0.177931557592
74.97 0.345419568231
75.04 0.146680983828
75.11 0.0709270781788
75.18 0.0612124445391
75.25 0.207598295584
75.32 0.107160393319
75.39 0.295462284335
75.46 0.32288797117
75.53 0.279586924866
75.6 0.269994719104
75.67 0.231785008528
75.74 0.247865168556
75.81 0.322122723199
75.88 0.300345695843
75.95 0.213201924711
76.02 0.221253759126
76.09 0.230030690345
76.16 0.160685843389
76.23 0.12158032889
76.3 0.191122234546
76.37 0.133889921402
76.44 0.0653928051095
76.51 0.0540799638117
76.58 0.0860602537472
76.65 0.0962002601283
76.72 0.190740809583
76.79 0.361271078327
76.86 0.135214308334
76.93 0.0761308739224
77.0 0.0577923883847
77.07 0.113122792962
77.14 0.11511465339
77.21 0.324997119303
77.28 0.362288731975
77.35 0.325632701956
77.42 0.293888201083
77.49 0.268978480407
77.56 0.221252167451
77.63 0.173581318509
77.7 0.384562540923
77.77 0.244729632459
77.84 0.0827585444636
77.91 0.0586760206771
77.98 0.083165598901
78.05 0.138633624828
78.12 0.255099459122
78.19 0.367385420881
78.26 0.326288393548
78.33 0.304024021125
78.4 0.244044302947
78.47 0.203718068699
78.54 0.177585696027
78.61 0.312876744151
78.68 0.255574826836
78.75 0.0827776726492
78.82 0.0641943465697
78.89 0.152624646181
78.96 0.308393731305
79.03 0.217339389646
79.1 0.356719417484
79.17 0.13415432667
79.24 0.0623507225581
79.31 0.0799883901838
79.38 0.236178453388
79.45 0.164614691257
79.52 0.332844176566
79.59 0.358414563987
79.66 0.298899694426
79.73 0.251674341207
79.8 0.262328403533
79.87 0.249384861005
79.94 0.215105570076
80.01 0.156698078977
80.08 0.0894621847053
80.15 0.0808281460887
80.22 0.0890965126415
80.29 0.0937349080558
80.36 0.138825373653
80.43 0.302395135106
80.5 0.187065335272
80.57 0.0678360949312
80.64 0.0563125439823
80.71 0.159027113468
80.78 0.272587598266
80.85 0.282514163401
80.92 0.274267181467
80.99 0.218381248455
81.06 0.192794459762
81.13 0.100514144657
81.2 0.188824888427
81.27 0.116681850308
81.34 0.373197903485
81.41 0.190355390219
81.48 0.0662195408807
81.55 0.0514496861447
81.62 0.234552969574
81.69 0.163723190708
81.76 0.280521703754
81.83 0.353382072241
81.9 0.111481104494
81.97 0.0802204551948
82.04 0.12204196841
82.11 0.235176132483
82.18 0.128568349918
82.25 0.370384373727
82.32 0.192101632994
82.39 0.0705785681142
82.46 0.0568073699204
82.53 0.276793137726
82.6 0.329436828062
82.67 0.26541113816
82.74 0.356904514045
82.81 0.23152180638
82.88 0.142257507811
82.95 0.108548471819
83.02 0.277091895081
83.09 0.155013644679
83.16 0.458000938976
83.23 0.248216339995
83.3 0.0903567082664
83.37 0.0728581389714
83.44 0.310988281725
83.51 0.173670254508
83.58 0.313349766486
83.65 0.427249585811
83.72 0.118315382613
83.79 0.0723920053116
83.86 0.120915446547
83.93 0.291353237816
84.0 0.113771855696
84.07 0.401155528028
84.14 0.343132317543
84.21 0.274413071333
84.28 0.230489143004
84.35 0.116151107526
84.42 0.0554354036163
84.49 0.182955370029
84.56 0.287769728366
84.63 0.106821553849
84.7 0.0628368422693
84.77 0.0916532326975
84.84 0.360352955846
84.91 0.138379130077
84.98 0.381335113696
85.05 0.281616579377
85.12 0.0921102563599
85.19 0.0619396912745
85.26 0.210160641508
85.33 0.263286884331
85.4 0.173843044848
85.47 0.404410316846
85.54 0.161363913226
85.61 0.0647590540523
85.68 0.0524675843964
85.75 0.248520500851
85.82 0.16205719526
85.89 0.263784639653
85.96 0.376671202331
86.03 0.25636003511
86.1 0.178336423476
86.17 0.181211607225
86.24 0.301694062058
86.31 0.187399585803
86.38 0.465689855158
86.45 0.343313503968
86.52 0.387295378622
86.59 0.292701527958
86.66 0.349091740988
86.73 0.285287372292
86.8 0.323094514378
86.87 0.546582732085
86.94 0.298553168103
87.01 0.0942394139513
87.08 0.0722131923548
87.15 0.0538024436121
87.22 0.04400854808
87.29 0.130106978615
87.36 0.151019033724
87.43 0.121158363035
87.5 0.206442862588
87.57 0.095818922942
87.64 0.194980677724
87.71 0.0597196116025
87.78 0.287666827763
87.85 0.349080279759
87.92 0.271067057314
87.99 0.267418407404
88.06 0.268410340291
88.13 0.205068873921
88.2 0.262259320166
88.27 0.440838265723
88.34 0.4788771381
88.41 0.333336042691
88.48 0.247855117598
88.55 0.254332910893
88.62 0.237995468343
88.69 0.25583546475
88.76 0.439553242312
88.83 0.400411464547
88.9 0.336773174239
88.97 0.223089558184
89.04 0.204979002814
89.11 0.36908497843
89.18 0.374003808213
89.25 0.351720340374
89.32 0.226861177844
89.39 0.129060010062
89.46 0.0924584118088
89.53 0.207337647137
89.6 0.326352215025
89.67 0.32414852141
89.74 0.422168010794
89.81 0.381669886203
89.88 0.359172754752
89.95 0.305119770998
90.02 0.231102903328
90.09 0.293995889584
90.16 0.394314521573
90.23 0.397610195366
90.3 0.254620733676
90.37 0.178967087152
90.44 0.167311822776
90.51 0.314838991236
90.58 0.282002300691
90.65 0.273100852521
90.72 0.15919464543
90.79 0.136838738834
90.86 0.115779134303
90.93 0.188770691901
91.0 0.0894653329443
91.07 0.292888142462
91.14 0.299170232322
91.21 0.235267745069
91.28 0.210641417405
91.35 0.288818780141
91.42 0.307011439011
91.49 0.306285988761
91.56 0.489493772661
91.63 0.414324839089
91.7 0.340312139032
91.77 0.307179522207
91.84 0.330756601478
91.91 0.296684826318
91.98 0.433003504147
92.05 0.43438773688
92.12 0.343146838065
92.19 0.250498329963
92.26 0.239067272874
92.33 0.236210553723
92.4 0.259771980745
92.47 0.445841306805
92.54 0.419911776698
92.61 0.313736633572
92.68 0.246372188156
92.75 0.202018002048
92.82 0.354297562606
92.89 0.30197155651
92.96 0.372224808538
93.03 0.275015125826
93.1 0.144871893307
93.17 0.108648902986
93.24 0.226461564486
93.31 0.254569984999
93.38 0.330868676448
93.45 0.519085157727
93.52 0.404511128377
93.59 0.379632879559
93.66 0.273796041054
93.73 0.177401572026
93.8 0.273032470193
93.87 0.326965991734
93.94 0.354080762458
94.01 0.277713105847
94.08 0.1259174507
94.15 0.246635732046
94.22 0.317287738396
94.29 0.226439332534
94.36 0.175658279702
94.43 0.12876176532
94.5 0.269319592695
94.57 0.284357606008
94.64 0.299416933719
94.71 0.293781364595
94.78 0.406004624901
94.85 0.398291257785
94.92 0.263870635734
94.99 0.223215992167
95.06 0.274915272811
95.13 0.250307251748
95.2 0.300250346332
95.27 0.550058647832
95.34 0.400300007521
95.41 0.449331751265
95.48 0.275538823106
95.55 0.242687892923
95.62 0.155800067775
95.69 0.33517311977
95.76 0.373251322899
95.83 0.313158075008
95.9 0.278421815423
95.97 0.242099350111
96.04 0.231790415541
96.11 0.129056644138
96.18 0.368515664453
96.25 0.261475365336
96.32 0.288356059219
96.39 0.175829807235
96.46 0.278323249793
96.53 0.15949419277
96.6 0.248858124328
96.67 0.387036332383
96.74 0.354012219793
96.81 0.316807375632
96.88 0.254716431951
96.95 0.228678251316
97.02 0.152832620726
97.09 0.358727346805
97.16 0.436550041098
97.23 0.368109774513
97.3 0.241681847967
97.37 0.197428432427
97.44 0.195555376477
97.51 0.164876726568
97.58 0.457764837431
97.65 0.283999207664
97.72 0.207343235554
97.79 0.177944559
97.86 0.254729212163
97.93 0.261043558015
98.0 0.290582008192
98.07 0.466288736835
98.14 0.361324592539
98.21 0.284463296724
98.28 0.229757122415
98.35 0.181898861961
98.42 0.119062862343
98.49 0.338877027713
98.56 0.486657587286
98.63 0.278574569387
98.7 0.167066512924
98.77 0.156257163999
98.84 0.303448698576
98.91 0.191997539804
98.98 0.397047874225
99.05 0.320542885341
99.12 0.312747906271
99.19 0.205502645087
99.26 0.171370125298
99.33 0.123388521753
99.4 0.127806561499
99.47 0.365092533792
99.54 0.437965958693
99.61 0.36244899724
99.68 0.322124472871
99.75 0.233571004551
99.82 0.10959422438
99.89 0.248307590943
99.96 0.460112191396
100.03 0.385553229729
100.1 0.316380095221
100.17 0.258765115375
100.24 0.219721139002
100.31 0.129686413667
100.38 0.327222758133
100.45 0.381875537606
100.52 0.17406237295
100.59 0.134450145277
100.66 0.132866879466
100.73 0.307518881312
100.8 0.252500045901
100.87 0.362713081832
100.94 0.385079500503
101.01 0.362353763593
101.08 0.328209214956
101.15 0.341946473026
101.22 0.363824816333
101.29 0.331943913613
101.36 0.324295973693
101.43 0.287806813218
101.5 0.245988739659
101.57 0.261004868615
101.64 0.279517404959
101.71 0.272779461785
101.78 0.408332087614
101.85 0.235789086437
101.92 0.104245858923
101.99 0.0627136723898
102.06 0.066629632374
102.13 0.225402457072
102.2 0.159136855932
102.27 0.219461478329
102.34 0.229337799208
102.41 0.0642430939502
102.48 0.0349852431619
102.55 0.127462171064
102.62 0.285120333047
102.69 0.204138315311
102.76 0.413373337083
102.83 0.397474004182
102.9 0.325289769775
102.97 0.267500783596
103.04 0.218151286561
103.11 0.17474846553
103.18 0.232211494272
103.25 0.254054636989
103.32 0.157212406442
103.39 0.0922135232827
103.46 0.0642702062574
103.53 0.209649956169
103.6 0.231914954729
103.67 0.274525529007
103.74 0.424283140581
103.81 0.291053441192
103.88 0.2310852767
103.95 0.158511083145
104.02 0.186062247788
104.09 0.18872663879
104.16 0.241402990058
104.23 0.206564773172
104.3 0.139338658337
104.37 0.0976037439336
104.44 0.137330029148
104.51 0.301304671699
104.58 0.154110368077
104.65 0.317713471605
104.72 0.311112653553
104.79 0.257932159198
104.86 0.198687774868
104.93 0.162784011307
105.0 0.111713738295
105.07 0.23114951131
105.14 0.404902659304
105.21 0.281350226648
105.28 0.246579660621
105.35 0.199668204393
105.42 0.192040086675
105.49 0.154820121604
105.56 0.400099547787
105.63 0.426693849054
105.7 0.40844579171
105.77 0.281708765434
105.84 0.180398261417
105.91 0.0896478395229
105.98 0.256849422436
106.05 0.468194265291
106.12 0.351370957229
106.19 0.321978877933
106.26 0.282239821869
106.33 0.185217813998
106.4 0.125823297286
106.47 0.39414172421
106.54 0.428643064302
106.61 0.216357343869
106.68 0.160006228692
106.75 0.116654824606
106.82 0.132553522007
106.89 0.125025939617
106.96 0.39938114304
107.03 0.447462524696
107.1 0.324135105699
107.17 0.154206914855
107.24 0.149145052028
107.31 0.150841927137
107.38 0.17684915555
107.45 0.404717192912
107.52 0.402069898369
107.59 0.319291799713
107.66 0.266631181448
107.73 0.214927722657
107.8 0.370300411713
107.87 0.426074640755
107.94 0.302169332633
108.01 0.211477478518
108.08 0.132806182821
108.15 0.125216074531
108.22 0.126990131822
108.29 0.131063885294
108.36 0.235119658458
108.43 0.246960862047
108.5 0.148127676922
108.57 0.111176122053
108.64 0.101847234305
108.71 0.0798765188545
108.78 0.210424253279
108.85 0.391239393044
108.92 0.348900608936
108.99 0.219688817471
109.06 0.119477852918
109.13 0.0803881416428
109.2 0.112222077083
109.27 0.290653319903
109.34 0.337962568425
109.41 0.26142227479
109.48 0.182911014969
109.55 0.138398197404
109.62 0.260262474051
109.69 0.316279458073
109.76 0.272873679569
109.83 0.181992773113
109.9 0.153411717651
109.97 0.164581523564
110.04 0.263135087713
110.11 0.243226239463
110.18 0.364328780357
110.25 0.561624402739
110.32 0.505848117394
110.39 0.427508661309
110.46 0.297891065339
110.53 0.114779292197
110.6 0.0642309550894
110.67 0.326193365883
110.74 0.376976919751
110.81 0.37656794126
110.88 0.307504885107
110.95 0.189466911511
111.02 0.0720949344304
111.09 0.0518474011963
111.16 0.287680080796
111.23 0.40184296885
111.3 0.315067156644
111.37 0.268207317493
111.44 0.12852752463
111.51 0.0506978480342
111.58 0.054699594607
111.65 0.284604978015
111.72 0.199084010598
111.79 0.0647594238826
111.86 0.0377079807481
111.93 0.0337033539462
112.0 0.23885078872
112.07 0.123712347985
112.14 0.362094328798
112.21 0.404585174023
112.28 0.364969392001
112.35 0.328360564501
112.42 0.194562884163
112.49 0.152532428524
112.56 0.0678678418207
112.63 0.235978899505
112.7 0.297859501024
112.77 0.257142288253
112.84 0.244890499283
112.91 0.209607075749
112.98 0.290226733509
113.05 0.135959467262
113.12 0.336816540355
113.19 0.314488461149
113.26 0.172220167401
113.33 0.083976674231
113.4 0.071621570354
113.47 0.0599849180389
113.54 0.0423831087391
113.61 0.0306838205108
113.68 0.0281014686392
113.75 0.0190394813429
113.82 0.0158040243512
113.89 0.011670234312
113.96 0.00794327283293
114.03 0.00603487936168
114.1 0.00371047594175
114.17 0.00300039588697
114.24 0.0811764431497
114.31 0.0993037906886
114.38 0.0987562885081
114.45 0.112295230924
114.52 0.120414056121
114.59 0.118013261675
114.66 0.116803256471
114.73 0.12807818548
114.8 0.123505850421
114.87 0.11926916563
114.94 0.120783878243
115.01 0.116892138633
115.08 0.128278539883
115.15 0.131341723828
115.22 0.133695069981
115.29 0.14473186806
115.36 0.142594742732
115.43 0.131703791217
115.5 0.118074785757
115.57 0.124324323527
115.64 0.1251521723
115.71 0.137195249405
115.78 0.144720230109
115.85 0.150444456688
115.92 0.163169392049
115.99 0.187948198645
116.06 0.184715268437
116.13 0.208272606259
116.2 0.220871780588
116.27 0.204410188576
116.34 0.182094286853
116.41 0.183268988476
116.48 0.205713476455
116.55 0.203218640948
116.62 0.193320727129
116.69 0.2219699051
116.76 0.218237631407
116.83 0.170697374698
116.9 0.170225176289
116.97 0.190172249311
117.04 0.19860028308
117.11 0.195011086904
117.18 0.182241857341
117.25 0.197472214017
117.32 0.197116995511
117.39 0.160943805885
117.46 0.158709615314
117.53 0.146302670824
117.6 0.156119571908
117.67 0.14316050704
117.74 0.128054517511
117.81 0.128280537668
117.88 0.113384825931
117.95 0.115699933269
118.02 0.1249197082
118.09 0.129041650796
118.16 0.123399897547
118.23 0.148076050483
118.3 0.261089573801
118.37 0.261967177625
118.44 0.245626942622
118.51 0.221093580468
118.58 0.239293871184
118.65 0.248254354104
118.72 0.245720661836
118.79 0.256685207243
118.86 0.227464815819
118.93 0.2755114147
119.0 0.28923304978
119.07 0.243200372407
119.14 0.256215175151
119.21 0.241327425299
119.28 0.260014122462
119.35 0.231928355226
119.42 0.225847277504
119.49 0.260477704761
119.56 0.253434459641
119.63 0.256821692185
119.7 0.241725534758
119.77 0.237309172122
119.84 0.221668516801
119.91 0.163096046271
119.98 0.173545832355
120.05 0.146842132706
120.12 0.122768585497
120.19 0.17491213768
120.26 0.200872515849
120.33 0.273053366776
120.4 0.220163923027
120.47 0.195339949148
120.54 0.166603340247
120.61 0.164769167975
120.68 0.183932612694
120.75 0.208014169772
120.82 0.146587710516
120.89 0.150839529091
120.96 0.17545682283
121.03 0.170369981242
121.1 0.16094942239
121.17 0.19140841884
121.24 0.146469339068
121.31 0.147254766198
121.38 0.15416733833
121.45 0.188452816894
121.52 0.216973872069
121.59 0.197989950709
121.66 0.198213372692
121.73 0.188981388678
121.8 0.183066024196
121.87 0.14763612445
121.94 0.120097324545
122.01 0.116621935456
122.08 0.221741753737
122.15 0.268286247006
122.22 0.220898882362
122.29 0.255181183429
122.36 0.242345747217
122.43 0.241412796413
122.5 0.249209866897
122.57 0.244990086628
122.64 0.262211431822
122.71 0.257755940905
122.78 0.306967529853
122.85 0.247299360945
122.92 0.261884515869
122.99 0.244195021674
123.06 0.261645564523
123.13 0.233782470247
123.2 0.199219380196
123.27 0.232364344204
123.34 0.252132050694
123.41 0.260030143371
123.48 0.243821585514
123.55 0.260051778444
123.62 0.230925375415
123.69 0.180776973511
123.76 0.173180112307
123.83 0.159381529114
123.9 0.142571925606
123.97 0.141249720205
124.04 0.186664394738
124.11 0.193852929336
124.18 0.26269197599
124.25 0.21092381679
124.32 0.196751205242
124.39 0.173098444176
124.46 0.140395023623
124.53 0.170717566731
124.6 0.136775096421
124.67 0.132935335525
124.74 0.187193551697
124.81 0.174836770709
124.88 0.168482849503
124.95 0.136157234023
125.02 0.138797712453
125.09 0.168972044892
125.16 0.195687639968
125.23 0.202724224632
125.3 0.225315717819
125.37 0.216053846601
125.44 0.188996980069
125.51 0.170956006634
125.58 0.178618635605
125.65 0.194080263796
125.72 0.195708290778
125.79 0.217616142097
125.86 0.215092011582
125.93 0.196445795623
126.0 0.194732915991
126.07 0.185575607271
126.14 0.176444673539
126.21 0.163153595848
126.28 0.17222599574
126.35 0.203501842022
126.42 0.190261000394
126.49 0.214283039369
126.56 0.2068138574
126.63 0.214238797833
126.7 0.240221048655
126.77 0.22139769451
126.84 0.21820592899
126.91 0.213185089239
126.98 0.214494200775
127.05 0.214093257901
127.12 0.192221346832
127.19 0.207503634238
127.26 0.213474737767
127.33 0.203437369831
127.4 0.207063364123
127.47 0.291572143422
127.54 0.621889838242
127.61 0.809723444496
127.68 0.659304934447
127.75 0.725441749202
127.82 0.806584211266
127.89 0.724966215299
127.96 0.701853779833
128.03 0.798805992766
128.1 0.788179256922
128.17 0.655206226793
128.24 0.722957068814
128.31 0.696521107588
128.38 0.623745379918
128.45 0.714176703791
128.52 0.767940335116
128.59 0.768823184445
128.66 0.667984651789
128.73 0.643105898551
128.8 0.547881721272
128.87 0.524239084896
128.94 0.50070748188
129.01 0.544277455681
129.08 0.657379960641
129.15 0.643027122353
129.22 0.621162241572
129.29 0.568829474369
129.36 0.502769803175
129.43 0.246083179809
129.5 0.933564422039
129.57 0.844778772843
129.64 0.704885563312
129.71 0.797109400882
129.78 0.79976124106
129.85 0.772059911266
129.92 0.807045056118
129.99 0.877284012332
130.06 0.776796332779
130.13 0.692297666467
130.2 0.649425748555
130.27 0.672764069588
130.34 0.685184448515
130.41 0.742314841808
130.48 0.859113925985
130.55 0.840896734257
130.62 0.731032964436
130.69 0.702482421146
130.76 0.585340773449
130.83 0.526483215242
130.9 0.775321168603
130.97 0.857027425277
131.04 0.726333163146
131.11 0.756444002976
131.18 0.645499127861
131.25 0.609742784983
131.32 0.531909987065
131.39 0.851058608611
131.46 0.821449467009
131.53 0.695903768336
131.6 0.65571452813
131.67 0.587588819782
131.74 0.492898566293
131.81 0.547655463533
131.88 0.947113232839
131.95 0.808610123001
132.02 0.737116714065
132.09 0.734080908096
132.16 0.593459272118
132.23 0.538330613489
132.3 0.630498192377
132.37 0.954690584323
132.44 0.861242856529
132.51 0.725323346155
132.58 0.681859951365
132.65 0.70006939187
132.72 0.579236772099
132.79 0.716457243697
132.86 0.903280889007
132.93 0.74049694441
133.0 0.621745259166
133.07 0.496831960968
133.14 0.465998686878
133.21 0.538818763756
133.28 0.7461607248
133.35 0.853240825149
133.42 0.689740203239
133.49 0.747718796506
133.56 0.690646114297
133.63 0.676649602836
133.7 0.766676373308
133.77 0.83943320218
133.84 0.848309064179
133.91 0.735942445471
133.98 0.744396047857
134.05 0.653518732032
134.12 0.613996892761
134.19 0.744799661468
134.26 0.844095058413
134.33 0.786810448219
134.4 0.69429480751
134.47 0.632016043866
134.54 0.595515157664
134.61 0.547212656101
134.68 0.717439882842
134.75 0.932033122068
134.82 0.808756303114
134.89 0.665134229117
134.96 0.635597965152
135.03 0.666147015284
135.1 0.661826765227
135.17 0.766856749851
135.24 0.86704416581
135.31 0.742683498262
135.38 0.659429376496
135.45 0.750503410449
135.52 0.759177003354
135.59 0.649208096393
135.66 0.826570962633
135.73 0.856437049698
135.8 0.666984249086
135.87 0.608113487001
135.94 0.532923120826
136.01 0.582989975145
136.08 0.576954711909
136.15 0.850537436944
136.22 0.856068523153
136.29 0.707960849838
136.36 0.705895954945
136.43 0.599518068734
136.5 0.591505346216
136.57 0.679135079062
136.64 0.961898508094
136.71 0.849879073446
136.78 0.746685950556
136.85 0.708316683947
136.92 0.656441014139
136.99 0.669100546882
137.06 0.625591487411
137.13 0.915614299293
137.2 0.819842660796
137.27 0.618419981393
137.34 0.735186807237
137.41 0.700752778603
137.48 0.807771001425
137.55 0.841999340035
137.62 0.850342058866
137.69 0.751528232486
137.76 0.686999810937
137.83 0.694061183594
137.9 0.64270024151
137.97 0.717460317137
138.04 0.777250240973
138.11 0.880280541386
138.18 0.718370810112
138.25 0.728196479451
138.32 0.645297040171
138.39 0.591170530406
138.46 0.630710957161
138.53 0.880743588835
138.6 0.836528970367
138.67 0.728162702006
138.74 0.684100027621
138.81 0.595876631685
138.88 0.554489748674
138.95 0.58615182069
139.02 0.918458329519
139.09 0.864382821226
139.16 0.747675148336
139.23 0.68230152876
139.3 0.507847652971
139.37 0.497184190402
139.44 0.69239781675
139.51 0.959584715059
139.58 0.831513899267
139.65 0.695054250549
139.72 0.711229606772
139.79 0.512250274538
139.86 0.539021105411
139.93 0.721906322375
140.0 0.919417142697
140.07 0.803052345811
140.14 0.764651622559
140.21 0.683345442701
140.28 0.704708372459
140.35 0.662690730973
140.42 0.757723701298
140.49 0.893935575409
140.56 0.693626584991
140.63 0.629835749042
140.7 0.464479065821
140.77 0.490107039098
140.84 0.653198131282
140.91 0.86504113557
140.98 0.836390851619
141.05 0.752544618646
141.12 0.713478069751
141.19 0.711531513536
141.26 0.734464402236
141.33 0.698954149833
141.4 0.873833466243
141.47 0.791696991582
141.54 0.722713212536
141.61 0.622867161661
141.68 0.560413950462
141.75 0.646650457613
141.82 0.645748936534
141.89 0.933737306007
141.96 0.810188598573
142.03 0.656841700707
142.1 0.628921420833
142.17 0.616040273126
142.24 0.676609634244
142.31 0.747944656326
142.38 0.961070305876
142.45 0.825129833379
142.52 0.724431517907
142.59 0.660664047978
142.66 0.654986008055
142.73 0.659025919712
142.8 0.75944351525
142.87 0.888637204926
142.94 0.694241727497
143.01 0.628495255765
143.08 0.690330792992
143.15 0.699112810549
143.22 0.70561938975
143.29 0.871383072402
143.36 0.824756741302
143.43 0.696596499136
143.5 0.598696538676
143.57 0.60850298035
143.64 0.636088760408
143.71 0.660521286454
143.78 0.912547697928
143.85 0.823693564585
143.92 0.710753169359
143.99 0.597220082434
144.06 0.562380594548
144.13 0.653955814116
144.2 0.712894255149
144.27 1.0
144.34 0.860797940128
144.41 0.762654513116
144.48 0.688952505633
144.55 0.71307542987
144.62 0.700417181
144.69 0.713495160358
144.76 0.947559279797
144.83 0.807695691802
144.9 0.695965374342
144.97 0.714936462824
145.04 0.720886055336
145.11 0.819956452668
145.18 0.829308187971
145.25 0.878579771355
145.32 0.767171047101
145.39 0.7407206227
145.46 0.681802686183
145.53 0.665702036854
145.6 0.702846744968
145.67 0.810510075915
145.74 0.854106334586
145.81 0.756714055178
145.88 0.775853642331
145.95 0.610989573088
146.02 0.610195884465
146.09 0.6270200951
146.16 0.898370625009
146.23 0.80366186596
146.3 0.748743969648
146.37 0.737485865577
146.44 0.673551688781
146.51 0.590563985284
146.58 0.566213876391
146.65 0.942922348489
146.72 0.761816943423
146.79 0.7105923868
146.86 0.737052715866
146.93 0.632924292111
147.0 0.544695407238
147.07 0.761911326226
147.14 0.938861164567
147.21 0.799656634088
147.28 0.660236471469
147.35 0.660717818497
147.42 0.622061391523
147.49 0.551743977447
147.56 0.781816284235
147.63 0.891003149887
147.7 0.741672094278
147.77 0.736258381209
147.84 0.620826299886
147.91 0.66752867793
147.98 0.643033642368
148.05 0.853878673598
148.12 0.840827546729
148.19 0.696058816184
148.26 0.640476792403
148.33 0.520019322183
148.4 0.575434401517
148.47 0.634512354013
148.54 0.798009608828
148.61 0.845544534597
148.68 0.683579331116
148.75 0.78112025071
148.82 0.807195427251
148.89 0.806475160478
148.96 0.769503667542
149.03 0.897258445775
149.1 0.788713973038
149.17 0.686718370068
149.24 0.677948776938
149.31 0.651085035562
149.38 0.731505381701
149.45 0.783221150223
149.52 0.849584203991
149.59 0.773495667447
149.66 0.680331100935
149.73 0.646356046935
149.8 0.6967838849
149.87 0.553959678843
149.94 0.813553214121
150.01 0.895338925795
150.08 0.772006140747
150.15 0.710118421165
150.22 0.668271841413
150.29 0.617559574678
150.36 0.626088787467
150.43 0.802911854765
150.5 0.836967827871
150.57 0.66861838061
150.64 0.692268321134
150.71 0.727452646529
150.78 0.791928494826
150.85 0.73766969348
150.92 0.839546007448
150.99 0.807378394947
151.06 0.658129495504
151.13 0.587236723768
151.2 0.557800186421
151.27 0.52319911269
151.34 0.565028391171
151.41 0.947048369751
151.48 0.827361065308
151.55 0.69351759272
151.62 0.675194235115
151.69 0.572035543895
151.76 0.59063514602
151.83 0.742705968965
151.9 0.996965436942
151.97 0.833610090465
152.04 0.722267590415
152.11 0.681527019817
152.18 0.707448217038
152.25 0.677784546531
152.32 0.761437366442
152.39 0.897486966969
152.46 0.762421748236
152.53 0.67249852206
152.6 0.736442832908
152.67 0.737717339562
152.74 0.760987559152
152.81 0.877169821371
152.88 0.851054947759
152.95 0.745208115643
153.02 0.683945727626
153.09 0.766613609827
153.16 0.734870607
153.23 0.72357874655
153.3 0.824754413478
153.37 0.843989025955
153.44 0.711059120849
153.51 0.686473092986
153.58 0.638794079689
153.65 0.5536293127
153.72 0.644273065467
153.79 0.901577064365
153.86 0.841849257979
153.93 0.71500896361
154.0 0.696337346395
154.07 0.642556983759
154.14 0.523310556842
154.21 0.658480534693
154.28 0.930247301599
154.35 0.809139975147
154.42 0.707535693611
154.49 0.682556001274
154.56 0.537529036712
154.63 0.50387786278
154.7 0.825289664444
154.77 0.914508171934
154.84 0.803880971696
154.91 0.721142257627
154.98 0.721654047775
155.05 0.544821186996
155.12 0.625667800023
155.19 0.893086813668
155.26 0.864485392962
155.33 0.714239720068
155.4 0.693749241087
155.47 0.620268041027
155.54 0.689305083831
155.61 0.656794445521
155.68 0.839126293345
155.75 0.84219226038
155.82 0.668473994642
155.89 0.596432020849
155.96 0.527145430359
156.03 0.575838910445
156.1 0.72901677011
156.17 0.916207421682
156.24 0.848331552437
156.31 0.664967882718
156.38 0.789767089435
156.45 0.825682764809
156.52 0.732188980266
156.59 0.722669665017
156.66 0.880789688886
156.73 0.797758772588
156.8 0.684656831736
156.87 0.745596326289
156.94 0.669379868248
157.01 0.668366047493
157.08 0.805789448262
157.15 0.920137986452
157.22 0.759228320821
157.29 0.599233799131
157.36 0.753088231757
157.43 0.647059800082
157.5 0.660322756626
157.57 0.835492891913
157.64 0.939554182103
157.71 0.806836611093
157.78 0.781141826096
157.85 0.771353378539
157.92 0.749582717882
157.99 0.689620145318
158.06 0.838827843792
158.13 0.850226433057
158.2 0.717280844103
158.27 0.707031968338
158.34 0.814637712258
158.41 0.779132024216
158.48 0.699982440784
158.55 0.948430633957
158.62 0.8320662701
158.69 0.649044706296
158.76 0.673357245812
158.83 0.758111047057
158.9 0.695916211487
158.97 0.772481406641
159.04 0.937016543418
159.11 0.823292463713
159.18 0.724052299053
159.25 0.711237774639
159.32 0.669609292952
159.39 0.812295348661
159.46 0.896431278145
159.53 0.94418930288
159.6 0.875873302791
159.67 0.797521700824
159.74 0.835151142955
159.81 0.949874043051
159.88 0.942305851889
159.95 0.967744490771
160.02 0.758335695566
160.09 0.741322989676
160.16 0.720762722778
160.23 0.727471822699
160.3 0.646059722736
160.37 0.710687022399
160.44 0.812207037629
160.51 0.642941626011
160.58 0.668328900613
160.65 0.67092364297
160.72 0.605421548321
160.79 0.680650725613
160.86 0.697610280099
160.93 0.802301023824
161.0 0.711690425877
161.07 0.674712369623
161.14 0.591038966782
161.21 0.540439261883
161.28 0.517620163885
161.35 0.513338898156
161.42 0.654820848391
161.49 0.670076805283
161.56 0.628332292846
161.63 0.610138059857
161.7 0.565331746827
161.77 0.501889925363
161.84 0.253106037448
161.91 0.208990560423
161.98 0.112020596805
162.05 0.0847304387361
162.12 0.0483299474198
162.19 0.0350801245334
162.26 0.0207199235801
162.33 0.01460271133
162.4 0.00907866594135
162.47 0.00544471912694
162.54 0.0
162.61 0.0
162.68 0.0
162.75 0.0
162.82 0.0
162.89 0.0
162.96 0.0
163.03 0.0
163.1 0.0
163.17 0.0
163.24 0.0
163.31 0.0
163.38 0.0
163.45 0.0
163.52 0.0
163.59 0.0
163.66 0.0
163.73 0.0
163.8 0.0
163.87 0.0
163.94 0.0
164.01 0.0
164.08 0.0
164.15 0.0
164.22 0.0
164.29 0.0
164.36 0.0
164.43 0.0
164.5 0.0
164.57 0.0
164.64 0.0
164.71 0.0
164.78 0.0
164.85 0.0
164.92 0.0
164.99 0.0
165.06 0.0
165.13 0.0
165.2 0.0
165.27 0.0
165.34 0.0
165.41 0.0
165.48 0.0
165.55 0.0
165.62 0.0
165.69 0.0
165.76 0.0
165.83 0.0
165.9 0.0
165.97 0.0
166.04 0.0
166.11 0.0
166.18 0.0
166.25 0.0
166.32 0.0
166.39 0.0
166.46 0.0
166.53 0.0
166.6 0.0
166.67 0.0
166.74 0.0
166.81 0.0
166.88 0.0
166.95 0.0
167.02 0.0
167.09 0.0
167.16 0.0
167.23 0.0
167.3 0.0
167.37 0.0
167.44 0.0
167.51 0.0
167.58 0.0
167.65 0.0
167.72 0.0
167.79 0.0
167.86 0.0
167.93 0.0
168.0 0.0
168.07 0.0
168.14 0.0
168.21 0.0
168.28 0.0
168.35 0.0
168.42 0.0
168.49 0.0
168.56 0.0
168.63 0.0
168.7 0.0
168.77 0.0
168.84 0.0
168.91 0.0
168.98 0.0
169.05 0.0
169.12 0.0
169.19 0.0
169.26 0.0
169.33 0.0
169.4 0.0
169.47 0.0
169.54 0.0
169.61 0.0
169.68 0.0
169.75 0.0
169.82 0.0
169.89 0.0
169.96 0.0
170.03 0.0
170.1 0.0
170.17 0.0
170.24 0.0
170.31 0.0
170.38 0.0
170.45 0.0
170.52 0.0
170.59 0.0
170.66 0.0
170.73 0.0
170.8 0.0
170.87 0.0
170.94 0.0
171.01 0.0
171.08 0.0
171.15 0.0
171.22 0.0
171.29 0.0
171.36 0.0
171.43 0.0
171.5 0.0
