0.0 0.0
0.07 0.0
0.14 0.0
0.21 0.0
0.28 0.0
0.35 0.0
0.42 0.0
0.49 0.0
0.56 0.0
0.63 0.0
0.7 0.0
0.77 0.0
0.84 0.0
0.91 0.0
0.98 0.0
1.05 0.0
1.12 0.0
1.19 0.0
1.26 0.0
1.33 0.0
1.4 0.0
1.47 0.0
1.54 0.0
1.61 0.0
1.68 0.0
1.75 0.0
1.82 0.0
1.89 0.0
1.96 0.0
2.03 0.0
2.1 0.0
2.17 0.0
2.24 0.0
2.31 0.0
2.38 0.0
2.45 0.0
2.52 0.0
2.59 0.0
2.66 0.0
2.73 0.0
2.8 0.0
2.87 0.0
2.94 0.0
3.01 0.0
3.08 0.0
3.15 0.0
3.22 0.0
3.29 0.0
3.36 0.0
3.43 0.0
3.5 0.0
3.57 0.0
3.64 0.0
3.71 0.0
3.78 0.0
3.85 0.0
3.92 0.0
3.99 3.69137564704e-05
4.06 4.06348189786e-05
4.13 3.92868499374e-05
4.2 0.200649336819
4.27 0.290702981172
4.34 0.285040396086
4.41 0.236359079549
4.48 0.206853856483
4.55 0.165429424515
4.62 0.105689847737
4.69 0.563758822934
4.76 0.485289618028
4.83 0.280793359397
4.9 0.156562486017
4.97 0.201821827751
5.04 0.409590067391
5.11 0.264861074103
5.18 0.289226327009
5.25 0.294031394121
5.32 0.518988860758
5.39 0.531581751747
5.46 0.22543594555
5.53 0.251696054215
5.6 0.458535277859
5.67 0.415014394078
5.74 0.296488028271
5.81 0.194636255661
5.88 0.23958410151
5.95 0.0889688549026
6.02 0.607686051193
6.09 0.509774729779
6.16 0.343319556487
6.23 0.366426300779
6.3 0.408623142201
6.37 0.532977386754
6.44 0.455305121926
6.51 0.409876164311
6.58 0.3200636385
6.65 0.455050247234
6.72 0.58609273288
6.79 0.39466894071
6.86 0.309421280051
6.93 0.395723272368
7.0 0.294178456337
7.07 0.235430151686
7.14 0.20136087058
7.21 0.150817118191
7.28 0.0780038717066
7.35 0.642764939774
7.42 0.464662930818
7.49 0.275724383511
7.56 0.130929361078
7.63 0.172423511712
7.7 0.355952200038
7.77 0.258193036776
7.84 0.153826794445
7.91 0.0871200462478
7.98 0.461060758623
8.05 0.552560644805
8.12 0.235527418831
8.19 0.191193101138
8.26 0.327080547471
8.33 0.281903853031
8.4 0.21229916436
8.47 0.17754538773
8.54 0.136023195072
8.61 0.249233431668
8.68 0.620558747343
8.75 0.36333264689
8.82 0.216389345879
8.89 0.133859616628
8.96 0.177335268765
9.03 0.387327960685
9.1 0.282968628898
9.17 0.318633775469
9.24 0.242664966856
9.31 0.88490301494
9.38 0.725372796494
9.45 0.489314242607
9.52 0.476244640001
9.59 0.580697218219
9.66 0.546259263406
9.73 0.557699327297
9.8 0.57242275247
9.87 0.480377911999
9.94 0.494568104555
10.01 0.542223554494
10.08 0.4758077932
10.15 0.432688016951
10.22 0.380463460349
10.29 0.837286023401
10.36 0.655667717991
10.43 0.456519790466
10.5 0.342376057941
10.57 0.374493706237
10.64 0.501139859042
10.71 0.234352834975
10.78 0.673651497129
10.85 0.575604222878
10.92 0.529665156855
10.99 0.30488920682
11.06 0.495657867482
11.13 0.577747424075
11.2 0.664120069267
11.27 0.617019329461
11.34 0.521724285149
11.41 0.462247823949
11.48 0.391267310684
11.55 0.804151699375
11.62 0.630394409869
11.69 0.355512322394
11.76 0.376520803976
11.83 0.400707310434
11.9 0.456429860614
11.97 0.511089071029
12.04 0.448567415101
12.11 0.48780760657
12.18 0.609999371093
12.25 0.47686213228
12.32 0.350433010841
12.39 0.344384675608
12.46 0.312510250838
12.53 0.599963670147
12.6 0.494597633704
12.67 0.280591551826
12.74 0.416345845164
12.81 0.598449784949
12.88 0.796800886505
12.95 0.439973652317
13.02 0.311770200991
13.09 0.227992482481
13.16 0.285987837417
13.23 0.175168818117
13.3 0.669746683154
13.37 0.517758196565
13.44 0.422983624159
13.51 0.359745586234
13.58 0.26074362613
13.65 0.626680624353
13.72 0.259166814992
13.79 0.650445299068
13.86 0.415935582947
13.93 0.226796051879
14.0 0.143745221732
14.07 0.0915594899775
14.14 0.969957268482
14.21 0.451036560408
14.28 0.262856124619
14.35 0.428385449133
14.42 0.409835029454
14.49 0.583586842661
14.56 0.471272619548
14.63 0.417517528058
14.7 0.376056757516
14.77 0.756740473965
14.84 0.515856719708
14.91 0.349601646064
14.98 0.451160644993
15.05 0.674293292742
15.12 0.548043990188
15.19 0.366243851824
15.26 0.246608711438
15.33 0.335475947287
15.4 0.827935079596
15.47 0.61059031868
15.54 0.394017693542
15.61 0.322815228314
15.68 0.343923045845
15.75 0.287660563093
15.82 0.107395562937
15.89 0.686813953742
15.96 0.421123150423
16.03 0.367070899018
16.1 0.227347964026
16.17 0.266161496853
16.24 0.591569616444
16.31 0.415160647328
16.38 0.55094906293
16.45 0.316613303467
16.52 0.244963808845
16.59 0.143695979578
16.66 0.598677670573
16.73 0.578165826986
16.8 0.282309586146
16.87 0.372819392314
16.94 0.389008793657
17.01 0.406295236775
17.08 0.508810113671
17.15 0.462671466591
17.22 0.48830066266
17.29 0.574459118075
17.36 0.487964272486
17.43 0.404836715718
17.5 0.426588990475
17.57 0.421408642473
17.64 0.631460385271
17.71 0.460888015416
17.78 0.28885215381
17.85 0.339572249865
17.92 0.299594446583
17.99 0.865084388322
18.06 0.54646381794
18.13 0.455080256013
18.2 0.417962525757
18.27 0.227736677293
18.34 0.117665421784
18.41 0.270841025651
18.48 0.581192271678
18.55 0.397470098306
18.62 0.330889606474
18.69 0.167315035601
18.76 0.572517421087
18.83 0.356899110717
18.9 0.653092746446
18.97 0.41152663319
19.04 0.264491956948
19.11 0.402364061796
19.18 0.405380484389
19.25 0.759056400742
19.32 0.359527688384
19.39 0.394596594757
19.46 0.546860942793
19.53 0.443912379819
19.6 0.427659390147
19.67 0.382541161197
19.74 0.538072050125
19.81 0.450916292439
19.88 0.726121813628
19.95 0.599690105721
20.02 0.485454136118
20.09 0.36923585419
20.16 0.40575883323
20.23 0.607966429682
20.3 0.457236589007
20.37 0.321544385739
20.44 0.348100162553
20.51 0.762278150654
20.58 0.792793749342
20.65 0.484946985264
20.72 0.360653429932
20.79 0.259601531761
20.86 0.304635757098
20.93 0.178534532607
21.0 0.667635454707
21.07 0.657784246471
21.14 0.636180628672
21.21 0.572514544245
21.28 0.358137088082
21.35 0.750672322752
21.42 0.413286187369
21.49 0.84822202851
21.56 0.661461522714
21.63 0.57426209751
21.7 0.517477603775
21.77 0.444392632522
21.84 0.83677095636
21.91 0.391458508913
21.98 0.296589725252
22.05 0.367049467888
22.12 0.469730066119
22.19 0.516225440729
22.26 0.483835764302
22.33 0.540805586618
22.4 0.593161771051
22.47 0.616706195233
22.54 0.463753710393
22.61 0.402345488026
22.68 0.321210094983
22.75 0.607968353761
22.82 0.527147771327
22.89 0.412285550893
22.96 0.309909088988
23.03 0.285927116654
23.1 0.951022083888
23.17 0.60983940808
23.24 0.52065601087
23.31 0.314951591616
23.38 0.27954148487
23.45 0.434903287642
23.52 0.441127460937
23.59 0.818584526358
23.66 0.683413214322
23.73 0.5953727891
23.8 0.455731112613
23.87 0.647468918485
23.94 0.460657481168
24.01 0.675019839706
24.08 0.581030223163
24.15 0.492164943863
24.22 0.465553807547
24.29 0.225702168044
24.36 0.809965669826
24.43 0.518103109651
24.5 0.259203661953
24.57 0.347800524714
24.64 0.27235916813
24.71 0.562920014177
24.78 0.514628745887
24.85 0.407024950028
24.92 0.430092983582
24.99 0.675422026169
25.06 0.476189768477
25.13 0.283850988281
25.2 0.346765872661
25.27 0.336521987034
25.34 0.698355436301
25.41 0.438037383386
25.48 0.319559069474
25.55 0.372968970492
25.62 0.562982124657
25.69 0.799308237874
25.76 0.430292585976
25.83 0.309036263726
25.9 0.276413384944
25.97 0.294044689196
26.04 0.148105072203
26.11 0.658383421029
26.18 0.669368348229
26.25 0.600512656283
26.32 0.558076129638
26.39 0.438068201131
26.46 0.714077372556
26.53 0.513741901933
26.6 0.746004368119
26.67 0.624583680852
26.74 0.497685055209
26.81 0.508982748335
26.88 0.430960279665
26.95 0.883076981674
27.02 0.380447332033
27.09 0.302515008445
27.16 0.313599556403
27.23 0.375838797509
27.3 0.442347230979
27.37 0.39778493489
27.44 0.384348428656
27.51 0.341200791287
27.58 0.706955509399
27.65 0.443598113779
27.72 0.294489629378
27.79 0.38351263126
27.86 0.53603085855
27.93 0.5305495368
28.0 0.34504789957
28.07 0.3437340129
28.14 0.376237115402
28.21 0.780305967468
28.28 0.676721584289
28.35 0.461624487996
28.42 0.383978860632
28.49 0.218718585358
28.56 0.273241799333
28.63 0.112249884263
28.7 0.657830288009
28.77 0.545748469417
28.84 0.546173588052
28.91 0.453865927943
28.98 0.278947597357
29.05 0.694959642526
29.12 0.435659845239
29.19 0.828622058612
29.26 0.603397689467
29.33 0.508734233126
29.4 0.484484642087
29.47 0.634997231529
29.54 0.612802994554
29.61 0.338384797683
29.68 0.164358733541
29.75 0.0765721495359
29.82 0.289838711292
29.89 0.114492910314
29.96 0.166509932564
30.03 0.527993824606
30.1 0.702664473999
30.17 0.478412990608
30.24 0.333563580918
30.31 0.327204904805
30.38 0.179138990499
30.45 0.673209365139
30.52 0.659812207911
30.59 0.593518391893
30.66 0.328204377927
30.73 0.258057717568
30.8 0.89674618837
30.87 0.548254689902
30.94 0.41540507781
31.01 0.299729949478
31.08 0.240374099501
31.15 0.166204912125
31.22 0.493656968399
31.29 0.640649245309
31.36 0.428011262019
31.43 0.352939736931
31.5 0.193988448458
31.57 0.605577604961
31.64 0.271556054113
31.71 0.686500537489
31.78 0.441361587295
31.85 0.222693733072
31.92 0.424174216655
31.99 0.420051014997
32.06 0.885260997667
32.13 0.454570709799
32.2 0.315681314146
32.27 0.354186328124
32.34 0.379873922888
32.41 0.234669154975
32.48 0.11896294821
32.55 0.47664666597
32.62 0.539174956911
32.69 0.646622808615
32.76 0.401556095832
32.83 0.345601798881
32.9 0.227030612408
32.97 0.546209677998
33.04 0.598872375563
33.11 0.612023566941
33.18 0.392482038598
33.25 0.210454907072
33.32 0.893310292284
33.39 0.503817114811
33.46 0.288544941183
33.53 0.305486323708
33.6 0.215200531811
33.67 0.240374962275
33.74 0.0666065837994
33.81 0.690418874756
33.88 0.443303694333
33.95 0.386092065111
34.02 0.221328009433
34.09 0.611788909002
34.16 0.473382196664
34.23 0.668941845444
34.3 0.549474430257
34.37 0.313967475878
34.44 0.325614311541
34.51 0.437546605763
34.58 0.851167724011
34.65 0.625560054813
34.72 0.273467733046
34.79 0.35828427554
34.86 0.362151352875
34.93 0.329620793737
35.0 0.125525852302
35.07 0.290581304932
35.14 0.626230024185
35.21 0.783165024648
35.28 0.616057156953
35.35 0.500243275014
35.42 0.35785524195
35.49 0.431956311895
35.56 0.633674839574
35.63 0.579484902362
35.7 0.518056022579
35.77 0.411931210373
35.84 0.575681728779
35.91 0.811813690851
35.98 0.459841800331
36.05 0.333012754196
36.12 0.289637345313
36.19 0.354753991007
36.26 0.258029538243
36.33 0.656799284657
36.4 0.707126430574
36.47 0.658373819185
36.54 0.55510776358
36.61 0.462713299089
36.68 0.628328949284
36.75 0.286684608459
36.82 0.706551408133
36.89 0.564006725852
36.96 0.383950170136
37.03 0.3409926298
37.1 0.482408516498
37.17 0.906125159356
37.24 0.591357583604
37.31 0.440137334537
37.38 0.402805621386
37.45 0.394556041577
37.52 0.337437134627
37.59 0.246101672837
37.66 0.629434229163
37.73 0.701016589731
37.8 0.754463450891
37.87 0.603149481331
37.94 0.537128045976
38.01 0.489921404786
38.08 0.675229330608
38.15 0.602408218961
38.22 0.587720216707
38.29 0.465066935601
38.36 0.395359785512
38.43 0.84279719158
38.5 0.784382515296
38.57 0.678926670531
38.64 0.46397415018
38.71 0.433698103126
38.78 0.465472100028
38.85 0.245513923082
38.92 0.552532584227
38.99 0.559110739944
39.06 0.594069262217
39.13 0.514816424368
39.2 0.65329353817
39.27 0.454695095892
39.34 0.645849587412
39.41 0.609445852144
39.48 0.467341244182
39.55 0.362005686869
39.62 0.370117262666
39.69 0.760306578479
39.76 0.681246954783
39.83 0.571711218709
39.9 0.497646606085
39.97 0.665760576349
40.04 0.771349898808
40.11 0.316288752784
40.18 0.236297894
40.25 0.23077936348
40.32 0.649421960492
40.39 0.719965424715
40.46 0.654128767805
40.53 0.621771883299
40.6 0.596898758705
40.67 0.634184492474
40.74 0.609567118334
40.81 0.539667629854
40.88 0.496031157496
40.95 0.657015930093
41.02 0.781367638275
41.09 0.578090283202
41.16 0.493938286662
41.23 0.41436697466
41.3 0.491553199703
41.37 0.444862841789
41.44 0.761847383166
41.51 0.606305280026
41.58 0.503317702023
41.65 0.368643496478
41.72 0.254716282292
41.79 0.664824521784
41.86 0.304331974231
41.93 0.823051776471
42.0 0.514164887753
42.07 0.450892369467
42.14 0.468036560568
42.21 0.698824404286
42.28 0.803824514911
42.35 0.639833860413
42.42 0.567311085022
42.49 0.470880573003
42.56 0.491343693957
42.63 0.454749181642
42.7 0.472684839306
42.77 0.57118955469
42.84 0.632091253337
42.91 0.562346432476
42.98 0.465949036152
43.05 0.387584399503
43.12 0.352555455356
43.19 0.686735885647
43.26 0.627452787962
43.33 0.576176652358
43.4 0.495063453954
43.47 0.642887461161
43.54 0.778341732586
43.61 0.533913377307
43.68 0.432123731876
43.75 0.426851700642
43.82 0.410072558669
43.89 0.419182295799
43.96 0.616727622652
44.03 0.6247798841
44.1 0.516748701344
44.17 0.44754549964
44.24 0.288849656403
44.31 0.714142699422
44.38 0.404913934028
44.45 0.799390683853
44.52 0.497532953647
44.59 0.354544491755
44.66 0.399749800618
44.73 0.583963221037
44.8 0.817413032718
44.87 0.575911366855
44.94 0.4697270093
45.01 0.430415978487
45.08 0.447711734002
45.15 0.572268876191
45.22 0.500316828851
45.29 0.598380702696
45.36 0.51419466182
45.43 0.674664820099
45.5 0.528498362089
45.57 0.485225283816
45.64 0.350941117242
45.71 0.616381331911
45.78 0.616149356922
45.85 0.581325864409
45.92 0.545284884031
45.99 0.489815666681
46.06 0.799623298038
46.13 0.564451631708
46.2 0.500541771765
46.27 0.442236239226
46.34 0.394425667087
46.41 0.482998121682
46.48 0.438144908269
46.55 0.638723994842
46.62 0.524035043629
46.69 0.508548465737
46.76 0.427591414657
46.83 0.56138781868
46.9 0.263225338256
46.97 0.52835670752
47.04 0.595467251764
47.11 0.512704785871
47.18 0.344571552544
47.25 0.212124999895
47.32 0.818988867901
47.39 0.692600154918
47.46 0.564404845215
47.53 0.41815774099
47.6 0.19857934806
47.67 0.389166038467
47.74 0.253809318068
47.81 0.468979051616
47.88 0.620262807373
47.95 0.798420560832
48.02 0.585044853475
48.09 0.578510818928
48.16 0.492582695519
48.23 0.472009536503
48.3 0.686888587439
48.37 0.534413516496
48.44 0.526337756042
48.51 0.498153545421
48.58 0.639875980503
48.65 0.85782221207
48.72 0.666313825333
48.79 0.508775491369
48.86 0.315854855187
48.93 0.489024790144
49.0 0.532123149179
49.07 0.52637587861
49.14 0.624140972751
49.21 0.700372642748
49.28 0.58002870443
49.35 0.372422005846
49.42 0.376038330324
49.49 0.405095537835
49.56 0.586092824724
49.63 0.477247139328
49.7 0.379772776968
49.77 0.368641635483
49.84 0.292880877032
49.91 0.524795042119
49.98 0.460825667441
50.05 0.371689175472
50.12 0.523693424857
50.19 0.5383842687
50.26 0.412934593812
50.33 0.240558035582
50.4 0.405215776116
50.47 0.406229009099
50.54 0.361910357719
50.61 0.551465956642
50.68 0.266180267299
50.75 0.531953496189
50.82 0.486106434387
50.89 0.478538108668
50.96 0.188246645839
51.03 0.331774077335
51.1 0.477219121425
51.17 0.337759384578
51.24 0.432015609545
51.31 0.366925547507
51.38 0.458097513548
51.45 0.678587328371
51.52 0.663728293615
51.59 0.311450519882
51.66 0.332507757495
51.73 0.486214269127
51.8 0.603837376929
51.87 0.573949959647
51.94 0.54093756327
52.01 0.412646274088
52.08 0.163293666371
52.15 1.0
52.22 0.408051379748
52.29 0.12057383801
52.36 0.0949633047713
52.43 0.290758932556
52.5 0.511682516023
52.57 0.340426659068
52.64 0.431930988074
52.71 0.48095379907
52.78 0.406200566303
52.85 0.161391864814
52.92 0.181894637209
52.99 0.476642605364
53.06 0.313959013267
53.13 0.545508131082
53.2 0.478339642724
53.27 0.482365708044
53.34 0.542631177364
53.41 0.526541675092
53.48 0.264891936379
53.55 0.207096816539
53.62 0.553228338494
53.69 0.385696783626
53.76 0.505804717892
53.83 0.414007299782
53.9 0.413391542329
53.97 0.590441992564
54.04 0.824677606184
54.11 0.546864447698
54.18 0.277288148201
54.25 0.549029781378
54.32 0.388246549171
54.39 0.793698676305
54.46 0.6023717737
54.53 0.409180000922
54.6 0.244989006496
54.67 0.473499077547
54.74 0.79776009311
54.81 0.27766202082
54.88 0.107428265798
54.95 0.0878438833578
55.02 0.282168028987
55.09 0.478894256375
55.16 0.354444964697
55.23 0.442639926731
55.3 0.40328721742
55.37 0.326740124523
55.44 0.145989079015
55.51 0.290957473645
55.58 0.460383332282
55.65 0.28811440655
55.72 0.489376951463
55.79 0.401257688142
55.86 0.481798490464
55.93 0.479698544879
56.0 0.49006196558
56.07 0.133295844579
56.14 0.247129790997
56.21 0.501563844938
56.28 0.283128137331
56.35 0.576560485846
56.42 0.443924599673
56.49 0.328880501757
56.56 0.488126643846
56.63 0.770601801966
56.7 0.638466808286
56.77 0.305223757336
56.84 0.440456610235
56.91 0.388506002133
56.98 0.858585798959
57.05 0.655610538313
57.12 0.504735873069
57.19 0.218491402014
57.26 0.616869091679
57.33 0.674681908599
57.4 0.207039006015
57.47 0.0677617450266
57.54 0.0542518241122
57.61 0.482624264834
57.68 0.603278963359
57.75 0.389381370259
57.82 0.571636669434
57.89 0.554373824588
57.96 0.490909699878
58.03 0.224235997054
58.1 0.37329184665
58.17 0.377084963809
58.24 0.346232596441
58.31 0.575174215188
58.38 0.390303958122
58.45 0.6439683505
58.52 0.641758760204
58.59 0.506522788329
58.66 0.288489734753
58.73 0.417407655129
58.8 0.512964660015
58.87 0.517298526134
58.94 0.711544661186
59.01 0.515569671881
59.08 0.64129164672
59.15 0.501819984104
59.22 0.738910649961
59.29 0.503415032253
59.36 0.484110674841
59.43 0.409777395196
59.5 0.686414000288
59.57 0.599985971474
59.64 0.497957299497
59.71 0.431463596276
59.78 0.278761371676
59.85 0.841272942884
59.92 0.477645418258
59.99 0.321950724651
60.06 0.191502975378
60.13 0.493193220663
60.2 0.682662375156
60.27 0.680570052601
60.34 0.718515345859
60.41 0.640041397549
60.48 0.605251453044
60.55 0.551322116377
60.62 0.489653966986
60.69 0.583362711498
60.76 0.685203575113
60.83 0.824002771877
60.9 0.644419815297
60.97 0.562845467685
61.04 0.45975769467
61.11 0.417323120864
61.18 0.282549837275
61.25 0.291530546958
61.32 0.775828373338
61.39 0.563266868041
61.46 0.387351503294
61.53 0.260433486564
61.6 0.708522709416
61.67 0.326435235819
61.74 0.76514145955
61.81 0.637436243743
61.88 0.503054347094
61.95 0.223069325674
62.02 0.0797947529458
62.09 0.868510070272
62.16 0.471418564796
62.23 0.356502453432
62.3 0.444928745693
62.37 0.468072808226
62.44 0.672675273457
62.51 0.569257281425
62.58 0.484703457447
62.65 0.533238559699
62.72 0.702215111403
62.79 0.515592632812
62.86 0.381414760044
62.93 0.491381014052
63.0 0.551371189687
63.07 0.646605452006
63.14 0.434308878753
63.21 0.423055565628
63.28 0.424600681404
63.35 0.823973326222
63.42 0.718686434951
63.49 0.461725095841
63.56 0.372200571548
63.63 0.241178111546
63.7 0.33329949495
63.77 0.119562291612
63.84 0.656493104576
63.91 0.538219272836
63.98 0.439651637078
64.05 0.335614533905
64.12 0.260759705277
64.19 0.703639575136
64.26 0.355704676556
64.33 0.792402015437
64.4 0.394641685388
64.47 0.185533827065
64.54 0.0956741418192
64.61 0.523895472706
64.68 0.751067938214
64.75 0.319236085702
64.82 0.334559078784
64.89 0.31409021064
64.96 0.377991491079
65.03 0.433577918651
65.1 0.453858924627
65.17 0.494201355854
65.24 0.474603609688
65.31 0.712918591388
65.38 0.494056051657
65.45 0.35542619246
65.52 0.408595037093
65.59 0.711048220794
65.66 0.538285303837
65.73 0.339459116948
65.8 0.349802949887
65.87 0.362284320326
65.94 0.853257035206
66.01 0.694485128664
66.08 0.460885332466
66.15 0.339696117366
66.22 0.251407755828
66.29 0.305902573394
66.36 0.128249412153
66.43 0.724501796974
66.5 0.453335412601
66.57 0.439540967243
66.64 0.262246054055
66.71 0.687010466848
66.78 0.343166989213
66.85 0.548924819769
66.92 0.675789032774
66.99 0.338481796719
67.06 0.199209490653
67.13 0.118379430688
67.2 0.775022456696
67.27 0.653434903292
67.34 0.32243636923
67.41 0.454205117959
67.48 0.39316992863
67.55 0.572329372448
67.62 0.622776274236
67.69 0.446847090254
67.76 0.429103196726
67.83 0.673163352359
67.9 0.673414640507
67.97 0.464720629088
68.04 0.480945291929
68.11 0.374085348618
68.18 0.696288512711
68.25 0.467446460912
68.32 0.323818890995
68.39 0.495831743428
68.46 0.445060339199
68.53 0.927246383287
68.6 0.626148411293
68.67 0.499889507822
68.74 0.265293424273
68.81 0.266146777736
68.88 0.270728119096
68.95 0.103309380796
69.02 0.79787798613
69.09 0.445886029147
69.16 0.432251994888
69.23 0.227917922074
69.3 0.690032315642
69.37 0.375831369299
69.44 0.696346291692
69.51 0.568075751771
69.58 0.255132986558
69.65 0.304586708837
69.72 0.402089634596
69.79 0.929306079982
69.86 0.618907553918
69.93 0.252167586402
70.0 0.499135531126
70.07 0.665616425301
70.14 0.897270091892
70.21 0.700531963783
70.28 0.671115779964
70.35 0.661222318974
70.42 0.701137695426
70.49 0.64914973012
70.56 0.415950074774
70.63 0.482549129243
70.7 0.367268818539
70.77 0.630186481238
70.84 0.551239783579
70.91 0.356486650745
70.98 0.514043358093
71.05 0.537068175926
71.12 0.91562355038
71.19 0.523400120524
71.26 0.42961153691
71.33 0.259075392447
71.4 0.286196674281
71.47 0.275864422929
71.54 0.482302288559
71.61 0.762860175484
71.68 0.580036408171
71.75 0.636981113546
71.82 0.537647142081
71.89 0.643956250321
71.96 0.537320744319
72.03 0.756061885197
72.1 0.653904092073
72.17 0.568357186926
72.24 0.510103957998
72.31 0.242705317795
72.38 0.768685160689
72.45 0.582041492174
72.52 0.253504982282
72.59 0.375897057974
72.66 0.381403222988
72.73 0.512728193961
72.8 0.377362894986
72.87 0.425578076778
72.94 0.403357048339
73.01 0.649001613092
73.08 0.658301417569
73.15 0.474419758029
73.22 0.50506628969
73.29 0.435819189467
73.36 0.78151992909
73.43 0.643937062403
73.5 0.481874178044
73.57 0.548768267034
73.64 0.451274527504
73.71 0.852154990267
73.78 0.633207427366
73.85 0.593205384761
73.92 0.461484365084
73.99 0.385460496621
74.06 0.381927713753
74.13 0.334932998716
74.2 0.808437183331
74.27 0.723039903675
74.34 0.707273503923
74.41 0.543544595697
74.48 0.666183197578
74.55 0.51073869556
74.62 0.724862986809
74.69 0.678647445192
74.76 0.645648638904
74.83 0.56508012668
74.9 0.407157662358
74.97 0.838303200098
75.04 0.552959673328
75.11 0.254029129793
75.18 0.369511102418
75.25 0.322088557965
75.32 0.482444781782
75.39 0.462540977992
75.46 0.379226643554
75.53 0.449637109711
75.6 0.56493626044
75.67 0.48083223694
75.74 0.415380011894
75.81 0.328780140684
75.88 0.319682056574
75.95 0.524975870357
76.02 0.369239217155
76.09 0.26060438733
76.16 0.434399656536
76.23 0.356167845398
76.3 0.84573925879
76.37 0.443178792431
76.44 0.346609696578
76.51 0.211582915954
76.58 0.220271173873
76.65 0.219319205295
76.72 0.327286009309
76.79 0.680415402608
76.86 0.630727887019
76.93 0.577022482985
77.0 0.353824286647
77.07 0.625782889031
77.14 0.477228983957
77.21 0.6951665349
77.28 0.656421338444
77.35 0.516913977378
77.42 0.509439882395
77.49 0.451884419947
77.56 0.794554776731
77.63 0.594632898819
77.7 0.310324880383
77.77 0.325554646516
77.84 0.232753402448
77.91 0.433976652161
77.98 0.508332299001
78.05 0.450972864464
78.12 0.468065567415
78.19 0.578930261807
78.26 0.457446922274
78.33 0.353494701258
78.4 0.312907825633
78.47 0.321483933084
78.54 0.574524665737
78.61 0.355985160803
78.68 0.264003211948
78.75 0.354158850151
78.82 0.400787435273
78.89 0.877444020365
78.96 0.49674998031
79.03 0.381241324763
79.1 0.194736266058
79.17 0.241866293808
79.24 0.194523228504
79.31 0.394929682267
79.38 0.825902539885
79.45 0.568400042693
79.52 0.486629560484
79.59 0.265409875624
79.66 0.684979035756
79.73 0.536402718956
79.8 0.688829894787
79.87 0.703672939457
79.94 0.580017904907
80.01 0.516523646177
80.08 0.399545383386
80.15 0.779115779455
80.22 0.447619944083
80.29 0.377573770039
80.36 0.420037147522
80.43 0.40126185358
80.5 0.323069723571
80.57 0.30855184373
80.64 0.640785271435
80.71 0.654511345168
80.78 0.707584649132
80.85 0.669477405697
80.92 0.632469194911
80.99 0.385407354356
81.06 0.432147679896
81.13 0.740433946822
81.2 0.792246781912
81.27 0.639950705115
81.34 0.264020446098
81.41 0.441386412005
81.48 0.860297131471
81.55 0.592771855467
81.62 0.49169328829
81.69 0.348234259961
81.76 0.274732136356
81.83 0.181703426919
81.9 0.309860366355
81.97 0.680992856589
82.04 0.416318628807
82.11 0.364183137427
82.18 0.203847859545
82.25 0.648872234968
82.32 0.610283591247
82.39 0.723385756536
82.46 0.528820793872
82.53 0.250988568071
82.6 0.299284131678
82.67 0.430901606367
82.74 0.893471442772
82.81 0.539128917227
82.88 0.289097577875
82.95 0.395394955166
83.02 0.362569082265
83.09 0.284462481031
83.16 0.11699213305
83.23 0.594174252585
83.3 0.583098573578
83.37 0.700153462796
83.44 0.544599060019
83.51 0.438949373039
83.58 0.373236787727
83.65 0.47043908763
83.72 0.593973952549
83.79 0.645453171332
83.86 0.561455850761
83.93 0.215377998012
84.0 0.65389042684
84.07 0.752672267217
84.14 0.48541418688
84.21 0.415226340641
84.28 0.236840520654
84.35 0.262564521714
84.42 0.1645572301
84.49 0.672323024006
84.56 0.519662569747
84.63 0.36069054593
84.7 0.258601055779
84.77 0.159359025451
84.84 0.698806106047
84.91 0.456328422465
84.98 0.723341575992
85.05 0.468422145582
85.12 0.369224776353
85.19 0.403448374401
85.26 0.486840792706
85.33 0.874569686512
85.4 0.366974531756
85.47 0.336934354235
85.54 0.339089512743
85.61 0.40276149465
85.68 0.225108312072
85.75 0.116134481485
85.82 0.593765300301
85.89 0.529405460832
85.96 0.769391171766
86.03 0.549963349668
86.1 0.460290712986
86.17 0.317798904859
86.24 0.579759358322
86.31 0.697317683827
86.38 0.750429502782
86.45 0.55179656901
86.52 0.285406153059
86.59 0.904543867357
86.66 0.634427047118
86.73 0.471264791494
86.8 0.375049442424
86.87 0.315346325749
86.94 0.338553641706
87.01 0.252380758475
87.08 0.746441598994
87.15 0.59831527007
87.22 0.559370915595
87.29 0.476842610386
87.36 0.592641700846
87.43 0.457228574482
87.5 0.430924211057
87.57 0.678299394576
87.64 0.587266799999
87.71 0.424493205689
87.78 0.327154668141
87.85 0.727647365762
87.92 0.782161237654
87.99 0.648192057954
88.06 0.492595446026
88.13 0.385951045099
88.2 0.414510921611
88.27 0.282040507219
88.34 0.335292222725
88.41 0.606027490789
88.48 0.702491971998
88.55 0.66554975696
88.62 0.577922109916
88.69 0.455390260133
88.76 0.402974594362
88.83 0.662545711006
88.9 0.637542632177
88.97 0.557297258654
89.04 0.452957811498
89.11 0.40789494205
89.18 0.870420980129
89.25 0.73079511839
89.32 0.593729458982
89.39 0.421556737235
89.46 0.456101456206
89.53 0.509517336343
89.6 0.283288618937
89.67 0.642497132743
89.74 0.602309538907
89.81 0.616955011949
89.88 0.506218883931
89.95 0.590406082594
90.02 0.502228998545
90.09 0.475015575189
90.16 0.735713617144
90.23 0.537487347912
90.3 0.475931004807
90.37 0.43358664195
90.44 0.687012173842
90.51 0.671184077371
90.58 0.527885767214
90.65 0.500173793843
90.72 0.334712243506
90.79 0.947866928099
90.86 0.648548141649
90.93 0.298513666714
91.0 0.335684637572
91.07 0.54960396702
91.14 0.750890420061
91.21 0.767463157638
91.28 0.732126113969
91.35 0.672102421868
91.42 0.698893249045
91.49 0.659134213809
91.56 0.698305842544
91.63 0.576957229409
91.7 0.506129301044
91.77 0.933373119665
91.84 0.7210952547
91.91 0.574044150491
91.98 0.517323207976
92.05 0.485691169934
92.12 0.566126620079
92.19 0.503073714988
92.26 0.804710741007
92.33 0.627932680712
92.4 0.589347319244
92.47 0.472505730123
92.54 0.590168473596
92.61 0.558686149178
92.68 0.57629663459
92.75 0.658447665252
92.82 0.583087110738
92.89 0.403111024043
92.96 0.286720311548
93.03 0.80040882259
93.1 0.765566668173
93.17 0.638423718735
93.24 0.611815145693
93.31 0.496688381928
93.38 0.567669207833
93.45 0.560392360706
93.52 0.568675154547
93.59 0.662766208312
93.66 0.678631681469
93.73 0.644217314722
93.8 0.598834427405
93.87 0.506526291379
93.94 0.270585941296
94.01 0.712187967119
94.08 0.645257716749
94.15 0.694858691427
94.22 0.565970176815
94.29 0.570855070969
94.36 0.994431681831
94.43 0.671961791496
94.5 0.532331823692
94.57 0.457544795217
94.64 0.402921445603
94.71 0.426339241406
94.78 0.367328965975
94.85 0.651547532332
94.92 0.503776378872
94.99 0.517333985235
95.06 0.450550267356
95.13 0.603626218924
95.2 0.298319545257
95.27 0.592655845707
95.34 0.558158358533
95.41 0.539648638612
95.48 0.402887251905
95.55 0.306727288313
95.62 0.83624952798
95.69 0.806105370373
95.76 0.743824115864
95.83 0.613670241469
95.9 0.583010525131
95.97 0.599897971268
96.04 0.598658530897
96.11 0.542161570184
96.18 0.666149288688
96.25 0.717357864418
96.32 0.714637622073
96.39 0.625167748508
96.46 0.492137312817
96.53 0.259984970043
96.6 0.699403368585
96.67 0.677591133791
96.74 0.635688579152
96.81 0.57899813061
96.88 0.438594296842
96.95 0.936903007136
97.02 0.711020964545
97.09 0.655844584888
97.16 0.565093200959
97.23 0.445435692451
97.3 0.494167292037
97.37 0.371883976017
97.44 0.749610999838
97.51 0.544149977592
97.58 0.583924859118
97.65 0.416697097323
97.72 0.570806427192
97.79 0.556897128006
97.86 0.59046484217
97.93 0.749075377428
98.0 0.562352191727
98.07 0.413720918054
98.14 0.282637065623
98.21 0.714444758596
98.28 0.696365541766
98.35 0.546175469457
98.42 0.43495494278
98.49 0.278756226572
98.56 0.443935264678
98.63 0.348087388853
98.7 0.31883221822
98.77 0.582595985223
98.84 0.666309279533
98.91 0.584595683843
98.98 0.521326149087
99.05 0.478301167624
99.12 0.376650971585
99.19 0.713219703365
99.26 0.635242594364
99.33 0.586111975532
99.4 0.514477097979
99.47 0.405549035254
99.54 0.941749005936
99.61 0.590695400539
99.68 0.410281530979
99.75 0.142267844879
99.82 0.318254158442
99.89 0.307989219265
99.96 0.444545964233
100.03 0.706473199953
100.1 0.509097401776
100.17 0.526341524418
100.24 0.407227231662
100.31 0.646627395235
100.38 0.311596520793
100.45 0.680329517591
100.52 0.635785042897
100.59 0.50477173387
100.66 0.444604742362
100.73 0.384338186689
100.8 0.751210725522
100.87 0.52038259859
100.94 0.379594830212
101.01 0.256491601122
101.08 0.534563967653
101.15 0.811206895119
101.22 0.325297923818
101.29 0.267308691797
101.36 0.537020774358
101.43 0.602459920485
101.5 0.660772317183
101.57 0.664723961253
101.64 0.660904970139
101.71 0.687072898317
101.78 0.707509725989
101.85 0.745031220749
101.92 0.697126551465
101.99 0.594212864059
102.06 0.462725882607
102.13 0.991569924074
102.2 0.695601759129
102.27 0.542672302016
102.34 0.283695532104
102.41 0.292543561
102.48 0.277545866337
102.55 0.484780556081
102.62 0.763276625556
102.69 0.540798624121
102.76 0.50350880377
102.83 0.392095728112
102.9 0.635976582525
102.97 0.373623086153
103.04 0.715067726246
103.11 0.594047796761
103.18 0.493291408101
103.25 0.406409142479
103.32 0.307109418518
103.39 0.961303174574
103.46 0.613261405149
103.53 0.487029806168
103.6 0.200244095392
103.67 0.269039163057
103.74 0.197785141956
103.81 0.356298462021
103.88 0.643771554441
103.95 0.702274029617
104.02 0.78601325169
104.09 0.672255263745
104.16 0.622258394364
104.23 0.462583775313
104.3 0.657981933135
104.37 0.698757840777
104.44 0.600374304377
104.51 0.485515581427
104.58 0.425513709169
104.65 0.850416040625
104.72 0.759395505408
104.79 0.562029918584
104.86 0.446587398869
104.93 0.279107558514
105.0 0.382509158761
105.07 0.190096138219
105.14 0.796307200497
105.21 0.615685401378
105.28 0.539976188595
105.35 0.512714208666
105.42 0.678680714886
105.49 0.406252983095
105.56 0.633600653963
105.63 0.69849403034
105.7 0.595199291661
105.77 0.444935734166
105.84 0.362764672295
105.91 0.786565054367
105.98 0.74733523289
106.05 0.610505475486
106.12 0.401443731063
106.19 0.213686628059
106.26 0.282586653622
106.33 0.0906655889
106.4 0.499255180309
106.47 0.655532446097
106.54 0.672785566641
106.61 0.695910072026
106.68 0.571552447809
106.75 0.509142094418
106.82 0.457640126222
106.89 0.597812489678
106.96 0.641946961916
107.03 0.573716649677
107.1 0.496932271553
107.17 0.313991024981
107.24 0.891770268733
107.31 0.665567275919
107.38 0.498137846637
107.45 0.2775572262
107.52 0.290241652915
107.59 0.260252654615
107.66 0.1512515752
107.73 0.709515008522
107.8 0.561830653877
107.87 0.737783900916
107.94 0.526671988352
108.01 0.483981410826
108.08 0.443561222288
108.15 0.651399395823
108.22 0.673771198264
108.29 0.615114645495
108.36 0.312668492013
108.43 0.2126050652
108.5 0.911161354454
108.57 0.756834210229
108.64 0.588942193782
108.71 0.42930116727
108.78 0.639518704694
108.85 0.846973105042
108.92 0.387654298145
108.99 0.228746167875
109.06 0.172953743173
109.13 0.425768814862
109.2 0.231944059756
109.27 0.458979445254
109.34 0.530037067358
109.41 0.250053645318
109.48 0.162703989753
109.55 0.124609881826
109.62 0.755914300678
109.69 0.420896058923
109.76 0.30614295533
109.83 0.227069569919
109.9 0.570266912092
109.97 0.59229133651
110.04 0.28187626466
110.11 0.221054880105
110.18 0.331111160447
110.25 0.372375938331
110.32 0.399573089577
110.39 0.361284805457
110.46 0.136707388162
110.53 0.108603794995
110.6 0.0896465502808
110.67 0.703651208674
110.74 0.324389132924
110.81 0.181357718782
110.88 0.149571218145
110.95 0.564259348052
111.02 0.568939693239
111.09 0.330195967396
111.16 0.236990917076
111.23 0.178758624807
111.3 0.563015393423
111.37 0.564131345729
111.44 0.329367810656
111.51 0.24351045794
111.58 0.218831864854
111.65 0.795083185234
111.72 0.391335114547
111.79 0.728971741171
111.86 0.653527678444
111.93 0.516968179092
112.0 0.29356661755
112.07 0.392044336444
112.14 0.590497360415
112.21 0.251214815351
112.28 0.145089656181
112.35 0.117785259294
112.42 0.741802923028
112.49 0.45089607012
112.56 0.344145060891
112.63 0.246661048447
112.7 0.326679584663
112.77 0.262360717701
112.84 0.412825526139
112.91 0.345998814264
112.98 0.332198162496
113.05 0.418690243497
113.12 0.246339428414
113.19 0.527033423104
113.26 0.242204443856
113.33 0.259653234213
113.4 0.213572401367
113.47 0.777109108133
113.54 0.671366395518
113.61 0.328427962666
113.68 0.225988503386
113.75 0.165446386846
113.82 0.747103839578
113.89 0.621949190861
113.96 0.405730250349
114.03 0.289024544485
114.1 0.590587993475
114.17 0.60781098371
114.24 0.321216336645
114.31 0.959259455904
114.38 0.592418541927
114.45 0.870204291091
114.52 0.587639494421
114.59 0.484254974324
114.66 0.446507486478
114.73 0.552010359868
114.8 0.361145591705
114.87 0.572988212031
114.94 0.781081385499
115.01 0.524270158931
115.08 0.435768874876
115.15 0.323997062259
115.22 0.320969382779
115.29 0.174252648182
115.36 0.534734160573
115.43 0.267984564216
115.5 0.54694036999
115.57 0.424147639492
115.64 0.468180030674
115.71 0.487589291248
115.78 0.363209679272
115.85 0.620922882672
115.92 0.461097667741
115.99 0.798086424077
116.06 0.502955423051
116.13 0.349921706609
116.2 0.26119327168
116.27 0.598942707448
116.34 0.764691873374
116.41 0.545073129505
116.48 0.388980388898
116.55 0.286166905781
116.62 0.870581679748
116.69 0.409914557772
116.76 0.794051484241
116.83 0.644532724635
116.9 0.429079081717
116.97 0.238432970274
117.04 0.276341784874
117.11 0.54106303015
117.18 0.430392764289
117.25 0.62116670179
117.32 0.415117286884
117.39 0.825046599953
117.46 0.532161550989
117.53 0.29376094496
117.6 0.309999403841
117.67 0.453726311563
117.74 0.475776147006
117.81 0.425818987513
117.88 0.31457013957
117.95 0.146623496516
118.02 0.881697950899
118.09 0.548952486068
118.16 0.519830165067
118.23 0.21208637265
118.3 0.313614179965
118.37 0.286222370115
118.44 0.707804113892
118.51 0.613251043506
118.58 0.305750996919
118.65 0.241527180792
118.72 0.181811314539
118.79 0.878681324209
118.86 0.634642766695
118.93 0.414561408757
119.0 0.273832220906
119.07 0.286029007527
119.14 0.524909467342
119.21 0.527387029802
119.28 0.52057918684
119.35 0.407321094095
119.42 0.411656261798
119.49 0.218417824984
119.56 0.742110281307
119.63 0.657960239461
119.7 0.351902201542
119.77 0.259216560894
119.84 0.198665347186
119.91 0.892832160336
119.98 0.583968061851
120.05 0.459822932475
120.12 0.373088127059
120.19 0.796586394294
120.26 0.666819996522
120.33 0.581985367307
120.4 0.465906930905
120.47 0.403204042257
120.54 0.406884016293
120.61 0.501805916243
120.68 0.623489064122
120.75 0.438849699403
120.82 0.739107116681
120.89 0.402438856915
120.96 0.696782568876
121.03 0.638027136595
121.1 0.361498637135
121.17 0.238168362003
121.24 0.416981776695
121.31 0.685459862714
121.38 0.547565369334
121.45 0.344199491751
121.52 0.237312268999
121.59 0.341266226696
121.66 0.276183340529
121.73 0.284487458814
121.8 0.905538511726
121.87 0.595488487147
121.94 0.510377198651
122.01 0.346263565403
122.08 0.61100227212
122.15 0.337334229762
122.22 0.671549325029
122.29 0.342636234521
122.36 0.598676067483
122.43 0.759578907126
122.5 0.502700549287
122.57 0.700976876133
122.64 0.38444091065
122.71 0.322467547856
122.78 0.354742234082
122.85 0.528034203376
122.92 0.34369490881
122.99 0.543765313799
123.06 0.626026030919
123.13 0.465700599798
123.2 0.519750935473
123.27 0.212499927325
123.34 0.753707147488
123.41 0.673883151128
123.48 0.682985629822
123.55 0.508961561193
123.62 0.372560243643
123.69 0.319037217129
123.76 0.584604544444
123.83 0.81728392827
123.9 0.755952394487
123.97 0.394283949434
124.04 0.323837547332
124.11 0.721071450476
124.18 0.525870187978
124.25 0.454157667222
124.32 0.388207134296
124.39 0.489902076784
124.46 0.395022132719
124.53 0.227075857967
124.6 0.842582321789
124.67 0.570350363714
124.74 0.477063956551
124.81 0.365628905194
124.88 0.357134059031
124.95 0.279382583163
125.02 0.361024420142
125.09 0.61488935005
125.16 0.483624435597
125.23 0.835846579864
125.3 0.583750114831
125.37 0.669284313074
125.44 0.689202109581
125.51 0.599378503149
125.58 0.419691675952
125.65 0.368131093832
125.72 0.594374836501
125.79 0.253917285471
125.86 0.870783177463
125.93 0.669349089806
126.0 0.785404845446
126.07 0.758984872105
126.14 0.501398829592
126.21 0.308997397131
126.28 0.354978841149
126.35 0.823414686289
126.42 0.77607886829
126.49 0.520622548211
126.56 0.309934038012
126.63 0.62478927257
126.7 0.691250579076
126.77 0.526471299604
126.84 0.416311480767
126.91 0.297776580915
126.98 0.300552316353
127.05 0.171826982995
127.12 0.657100879974
127.19 0.66628555602
127.26 0.506736167282
127.33 0.434392133699
127.4 0.567169326549
127.47 0.780546267766
127.54 0.430187584476
127.61 0.452600066266
127.68 0.394980099835
127.75 0.462309461294
127.82 0.438580179811
127.89 0.544807892244
127.96 0.650895985513
128.03 0.511472097406
128.1 0.459558219372
128.17 0.356894350615
128.24 0.709819614273
128.31 0.456532717239
128.38 0.344740916087
128.45 0.561803767786
128.52 0.721345057577
128.59 0.669630060176
128.66 0.464612450166
128.73 0.277716799573
128.8 0.158927944395
128.87 0.670855758313
128.94 0.631303825115
129.01 0.468316549416
129.08 0.264649024565
129.15 0.589456709761
129.22 0.866359417673
129.29 0.524300641771
129.36 0.87351266077
129.43 0.465156920189
129.5 0.674808528628
129.57 0.310632441831
129.64 0.475553326703
129.71 0.516572251918
129.78 0.605959853914
129.85 0.664967519684
129.92 0.394247908656
129.99 0.861646242528
130.06 0.44583748278
130.13 0.742680740321
130.2 0.515986479123
130.27 0.71965360413
130.34 0.559591629987
130.41 0.54920260344
130.48 0.692804615753
130.55 0.513685447728
130.62 0.89362420301
130.69 0.44470788194
130.76 0.792497904926
130.83 0.374538214264
130.9 0.36608050822
130.97 0.560530410176
131.04 0.705240645078
131.11 0.754739524785
131.18 0.648160905304
131.25 0.37890488622
131.32 0.358815564596
131.39 0.835960060674
131.46 0.762690295204
131.53 0.623347002287
131.6 0.327334330242
131.67 0.657347310609
131.74 0.632068853672
131.81 0.514596449365
131.88 0.558410786841
131.95 0.362494457846
132.02 0.550287869736
132.09 0.23655001709
132.16 0.710313576739
132.23 0.645647623056
132.3 0.585939552387
132.37 0.505224567045
132.44 0.367879046814
132.51 0.523798382755
132.58 0.276286030165
132.65 0.517525798539
132.72 0.402208660355
132.79 0.715931756775
132.86 0.416616229385
132.93 0.646208611962
133.0 0.751203620158
133.07 0.703964820676
133.14 0.73643870574
133.21 0.405620242901
133.28 0.6233210235
133.35 0.359655046874
133.42 0.497575060749
133.49 0.493376069463
133.56 0.780170907093
133.63 0.703384456455
133.7 0.582811813342
133.77 0.474917483305
133.84 0.313400236961
133.91 0.833123334507
133.98 0.757503041296
134.05 0.53273317614
134.12 0.411188356973
134.19 0.822853571215
134.26 0.71760361411
134.33 0.637411706625
134.4 0.789458431414
134.47 0.518271321901
134.54 0.574657904081
134.61 0.314252627457
134.68 0.634118116363
134.75 0.451113313932
134.82 0.469791586573
134.89 0.371871514957
134.96 0.642490565453
135.03 0.586520269139
135.1 0.667707674491
135.17 0.567614566382
135.24 0.376923662104
135.31 0.693229946835
135.38 0.507283114302
135.45 0.77402820475
135.52 0.565608195639
135.59 0.68715131245
135.66 0.662664172714
135.73 0.74425916661
135.8 0.616894076883
135.87 0.364848401432
135.94 0.437855517036
136.01 0.471259123159
136.08 0.627616144554
136.15 0.428594161683
136.22 0.356440889376
136.29 0.28697921252
136.36 0.524432223217
136.43 0.655097815605
136.5 0.544037240809
136.57 0.327357841309
136.64 0.198884362932
136.71 0.855153886479
136.78 0.557283618469
136.85 0.444594643263
136.92 0.368093629013
136.99 0.290570602819
137.06 0.236155915658
137.13 0.320552017053
137.2 0.888475884348
137.27 0.525987888961
137.34 0.617704013312
137.41 0.379518021025
137.48 0.325494943455
137.55 0.246710899181
137.62 0.532350680416
137.69 0.347276180528
137.76 0.243988334767
137.83 0.896594930101
137.9 0.646702300752
137.97 0.77686692643
138.04 0.708874900421
138.11 0.523313707637
138.18 0.252768027291
138.25 0.4405242267
138.32 0.253827507764
138.39 0.388102330399
138.46 0.604864983919
138.53 0.690674514811
138.6 0.636187161637
138.67 0.577450614837
138.74 0.586226667937
138.81 0.346727006066
138.88 0.679878555615
138.95 0.680773942891
139.02 0.631234368992
139.09 0.590997993149
139.16 0.285235055618
139.23 0.923652398171
139.3 0.712009810699
139.37 0.630288641149
139.44 0.345685513047
139.51 0.264210500456
139.58 0.229120688966
139.65 0.245419765635
139.72 0.871365846126
139.79 0.739208674505
139.86 0.582325233627
139.93 0.459819270786
140.0 0.358323685776
140.07 0.321531801293
140.14 0.629801277515
140.21 0.582277385828
140.28 0.512245178525
140.35 0.347543946739
140.42 0.489031154265
140.49 0.638919474473
140.56 0.526802864735
140.63 0.410121938124
140.7 0.226422591165
140.77 0.793865023848
140.84 0.407178245558
140.91 0.3888197134
140.98 0.518220968346
141.05 0.662357083473
141.12 0.806980865596
141.19 0.828732735869
141.26 0.805510044902
141.33 0.631148037744
141.4 0.687068078841
141.47 0.649290099804
141.54 0.564334543016
141.61 0.492779755976
141.68 0.434696433304
141.75 0.850579490917
141.82 0.535823208233
141.89 0.506362148085
141.96 0.489126354463
142.03 0.44584329491
142.1 0.430985954162
142.17 0.545320441469
142.24 0.562231775324
142.31 0.509629679776
142.38 0.529983668117
142.45 0.355419026794
142.52 0.614377649684
142.59 0.30123350272
142.66 0.725164484716
142.73 0.63026769243
142.8 0.463612717284
142.87 0.392982098931
142.94 0.300584268692
143.01 0.923268710334
143.08 0.703122148916
143.15 0.575809835007
143.22 0.504074139017
143.29 0.399813991034
143.36 0.463064501151
143.43 0.501846578893
143.5 0.640787568455
143.57 0.621988833953
143.64 0.686979229776
143.71 0.612520383985
143.78 0.58441013725
143.85 0.42206853965
143.92 0.568493708451
143.99 0.705150657708
144.06 0.667894548644
144.13 0.53730048582
144.2 0.499918077715
144.27 0.813075104138
144.34 0.617923433542
144.41 0.532343598244
144.48 0.522151631227
144.55 0.436345325997
144.62 0.56824580275
144.69 0.550607382001
144.76 0.629558022447
144.83 0.579512718951
144.9 0.508579524687
144.97 0.446621203855
145.04 0.459762286856
145.11 0.65285757177
145.18 0.425407585135
145.25 0.728822365234
145.32 0.561665484531
145.39 0.40056419286
145.46 0.309305211845
145.53 0.623361572042
145.6 0.793371104984
145.67 0.579215883737
145.74 0.530359540888
145.81 0.360430825786
145.88 0.506930733115
145.95 0.591617858521
146.02 0.58385816109
146.09 0.623041536545
146.16 0.673475100583
146.23 0.605508135851
146.3 0.517753331631
146.37 0.442457258836
146.44 0.252138429266
146.51 0.664511754003
146.58 0.607835282406
146.65 0.551228246522
146.72 0.501379569313
146.79 0.604039987901
146.86 0.937810015891
146.93 0.733058783304
147.0 0.648194793783
147.07 0.531029640141
147.14 0.509784810324
147.21 0.468762960953
147.28 0.662505465827
147.35 0.664212495599
147.42 0.4406277754
147.49 0.550191607305
147.56 0.442767437366
147.63 0.662734486973
147.7 0.328142650593
147.77 0.642632706144
147.84 0.556441746399
147.91 0.373664863916
147.98 0.290504451215
148.05 0.203505277806
148.12 0.917234793638
148.19 0.621500450761
148.26 0.439221121928
148.33 0.293676027549
148.4 0.321700957028
148.47 0.392752168625
148.54 0.24560348927
148.61 0.500531125314
148.68 0.540885020309
148.75 0.74531861183
148.82 0.606054634785
148.89 0.522156120437
148.96 0.459962349397
149.03 0.458185318934
149.1 0.640272815909
149.17 0.595086008454
149.24 0.576841196457
149.31 0.410440546795
149.38 0.666524162311
149.45 0.855860907838
149.52 0.55615504832
149.59 0.46302985009
149.66 0.206115585993
149.73 0.305626124704
149.8 0.168630369504
149.87 0.409844994962
149.94 0.497121233991
150.01 0.59313870436
150.08 0.477935107288
150.15 0.301506316625
150.22 0.229899981133
150.29 0.264502751833
150.36 0.692124655824
150.43 0.587206305598
150.5 0.371742324231
150.57 0.122869102731
150.64 0.268439373424
150.71 0.618086127746
150.78 0.555197174839
150.85 0.460023634211
150.92 0.507875771667
150.99 0.489487794781
151.06 0.259408018884
151.13 0.0954775285207
151.2 0.5293533808
151.27 0.471727497406
151.34 0.431932410261
151.41 0.50599358292
151.48 0.407393689604
151.55 0.482274286427
151.62 0.464211224815
151.69 0.244727030151
151.76 0.128775458695
151.83 0.392105676921
151.9 0.409282889089
151.97 0.413611628657
152.04 0.494788721536
152.11 0.357552713352
152.18 0.475646732701
152.25 0.624570052727
152.32 0.42521408339
152.39 0.26601925133
152.46 0.429634289106
152.53 0.415212107646
152.6 0.633657902292
152.67 0.566707381362
152.74 0.436502636674
152.81 0.309898488923
152.88 0.738288735267
152.95 0.784659116131
153.02 0.233163728677
153.09 0.0750700741428
153.16 0.0657980203875
153.23 0.439128727139
153.3 0.619566164356
153.37 0.500544253401
153.44 0.596242000914
153.51 0.49207352503
153.58 0.368470923971
153.65 0.171891885895
153.72 0.424901545682
153.79 0.445737022441
153.86 0.352467749235
153.93 0.604618684092
154.0 0.436551121813
154.07 0.560219598945
154.14 0.48995515782
154.21 0.324499941916
154.28 0.17575181148
154.35 0.381589648127
154.42 0.404834003081
154.49 0.453138276999
154.56 0.517018963107
154.63 0.449892774815
154.7 0.686846862556
154.77 0.820695800263
154.84 0.536327087966
154.91 0.278039350103
154.98 0.554486291406
155.05 0.545403224209
155.12 0.793952320847
155.19 0.63085557392
155.26 0.572551662099
155.33 0.37830282647
155.4 0.662119189666
155.47 0.671258639634
155.54 0.375008138723
155.61 0.538642909912
155.68 0.522022016535
155.75 0.713124951254
155.82 0.811293375729
155.89 0.795032818691
155.96 0.726378925967
156.03 0.548869656015
156.1 0.726971910814
156.17 0.70102023936
156.24 0.638331863875
156.31 0.557095993795
156.38 0.772527668435
156.45 0.671986040095
156.52 0.597492893919
156.59 0.583359032182
156.66 0.564516693247
156.73 0.534261979913
156.8 0.477250065339
156.87 0.70261307491
156.94 0.69018750742
157.01 0.593789281719
157.08 0.489443304381
157.15 0.608929135626
157.22 0.563542845452
157.29 0.530098859632
157.36 0.677225663481
157.43 0.558393332822
157.5 0.445395054849
157.57 0.286005784053
157.64 0.694491965919
157.71 0.792606006848
157.78 0.519753618423
157.85 0.482131108551
157.92 0.427235197371
157.99 0.530869434994
158.06 0.480213963525
158.13 0.324559413976
158.2 0.588509752697
158.27 0.698312352316
158.34 0.626096742239
158.41 0.536162668213
158.48 0.474925813253
158.55 0.35180310216
158.62 0.672099154458
158.69 0.648626856361
158.76 0.622319323863
158.83 0.528288710692
158.9 0.502806875564
158.97 0.871030416137
159.04 0.616010547653
159.11 0.508131689109
159.18 0.462231888598
159.25 0.493680043439
159.32 0.470311606682
159.39 0.525486686611
159.46 0.787008872942
159.53 0.649002538951
159.6 0.538795619126
159.67 0.371404359726
159.74 0.669853465867
159.81 0.353660373426
159.88 0.645129893474
159.95 0.633106240627
160.02 0.39701909551
160.09 0.333193665001
160.16 0.282117058502
160.23 0.795449047039
160.3 0.726598810054
160.37 0.521969139597
160.44 0.597260459711
160.51 0.409639647232
160.58 0.456343768717
160.65 0.454967675085
160.72 0.389331619719
160.79 0.496018449664
160.86 0.720495584742
160.93 0.61929075285
161.0 0.575762566102
161.07 0.506866206867
161.14 0.431774791582
161.21 0.702418235401
161.28 0.615453827162
161.35 0.506843758961
161.42 0.535372621053
161.49 0.596304956541
161.56 0.796795355471
161.63 0.5775960183
161.7 0.400315617349
161.77 0.334301750288
161.84 0.469033476909
161.91 0.325249112124
161.98 0.620350338156
162.05 0.607004711753
162.12 0.54784833429
162.19 0.451002803663
162.26 0.373556420595
162.33 0.579570134268
162.4 0.332005577334
162.47 0.686760776225
162.54 0.540043945145
162.61 0.407921216778
162.68 0.318808142176
162.75 0.22318356721
162.82 0.893102966667
162.89 0.710280563094
162.96 0.541584026215
163.03 0.382603670594
163.1 0.36440560056
163.17 0.299936070922
163.24 0.269201751501
163.31 0.521712851996
163.38 0.585270414246
163.45 0.717850038251
163.52 0.499300294133
163.59 0.467808996861
163.66 0.418106334479
163.73 0.583268535497
163.8 0.722722352598
163.87 0.659574234321
163.94 0.588801491048
164.01 0.360511125035
164.08 0.813361823554
164.15 0.767042860334
164.22 0.626190258635
164.29 0.280993972073
164.36 0.290335507927
164.43 0.422670411074
164.5 0.279101319635
164.57 0.407803691133
164.64 0.423242363708
164.71 0.692115246945
164.78 0.458326945672
164.85 0.3031837755
164.92 0.212302793579
164.99 0.252689349687
165.06 0.626878795284
165.13 0.587359086246
165.2 0.431076859969
165.27 0.156423289891
165.34 0.221465643287
165.41 0.635366011923
165.48 0.634484266688
165.55 0.513948072546
165.62 0.5216428411
165.69 0.506256033327
165.76 0.261653030244
165.83 0.129564396308
165.9 0.473101056522
165.97 0.49600197624
166.04 0.429574671395
166.11 0.490549408998
166.18 0.522646940734
166.25 0.679984336396
166.32 0.569653819962
166.39 0.328473955964
166.46 0.109396401719
166.53 0.490219041546
166.6 0.630175187243
166.67 0.406872548816
166.74 0.552620631746
166.81 0.388306913692
166.88 0.701101512709
166.95 0.776188989846
167.02 0.577874316853
167.09 0.182467576931
167.16 0.527533869367
167.23 0.650278852259
167.3 0.816337627099
167.37 0.696129903233
167.44 0.547599187308
167.51 0.526430302049
167.58 0.548726704501
167.65 0.87302985407
167.72 0.333089850975
167.79 0.0998159163195
167.86 0.0836135074925
167.93 0.105915094013
168.0 0.580947209422
168.07 0.474653914074
168.14 0.547618191537
168.21 0.519576119752
168.28 0.529104057552
168.35 0.53330412406
168.42 0.465947354205
168.49 0.650656156494
168.56 0.55324324872
168.63 0.627899395246
168.7 0.602974839093
168.77 0.348260492941
168.84 0.445955417547
168.91 0.472158160063
168.98 0.382335460008
169.05 0.422363893305
169.12 0.65183365059
169.19 0.497789574297
169.26 0.48407113287
169.33 0.424367911364
169.4 0.48196688269
169.47 0.597269978061
169.54 0.795925619499
169.61 0.498166127083
169.68 0.38366337743
169.75 0.670523413902
169.82 0.603398301758
169.89 0.773381587805
169.96 0.582190534133
170.03 0.512804917799
170.1 0.263287137952
170.17 0.709746841571
170.24 0.712534936948
170.31 0.319377446185
170.38 0.262122703291
170.45 0.391714490368
170.52 0.61077996206
170.59 0.697145392417
170.66 0.651180130521
170.73 0.543261199354
170.8 0.643084813847
170.87 0.650477759795
170.94 0.579304986068
171.01 0.488238945531
171.08 0.375532738958
171.15 0.761283814287
171.22 0.641096854525
171.29 0.534954836928
171.36 0.472004024024
171.43 0.37551887241
171.5 0.345569991265
171.57 0.24730050622
171.64 0.411109972527
171.71 0.444496813923
171.78 0.379704624285
171.85 0.350326477684
171.92 0.261617401372
171.99 0.399525175911
172.06 0.189924853379
172.13 0.488529740396
172.2 0.369617239441
172.27 0.290773300069
172.34 0.189412168708
172.41 0.169429613097
172.48 0.709223683004
172.55 0.478825638907
172.62 0.39264807814
172.69 0.30753017133
172.76 0.358078066891
172.83 0.348217105593
172.9 0.318632905273
172.97 0.552578565464
173.04 0.557668236804
173.11 0.622551580877
173.18 0.376345258144
173.25 0.307984768091
173.32 0.163799913632
173.39 0.312365616451
173.46 0.376269321936
173.53 0.326809522199
173.6 0.299367312408
173.67 0.263140214893
173.74 0.472959678412
173.81 0.325833932157
173.88 0.258273320253
173.95 0.224041798596
174.02 0.161853501999
174.09 0.2100090902
174.16 0.123364019816
174.23 0.29045560334
174.3 0.206048932495
174.37 0.167697758615
174.44 0.136154817337
174.51 0.150874925932
174.58 0.183380478527
174.65 0.086948560094
174.72 0.247197873175
174.79 0.138565932252
174.86 0.098947229592
174.93 0.0716534763721
175.0 0.186660507459
175.07 0.330302215744
175.14 0.171116423334
175.21 0.130560479562
175.28 0.0878136964585
175.35 0.159056827119
175.42 0.146900090857
175.49 0.123857012821
175.56 0.170626451895
175.63 0.217277278042
175.7 0.158600902799
175.77 0.09006091114
175.84 0.0642100024589
175.91 0.0254131861176
175.98 0.0871091715794
176.05 0.0852501395118
176.12 0.0738892022383
176.19 0.0582690241935
176.26 0.0509481718604
176.33 0.10643727013
176.4 0.0665611248655
176.47 0.0464142107309
176.54 0.0406498655787
176.61 0.0304645382135
176.68 0.0402698663336
176.75 0.0296984427843
176.82 0.0425856465319
176.89 0.0328004294049
176.96 0.0260341647476
177.03 0.0213014946126
177.1 0.0227054057606
177.17 0.0205697283275
177.24 0.0221085124522
177.31 0.0275739888402
177.38 0.0184084431934
177.45 0.0144167691742
177.52 0.00956838985917
177.59 0.0282089444155
177.66 0.0293274850439
177.73 0.0171538022221
177.8 0.0126414076695
177.87 0.0080394395072
177.94 0.0128653226755
178.01 0.0108751767299
178.08 0.0105907162982
178.15 0.0106664493366
178.22 0.0113505978963
178.29 0.00689774498241
178.36 0.0
178.43 0.0
178.5 0.0
178.57 0.0
178.64 0.0
178.71 0.0
178.78 0.0
178.85 0.0
178.92 0.0
178.99 0.0
179.06 0.0
179.13 0.0
179.2 0.0
179.27 0.0
179.34 0.0
179.41 0.0
179.48 0.0
179.55 0.0
179.62 0.0
179.69 0.0
179.76 0.0
179.83 0.0
179.9 0.0
179.97 0.0
180.04 0.0
180.11 0.0
180.18 0.0
180.25 0.0
180.32 0.0
180.39 0.0
180.46 0.0
180.53 0.0
180.6 0.0
180.67 0.0
180.74 0.0
180.81 0.0
180.88 0.0
180.95 0.0
181.02 0.0
181.09 0.0
181.16 0.0
181.23 0.0
181.3 0.0
181.37 0.0
181.44 0.0
181.51 0.0
181.58 0.0
181.65 0.0
181.72 0.0
181.79 0.0
181.86 0.0
181.93 0.0
182.0 0.0
182.07 0.0
182.14 0.0
182.21 0.0
182.28 0.0
182.35 0.0
182.42 0.0
182.49 0.0
182.56 0.0
182.63 0.0
182.7 0.0
182.77 0.0
182.84 0.0
182.91 0.0
182.98 0.0
183.05 0.0
183.12 0.0
183.19 0.0
183.26 0.0
183.33 0.0
183.4 0.0
183.47 0.0
183.54 0.0
183.61 0.0
183.68 0.0
183.75 0.0
183.82 0.0
183.89 0.0
183.96 0.0
184.03 0.0
184.1 0.0
184.17 0.0
184.24 0.0
184.31 0.0
184.38 0.0
184.45 0.0
184.52 0.0
184.59 0.0
184.66 0.0
184.73 0.0
184.8 0.0
184.87 0.0
184.94 0.0
185.01 0.0
185.08 0.0
185.15 0.0
185.22 0.0
185.29 0.0
185.36 0.0
185.43 0.0
185.5 0.0
185.57 0.0
185.64 0.0
185.71 0.0
185.78 0.0
185.85 0.0
185.92 0.0
185.99 0.0
186.06 0.0
186.13 0.0
186.2 0.0
186.27 0.0
186.34 0.0
186.41 0.0
186.48 0.0
186.55 0.0
186.62 0.0
186.69 0.0
186.76 0.0
186.83 0.0
186.9 0.0
186.97 0.0
187.04 0.0
187.11 0.0
187.18 0.0
187.25 0.0
187.32 0.0
