0.0 0.0
0.07 0.0
0.14 0.0
0.21 0.0
0.28 0.0
0.35 0.0
0.42 0.0
0.49 0.0
0.56 0.0
0.63 0.0
0.7 0.0
0.77 0.0
0.84 0.0
0.91 0.0
0.98 0.0
1.05 0.0
1.12 0.0
1.19 0.0
1.26 0.0
1.33 0.0
1.4 0.0
1.47 0.0
1.54 0.0
1.61 0.0
1.68 0.0
1.75 0.0
1.82 0.0
1.89 0.0
1.96 0.0
2.03 0.0
2.1 0.0
2.17 0.0
2.24 0.0
2.31 0.0
2.38 0.0
2.45 0.0
2.52 0.0
2.59 0.0
2.66 0.0
2.73 0.0
2.8 0.0
2.87 0.0
2.94 0.0
3.01 0.0
3.08 0.0
3.15 0.0
3.22 0.0
3.29 0.0
3.36 0.0
3.43 0.0
3.5 0.0
3.57 0.0
3.64 0.0
3.71 0.0
3.78 0.0
3.85 0.0
3.92 0.0
3.99 3.6680087946e-05
4.06 0.125695245925
4.13 0.0320203738113
4.2 0.0212947348905
4.27 0.0387965724801
4.34 0.0133649889566
4.41 0.0267057444006
4.48 0.0169931005592
4.55 0.0155770226643
4.62 0.0691175017567
4.69 0.0352633012131
4.76 0.0450874749715
4.83 0.0852017016434
4.9 0.0172735361813
4.97 0.0133411873068
5.04 0.0203874660031
5.11 0.0134316625489
5.18 0.0115659909513
5.25 0.0138986756262
5.32 0.0334235040242
5.39 0.0229347673222
5.46 0.62570849336
5.53 1.0
5.6 0.529020593327
5.67 0.152445314566
5.74 0.145131956104
5.81 0.154015850809
5.88 0.254127348109
5.95 0.333349609578
6.02 0.354120964193
6.09 0.374269113555
6.16 0.333932862062
6.23 0.268049414477
6.3 0.198022152878
6.37 0.136075615148
6.44 0.127296964662
6.51 0.13746668236
6.58 0.217429521902
6.65 0.341557786707
6.72 0.253469128263
6.79 0.137917126121
6.86 0.840652093117
6.93 0.553733785953
7.0 0.637072870015
7.07 0.538215048357
7.14 0.160259190089
7.21 0.335438889493
7.28 0.618056465228
7.35 0.620098771416
7.42 0.642986346346
7.49 0.249435803686
7.56 0.168356163477
7.63 0.652252064194
7.7 0.727976317719
7.77 0.318671900962
7.84 0.117623869971
7.91 0.164181977851
7.98 0.31162138746
8.05 0.40348221015
8.12 0.382669598977
8.19 0.423261247165
8.26 0.449842565899
8.33 0.411425478672
8.4 0.31288952777
8.47 0.186620810048
8.54 0.142853104849
8.61 0.123120698077
8.68 0.12492197475
8.75 0.217846438902
8.82 0.367832942099
8.89 0.383212840382
8.96 0.121290537622
9.03 0.822256488272
9.1 0.673096101125
9.17 0.631702555823
9.24 0.564698962002
9.31 0.251330667018
9.38 0.238249196855
9.45 0.576580139859
9.52 0.627506853593
9.59 0.674221127228
9.66 0.311984621372
9.73 0.155295912899
9.8 0.540356156356
9.87 0.773570706604
9.94 0.459566421772
10.01 0.271662556661
10.08 0.265022689949
10.15 0.324455656297
10.22 0.262494500834
10.29 0.276001138033
10.36 0.210063156389
10.43 0.161968389802
10.5 0.118029246032
10.57 0.350342773003
10.64 0.423487088595
10.71 0.262106672613
10.78 0.127359022607
10.85 0.0756148583222
10.92 0.330274961042
10.99 0.310510357718
11.06 0.187325600003
11.13 0.230862443595
11.2 0.256871792942
11.27 0.263600945906
11.34 0.286626900953
11.41 0.224588196063
11.48 0.160829402871
11.55 0.121820729301
11.62 0.178860557481
11.69 0.288145778578
11.76 0.220793797265
11.83 0.113549643256
11.9 0.148608573176
11.97 0.324750742453
12.04 0.381257368669
12.11 0.202674488902
12.18 0.131036651736
12.25 0.173016853403
12.32 0.14490916869
12.39 0.0949408831763
12.46 0.0755140684851
12.53 0.253495764353
12.6 0.236167679536
12.67 0.131432437529
12.74 0.100136754891
12.81 0.342412398408
12.88 0.204621035452
12.95 0.13468112219
13.02 0.123268203799
13.09 0.374490884179
13.16 0.328413399429
13.23 0.331096888752
13.3 0.396581337084
13.37 0.765886131147
13.44 0.18873938283
13.51 0.168699629192
13.58 0.108605015429
13.65 0.392361248276
13.72 0.119885167007
13.79 0.587344971689
13.86 0.36719113577
13.93 0.272548075702
14.0 0.11083147645
14.07 0.152786239215
14.14 0.181001852256
14.21 0.719870097549
14.28 0.291082294816
14.35 0.210632978307
14.42 0.301311214153
14.49 0.572902806838
14.56 0.464683548693
14.63 0.348886890849
14.7 0.301613575464
14.77 0.283509709383
14.84 0.286457981581
14.91 0.357135557387
14.98 0.560411385987
15.05 0.373248600055
15.12 0.210546783426
15.19 0.139483555113
15.26 0.22577472525
15.33 0.342769127046
15.4 0.233878598419
15.47 0.16109479983
15.54 0.601227685705
15.61 0.333114499498
15.68 0.248857200559
15.75 0.359877593265
15.82 0.227957148116
15.89 0.199833026197
15.96 0.249589177822
16.03 0.243690587088
16.1 0.70978451564
16.17 0.323163731649
16.24 0.187576040299
16.31 0.146963979764
16.38 0.320174667556
16.45 0.262944697687
16.52 0.214265161629
16.59 0.323487205945
16.66 0.655095069396
16.73 0.408777636247
16.8 0.324100899286
16.87 0.283147043999
16.94 0.292619751649
17.01 0.195936980214
17.08 0.235797130379
17.15 0.51462077289
17.22 0.35864271823
17.29 0.231328600236
17.36 0.204710382748
17.43 0.242427589954
17.5 0.304570401095
17.57 0.259906362065
17.64 0.234995479263
17.71 0.617636483278
17.78 0.347765731466
17.85 0.194278325752
17.92 0.231562782813
17.99 0.201476121757
18.06 0.12957198564
18.13 0.191970139721
18.2 0.305130605412
18.27 0.58571935837
18.34 0.197913162205
18.41 0.152531580513
18.48 0.112761383528
18.55 0.381469638313
18.62 0.305482541649
18.69 0.238603119296
18.76 0.347785681884
18.83 0.77775942432
18.9 0.524347547936
18.97 0.488629669288
19.04 0.426077144325
19.11 0.377765621824
19.18 0.334851620867
19.25 0.383352350266
19.32 0.600334261936
19.39 0.554736570303
19.46 0.354981647483
19.53 0.240174701485
19.6 0.348537037392
19.67 0.426663336027
19.74 0.32983628144
19.81 0.273858622381
19.88 0.607733288662
19.95 0.400479441248
20.02 0.310552314003
20.09 0.418671807301
20.16 0.282397361276
20.23 0.230841687762
20.3 0.259850602573
20.37 0.383712877291
20.44 0.657481105518
20.51 0.25986566948
20.58 0.185013070745
20.65 0.169545995412
20.72 0.32443212889
20.79 0.374781335554
20.86 0.320923679708
20.93 0.311733341951
21.0 0.698796794352
21.07 0.308295593435
21.14 0.220296301421
21.21 0.204024073603
21.28 0.275839022777
21.35 0.212978875795
21.42 0.232468232228
21.49 0.562805549146
21.56 0.538179283017
21.63 0.214542608833
21.7 0.158310047808
21.77 0.240202634986
21.84 0.43721537433
21.91 0.2544050814
21.98 0.185022966232
22.05 0.616890650875
22.12 0.337985395419
22.19 0.197408177096
22.26 0.240672026042
22.33 0.25756395319
22.4 0.251619886582
22.47 0.245025008305
22.54 0.402574050204
22.61 0.546750311395
22.68 0.300542321738
22.75 0.22809360945
22.82 0.264195283779
22.89 0.492036599751
22.96 0.396263814111
23.03 0.14531085934
23.1 0.285277971335
23.17 0.710150103841
23.24 0.347324602819
23.31 0.138661115363
23.38 0.165285564794
23.45 0.451936812236
23.52 0.44115610535
23.59 0.28544527441
23.66 0.626406082869
23.73 0.397884326165
23.8 0.117583633849
23.87 0.353738680033
23.94 0.448304399317
24.01 0.466015413356
24.08 0.364792740538
24.15 0.311978000388
24.22 0.608231158969
24.29 0.270035598554
24.36 0.172518066526
24.43 0.185715160191
24.5 0.288015855317
24.57 0.171978925995
24.64 0.140079030953
24.71 0.192312030138
24.78 0.314466281378
24.85 0.126261337788
24.92 0.11439386474
24.99 0.110248042656
25.06 0.48834109934
25.13 0.408658253535
25.2 0.186708053609
25.27 0.100484087326
25.34 0.692621708516
25.41 0.326760535937
25.48 0.163750006699
25.55 0.131429503778
25.62 0.503424463725
25.69 0.404870139524
25.76 0.305603821277
25.83 0.478593929257
25.9 0.486660909141
25.97 0.0896163628335
26.04 0.321637420336
26.11 0.463459008298
26.18 0.259507546855
26.25 0.186062133651
26.32 0.272443582232
26.39 0.581376011019
26.46 0.387922095732
26.53 0.155573189728
26.6 0.15745972558
26.67 0.199043832589
26.74 0.16321071948
26.81 0.175033525713
26.88 0.22908768548
26.95 0.618299092817
27.02 0.209313934684
27.09 0.197452088607
27.16 0.422496069316
27.23 0.664006370074
27.3 0.520910462704
27.37 0.430970344954
27.44 0.377208698388
27.51 0.433754467404
27.58 0.393733366372
27.65 0.430827447589
27.72 0.473803450914
27.79 0.58096173895
27.86 0.378872957044
27.93 0.399905154015
28.0 0.587451996202
28.07 0.582126008984
28.14 0.363616907699
28.21 0.27512018635
28.28 0.356620360638
28.35 0.831287294661
28.42 0.477991974565
28.49 0.306357718762
28.56 0.252135440484
28.63 0.412024383903
28.7 0.421809263619
28.77 0.433433822081
28.84 0.512978115571
28.91 0.560595220112
28.98 0.208673774718
29.05 0.30346562243
29.12 0.476753763983
29.19 0.608329371296
29.26 0.413767871147
29.33 0.196449093792
29.4 0.163527685769
29.47 0.823926926027
29.54 0.516230860106
29.61 0.25150845962
29.68 0.134635025854
29.75 0.346966328951
29.82 0.386547866611
29.89 0.333472963787
29.96 0.307378249573
30.03 0.244057352435
30.1 0.238734957695
30.17 0.12581811725
30.24 0.0819119790902
30.31 0.350514116819
30.38 0.392029185925
30.45 0.427042431328
30.52 0.325062711343
30.59 0.240436835785
30.66 0.196303531451
30.73 0.0767417831633
30.8 0.346680067738
30.87 0.48644614672
30.94 0.272409886917
31.01 0.229865654301
31.08 0.390400077616
31.15 0.321047163293
31.22 0.202038473543
31.29 0.357479537875
31.36 0.659942582775
31.43 0.403352156602
31.5 0.150347603306
31.57 0.1330340852
31.64 0.360907647833
31.71 0.389517345638
31.78 0.246964101123
31.85 0.222864757636
31.92 0.491893851807
31.99 0.370050253825
32.06 0.320848180262
32.13 0.274224677067
32.2 0.273116184747
32.27 0.260739904513
32.34 0.273508510171
32.41 0.436358601494
32.48 0.593802048399
32.55 0.302072809545
32.62 0.227770954235
32.69 0.465756191851
32.76 0.419262414207
32.83 0.289022262212
32.9 0.254984219344
32.97 0.467115615552
33.04 0.459353718444
33.11 0.26505900013
33.18 0.290444735138
33.25 0.550664450058
33.32 0.25559883381
33.39 0.228609580637
33.46 0.378116825534
33.53 0.720304862143
33.6 0.321698763977
33.67 0.178949064741
33.74 0.202508208084
33.81 0.328744018594
33.88 0.27663781212
33.95 0.217153534284
34.02 0.310940943083
34.09 0.688164338471
34.16 0.430095427505
34.23 0.336936394468
34.3 0.283591287706
34.37 0.286170131404
34.44 0.237902606969
34.51 0.285374515433
34.58 0.561895293664
34.65 0.404376499467
34.72 0.299259674849
34.79 0.223624621933
34.86 0.30703896491
34.93 0.355658660647
35.0 0.255023951626
35.07 0.188596628509
35.14 0.570330528546
35.21 0.347299680513
35.28 0.228818514733
35.35 0.293358657849
35.42 0.299811060602
35.49 0.184863799305
35.56 0.257948400308
35.63 0.366370245807
35.7 0.456299910474
35.77 0.220608307666
35.84 0.186515529386
35.91 0.177252621379
35.98 0.5080114919
36.05 0.348733404647
36.12 0.291145674772
36.19 0.262026659564
36.26 0.579227031092
36.33 0.51434120646
36.4 0.464954109783
36.47 0.476273723047
36.54 0.465605562869
36.61 0.425708853792
36.68 0.421270299842
36.75 0.471811734621
36.82 0.709818138067
36.89 0.362128585729
36.96 0.299105981827
37.03 0.307484362073
37.1 0.612752343566
37.17 0.409213170722
37.24 0.307476087437
37.31 0.536946540873
37.38 0.408549029619
37.45 0.326603020839
37.52 0.32501897203
37.59 0.662350789673
37.66 0.480888720256
37.73 0.302813015889
37.8 0.428247121527
37.87 0.57018510105
37.94 0.436336014344
38.01 0.360594449865
38.08 0.308278080217
38.15 0.392320333383
38.22 0.508972469387
38.29 0.460111539137
38.36 0.450662186696
38.43 0.779000591431
38.5 0.61950973434
38.57 0.537812738157
38.64 0.457285314627
38.71 0.553077744554
38.78 0.505104103618
38.85 0.407839393508
38.92 0.42411121953
38.99 0.748557621756
39.06 0.431628411734
39.13 0.361043064132
39.2 0.329246156507
39.27 0.492442512451
39.34 0.489710038598
39.41 0.37074081691
39.48 0.474736130459
39.55 0.673919745352
39.62 0.399547991693
39.69 0.359307817813
39.76 0.375891781278
39.83 0.312927835998
39.9 0.26725271156
39.97 0.432473451389
40.04 0.44671846817
40.11 0.441461871453
40.18 0.277761664722
40.25 0.222808036019
40.32 0.561242459346
40.39 0.917167303234
40.46 0.734228676006
40.53 0.69808443951
40.6 0.834883953172
40.67 0.606595238345
40.74 0.269705978869
40.81 0.258889101202
40.88 0.401159774471
40.95 0.631788430907
41.02 0.588819459474
41.09 0.57762836455
41.16 0.797781294833
41.23 0.468699149587
41.3 0.279613848354
41.37 0.205794617868
41.44 0.430704987172
41.51 0.539888287753
41.58 0.573248153068
41.65 0.517680786381
41.72 0.785911706204
41.79 0.428779673874
41.86 0.25128717917
41.93 0.265695052844
42.0 0.518593315976
42.07 0.602756721215
42.14 0.526948411167
42.21 0.539567563165
42.28 0.610373464157
42.35 0.277167458048
42.42 0.236046122932
42.49 0.244358346181
42.56 0.347402765418
42.63 0.258164260608
42.7 0.240869985904
42.77 0.494474655287
42.84 0.65684701623
42.91 0.305217196623
42.98 0.223533184566
43.05 0.227916755284
43.12 0.461981529362
43.19 0.40588874973
43.26 0.342065689168
43.33 0.699833940033
43.4 0.336462979982
43.47 0.207421393753
43.54 0.363426456234
43.61 0.457082020257
43.68 0.345087368919
43.75 0.30194933416
43.82 0.313383456646
43.89 0.726552123721
43.96 0.480326103338
44.03 0.328453994526
44.1 0.265069075104
44.17 0.506031292857
44.24 0.355499364343
44.31 0.358867049052
44.38 0.303596608948
44.45 0.518301148994
44.52 0.341401135335
44.59 0.311185007481
44.66 0.389951145374
44.73 0.742809807604
44.8 0.837509952819
44.87 0.658217690228
44.94 0.726529476438
45.01 0.823227849598
45.08 0.608717426382
45.15 0.305443955534
45.22 0.331714481612
45.29 0.543936694726
45.36 0.529080844556
45.43 0.576133830682
45.5 0.716978272725
45.57 0.685739380948
45.64 0.418785618619
45.71 0.318614567085
45.78 0.410877392933
45.85 0.636166497653
45.92 0.559717967506
45.99 0.520486441834
46.06 0.769469345426
46.13 0.526539488182
46.2 0.378098933297
46.27 0.314790429891
46.34 0.572769796761
46.41 0.490934316596
46.48 0.584510992782
46.55 0.481976318255
46.62 0.699579240332
46.69 0.499020628259
46.76 0.385024594737
46.83 0.305325200572
46.9 0.321825784464
46.97 0.281182516836
47.04 0.279221975747
47.11 0.368302842461
47.18 0.742235721725
47.25 0.323029671071
47.32 0.211091769593
47.39 0.221196188553
47.46 0.388500812747
47.53 0.356734694929
47.6 0.396025609926
47.67 0.53927897955
47.74 0.332000036721
47.81 0.199953607009
47.88 0.42643013653
47.95 0.482239561367
48.02 0.422213101739
48.09 0.321034423343
48.16 0.279952209159
48.23 0.567775984871
48.3 0.471677363357
48.37 0.230627605024
48.44 0.224489866203
48.51 0.223068209626
48.58 0.27887754062
48.65 0.230085332121
48.72 0.298951569035
48.79 0.428195586819
48.86 0.157633424597
48.93 0.107717497428
49.0 0.097258225791
49.07 0.307021239405
49.14 0.357636470778
49.21 0.254928552785
49.28 0.273170484652
49.35 0.68545065429
49.42 0.426800040626
49.49 0.339076041969
49.56 0.335435416369
49.63 0.352750187241
49.7 0.325813312458
49.77 0.327479963669
49.84 0.359774523849
49.91 0.663057277923
49.98 0.302463678117
50.05 0.24349767838
50.12 0.235707696528
50.19 0.394894654366
50.26 0.38374921116
50.33 0.25302798595
50.4 0.297486064724
50.47 0.690618143331
50.54 0.307124918349
50.61 0.263440478835
50.68 0.353454376779
50.75 0.428319241692
50.82 0.327242845519
50.89 0.317265161871
50.96 0.345398158842
51.03 0.363089430194
51.1 0.431598414586
51.17 0.32701634445
51.24 0.249321872102
51.31 0.305246586977
51.38 0.264299673383
51.45 0.237545375403
51.52 0.581759024973
51.59 0.537510982729
51.66 0.273908046064
51.73 0.18206609869
51.8 0.275638802468
51.87 0.455311251861
51.94 0.404032711222
52.01 0.35746548138
52.08 0.59078850024
52.15 0.403738343016
52.22 0.385250835231
52.29 0.386552338304
52.36 0.468472747828
52.43 0.427357259259
52.5 0.283185846046
52.57 0.218183664474
52.64 0.665434028996
52.71 0.330590514211
52.78 0.225554300325
52.85 0.298315183768
52.92 0.295312164313
52.99 0.177465520594
53.06 0.287792011024
53.13 0.317911632135
53.2 0.431540327226
53.27 0.25353535177
53.34 0.19009399773
53.41 0.222313469371
53.48 0.542435792248
53.55 0.462047041298
53.62 0.384618611882
53.69 0.542337880585
53.76 0.582138806334
53.83 0.52660153975
53.9 0.463367435176
53.97 0.366894638317
54.04 0.303088598066
54.11 0.304417041537
54.18 0.38897249887
54.25 0.623297519443
54.32 0.46330790463
54.39 0.346656471997
54.46 0.337000419484
54.53 0.3807028797
54.6 0.470605293282
54.67 0.380222377746
54.74 0.325169873433
54.81 0.610693776016
54.88 0.406078087826
54.95 0.321302863385
55.02 0.325835757476
55.09 0.291621930076
55.16 0.300242301961
55.23 0.287095182285
55.3 0.339194931774
55.37 0.454059803866
55.44 0.368656536215
55.51 0.243156870352
55.58 0.35600103486
55.65 0.599126556898
55.72 0.359961414723
55.79 0.114178787078
55.86 0.0656762956063
55.93 0.198725297381
56.0 0.0810852717354
56.07 0.0904727092738
56.14 0.0586571249518
56.21 0.0438951037935
56.28 0.0704529215422
56.35 0.18915951329
56.42 0.199747745152
56.49 0.0623986916316
56.56 0.114272287181
56.63 0.288558950946
56.7 0.313992263742
56.77 0.145892531973
56.84 0.0296408429633
56.91 0.0590885293981
56.98 0.634646678859
57.05 0.681174105352
57.12 0.575903051074
57.19 0.464557772773
57.26 0.480876135192
57.33 0.44203275025
57.4 0.440892898682
57.47 0.498785189271
57.54 0.478483344154
57.61 0.416606441101
57.68 0.24757854339
57.75 0.194281602078
57.82 0.40682970391
57.89 0.458296262458
57.96 0.345827670017
58.03 0.390389680111
58.1 0.497237139045
58.17 0.222308025532
58.24 0.132068727131
58.31 0.10595797933
58.38 0.286679198254
58.45 0.203843470249
58.52 0.24154431587
58.59 0.261275620209
58.66 0.481446314263
58.73 0.227896957931
58.8 0.206451765345
58.87 0.261559015093
58.94 0.33585458926
59.01 0.205403465943
59.08 0.123248370002
59.15 0.385089397836
59.22 0.474326065863
59.29 0.181400107137
59.36 0.328824126397
59.43 0.248983676206
59.5 0.169052850995
59.57 0.120047389773
59.64 0.5984996225
59.71 0.630134250871
59.78 0.361071896892
59.85 0.211693037314
59.92 0.172485641289
59.99 0.687782879769
60.06 0.382991255623
60.13 0.15200278191
60.2 0.1174097025
60.27 0.45867832431
60.34 0.435732772264
60.41 0.341402617699
60.48 0.275338269741
60.55 0.250775631387
60.62 0.27022417588
60.69 0.227379517136
60.76 0.259413905531
60.83 0.243749218376
60.9 0.230020479824
60.97 0.226699105559
61.04 0.230841731495
61.11 0.448020038664
61.18 0.321074162003
61.25 0.136734568432
61.32 0.104022587412
61.39 0.460647169189
61.46 0.437473446023
61.53 0.367599530315
61.6 0.420778710678
61.67 0.467092957336
61.74 0.165580818592
61.81 0.397058389603
61.88 0.461375499307
61.95 0.70954617479
62.02 0.407717938038
62.09 0.188853910275
62.16 0.190030855572
62.23 0.620722958839
62.3 0.34449001803
62.37 0.178068949451
62.44 0.289214309018
62.51 0.789002471237
62.58 0.31199668984
62.65 0.219001740041
62.72 0.142516469673
62.79 0.149318547306
62.86 0.124245151096
62.93 0.346879449832
63.0 0.540883406995
63.07 0.524785925963
63.14 0.156975125485
63.21 0.138641361743
63.28 0.21419695465
63.35 0.285502425156
63.42 0.170215142114
63.49 0.193711910447
63.56 0.459514753132
63.63 0.336283178399
63.7 0.247432153768
63.77 0.264744910192
63.84 0.213152226771
63.91 0.228527077545
63.98 0.140150709233
64.05 0.327758254555
64.12 0.438139794728
64.19 0.260742268825
64.26 0.162852167726
64.33 0.28833499732
64.4 0.657172803817
64.47 0.295062414633
64.54 0.132518524009
64.61 0.106752081049
64.68 0.466022262116
64.75 0.378682635867
64.82 0.339396700046
64.89 0.28658934074
64.96 0.307607883925
65.03 0.314922924283
65.1 0.315294055634
65.17 0.28173494489
65.24 0.277158951993
65.31 0.281291512065
65.38 0.272368125608
65.45 0.339231671995
65.52 0.379713995134
65.59 0.135007366239
65.66 0.0545764212071
65.73 0.0584940758155
65.8 0.0559798903502
65.87 0.0306279645452
65.94 0.0775626175495
66.01 0.078256016897
66.08 0.0529886232105
66.15 0.106165789125
66.22 0.409002490953
66.29 0.816023653096
66.36 0.495158657521
66.43 0.550575314137
66.5 0.593461051774
66.57 0.619913750125
66.64 0.454657961082
66.71 0.344398406642
66.78 0.398335169901
66.85 0.670750128016
66.92 0.4153409275
66.99 0.233709594315
67.06 0.179658819295
67.13 0.433008327959
67.2 0.424747021691
67.27 0.310445105446
67.34 0.544434832897
67.41 0.752991062597
67.48 0.417096895031
67.55 0.363835027533
67.62 0.35975680381
67.69 0.535180443702
67.76 0.419842434099
67.83 0.387047725856
67.9 0.648555705524
67.97 0.611027636884
68.04 0.277872663466
68.11 0.440616752532
68.18 0.406482618384
68.25 0.335249412909
68.32 0.352407598008
68.39 0.486284144441
68.46 0.683772037566
68.53 0.479279649831
68.6 0.391097068531
68.67 0.422749159098
68.74 0.42003504761
68.81 0.381571087788
68.88 0.318359249656
68.95 0.375462087883
69.02 0.79937154643
69.09 0.393865950964
69.16 0.298101451804
69.23 0.287184045787
69.3 0.565455190999
69.37 0.459489219475
69.44 0.368452580385
69.51 0.478475179762
69.58 0.531626248959
69.65 0.202817218624
69.72 0.259702705988
69.79 0.399110943876
69.86 0.452069267451
69.93 0.249781195472
70.0 0.263384659211
70.07 0.592672723713
70.14 0.483486138607
70.21 0.220295098765
70.28 0.269968615187
70.35 0.250289340285
70.42 0.236480129488
70.49 0.462890016394
70.56 0.410076250212
70.63 0.36631007931
70.7 0.24208832989
70.77 0.190710840753
70.84 0.268497546771
70.91 0.855404673428
70.98 0.475067732704
71.05 0.174676416234
71.12 0.11033864363
71.19 0.242663764202
71.26 0.204436214603
71.33 0.0805613420657
71.4 0.0560586752322
71.47 0.163339420952
71.54 0.209028863371
71.61 0.0854432860195
71.68 0.038717255514
71.75 0.0389836619751
71.82 0.0457179599368
71.89 0.0226897726882
71.96 0.0711864331019
72.03 0.855522944594
72.1 0.586988168341
72.17 0.283532385821
72.24 0.124488325346
72.31 0.17284659471
72.38 0.211744654021
72.45 0.171831742803
72.52 0.142017981638
72.59 0.182798125152
72.66 0.195770225623
72.73 0.181416219079
72.8 0.216485899101
72.87 0.24385979528
72.94 0.20273372334
73.01 0.158533217885
73.08 0.13063873214
73.15 0.815392015586
73.22 0.674979742404
73.29 0.309499088268
73.36 0.134310508345
73.43 0.217168016263
73.5 0.21182694756
73.57 0.125412538013
73.64 0.150698834349
73.71 0.0782062233063
73.78 0.0659677655945
73.85 0.061963465109
73.92 0.0794120031844
73.99 0.220338610302
74.06 0.179494634014
74.13 0.27417095389
74.2 0.148388208384
74.27 0.177782480506
74.34 0.0610772654741
74.41 0.0493060331265
74.48 0.384475009324
74.55 0.594922385056
74.62 0.275444720259
74.69 0.200116127706
74.76 0.396292785358
74.83 0.443114437015
74.9 0.185531804395
74.97 0.339222310414
75.04 0.637927288562
75.11 0.481273669392
75.18 0.212950462143
75.25 0.102127131864
75.32 0.565330997664
75.39 0.502357000187
75.46 0.25892456679
75.53 0.273791160684
75.6 0.608100623448
75.67 0.203651376066
75.74 0.120977263121
75.81 0.0805439363576
75.88 0.108257905303
75.95 0.0852858602098
76.02 0.373768347763
76.09 0.51458290108
76.16 0.398312217399
76.23 0.154968980967
76.3 0.223558050384
76.37 0.271796858681
76.44 0.346055707205
76.51 0.199115837955
76.58 0.264129306269
76.65 0.643630279189
76.72 0.293154307511
76.79 0.352902774184
76.86 0.401768073171
76.93 0.335474192905
77.0 0.209201711418
77.07 0.152092464493
77.14 0.444965930941
77.21 0.45949000849
77.28 0.238258985744
77.35 0.392579170401
77.42 0.292148521988
77.49 0.186658366617
77.56 0.108883466669
77.63 0.0761552333976
77.7 0.387348292294
77.77 0.152879056902
77.84 0.0729589991036
77.91 0.0683114281471
77.98 0.227273298948
78.05 0.202786713079
78.12 0.250970464345
78.19 0.239993115962
78.26 0.69206958477
78.33 0.402281745646
78.4 0.278538918328
78.47 0.231013072578
78.54 0.286738799866
78.61 0.199275946963
78.68 0.136680314082
78.75 0.0875278236448
78.82 0.596840286533
78.89 0.163439776193
78.96 0.192743017299
79.03 0.321820142005
79.1 0.248014764836
79.17 0.160051149785
79.24 0.311229021036
79.31 0.469940303943
79.38 0.514663624788
79.45 0.147046653232
79.52 0.264763879353
79.59 0.232356738755
79.66 0.194814265579
79.73 0.119910975817
79.8 0.111733569362
79.87 0.622204282628
79.94 0.497840307326
80.01 0.230996590728
80.08 0.217566312144
80.15 0.280415797401
80.22 0.297501525227
80.29 0.130776779705
80.36 0.181705263712
80.43 0.599696825256
80.5 0.26180363253
80.57 0.142909646068
80.64 0.205023147943
80.71 0.200456777202
80.78 0.184691973515
80.85 0.260104681813
80.92 0.353522953665
80.99 0.674846102755
81.06 0.232185399494
81.13 0.207256593477
81.2 0.203135534256
81.27 0.346421712692
81.34 0.189129000457
81.41 0.194238484137
81.48 0.381680689811
81.55 0.482407357349
81.62 0.180505538112
81.69 0.280389566751
81.76 0.261768938646
81.83 0.290342529447
81.9 0.278870255441
81.97 0.479755064187
82.04 0.418810046196
82.11 0.564320393319
82.18 0.435658023567
82.25 0.292836400964
82.32 0.291845050043
82.39 0.32740807128
82.46 0.297673301817
82.53 0.387911064099
82.6 0.478379865653
82.67 0.40386420458
82.74 0.374586196466
82.81 0.330259986156
82.88 0.380974053962
82.95 0.324767454811
83.02 0.186679119717
83.09 0.165171948451
83.16 0.420835526138
83.23 0.419893742854
83.3 0.36956109275
83.37 0.384177567968
83.44 0.298098160901
83.51 0.409632862031
83.58 0.371103803913
83.65 0.365643654984
83.72 0.260490422698
83.79 0.258711727708
83.86 0.217472288157
83.93 0.212800979328
84.0 0.855398061555
84.07 0.774915361328
84.14 0.744492924265
84.21 0.701882049035
84.28 0.685690220574
84.35 0.608220091803
84.42 0.256729738348
84.49 0.284563968309
84.56 0.558340659769
84.63 0.650109857406
84.7 0.588622715022
84.77 0.595774254337
84.84 0.597457371909
84.91 0.381232820826
84.98 0.34745815318
85.05 0.286278998168
85.12 0.589019062966
85.19 0.713583202999
85.26 0.642768807795
85.33 0.633441822839
85.4 0.675946308595
85.47 0.373552337132
85.54 0.264436238583
85.61 0.319332900583
85.68 0.534341939388
85.75 0.660135006777
85.82 0.58002370121
85.89 0.494781742489
85.96 0.470708230589
86.03 0.386446372491
86.1 0.206862821222
86.17 0.158909941586
86.24 0.178362063068
86.31 0.238108739424
86.38 0.169775768251
86.45 0.106010717605
86.52 0.52569775492
86.59 0.505548370103
86.66 0.139234326584
86.73 0.118323878458
86.8 0.258622948939
86.87 0.396811734029
86.94 0.356341010139
87.01 0.588004254792
87.08 0.54734701358
87.15 0.139780119077
87.22 0.186896896977
87.29 0.421996381358
87.36 0.432096782355
87.43 0.319709538639
87.5 0.369006100852
87.57 0.569606818631
87.64 0.442311221535
87.71 0.189635831461
87.78 0.202170795737
87.85 0.408987728354
87.92 0.46816544834
87.99 0.327466677968
88.06 0.429722911278
88.13 0.358778610125
88.2 0.247932218922
88.27 0.519670694135
88.34 0.5568668626
88.41 0.857807185933
88.48 0.754183081178
88.55 0.768252984
88.62 0.71579364501
88.69 0.765669167502
88.76 0.573884670445
88.83 0.409320474033
88.9 0.550858586933
88.97 0.669204939564
89.04 0.621332977702
89.11 0.639139910822
89.18 0.704527813235
89.25 0.675136837483
89.32 0.356861675328
89.39 0.334686582793
89.46 0.650227559133
89.53 0.608765463367
89.6 0.59509015826
89.67 0.554189247158
89.74 0.740385568941
89.81 0.459194915957
89.88 0.372387979632
89.95 0.424313689351
90.02 0.671070379742
90.09 0.625635416537
90.16 0.584183132437
90.23 0.558637238311
90.3 0.749696656976
90.37 0.419563079956
90.44 0.281823315485
90.51 0.231382803564
90.58 0.320851332678
90.65 0.177160472441
90.72 0.23014184054
90.79 0.432312970651
90.86 0.410673174706
90.93 0.135079422627
91.0 0.10168510487
91.07 0.179029380276
91.14 0.413609883187
91.21 0.319423940708
91.28 0.429633167651
91.35 0.568944331179
91.42 0.167807071881
91.49 0.14559164027
91.56 0.366953526535
91.63 0.39492644001
91.7 0.298088228058
91.77 0.27398424068
91.84 0.279030636869
91.91 0.577583418027
91.98 0.203025406526
92.05 0.178240153868
92.12 0.197607150105
92.19 0.238866467185
92.26 0.136144350566
92.33 0.329458683081
92.4 0.299222001659
92.47 0.420032326146
92.54 0.149739824844
92.61 0.299103955535
92.68 0.582194372672
92.75 0.7067103673
92.82 0.503721675483
92.89 0.478405295443
92.96 0.652634660863
93.03 0.697474318604
93.1 0.299521513041
93.17 0.186141592749
93.24 0.47716300312
93.31 0.626886751555
93.38 0.468447007352
93.45 0.548005748199
93.52 0.762599023459
93.59 0.495488414782
93.66 0.224667370897
93.73 0.545615377961
93.8 0.515871335293
93.87 0.479651760617
93.94 0.468629648843
94.01 0.508311436967
94.08 0.78852266901
94.15 0.700882875385
94.22 0.507312792668
94.29 0.581777199652
94.36 0.500061867525
94.43 0.309501458046
94.5 0.436441614804
94.57 0.55566147723
94.64 0.763297642515
94.71 0.514482795481
94.78 0.263402151473
94.85 0.292058657185
94.92 0.56019599035
94.99 0.561383593727
95.06 0.553191219675
95.13 0.586786085738
95.2 0.75537419959
95.27 0.573770195844
95.34 0.460634146797
95.41 0.413081053606
95.48 0.544469852956
95.55 0.549475500071
95.62 0.55611305167
95.69 0.598644144361
95.76 0.675101645226
95.83 0.260185297101
95.9 0.463098421139
95.97 0.508032900083
96.04 0.340987738836
96.11 0.183325997164
96.18 0.412851189657
96.25 0.724008292792
96.32 0.416047345596
96.39 0.220611262373
96.46 0.295322033378
96.53 0.253904300119
96.6 0.176778932651
96.67 0.261692078013
96.74 0.383162717883
96.81 0.691688275489
96.88 0.313601210217
96.95 0.356769260348
97.02 0.465228573127
97.09 0.542884445693
97.16 0.60789069625
97.23 0.390586474673
97.3 0.375748725382
97.37 0.790054284763
97.44 0.559390149983
97.51 0.408559554679
97.58 0.362510397938
97.65 0.515342575868
97.72 0.481029464684
97.79 0.413869011759
97.86 0.450084475539
97.93 0.727687908125
98.0 0.340357463424
98.07 0.402397576879
98.14 0.480691728895
98.21 0.497529356138
98.28 0.385904345587
98.35 0.429405612436
98.42 0.551778709659
98.49 0.779700934293
98.56 0.49566849243
98.63 0.521874178965
98.7 0.488764868745
98.77 0.432113122984
98.84 0.377196568876
98.91 0.433914684832
98.98 0.651757990452
99.05 0.696443281867
99.12 0.333194241949
99.19 0.470286611387
99.26 0.473213095472
99.33 0.540495141445
99.4 0.457563757667
99.47 0.491231890062
99.54 0.710441401631
99.61 0.646887059909
99.68 0.530262830984
99.75 0.548841489138
99.82 0.541761032242
99.89 0.505888385471
99.96 0.403921015484
100.03 0.581199171431
100.1 0.774709996933
100.17 0.515917172876
100.24 0.49004933055
100.31 0.487298004157
100.38 0.611134716975
100.45 0.513574295694
100.52 0.39466872547
100.59 0.42168254653
100.66 0.720513084667
100.73 0.370883009992
100.8 0.439791174034
100.87 0.446428108816
100.94 0.521319125113
101.01 0.363703329444
101.08 0.61920784498
101.15 0.699119943385
101.22 0.671755519031
101.29 0.367046605709
101.36 0.210326135282
101.43 0.543104613686
101.5 0.696374048075
101.57 0.462155820596
101.64 0.264351059581
101.71 0.494651756362
101.78 0.490503831452
101.85 0.376004129366
101.92 0.331222874226
101.99 0.538030673949
102.06 0.690513927747
102.13 0.526744158317
102.2 0.479443333094
102.27 0.499178386621
102.34 0.520809729355
102.41 0.459533830713
102.48 0.585006485111
102.55 0.607065165129
102.62 0.736134621081
102.69 0.702797926933
102.76 0.5524715669
102.83 0.439524571686
102.9 0.49142046921
102.97 0.476642729706
103.04 0.438406670407
103.11 0.683661613728
103.18 0.644611567891
103.25 0.503846255126
103.32 0.442941082394
103.39 0.416930476637
103.46 0.400972251291
103.53 0.346930616454
103.6 0.39780196976
103.67 0.825668584688
103.74 0.654907200908
103.81 0.23493382038
103.88 0.13062631472
103.95 0.341056831406
104.02 0.265645261987
104.09 0.365530393971
104.16 0.389484099497
104.23 0.201257329528
104.3 0.154432668499
104.37 0.210914999248
104.44 0.202458122941
104.51 0.251810799064
104.58 0.172374699033
104.65 0.123499789733
104.72 0.0979044373019
104.79 0.3389848096
104.86 0.283428400746
104.93 0.14680065183
105.0 0.520846421287
105.07 0.869261428303
105.14 0.379485662749
105.21 0.185495592614
105.28 0.542277503624
105.35 0.772597400074
105.42 0.41349499859
105.49 0.126903942243
105.56 0.106753130639
105.63 0.0990756298952
105.7 0.0782007339119
105.77 0.0678285117703
105.84 0.0590691866854
105.91 0.0427957543899
105.98 0.000206662716623
106.05 0.0
106.12 0.0
106.19 0.0
106.26 0.0
106.33 0.0
106.4 0.0
106.47 0.0
106.54 0.0
106.61 0.0
106.68 0.0
106.75 0.0
106.82 0.0
106.89 0.0
106.96 0.0
107.03 0.0
107.1 0.0
107.17 0.0
107.24 0.0
107.31 0.0
107.38 0.0
107.45 0.0
107.52 0.0
107.59 0.0
107.66 0.0
107.73 0.0
107.8 0.0
107.87 0.0
107.94 0.0
108.01 0.0
108.08 0.0
108.15 0.0
108.22 0.0
108.29 0.0
108.36 0.0
108.43 0.0
108.5 0.0
108.57 0.0
108.64 0.0
108.71 0.0
108.78 0.0
108.85 0.0
108.92 0.0
108.99 0.0
109.06 0.0
109.13 0.0
109.2 0.0
109.27 0.0
109.34 0.0
109.41 0.0
109.48 0.0
109.55 0.0
109.62 0.0
109.69 0.0
109.76 0.0
109.83 0.0
109.9 0.0
109.97 0.0
110.04 0.0
110.11 0.0
110.18 0.0
110.25 0.0
110.32 0.0
110.39 0.0
110.46 0.0
110.53 0.0
110.6 0.0
110.67 0.0
110.74 0.0
110.81 0.0
110.88 0.0
110.95 0.0
111.02 0.0
111.09 0.0
111.16 0.0
111.23 0.0
111.3 0.0
111.37 0.0
111.44 0.0
111.51 0.0
111.58 0.0
111.65 0.0
111.72 0.0
111.79 0.0
111.86 0.0
111.93 0.0
112.0 0.0
112.07 0.0
112.14 0.0
112.21 0.0
112.28 0.0
112.35 0.0
112.42 0.0
112.49 0.0
112.56 0.0
112.63 0.0
112.7 0.0
112.77 0.0
112.84 0.0
112.91 0.0
112.98 0.0
113.05 0.0
113.12 0.0
113.19 0.0
113.26 0.0
113.33 0.0
113.4 0.0
113.47 0.0
113.54 0.0
113.61 0.0
113.68 0.0
113.75 0.0
113.82 0.0
113.89 0.0
113.96 0.0
114.03 0.0
114.1 0.0
114.17 0.0
114.24 0.0
114.31 0.0
114.38 0.0
114.45 0.0
114.52 0.0
114.59 0.0
114.66 0.0
114.73 0.0
114.8 0.0
114.87 0.0
114.94 0.0
115.01 0.0
