0.0 0.0
0.07 0.0
0.14 0.0
0.21 0.0
0.28 0.0
0.35 0.0
0.42 0.0
0.49 0.0
0.56 0.0
0.63 0.0
0.7 0.0
0.77 0.0
0.84 0.0
0.91 0.0
0.98 0.0
1.05 0.0
1.12 0.0
1.19 0.0
1.26 0.0
1.33 0.0
1.4 0.0
1.47 0.0
1.54 0.0
1.61 0.0
1.68 0.0
1.75 0.0
1.82 0.0
1.89 0.0
1.96 0.0
2.03 0.0
2.1 0.0
2.17 0.0
2.24 0.0
2.31 0.0
2.38 0.0
2.45 0.0
2.52 0.0
2.59 0.0
2.66 0.0
2.73 0.0
2.8 0.0
2.87 0.0
2.94 0.0
3.01 0.0
3.08 0.0
3.15 0.0
3.22 0.0
3.29 0.0
3.36 0.0
3.43 0.0
3.5 0.0
3.57 0.0
3.64 0.0
3.71 0.0
3.78 0.0
3.85 0.0
3.92 0.0
3.99 4.00224506426e-05
4.06 0.17759535213
4.13 0.25741752666
4.2 0.1977111769
4.27 0.190470278671
4.34 0.266066428455
4.41 0.100756256261
4.48 0.151281604415
4.55 0.584516736609
4.62 0.226908724666
4.69 0.372583676861
4.76 0.0228287415843
4.83 2.72224608106e-05
4.9 3.26660162054e-05
4.97 0.264904877153
5.04 0.211599425352
5.11 0.289745109411
5.18 0.321704472313
5.25 0.310372435414
5.32 0.386249508628
5.39 0.467841196506
5.46 0.493759942194
5.53 0.404793984763
5.6 0.43624092559
5.67 0.268632374894
5.74 0.316743322156
5.81 0.332842141218
5.88 0.405612428141
5.95 0.446325859031
6.02 0.450009207862
6.09 0.354414655228
6.16 0.371728748266
6.23 0.358591055658
6.3 0.518252596273
6.37 0.385004853879
6.44 0.255321149871
6.51 0.453264724713
6.58 0.00627933365351
6.65 0.00017157269743
6.72 0.0876094357913
6.79 0.332522059973
6.86 0.387072936545
6.93 0.387141771151
7.0 0.399276123104
7.07 0.429510913138
7.14 0.232329365794
7.21 0.586448066222
7.28 0.240807692548
7.35 0.157165210983
7.42 0.342739615323
7.49 0.364077781978
7.56 0.477940810966
7.63 0.555646259309
7.7 0.36424000199
7.77 0.463071066338
7.84 0.429163553227
7.91 0.398205382035
7.98 0.426173253026
8.05 0.459838758835
8.12 0.509203813766
8.19 0.254803172765
8.26 0.200239299482
8.33 0.00708148851981
8.4 4.23053528104e-05
8.47 0.00156839969086
8.54 0.267744872087
8.61 0.316354791317
8.68 0.378066085621
8.75 0.379513920536
8.82 0.344697054517
8.89 0.335352000582
8.96 0.515529597031
9.03 0.436950276783
9.1 0.36220405513
9.17 0.292167306082
9.24 0.30177201789
9.31 0.360542947316
9.38 0.196746280243
9.45 0.367577744538
9.52 0.372204942736
9.59 0.52839883271
9.66 0.508342578853
9.73 0.378439515769
9.8 0.495865573308
9.87 0.605309657796
9.94 0.279419294663
10.01 0.299395345305
10.08 0.337840748956
10.15 0.0736896023524
10.22 0.0458460094825
10.29 0.338401936333
10.36 0.339565999108
10.43 0.384029689314
10.5 0.307210854787
10.57 0.299328914444
10.64 0.302921665688
10.71 0.295717839093
10.78 0.608084095873
10.85 0.405835246699
10.92 0.294595229211
10.99 0.331997394348
11.06 0.380960139528
11.13 0.393641707908
11.2 0.425605985092
11.27 0.501230207922
11.34 0.412314689796
11.41 0.450172638177
11.48 0.387680222246
11.55 0.200430755068
11.62 0.478896778356
11.69 0.485600280291
11.76 0.339454624021
11.83 0.361911595409
11.9 0.29669535307
11.97 0.218967803574
12.04 0.252851874081
12.11 0.368825312633
12.18 0.301589555271
12.25 0.402546210436
12.32 0.316020835611
12.39 0.349060007491
12.46 0.275528492133
12.53 0.544147189286
12.6 0.502589176398
12.67 0.563736981687
12.74 0.394316063344
12.81 0.343054240834
12.88 0.102301124355
12.95 0.314724179966
13.02 0.529904515823
13.09 0.496799668116
13.16 0.451307989031
13.23 0.288410495014
13.3 0.366401384817
13.37 0.415927532828
13.44 0.581581055568
13.51 0.342371430135
13.58 0.283539078744
13.65 0.307016012787
13.72 0.22350748615
13.79 0.217806259766
13.86 0.289353821666
13.93 0.409956468718
14.0 0.380724461026
14.07 0.363180671684
14.14 0.40766270848
14.21 0.376235076302
14.28 0.383075371571
14.35 0.53735493145
14.42 0.140898268401
14.49 0.0905160920303
14.56 0.359352022735
14.63 0.32331857876
14.7 0.330476901879
14.77 0.438797033162
14.84 0.507208200363
14.91 0.49773555215
14.98 0.44436792616
15.05 0.340689690956
15.12 0.122352760885
15.19 0.493443009424
15.26 0.447583457095
15.33 0.471797793832
15.4 0.305638348308
15.47 0.278372493621
15.54 0.215967519306
15.61 0.249687549663
15.68 0.373571736966
15.75 0.44995464116
15.82 0.495391419118
15.89 0.508149017414
15.96 0.467627660376
16.03 0.422170759718
16.1 0.5839861197
16.17 0.383802740548
16.24 0.331694782879
16.31 0.31825654531
16.38 0.374823707868
16.45 0.200215928072
16.52 0.356676142893
16.59 0.56240220242
16.66 0.496883992171
16.73 0.388947120537
16.8 0.404307691004
16.87 0.364207607636
16.94 0.451819054667
17.01 0.584127226848
17.08 0.470573114711
17.15 0.344003383874
17.22 0.388903867175
17.29 0.376075813665
17.36 0.230318164581
17.43 0.257187172745
17.5 0.364854971993
17.57 0.354476220519
17.64 0.56283494587
17.71 0.3586148814
17.78 0.383221152251
17.85 0.549968339697
17.92 0.553876975468
17.99 0.441201112751
18.06 0.461744139992
18.13 0.5519368927
18.2 0.442852071627
18.27 0.317572197376
18.34 1.0
18.41 0.489744114002
18.48 0.536668810215
18.55 0.393559574015
18.62 0.298794614166
18.69 0.29428140651
18.76 0.58029868469
18.83 0.278708543939
18.9 0.208380100509
18.97 0.753815311255
19.04 0.713523704854
19.11 0.370848894164
19.18 0.475181016437
19.25 0.257890447128
19.32 0.261736527445
19.39 0.247350593205
19.46 0.232938172804
19.53 0.212649535057
19.6 0.263886346814
19.67 0.517628084357
19.74 0.143332099723
19.81 0.126605401067
19.88 0.200804183342
19.95 0.138226495348
20.02 0.112831670556
20.09 0.841030589045
20.16 0.650941607496
20.23 0.392604489997
20.3 0.439730592139
20.37 0.258484200286
20.44 0.259919666125
20.51 0.455914509962
20.58 0.412929396568
20.65 0.20075354076
20.72 0.355370699434
20.79 0.929845259477
20.86 0.38828658804
20.93 0.520310980587
21.0 0.266745349695
21.07 0.254162004188
21.14 0.256579567607
21.21 0.23510612237
21.28 0.217334323841
21.35 0.196421799002
21.42 0.532735871888
21.49 0.208377021355
21.56 0.127885074055
21.63 0.172216222914
21.7 0.172961793282
21.77 0.11756852581
21.84 0.493646214883
21.91 0.900871417387
21.98 0.370497193272
22.05 0.522674837257
22.12 0.244540071785
22.19 0.256947672233
22.26 0.283590813597
22.33 0.548986819166
22.4 0.232222998665
22.47 0.187503879154
22.54 0.859764292197
22.61 0.612093735779
22.68 0.42145773546
22.75 0.406546920139
22.82 0.251315897784
22.89 0.256231773972
22.96 0.243790670975
23.03 0.227425122383
23.1 0.208013452557
23.17 0.390406449588
23.24 0.426390548404
23.31 0.13391468238
23.38 0.129254963365
23.45 0.199728317218
23.52 0.129440731835
23.59 0.111718926709
23.66 0.88697171227
23.73 0.40901958609
23.8 0.45918158184
23.87 0.40493071627
23.94 0.252003870071
24.01 0.268091930359
24.08 0.52279658517
24.15 0.317530973053
24.22 0.212178134026
24.29 0.583823832241
24.36 0.89494103615
24.43 0.400855447377
24.5 0.507392432535
24.57 0.241726493692
24.64 0.257207411605
24.71 0.220260304655
24.78 0.358292803904
24.85 0.260489662862
24.92 0.281623389399
24.99 0.664083347876
25.06 0.392706730665
25.13 0.329930498566
25.2 0.4038495546
25.27 0.374396771439
25.34 0.390289072632
25.41 0.730727389549
25.48 0.842126022367
25.55 0.513908907921
25.62 0.56107121706
25.69 0.375246293013
25.76 0.294151206145
25.83 0.436283249679
25.9 0.498236354563
25.97 0.245900425739
26.04 0.205677579939
26.11 0.93144557858
26.18 0.459285660446
26.25 0.489506270631
26.32 0.432190955974
26.39 0.298105043754
26.46 0.319838563725
26.53 0.256847325708
26.6 0.233356563104
26.67 0.211882405924
26.74 0.472665655437
26.81 0.366230681439
26.88 0.2565576154
26.95 0.171906387095
27.02 0.241586114412
27.09 0.275834777604
27.16 0.260192492137
27.23 0.971282201736
27.3 0.469086727133
27.37 0.547953972211
27.44 0.319948820312
27.51 0.351266611828
27.58 0.327410093074
27.65 0.589904936544
27.72 0.305935404746
27.79 0.292374820671
27.86 0.75084351221
27.93 0.711919782943
28.0 0.379667800507
28.07 0.474423580036
28.14 0.287662888114
28.21 0.299449297487
28.28 0.318547255149
28.35 0.288375109562
28.42 0.269816111659
28.49 0.289699265888
28.56 0.544664010421
28.63 0.274248960597
28.7 0.279700145025
28.77 0.2630104084
28.84 0.213950442689
28.91 0.180386037501
28.98 0.83677763692
29.05 0.718389395603
29.12 0.527785381207
29.19 0.473446541937
29.26 0.298612004475
29.33 0.267814440181
29.4 0.460540089426
29.47 0.408562890434
29.54 0.210137142673
29.61 0.37797870583
29.68 0.927547932027
29.75 0.383612780043
29.82 0.545358964436
29.89 0.362173689814
29.96 0.326127750299
30.03 0.330791917085
30.1 0.248046839022
30.17 0.224321380586
30.24 0.203668233526
30.31 0.54918966678
30.38 0.253242983841
30.45 0.256300615135
30.52 0.251454306105
30.59 0.245997471095
30.66 0.17990662992
30.73 0.540643359751
30.8 0.774313260311
30.87 0.525392658049
30.94 0.476600568471
31.01 0.29815166292
31.08 0.373630123805
31.15 0.331354641697
31.22 0.57610857467
31.29 0.317098500328
31.36 0.270331080805
31.43 0.876260487992
31.5 0.619568280661
31.57 0.514307109009
31.64 0.443683446142
31.71 0.333140131613
31.78 0.385879008688
31.85 0.544933717936
31.92 0.462018375839
31.99 0.418413218909
32.06 0.508462829811
32.13 0.624433547991
32.2 0.405646424367
32.27 0.367448546514
32.34 0.556692943255
32.41 0.319290178213
32.48 0.256423890916
32.55 0.932065250219
32.62 0.666474085087
32.69 0.600905518906
32.76 0.60012530969
32.83 0.606426048478
32.9 0.326403378183
32.97 0.596790384002
33.04 0.441288630246
33.11 0.294415134741
33.18 0.616009922832
33.25 0.836542878325
33.32 0.607054382406
33.39 0.568103399764
33.46 0.442265136262
33.53 0.48423952259
33.6 0.542189436275
33.67 0.466008070094
33.74 0.419964776459
33.81 0.449675075106
33.88 0.618526554089
33.95 0.258434293066
34.02 0.154070988616
34.09 0.183357825305
34.16 0.17531280125
34.23 0.0831719292461
34.3 0.729158737867
34.37 0.754022334978
34.44 0.338169153379
34.51 0.481735818724
34.58 0.288320332088
34.65 0.312708863534
34.72 0.457767929567
34.79 0.520043891337
34.86 0.311561922057
34.93 0.243586277694
35.0 0.950108024645
35.07 0.589860812926
35.14 0.402004096581
35.21 0.40910277572
35.28 0.346320735663
35.35 0.285018188576
35.42 0.304866235572
35.49 0.297602167338
35.56 0.316560365861
35.63 0.523709455639
35.7 0.365269200236
35.77 0.170985672135
35.84 0.160106812393
35.91 0.174151013883
35.98 0.102120491243
36.05 0.286293281708
36.12 0.933459831781
36.19 0.349578988812
36.26 0.437079169421
36.33 0.332312638125
36.4 0.270726317025
36.47 0.307203787814
36.54 0.596963999789
36.61 0.34798959148
36.68 0.32684303685
36.75 0.780977172582
36.82 0.79687221663
36.89 0.513339626874
36.96 0.469049560886
37.03 0.353468882678
37.1 0.385245225585
37.17 0.301634923853
37.24 0.313293686489
37.31 0.267406109826
37.38 0.352380594081
37.45 0.545931088572
37.52 0.221955538906
37.59 0.136993377826
37.66 0.284038289588
37.73 0.110965761031
37.8 0.0783493710161
37.87 0.82015043514
37.94 0.474092547981
38.01 0.490914538365
38.08 0.50775494747
38.15 0.405702180763
38.22 0.38460187715
38.29 0.602467196354
38.36 0.492398643041
38.43 0.282214960826
38.5 0.394187529489
38.57 0.987702540916
38.64 0.411282398344
38.71 0.535716270457
38.78 0.399825482855
38.85 0.41322925113
38.92 0.545536939002
38.99 0.427485224817
39.06 0.406247260424
39.13 0.367754932219
39.2 0.582978107386
39.27 0.335293141613
39.34 0.217896464847
39.41 0.158568215957
39.48 0.206462048637
39.55 0.310811911411
39.62 0.613384038267
39.69 0.923031711728
39.76 0.478579424042
39.83 0.57732428799
39.9 0.40178698762
39.97 0.426750578094
40.04 0.480542265574
40.11 0.59772178373
40.18 0.299637842536
40.25 0.368267422678
40.32 0.875679922645
40.39 0.601862233837
40.46 0.544452686936
40.53 0.62462125557
40.6 0.433377011238
40.67 0.402627912479
40.74 0.50863224888
40.81 0.555395658103
40.88 0.429915226634
40.95 0.513631986361
41.02 0.440329653958
41.09 0.204869482221
41.16 0.14372740058
41.23 0.167534268788
41.3 0.12115656043
41.37 0.173752790312
41.44 0.917027675279
41.51 0.46834727573
41.58 0.438754939518
41.65 0.368058449542
41.72 0.275820766374
41.79 0.27765147499
41.86 0.559705920721
41.93 0.34719629656
42.0 0.225955201302
42.07 0.609095411229
42.14 0.856806928738
42.21 0.464745776015
42.28 0.390660084984
42.35 0.395207661699
42.42 0.348683620905
42.49 0.313532055386
42.56 0.27992261979
42.63 0.317845353131
42.7 0.287224673006
42.77 0.576915818993
42.84 0.248806245445
42.91 0.160006788116
42.98 0.190560621456
43.05 0.150796133138
43.12 0.0878327180495
43.19 0.762638223216
43.26 0.697193327194
43.33 0.362384362246
43.4 0.468022393552
43.47 0.329893382904
43.54 0.303069173768
43.61 0.418976902771
43.68 0.529436948981
43.75 0.315642551134
43.82 0.265239822086
43.89 0.960269926643
43.96 0.547449208209
44.03 0.413336767673
44.1 0.421050421498
44.17 0.334332091322
44.24 0.356326177832
44.31 0.396195868877
44.38 0.322677215335
44.45 0.188661764885
44.52 0.50928164977
44.59 0.364323073587
44.66 0.161247980573
44.73 0.180847579992
44.8 0.21223439534
44.87 0.083244432233
44.94 0.25778489124
45.01 0.851549133383
45.08 0.4030766606
45.15 0.449324207001
45.22 0.461737340934
45.29 0.46877751239
45.36 0.419809049182
45.43 0.658542621598
45.5 0.400637449423
45.57 0.18667769152
45.64 0.783526500768
45.71 0.754594217428
45.78 0.515324182675
45.85 0.489566308991
45.92 0.435806779799
45.99 0.475588317284
46.06 0.459062639546
46.13 0.488360984421
46.2 0.425069587392
46.27 0.423260715761
46.34 0.648096785399
46.41 0.336722473498
46.48 0.309670640187
46.55 0.325565965265
46.62 0.27913670847
46.69 0.256672111796
46.76 0.841533013002
46.83 0.647155254531
46.9 0.524890503881
46.97 0.619927900985
47.04 0.573783169491
47.11 0.45178724673
47.18 0.658335773987
47.25 0.501497332768
47.32 0.449992002255
47.39 0.552804296227
47.46 0.898740501984
47.53 0.52837930673
47.6 0.568348314792
47.67 0.540342296759
47.74 0.439167040362
47.81 0.368973803382
47.88 0.438202925905
47.95 0.41906527085
48.02 0.402469216587
48.09 0.601753150083
48.16 0.324063928987
48.23 0.166225320881
48.3 0.239435610266
48.37 0.256164463487
48.44 0.175752219168
48.51 0.571016857871
48.58 0.842684060332
48.65 0.44684252841
48.72 0.422752627172
48.79 0.402720046364
48.86 0.402383366538
48.93 0.301861425781
49.0 0.643800032841
49.07 0.406432904304
49.14 0.0950191535586
49.21 0.871117600274
49.28 0.578813781888
49.35 0.535728277005
49.42 0.431360697149
49.49 0.41592117405
49.56 0.376151229062
49.63 0.445918389566
49.7 0.397865991203
49.77 0.448706329271
49.84 0.48006795307
49.91 0.445440844277
49.98 0.252924879175
50.05 0.206830439914
50.12 0.25917616976
50.19 0.279568680024
50.26 0.338049888837
50.33 0.936499832176
50.4 0.668539363071
50.47 0.574938639299
50.54 0.472019111689
50.61 0.605938921933
50.68 0.504744699744
50.75 0.648234526742
50.82 0.53328270143
50.89 0.536898376309
50.96 0.792157733255
51.03 0.756278301336
51.1 0.511088280653
51.17 0.487681704399
51.24 0.653170586521
51.31 0.416022221277
51.38 0.547949219053
51.45 0.633868062276
51.52 0.572432862367
51.59 0.232775857242
51.66 0.672559458238
51.73 0.508802401438
51.8 0.310545873215
51.87 0.499174570211
51.94 0.500956082613
52.01 0.23043807643
52.08 0.786500071239
52.15 0.706683702794
52.22 0.443894877356
52.29 0.529377836148
52.36 0.439792188343
52.43 0.435083867961
52.5 0.488348648131
52.57 0.510427256354
52.64 0.229351298838
52.71 0.1151436453
52.78 0.91499626612
52.85 0.454378745374
52.92 0.540184832715
52.99 0.491570413254
53.06 0.53923877164
53.13 0.318511533398
53.2 0.325852385646
53.27 0.345813166043
53.34 0.342015889434
53.41 0.565291986541
53.48 0.480540194381
53.55 0.3456947015
53.62 0.372493916745
53.69 0.375046816825
53.76 0.310608583236
53.83 0.351071377322
53.9 0.877179316302
53.97 0.613694568231
54.04 0.530708944224
54.11 0.564002169299
54.18 0.629947272885
54.25 0.53929803904
54.32 0.675688835612
54.39 0.487327414282
54.46 0.456076224119
54.53 0.781572080775
54.6 0.724195108087
54.67 0.505212482979
54.74 0.517729551256
54.81 0.535838390266
54.88 0.524319388644
54.95 0.511945190511
55.02 0.427587143238
55.09 0.455162622972
55.16 0.361282488649
55.23 0.567045052127
55.3 0.26280694252
55.37 0.140858804264
55.44 0.287109074034
55.51 0.259480150783
55.58 0.213040290718
55.65 0.896628706004
55.72 0.622974194583
55.79 0.473187951978
55.86 0.411723412514
55.93 0.429671796382
56.0 0.332737212027
56.07 0.55041614262
56.14 0.486251431999
56.21 0.224620609388
56.28 0.461795164775
56.35 0.88804251985
56.42 0.474259718808
56.49 0.510879892997
56.56 0.475378596608
56.63 0.538881335858
56.7 0.323894151136
56.77 0.463207467166
56.84 0.526471204265
56.91 0.299143570329
56.98 0.565264167359
57.05 0.323530256343
57.12 0.211186963853
57.19 0.229187147212
57.26 0.224785891692
57.33 0.163409298762
57.4 0.581590622774
57.47 0.855768108954
57.54 0.526945225434
57.61 0.497090792943
57.68 0.508996872478
57.75 0.436504679948
57.82 0.330339869669
57.89 0.643627165531
57.96 0.428552245984
58.03 0.34065401979
58.1 0.87523969255
58.17 0.556617999989
58.24 0.39518367858
58.31 0.49103547129
58.38 0.420123009588
58.45 0.356771709094
58.52 0.370984809747
58.59 0.426912549862
58.66 0.365663677674
58.73 0.570723693701
58.8 0.591807020279
58.87 0.29936331067
58.94 0.279275228267
59.01 0.296770533338
59.08 0.255813157911
59.15 0.291363296416
59.22 0.889657531214
59.29 0.571128308837
59.36 0.540902915517
59.43 0.423018738436
59.5 0.77734148554
59.57 0.752459826617
59.64 0.61638973143
59.71 0.595987945295
59.78 0.660641508924
59.85 0.813157411187
59.92 0.632037427665
59.99 0.460874578153
60.06 0.606665486227
60.13 0.817262463664
60.2 0.665657932105
60.27 0.628926509293
60.34 0.404525342354
60.41 0.942295464106
60.48 0.706648441932
60.55 0.708055891868
60.62 0.498325402735
60.69 0.842768878063
60.76 0.640932902566
60.83 0.531430405009
60.9 0.317927019576
60.97 0.380156771548
61.04 0.414892047936
61.11 0.34707544326
61.18 0.345978156075
61.25 0.304142577131
61.32 0.168281038218
61.39 0.460533168588
61.46 0.675146218713
61.53 0.314112537361
61.6 0.344878795825
61.67 0.317062971551
61.74 0.235548087359
61.81 0.273835115492
61.88 0.358722123469
61.95 0.289509943321
62.02 0.325456633267
62.09 0.337135036168
62.16 0.392915894901
62.23 0.404523187789
62.3 0.628097591919
62.37 0.509590867323
62.44 0.467059917502
62.51 0.386579575813
62.58 0.339792606891
62.65 0.351518082354
62.72 0.329341411446
62.79 0.536083002718
62.86 0.52845980409
62.93 0.517643674977
63.0 0.400509982546
63.07 0.413376662723
63.14 0.363322123562
63.21 0.723780797409
63.28 0.396544490614
63.35 0.35033109407
63.42 0.461955683617
63.49 0.258327099708
63.56 0.240024039775
63.63 0.3192456471
63.7 0.388596305827
63.77 0.423083690141
63.84 0.407091374039
63.91 0.438375291108
63.98 0.414414418339
64.05 0.370322010273
64.12 0.702687721893
64.19 0.172794597162
64.26 0.219691737425
64.33 0.429690187937
64.4 0.368869407212
64.47 0.510214180176
64.54 0.575270168778
64.61 0.434053933417
64.68 0.532186524315
64.75 0.424913100397
64.82 0.463463378907
64.89 0.412562404822
64.96 0.598083669157
65.03 0.594351480084
65.1 0.323203045362
65.17 0.188904220899
65.24 0.28925610371
65.31 0.227289696729
65.38 0.267500412328
65.45 0.340531119653
65.52 0.378564420588
65.59 0.431695260817
65.66 0.382414321042
65.73 0.344728795944
65.8 0.333549217003
65.87 0.717915645159
65.94 0.463208920093
66.01 0.401966738297
66.08 0.319575937236
66.15 0.289653021428
66.22 0.37134870735
66.29 0.23549425883
66.36 0.476210525689
66.43 0.519317712992
66.5 0.609097544249
66.57 0.545946469356
66.64 0.407218162697
66.71 0.553155446299
66.78 0.752725650294
66.85 0.274268140909
66.92 0.29726980882
66.99 0.369225989598
67.06 0.213555702955
67.13 0.319182705698
67.2 0.371836537408
67.27 0.356593983708
67.34 0.399762373772
67.41 0.343679516215
67.48 0.329560423918
67.55 0.406587558982
67.62 0.517229763362
67.69 0.700158577298
67.76 0.514489629708
67.83 0.349690685211
67.9 0.499091575429
67.97 0.480090829867
68.04 0.396174515264
68.11 0.979280139176
68.18 0.667683977334
68.25 0.48972391355
68.32 0.519844352386
68.39 0.332112926809
68.46 0.223845901807
68.53 0.601563658898
68.6 0.325404288578
68.67 0.378076427533
68.74 0.701293209652
68.81 0.808270821158
68.88 0.393715288177
68.95 0.399881209275
69.02 0.35021597566
69.09 0.31803280872
69.16 0.403815036595
69.23 0.32289820626
69.3 0.371194086396
69.37 0.236695257407
69.44 0.588922934514
69.51 0.523410591239
69.58 0.491980175926
69.65 0.404562550755
69.72 0.26450940112
69.79 0.0834796901257
69.86 0.754045881564
69.93 0.76349227687
70.0 0.507134104871
70.07 0.463145383843
70.14 0.271706685333
70.21 0.38747537557
70.28 0.488543037673
70.35 0.523398863848
70.42 0.329570593465
70.49 0.292212115414
70.56 0.99930558369
70.63 0.409858306736
70.7 0.375899386639
70.77 0.372516728905
70.84 0.418603427657
70.91 0.36579354174
70.98 0.412593344375
71.05 0.425681911027
71.12 0.353072623508
71.19 0.513148569415
71.26 0.411893970692
71.33 0.0870043271385
71.4 0.225840429496
71.47 0.325821264359
71.54 0.375269796507
71.61 0.441750772267
71.68 0.880021037698
71.75 0.514556411856
71.82 0.560897079493
71.89 0.445174763927
71.96 0.241665929805
72.03 0.100392169431
72.1 0.592102093581
72.17 0.441476850237
72.24 0.455171053878
72.31 0.84344544708
72.38 0.678158411168
72.45 0.373904675343
72.52 0.398780989071
72.59 0.373500960441
72.66 0.502756192658
72.73 0.50731957264
72.8 0.496205182406
72.87 0.426174955132
72.94 0.471096114764
73.01 0.542029002679
73.08 0.379401766995
73.15 0.2567438101
73.22 0.369867769885
73.29 0.381210659235
73.36 0.118446525112
73.43 0.472567062542
73.5 0.509206109783
73.57 0.512351135856
73.64 0.370099188905
73.71 0.433433706275
73.78 0.329064841174
73.85 0.416201734015
73.92 0.424503867935
73.99 0.355509264195
74.06 0.303326513142
74.13 0.43805777848
74.2 0.308113989433
74.27 0.232212219282
74.34 0.307889662679
74.41 0.351143973986
74.48 0.380949925953
74.55 0.568344252032
74.62 0.338002159601
74.69 0.371072301012
74.76 0.642932172172
74.83 0.512529736182
74.9 0.426123110677
74.97 0.57455599698
75.04 0.45135537541
75.11 0.458401133748
75.18 0.611001626108
75.25 0.841152836255
75.32 0.506913415585
75.39 0.571973474442
75.46 0.500309829262
75.53 0.319828226497
75.6 0.398426076941
75.67 0.618536813565
75.74 0.385178775989
75.81 0.471258362879
75.88 0.874455315655
75.95 0.567756253436
76.02 0.471108223419
76.09 0.494923650871
76.16 0.391440005676
76.23 0.455418611527
76.3 0.451623691825
76.37 0.46107413865
76.44 0.493912833875
76.51 0.548329664652
76.58 0.521406030771
76.65 0.559828506103
76.72 0.486330215074
76.79 0.427515255707
76.86 0.426766134054
76.93 0.383453616704
77.0 0.926578820854
77.07 0.636882312809
77.14 0.634499159667
77.21 0.504640877812
77.28 0.463353426769
77.35 0.437724372655
77.42 0.60033813013
77.49 0.379113436545
77.56 0.355298951481
77.63 0.794008911176
77.7 0.785703449858
77.77 0.37930066731
77.84 0.536085546978
77.91 0.450533917515
77.98 0.463105078489
78.05 0.469587205424
78.12 0.463368445024
78.19 0.475624287279
78.26 0.335679714608
78.33 0.62717446572
78.4 0.283385316805
78.47 0.253868122454
78.54 0.463248283996
78.61 0.440058814829
78.68 0.509553777891
78.75 0.827433721158
78.82 0.713287051178
78.89 0.579292920618
78.96 0.559693072956
79.03 0.481465004888
79.1 0.482877100253
79.17 0.536124419079
79.24 0.517976181505
79.31 0.38038945333
79.38 0.304206453427
79.45 0.957929763631
79.52 0.412066878283
79.59 0.515625966978
79.66 0.458196104403
79.73 0.501798541897
79.8 0.526062920748
79.87 0.533405588452
79.94 0.454995807179
80.01 0.4453648612
80.08 0.600354359625
80.15 0.511181597675
80.22 0.473211764606
80.29 0.411374611854
80.36 0.347009676567
80.43 0.475401907128
80.5 0.441092310964
80.57 0.876570255427
80.64 0.626087797731
80.71 0.722379502035
80.78 0.677489710996
80.85 0.525059932318
80.92 0.593530197364
80.99 0.650552470568
81.06 0.388603676313
81.13 0.422306963825
81.2 0.804220283861
81.27 0.661397927995
81.34 0.497533388376
81.41 0.543292568888
81.48 0.508583374915
81.55 0.51649670446
81.62 0.441743155412
81.69 0.466754239056
81.76 0.49820527543
81.83 0.428143491273
81.9 0.666960022874
81.97 0.552088229348
82.04 0.390937270712
82.11 0.531008677007
82.18 0.528795811317
82.25 0.545590818116
82.32 0.908046497402
82.39 0.704070844916
82.46 0.538679856861
82.53 0.57140492501
82.6 0.440660031213
82.67 0.323062474045
82.74 0.577394624234
82.81 0.466736844222
82.88 0.403040157585
82.95 0.547403509885
83.02 0.869955770752
83.09 0.375670624292
83.16 0.527763236962
83.23 0.461457575348
83.3 0.456160611874
83.37 0.525925512895
83.44 0.426291029981
83.51 0.486075000289
83.58 0.360070061509
83.65 0.596578031009
83.72 0.535273313432
83.79 0.552990218327
83.86 0.440446189697
83.93 0.357755867563
84.0 0.152881139444
84.07 0.617895610327
84.14 0.834650948212
84.21 0.533766174582
84.28 0.598222390358
84.35 0.349817150684
84.42 0.48229663514
84.49 0.534385987673
84.56 0.619614312475
84.63 0.385749021906
84.7 0.343276239721
84.77 0.889027075508
84.84 0.545991443559
84.91 0.456462762454
84.98 0.423511883711
85.05 0.474163980243
85.12 0.470445120433
85.19 0.479312153202
85.26 0.452799025786
85.33 0.431477920475
85.4 0.474935501878
85.47 0.567159335877
85.54 0.220386698934
85.61 0.215678735461
85.68 0.413600784325
85.75 0.452241544262
85.82 0.376269718898
85.89 0.883221976607
85.96 0.560395727199
86.03 0.626047052096
86.1 0.502712774426
86.17 0.396377305735
86.24 0.271994908055
86.31 0.583305949749
86.38 0.473769143085
86.45 0.499227338319
86.52 0.70128091739
86.59 0.76749773973
86.66 0.36919525707
86.73 0.512647294871
86.8 0.441246027001
86.87 0.565792491998
86.94 0.569821936104
87.01 0.537556076958
87.08 0.487973680748
87.15 0.467429453508
87.22 0.630156435248
87.29 0.448653087159
87.36 0.365929655917
87.43 0.399837060364
87.5 0.426100886807
87.57 0.235495964683
87.64 0.720510042162
87.71 0.67295353474
87.78 0.660262187445
87.85 0.553532209466
87.92 0.548818509229
87.99 0.523048493166
88.06 0.605634588686
88.13 0.653048305588
88.2 0.493344370627
88.27 0.458637892342
88.34 0.461865974087
88.41 0.382740492212
88.48 0.260229400773
88.55 0.283596856684
88.62 0.370189760261
88.69 0.35515573567
88.76 0.57701162688
88.83 0.333048970093
88.9 0.373551493422
88.97 0.573892079007
89.04 0.436584139369
89.11 0.309282581479
89.18 0.47837833193
89.25 0.410963424359
89.32 0.304178178976
89.39 0.435586293792
89.46 0.955319183035
89.53 0.468471946357
89.6 0.587469902413
89.67 0.467331935084
89.74 0.489832853041
89.81 0.588178447986
89.88 0.644741971203
89.95 0.396165371477
90.02 0.336952335611
90.09 0.850977313697
90.16 0.66825741107
90.23 0.462487093031
90.3 0.517033683893
90.37 0.410122823621
90.44 0.389459799286
90.51 0.417684214336
90.58 0.321216548579
90.65 0.344633181968
90.72 0.505217862834
90.79 0.545060019475
90.86 0.241404089264
90.93 0.133131015555
91.0 0.235440945523
91.07 0.13276198915
91.14 0.154784167441
91.21 0.872950281722
91.28 0.568586827015
91.35 0.433398599979
91.42 0.429478322063
91.49 0.340261123615
91.56 0.310529795476
91.63 0.563450480744
91.7 0.400876759772
91.77 0.261852129227
91.84 0.477451977631
91.91 0.889268506698
91.98 0.51683088218
92.05 0.435935440119
92.12 0.381770039587
92.19 0.308258291894
92.26 0.295115458306
92.33 0.292676678979
92.4 0.272844019324
92.47 0.222201847843
92.54 0.593883745561
92.61 0.295935866086
92.68 0.174287024079
92.75 0.269917677855
92.82 0.202164832379
92.89 0.0792253862453
92.96 0.668766441111
93.03 0.816747768991
93.1 0.419620836685
93.17 0.549211818518
93.24 0.306507773378
93.31 0.343963891633
93.38 0.381090985325
93.45 0.576819001272
93.52 0.379062528857
93.59 0.237953795986
93.66 0.92226891327
93.73 0.6224389744
93.8 0.437137889749
93.87 0.446474952121
93.94 0.371227763184
94.01 0.333289234071
94.08 0.374249475069
94.15 0.321597797925
94.22 0.239116256889
94.29 0.5237001704
94.36 0.386907444405
94.43 0.21530643037
94.5 0.238298749342
94.57 0.29556224671
94.64 0.125584702112
94.71 0.134108418994
94.78 0.932286188685
94.85 0.437034263602
94.92 0.486503319387
94.99 0.522579235459
95.06 0.558452057548
95.13 0.465474970751
95.2 0.613779178937
95.27 0.305681448976
95.34 0.127642692046
95.41 0.696183890994
95.48 0.804817122731
95.55 0.437183456926
95.62 0.490233648976
95.69 0.440818177224
95.76 0.447445903106
95.83 0.46295187018
95.9 0.524516091064
95.97 0.458417589941
96.04 0.491255101092
96.11 0.604776128478
96.18 0.305869036649
96.25 0.180731090155
96.32 0.219346994842
96.39 0.190554730126
96.46 0.314103058211
96.53 0.816354269538
96.6 0.796982695231
96.67 0.554573281238
96.74 0.574703025435
96.81 0.406075012317
96.88 0.384589823764
96.95 0.561163986073
97.02 0.599299058355
97.09 0.544106364026
97.16 0.281627291035
97.23 0.92757560601
97.3 0.551001341219
97.37 0.43468784392
97.44 0.436370984503
97.51 0.33409519877
97.58 0.29128147634
97.65 0.299119968474
97.72 0.273671443491
97.79 0.318953002836
97.86 0.595416772915
97.93 0.316370076551
98.0 0.167435250599
98.07 0.186025848478
98.14 0.221340836818
98.21 0.107551786226
98.28 0.455408312706
98.35 0.926808530273
98.42 0.388555643564
98.49 0.501072110624
98.56 0.343685349466
98.63 0.340893079084
98.7 0.308098640499
98.77 0.616760327857
98.84 0.322046724032
98.91 0.279726862568
98.98 0.868916891952
99.05 0.698321840584
99.12 0.548172332693
99.19 0.559281274688
99.26 0.373502408684
99.33 0.347853021097
99.4 0.318002770336
99.47 0.370973778374
99.54 0.352184461216
99.61 0.536795306602
99.68 0.494400947773
99.75 0.206469595235
99.82 0.149804899265
99.89 0.305285873646
99.96 0.133756233794
100.03 0.273707552127
100.1 0.884583001287
100.17 0.603553061533
100.24 0.465647300357
100.31 0.402400221794
100.38 0.371640923511
100.45 0.412377543142
100.52 0.583524185641
100.59 0.474735769016
100.66 0.423414066459
100.73 0.609024851098
100.8 0.888137376918
100.87 0.488021546752
100.94 0.455218167658
101.01 0.432837189653
101.08 0.382946283149
101.15 0.407073504264
101.22 0.376426457883
101.29 0.345462999576
101.36 0.360936771827
101.43 0.579415700848
101.5 0.266702283688
101.57 0.141305718195
101.64 0.324032379598
101.71 0.21900867661
101.78 0.0799425875491
101.85 0.654497882891
101.92 0.703058733308
101.99 0.520338346373
102.06 0.533372049368
102.13 0.542612965681
102.2 0.491033995881
102.27 0.583058304044
102.34 0.590269820563
102.41 0.264441206327
102.48 0.108762274257
102.55 0.961833104792
102.62 0.486928662374
102.69 0.534356061701
102.76 0.418296930477
102.83 0.396261464141
102.9 0.37437185249
102.97 0.403978767612
103.04 0.392762988231
103.11 0.384446067438
103.18 0.608947045071
103.25 0.536510385048
103.32 0.339031256676
103.39 0.303494978582
103.46 0.349171108106
103.53 0.305867391686
103.6 0.278841587393
103.67 0.922672879226
103.74 0.48032720907
103.81 0.51611526214
103.88 0.460186374484
103.95 0.356419414292
104.02 0.336393536055
104.09 0.671765599384
104.16 0.533762538051
104.23 0.395127242091
104.3 0.734051704472
104.37 0.77530358271
104.44 0.524330339455
104.51 0.52315127997
104.58 0.426569086903
104.65 0.41256108398
104.72 0.32735618211
104.79 0.494919958134
104.86 0.438222240176
104.93 0.38911750635
105.0 0.629649571014
105.07 0.279511260866
105.14 0.145634622484
105.21 0.283724001313
105.28 0.239208732694
105.35 0.13755097832
105.42 0.786294862035
105.49 0.690867676013
105.56 0.427609501065
105.63 0.415564173866
105.7 0.422718138206
105.77 0.38711653089
105.84 0.50322258573
105.91 0.51502518338
105.98 0.323386191821
106.05 0.233136695363
106.12 0.910230620257
106.19 0.561747028233
106.26 0.511798785943
106.33 0.430263921439
106.4 0.449511876172
106.47 0.349872174528
106.54 0.440962198655
106.61 0.449721504109
106.68 0.369988875175
106.75 0.552855681666
106.82 0.345197937491
106.89 0.233714766098
106.96 0.229426806038
107.03 0.241372145495
107.1 0.311386961072
107.17 0.524199056187
107.24 0.876923353976
107.31 0.711794487493
107.38 0.497275046661
107.45 0.4846854398
107.52 0.657060488818
107.59 0.456973512399
107.66 0.646107789321
107.73 0.517479086818
107.8 0.642505324736
107.87 0.864681893911
107.94 0.632466829666
108.01 0.450014360082
108.08 0.633612921495
108.15 0.527951020419
108.22 0.492312638425
108.29 0.570133963959
108.36 0.652747844
108.43 0.427336610416
108.5 0.422038055374
108.57 0.589712549811
108.64 0.367144268536
108.71 0.262987582189
108.78 0.451345245208
108.85 0.364586435439
108.92 0.365300263443
108.99 0.947614727328
109.06 0.545183669962
109.13 0.49585855411
109.2 0.460714052754
109.27 0.448334423243
109.34 0.39050885138
109.41 0.581472643477
109.48 0.399322750702
109.55 0.167154891103
109.62 0.548458120756
109.69 0.78479666744
109.76 0.444296529496
109.83 0.586951694862
109.9 0.519922655837
109.97 0.52075541021
110.04 0.287600762637
110.11 0.345264508867
110.18 0.369277103375
110.25 0.313862239667
110.32 0.642407544954
110.39 0.439327515176
110.46 0.340118860496
110.53 0.355068185388
110.6 0.385295034445
110.67 0.270146844886
110.74 0.653254565846
110.81 0.809533681982
110.88 0.566252032617
110.95 0.430207838111
111.02 0.381556549358
111.09 0.340339486082
111.16 0.485189879681
111.23 0.619031743383
111.3 0.444197660253
111.37 0.480359535977
111.44 0.905411451252
111.51 0.642989292501
111.58 0.6006724671
111.65 0.56460245922
111.72 0.496760499997
111.79 0.43406155964
111.86 0.511284653331
111.93 0.453635542217
112.0 0.391614330596
112.07 0.534793001869
112.14 0.432345605031
112.21 0.203585626566
112.28 0.19036295604
112.35 0.280289580622
112.42 0.248419883222
112.49 0.315410096049
112.56 0.960108370799
112.63 0.506722417142
112.7 0.419987330071
112.77 0.431323633946
112.84 0.41430808587
112.91 0.308006732375
112.98 0.61989258579
113.05 0.431653977478
113.12 0.138081098742
113.19 0.699506378284
113.26 0.765041230206
113.33 0.587845622021
113.4 0.482877267934
113.47 0.459954223849
113.54 0.423184636196
113.61 0.390226760738
113.68 0.423294003791
113.75 0.526530796723
113.82 0.239550969425
113.89 0.587712730323
113.96 0.28000988061
114.03 0.162894745541
114.1 0.256158272391
114.17 0.21971775333
114.24 0.117192083954
114.31 0.806285089715
114.38 0.720592917974
114.45 0.490833400256
114.52 0.546805728626
114.59 0.544230350813
114.66 0.480338462457
114.73 0.592561218275
114.8 0.627321411739
114.87 0.475757490921
114.94 0.539496231857
115.01 0.910139003468
115.08 0.443746099019
115.15 0.446444512801
115.22 0.432345944141
115.29 0.416702211369
115.36 0.34951586193
115.43 0.420264350928
115.5 0.496827479804
115.57 0.410984100689
115.64 0.668978038133
115.71 0.479978796232
115.78 0.26194440831
115.85 0.249223091015
115.92 0.278582587131
115.99 0.223037153971
116.06 0.521228371895
116.13 0.842129881849
116.2 0.499807046523
116.27 0.507244482301
116.34 0.397711321537
116.41 0.946664364617
116.48 0.593738632796
116.55 0.59270190294
116.62 0.459717489611
116.69 0.840312974627
116.76 0.662333529125
116.83 0.573944536108
116.9 0.402352351106
116.97 0.760011652
117.04 0.755433900133
117.11 0.633334121717
117.18 0.584256741499
117.25 0.562587080961
117.32 0.80748257073
117.39 0.632965846599
117.46 0.595218804922
117.53 0.410349701193
117.6 0.94998358821
117.67 0.553384386632
117.74 0.508124578089
117.81 0.272207326621
117.88 0.854819851159
117.95 0.580635370137
118.02 0.502812800576
118.09 0.455307416299
118.16 0.350503160443
118.23 0.297040759821
118.3 0.727585738649
118.37 0.728463203994
118.44 0.45699282667
118.51 0.52436932022
118.58 0.354085077036
118.65 0.340761160688
118.72 0.446345667915
118.79 0.910945566762
118.86 0.46056136435
118.93 0.575785676566
119.0 0.398972212339
119.07 0.462827261379
119.14 0.406159517168
119.21 0.874549732442
119.28 0.558993259929
119.35 0.604837622574
119.42 0.481741499282
119.49 0.392952539369
119.56 0.452786800034
119.63 0.721894522561
119.7 0.797865940431
119.77 0.561436163843
119.84 0.594489617679
119.91 0.42123468271
119.98 0.490492835655
120.05 0.463925787907
120.12 0.943010756278
120.19 0.399694687643
120.26 0.591692590393
120.33 0.42157924075
120.4 0.331921757874
120.47 0.34403063069
120.54 0.854672332776
120.61 0.652446247986
120.68 0.585532630884
120.75 0.56222828874
120.82 0.495764733107
120.89 0.436320656675
120.96 0.676015685001
121.03 0.734609607542
121.1 0.288486968022
121.17 0.50350576677
121.24 0.478406086475
121.31 0.469895141479
121.38 0.577212721802
121.45 0.918918514058
121.52 0.57878692664
121.59 0.645725632248
121.66 0.466210587029
121.73 0.510586382223
121.8 0.486476318003
121.87 0.884850208569
121.94 0.64914583562
122.01 0.480317021725
122.08 0.432614841351
122.15 0.349042448723
122.22 0.331140663412
122.29 0.630956571381
122.36 0.82268352259
122.43 0.458622219287
122.5 0.576393374443
122.57 0.425339966568
122.64 0.427317981859
122.71 0.398101477667
122.78 0.870869212649
122.85 0.465000558014
122.92 0.545641788567
122.99 0.442484684565
123.06 0.416104256809
123.13 0.399174293677
123.2 0.814681967353
123.27 0.5854072811
123.34 0.659067695654
123.41 0.669450806844
123.48 0.525530516487
123.55 0.479182001549
123.62 0.741216979342
123.69 0.7746884291
123.76 0.449532553439
123.83 0.504978411034
123.9 0.391215730444
123.97 0.325417252502
124.04 0.441944098577
124.11 0.957520569576
124.18 0.549457779916
124.25 0.598860711163
124.32 0.448587532176
124.39 0.391795879866
124.46 0.435328824207
124.53 0.758253669322
124.6 0.731315183929
124.67 0.59446864252
124.74 0.523528617375
124.81 0.518800570545
124.88 0.541130716741
124.95 0.581907755075
125.02 0.947710012498
125.09 0.52668788606
125.16 0.578828001081
125.23 0.549642659394
125.3 0.317144771954
125.37 0.358752381057
125.44 0.856645811302
125.51 0.453834164074
125.58 0.532008358648
125.65 0.389465092959
125.72 0.337842760196
125.79 0.326170861271
125.86 0.753920361289
125.93 0.64041942288
126.0 0.457958260095
126.07 0.518848646385
126.14 0.41416311362
126.21 0.430599931477
126.28 0.524355822338
126.35 0.799691567083
126.42 0.557636531264
126.49 0.577423407349
126.56 0.430424664169
126.63 0.300786108603
126.7 0.249153313085
126.77 0.885910507492
126.84 0.634352929338
126.91 0.561168653048
126.98 0.437794546839
127.05 0.353621817451
127.12 0.490526806589
127.19 0.73883168756
127.26 0.619071689018
127.33 0.372375261101
127.4 0.462997331502
127.47 0.335629691228
127.54 0.316828715999
127.61 0.462154049736
127.68 0.89892690933
127.75 0.508297068819
127.82 0.583978390432
127.89 0.474579721364
127.96 0.466410221531
128.03 0.377761833872
128.1 0.801330643065
128.17 0.441219077139
128.24 0.312036608331
128.31 0.426137015116
128.38 0.37627287112
128.45 0.470698988147
128.52 0.701299496298
128.59 0.748307636942
128.66 0.530026689965
128.73 0.598019946491
128.8 0.497300048046
128.87 0.302444794873
128.94 0.412435391339
129.01 0.850105184179
129.08 0.530733613993
129.15 0.554812410791
129.22 0.359118509103
129.29 0.312863841397
129.36 0.332551144728
129.43 0.883258487116
129.5 0.64467741294
129.57 0.595455112931
129.64 0.61244527461
129.71 0.500258988085
129.78 0.525222377154
129.85 0.683814121898
129.92 0.716333173348
129.99 0.45978687972
130.06 0.460622620508
130.13 0.462164271742
130.2 0.390051565561
130.27 0.251984154864
130.34 0.56242820802
130.41 0.543184123072
130.48 0.468460496249
130.55 0.380317283832
130.62 0.399639507359
130.69 0.386333670622
130.76 0.388238884097
130.83 0.398904812861
130.9 0.371404840327
130.97 0.30913656848
131.04 0.449685559407
131.11 0.229096770703
131.18 0.237113747941
131.25 0.343272464548
131.32 0.348217640011
131.39 0.449311950336
131.46 0.513459340128
131.53 0.370317850089
131.6 0.383032174416
131.67 0.667961467512
131.74 0.478191452453
131.81 0.371045282767
131.88 0.627235723751
131.95 0.415917413866
132.02 0.421274239587
132.09 0.810378267728
132.16 0.710366306894
132.23 0.517221119809
132.3 0.579974207196
132.37 0.453896273626
132.44 0.33179931488
132.51 0.62169930754
132.58 0.727010243087
132.65 0.435943149714
132.72 0.557000709755
132.79 0.426350942814
132.86 0.406174718093
132.93 0.418775348832
133.0 0.900578877105
133.07 0.531826935841
133.14 0.561854242199
133.21 0.499455062728
133.28 0.510803160505
133.35 0.500626306762
133.42 0.813883761898
133.49 0.636304096875
133.56 0.64998236704
133.63 0.56797137645
133.7 0.470065481391
133.77 0.48884541214
133.84 0.614231165463
133.91 0.870943012122
133.98 0.590383460754
134.05 0.645206117907
134.12 0.437553841643
134.19 0.472626737436
134.26 0.446841363071
134.33 0.875131711371
134.4 0.468498771628
134.47 0.521613526625
134.54 0.520130541386
134.61 0.389017670363
134.68 0.388071321701
134.75 0.744854981136
134.82 0.6586428529
134.89 0.462034227817
134.96 0.556137129176
135.03 0.501541171609
135.1 0.494440758515
135.17 0.553857425132
135.24 0.765952406063
135.31 0.278134892873
135.38 0.479440862233
135.45 0.536668982581
135.52 0.484701824799
135.59 0.617132387515
135.66 0.901844425514
135.73 0.625528846418
135.8 0.637012589052
135.87 0.513394525191
135.94 0.513241012432
136.01 0.475984321654
136.08 0.765140711158
136.15 0.623550646585
136.22 0.406121944364
136.29 0.458383016666
136.36 0.407698782456
136.43 0.379205834598
136.5 0.515773805737
136.57 0.913028742624
136.64 0.548270759781
136.71 0.639945837308
136.78 0.530990423157
136.85 0.486621144117
136.92 0.494827797083
136.99 0.847864209847
137.06 0.596414873293
137.13 0.577262132536
137.2 0.505078452172
137.27 0.443468685657
137.34 0.51660054138
137.41 0.70744122725
137.48 0.723975066107
137.55 0.666029565533
137.62 0.701768501078
137.69 0.608895844175
137.76 0.545032220902
137.83 0.697277551952
137.9 0.805411581275
137.97 0.433788806695
138.04 0.517286311327
138.11 0.511802656666
138.18 0.38868892402
138.25 0.464026843565
138.32 0.866453884072
138.39 0.652310871982
138.46 0.596770225704
138.53 0.50176773349
138.6 0.451857254169
138.67 0.50734030705
138.74 0.693818872732
138.81 0.755111823574
138.88 0.621695548292
138.95 0.544988852318
139.02 0.578750950088
139.09 0.609061826244
139.16 0.533217194222
139.23 0.971307766118
139.3 0.54702133876
139.37 0.58925967804
139.44 0.52739256372
139.51 0.358459637495
139.58 0.353313710904
139.65 0.812938576701
139.72 0.56880862075
139.79 0.549982998234
139.86 0.469030060199
139.93 0.418995167861
140.0 0.401394164513
140.07 0.669010670425
140.14 0.698319223256
140.21 0.479206573895
140.28 0.578674127667
140.35 0.489056133284
140.42 0.547238111421
140.49 0.435266367114
140.56 0.886894391488
140.63 0.625794573608
140.7 0.632243775979
140.77 0.47376224473
140.84 0.375404727547
140.91 0.302354803375
140.98 0.815165427391
141.05 0.720475662798
141.12 0.534180833737
141.19 0.533378306038
141.26 0.374694541695
141.33 0.476354743842
141.4 0.636323953534
141.47 0.735435104778
141.54 0.387131285914
141.61 0.514222189171
141.68 0.410496452364
141.75 0.398352736484
141.82 0.403410860803
141.89 0.917073863533
141.96 0.534014184689
142.03 0.557891334809
142.1 0.52342848537
142.17 0.518033261553
142.24 0.461443758966
142.31 0.787195318462
142.38 0.591771689159
142.45 0.332537422022
142.52 0.486052026068
142.59 0.442081260998
142.66 0.521354357744
142.73 0.583015694241
142.8 0.820864758695
142.87 0.548812007126
142.94 0.638125457489
143.01 0.505012085948
143.08 0.32286352432
143.15 0.308417622915
143.22 0.85901786375
143.29 0.528984979317
143.36 0.571971403249
143.43 0.427212672341
143.5 0.387127845167
143.57 0.388408169208
143.64 0.794025829195
143.71 0.716508706698
143.78 0.600787666072
143.85 0.649193634177
143.92 0.578499578859
143.99 0.564313912376
144.06 0.613913088901
144.13 0.821387040247
144.2 0.51921500956
144.27 0.499644955786
144.34 0.500370015631
144.41 0.481075800513
144.48 0.295716862981
144.55 0.857421467828
144.62 0.633202014093
144.69 0.630612231607
144.76 0.563238942739
144.83 0.572885603928
144.9 0.559993226347
144.97 0.792587618628
145.04 0.687843884504
145.11 0.587117910186
145.18 0.482047558055
145.25 0.524973448077
145.32 0.427164691114
145.39 0.519705042895
145.46 0.917529006028
145.53 0.456525328212
145.6 0.581527474346
145.67 0.598191805839
145.74 0.411845922018
145.81 0.391373507368
145.88 0.838833106014
145.95 0.521046693351
146.02 0.478929219548
146.09 0.612489113451
146.16 0.364883396327
146.23 0.400392804184
146.3 0.364980091332
146.37 0.38145449698
146.44 0.304022392683
146.51 0.315096722059
146.58 0.274848369957
146.65 0.238060962177
146.72 0.268842059974
146.79 0.320722638901
146.86 0.268526512683
146.93 0.208536596872
147.0 0.292847182825
147.07 0.264444481266
147.14 0.285331437039
147.21 0.610278383592
147.28 0.419640821681
147.35 0.196512534293
147.42 0.552901054932
147.49 0.559918943502
147.56 0.548459787266
147.63 0.59796436527
147.7 0.47157981274
147.77 0.267863082765
147.84 0.30688172718
147.91 0.570912036409
147.98 0.548219535466
148.05 0.501950573626
148.12 0.47059585755
148.19 0.444097960098
148.26 0.488631933152
148.33 0.50122709036
148.4 0.484052437024
148.47 0.516073578801
148.54 0.52888526511
148.61 0.496804346332
148.68 0.50010801865
148.75 0.409887173223
148.82 0.490308739314
148.89 0.612237002176
148.96 0.556814347374
149.03 0.663456266407
149.1 0.651300427819
149.17 0.613465236329
149.24 0.515354468365
149.31 0.482112815146
149.38 0.495866453869
149.45 0.424745101467
149.52 0.287472269999
149.59 0.302810448915
149.66 0.552854370192
149.73 0.604598141734
149.8 0.632311565152
149.87 0.69496714723
149.94 0.682810034639
150.01 0.63289443401
150.08 0.471178324535
150.15 0.530377377274
150.22 0.266320264319
150.29 0.307166481989
150.36 0.32446325326
150.43 0.291777503113
150.5 0.263828131404
150.57 0.264277206457
150.64 0.239379472605
150.71 0.351579254202
150.78 0.503155792341
150.85 0.362269351565
150.92 0.262956874953
150.99 0.602849628837
151.06 0.599379647519
151.13 0.535342386913
151.2 0.360598879824
151.27 0.275401209798
151.34 0.294781802365
151.41 0.434612819155
151.48 0.734743525937
151.55 0.521163645015
151.62 0.464653725502
151.69 0.480706047177
151.76 0.512128252661
151.83 0.524817857569
151.9 0.559436781824
151.97 0.519423570519
152.04 0.569365388457
152.11 0.63904720945
152.18 0.374634031204
152.25 0.453164114957
152.32 0.473989541037
152.39 0.432898999439
152.46 0.476523020055
152.53 0.253928873694
152.6 0.231872729154
152.67 0.202919712341
152.74 0.378964902705
152.81 0.656720149041
152.88 0.641361253513
152.95 0.455972435911
153.02 0.521729349483
153.09 0.512518103405
153.16 0.533139102481
153.23 0.600949948847
153.3 0.536907830166
153.37 0.570284017236
153.44 0.532390307759
153.51 0.462228926492
153.58 0.478407209659
153.65 0.554875427134
153.72 0.480023697368
153.79 0.297259381662
153.86 0.326915741242
153.93 0.276222728584
154.0 0.238915475784
154.07 0.354288981324
154.14 0.361974237982
154.21 0.218674264697
154.28 0.407972646407
154.35 0.586233198009
154.42 0.464775464984
154.49 0.507955951525
154.56 0.576276807791
154.63 0.609752161059
154.7 0.569454075038
154.77 0.645414547718
154.84 0.38653230934
154.91 0.311541054626
154.98 0.57980001155
155.05 0.695561920528
155.12 0.683620817133
155.19 0.688331897231
155.26 0.614101306082
155.33 0.681255227443
155.4 0.707696709015
155.47 0.653964038818
155.54 0.448644116674
155.61 0.311858937277
155.68 0.417838232012
155.75 0.337979212547
155.82 0.355537372838
155.89 0.648022255248
155.96 0.632969072826
156.03 0.723802080764
156.1 0.55509146818
156.17 0.254735570945
156.24 0.216787475564
156.31 0.414177993234
156.38 0.566549822544
156.45 0.564650434826
156.52 0.554486648052
156.59 0.621136333748
156.66 0.638036058028
156.73 0.678975134641
156.8 0.587415755383
156.87 0.534821881472
156.94 0.528935806522
157.01 0.505665306975
157.08 0.454379098535
157.15 0.487255846189
157.22 0.545416125046
157.29 0.577278739548
157.36 0.278153075528
157.43 0.266455404258
157.5 0.267346245705
157.57 0.232259325568
157.64 0.240365893367
157.71 0.361446040744
157.78 0.440352982277
157.85 0.518198588822
157.92 0.332408405731
157.99 0.264659801938
158.06 0.364667771205
158.13 0.56924577169
158.2 0.605279505127
158.27 0.457814746392
158.34 0.373332219592
158.41 0.265797904078
158.48 0.284713889988
158.55 0.510116423814
158.62 0.606670177558
158.69 0.600116303608
158.76 0.588476411215
158.83 0.559943123343
158.9 0.495169468006
158.97 0.598574353545
159.04 0.621912730321
159.11 0.648215249006
159.18 0.479524366617
159.25 0.388615341877
159.32 0.280863621384
159.39 0.342481647378
159.46 0.427709279909
159.53 0.550787205557
159.6 0.506927160774
159.67 0.437726689281
159.74 0.505082885892
159.81 0.492348296476
159.88 0.535252428202
159.95 0.629892342718
160.02 0.576494772958
160.09 0.544578951941
160.16 0.524512999731
160.23 0.50895330249
160.3 0.515495896824
160.37 0.477093761522
160.44 0.473673842927
160.51 0.665866067771
160.58 0.747499669434
160.65 0.53052953453
160.72 0.646241924109
160.79 0.539923094281
160.86 0.545235928468
160.93 0.530037285741
161.0 0.808488356348
161.07 0.622277648064
161.14 0.618467976149
161.21 0.57696058055
161.28 0.555420604219
161.35 0.46203973882
161.42 0.722897297408
161.49 0.574165353731
161.56 0.390447672975
161.63 0.499672352485
161.7 0.449531597
161.77 0.422157282446
161.84 0.628886787545
161.91 0.701975832997
161.98 0.434309909794
162.05 0.563925821818
162.12 0.391975961222
162.19 0.404712203095
162.26 0.40568243839
162.33 0.801006558076
162.4 0.545200899925
162.47 0.530455465268
162.54 0.487705830844
162.61 0.367326656213
162.68 0.355866321523
162.75 0.712629182848
162.82 0.583471961795
162.89 0.443757088238
162.96 0.53533470542
163.03 0.436820046442
163.1 0.471323475707
163.17 0.589656227608
163.24 0.766000464105
163.31 0.529584192892
163.38 0.616949974545
163.45 0.519790729009
163.52 0.573437157588
163.59 0.554327238342
163.66 0.817909889848
163.73 0.639822895017
163.8 0.611382702152
163.87 0.552974206162
163.94 0.470084594256
164.01 0.465099628661
164.08 0.744256859832
164.15 0.628536410306
164.22 0.461443529458
164.29 0.592016187326
164.36 0.52068523509
164.43 0.492272207544
164.5 0.568378929288
164.57 0.778865928358
164.64 0.536407613233
164.71 0.612173968971
164.78 0.5249619427
164.85 0.511590650277
164.92 0.357493588614
164.99 0.749324149483
165.06 0.529516026202
165.13 0.435173806063
165.2 0.491648848789
165.27 0.434955598274
165.34 0.416389696395
165.41 0.718968797484
165.48 0.642202519356
165.55 0.438769612106
165.62 0.560129389237
165.69 0.422452798838
165.76 0.418026207507
165.83 0.493385238042
165.9 0.779634511354
165.97 0.50098668212
166.04 0.569147805492
166.11 0.455587295234
166.18 0.365749182056
166.25 0.351126850814
166.32 0.742838222083
166.39 0.554097370609
166.46 0.476704162768
166.53 0.469727952853
166.6 0.321569752046
166.67 0.343003530804
166.74 0.674224533262
166.81 0.592746263561
166.88 0.362912816159
166.95 0.498133366354
167.02 0.284755558339
167.09 0.298453106241
167.16 0.39670359119
167.23 0.795173167862
167.3 0.432592590315
167.37 0.498249159236
167.44 0.503900503693
167.51 0.513561111476
167.58 0.470472751325
167.65 0.756155183869
167.72 0.635182356314
167.79 0.568906062358
167.86 0.61293483113
167.93 0.521168627681
168.0 0.489031579673
168.07 0.66678826657
168.14 0.684002674441
168.21 0.494398027869
168.28 0.580188207026
168.35 0.417672527226
168.42 0.388819625556
168.49 0.320615793085
168.56 0.786357357535
168.63 0.443168193155
168.7 0.48602423499
168.77 0.441992913527
168.84 0.335389726079
168.91 0.378861318713
168.98 0.749900096566
169.05 0.574888020136
169.12 0.431945989424
169.19 0.470244332771
169.26 0.408023823884
169.33 0.366754918025
169.4 0.627275689996
169.47 0.713636304296
169.54 0.453511357773
169.61 0.575058622342
169.68 0.44981177289
169.75 0.455505004901
169.82 0.414915230119
169.89 0.787698679186
169.96 0.489831407609
170.03 0.529815211913
170.1 0.375214352055
170.17 0.324252068416
170.24 0.340577540225
170.31 0.717647998533
170.38 0.563657955989
170.45 0.37762580775
170.52 0.453363090912
170.59 0.294508531388
170.66 0.299698284642
170.73 0.54959262852
170.8 0.714542868447
170.87 0.36378577659
170.94 0.507185339491
171.01 0.386387689315
171.08 0.362526761197
171.15 0.359645617818
171.22 0.791975878599
171.29 0.534465763722
171.36 0.512679897187
171.43 0.435103812676
171.5 0.393087128489
171.57 0.388152583463
171.64 0.723298044631
171.71 0.585406483911
171.78 0.35432912087
171.85 0.425312308511
171.92 0.249658522051
171.99 0.263825986207
172.06 0.485689587949
172.13 0.750788403121
172.2 0.355592486611
172.27 0.483123084133
172.34 0.264899588164
172.41 0.262364198141
172.48 0.261074132655
172.55 0.767902113179
172.62 0.573493776747
172.69 0.400345193918
172.76 0.353665603833
172.83 0.332201023226
172.9 0.338933447854
172.97 0.681796288372
173.04 0.736861312545
173.11 0.451675342369
173.18 0.549575918463
173.25 0.367626871431
173.32 0.360463968456
173.39 0.482813876884
173.46 0.765362134869
173.53 0.399327604094
173.6 0.497051751288
173.67 0.262264706885
173.74 0.270781060775
173.81 0.256589055187
173.88 0.754010940139
173.95 0.525451617252
174.02 0.432952045767
174.09 0.395023980346
174.16 0.358786743559
174.23 0.367187623068
174.3 0.691976582861
174.37 0.598664086494
174.44 0.340917414428
174.51 0.503578415893
174.58 0.403387404148
174.65 0.398885419902
174.72 0.396666676934
174.79 0.383884255238
174.86 0.346341710822
174.93 0.36712118284
175.0 0.344285877326
175.07 0.29019857884
175.14 0.249743472803
175.21 0.274369050431
175.28 0.219795105961
175.35 0.217600663676
175.42 0.18987928804
175.49 0.181022125052
175.56 0.188110676798
175.63 0.203822187502
175.7 0.190663386714
175.77 0.188231348365
175.84 0.211958307503
175.91 0.228994097249
175.98 0.263541819688
176.05 0.275666730899
176.12 0.296304218018
176.19 0.308241883476
176.26 0.330288600389
176.33 0.105211908928
176.4 0.000144255623111
176.47 0.058767324745
176.54 0.815090111291
176.61 0.676592055503
176.68 0.521867732512
176.75 0.563288032161
176.82 0.44489049811
176.89 0.349974799271
176.96 0.693952241244
177.03 0.73314357873
177.1 0.470873510725
177.17 0.580615977178
177.24 0.425317117875
177.31 0.416044996903
177.38 0.428437553803
177.45 0.93032821366
177.52 0.515083565535
177.59 0.592453344824
177.66 0.486055564239
177.73 0.512981482896
177.8 0.48196335859
177.87 0.818966867931
177.94 0.620404624728
178.01 0.653509967048
178.08 0.525198155159
178.15 0.491991427439
178.22 0.520705147018
178.29 0.64915005482
178.36 0.842943347245
178.43 0.559077317941
178.5 0.641808471894
178.57 0.487574885748
178.64 0.546627799025
178.71 0.536777553923
178.78 0.879861086537
178.85 0.435945663998
178.92 0.558441264114
178.99 0.479320116662
179.06 0.390876395819
179.13 0.391811329971
179.2 0.793744832697
179.27 0.625591971427
179.34 0.519679931908
179.41 0.55959690254
179.48 0.526178078502
179.55 0.523233942199
179.62 0.607104581897
179.69 0.756672068705
179.76 0.297753355977
179.83 0.543244074313
179.9 0.546351640931
179.97 0.500524868904
180.04 0.574968647706
180.11 0.917115395116
180.18 0.62155272405
180.25 0.65457409735
180.32 0.529103080394
180.39 0.594438015847
180.46 0.538487732424
180.53 0.794433056038
180.6 0.628396407606
180.67 0.510312352464
180.74 0.443413362984
180.81 0.413227343872
180.88 0.40188868309
180.95 0.567856471623
181.02 0.872703185899
181.09 0.531116991675
181.16 0.641699316945
181.23 0.533637384989
181.3 0.493065789115
181.37 0.519449125534
181.44 0.881325139706
181.51 0.580337382552
181.58 0.60420457577
181.65 0.509577852813
181.72 0.452300921264
181.79 0.502121832506
181.86 0.761845763892
181.93 0.692817713809
182.0 0.68113992449
182.07 0.684810158577
182.14 0.572008678161
182.21 0.585807984295
182.28 0.720238788981
182.35 0.765444444874
182.42 0.442159896064
182.49 0.501294312789
182.56 0.498682379501
182.63 0.377801145316
182.7 0.474445062923
182.77 0.891153695833
182.84 0.61248885584
182.91 0.609946647087
182.98 0.494035347127
183.05 0.479740134127
183.12 0.491551774393
183.19 0.734642045924
183.26 0.741068835198
183.33 0.59489146373
183.4 0.539858345855
183.47 0.552175476117
183.54 0.58693961712
183.61 0.599875711761
183.68 0.940630026553
183.75 0.546531203318
183.82 0.598444618753
183.89 0.555336676416
183.96 0.370896692721
184.03 0.348797448449
184.1 0.842303440493
184.17 0.543725939972
184.24 0.535040754366
184.31 0.462217668421
184.38 0.401567429012
184.45 0.402288536636
184.52 0.705831935789
184.59 0.694950010007
184.66 0.521240980785
184.73 0.599430053099
184.8 0.491397850393
184.87 0.541819707295
184.94 0.499971846392
185.01 0.856779370914
185.08 0.585909025901
185.15 0.615825513611
185.22 0.492541904754
185.29 0.37102119473
185.36 0.295989082905
185.43 0.850134877832
185.5 0.716680258787
185.57 0.555548560089
185.64 0.508418812984
185.71 0.40951313605
185.78 0.595816034424
185.85 0.757152502047
185.92 0.703969656238
185.99 0.434096503875
186.06 0.549150136132
186.13 0.405516097539
186.2 0.379788886126
186.27 0.432053939689
186.34 0.9461411107
186.41 0.532678640083
186.48 0.586349352483
186.55 0.514263324501
186.62 0.509784142111
186.69 0.443379920388
186.76 0.791154112507
186.83 0.561576243357
186.9 0.370413288889
186.97 0.465130256271
187.04 0.434527607045
187.11 0.522571532421
187.18 0.637806578117
187.25 0.795437044936
187.32 0.53153322741
187.39 0.65406888651
187.46 0.519916406661
187.53 0.309951005304
187.6 0.328387950845
187.67 0.868116456054
187.74 0.548280145254
187.81 0.599697320334
187.88 0.410208911609
187.95 0.385646988264
188.02 0.379367959996
188.09 0.831736533665
188.16 0.661591153134
188.23 0.596707182194
188.3 0.640768557029
188.37 0.556866832578
188.44 0.57712752187
188.51 0.656102891452
188.58 0.775850975249
188.65 0.506446294645
188.72 0.506157217591
188.79 0.497381403485
188.86 0.491792268815
188.93 0.294045280234
189.0 0.874706537938
189.07 0.633789869364
189.14 0.620731776693
189.21 0.559659858931
189.28 0.574841641718
189.35 0.540957768869
189.42 0.814892503954
189.49 0.639956672896
189.56 0.551949222433
189.63 0.495130317686
189.7 0.536171397027
189.77 0.401085774126
189.84 0.568289873621
189.91 0.9134524547
189.98 0.466183238105
190.05 0.611851231991
190.12 0.58680497554
190.19 0.418657085694
190.26 0.429289378888
190.33 0.873050710682
190.4 0.558525399879
190.47 0.547207365778
190.54 0.654824587081
190.61 0.476963668885
190.68 0.532315954657
190.75 0.767510391711
190.82 0.751624156087
190.89 0.519854778607
190.96 0.577314125937
191.03 0.471564193081
191.1 0.341393449647
191.17 0.545658634456
191.24 0.78547741163
191.31 0.451133722191
191.38 0.576450855428
191.45 0.425225584458
191.52 0.403370147018
191.59 0.421434090514
191.66 0.886097956524
191.73 0.585012416777
191.8 0.558087882662
191.87 0.524041329848
191.94 0.528391758242
192.01 0.501509081705
192.08 0.768906417768
192.15 0.662941223256
192.22 0.609165873937
192.29 0.567102444119
192.36 0.497063902098
192.43 0.512037524864
192.5 0.535337334926
192.57 0.890892629998
192.64 0.581723164121
192.71 0.663261008482
192.78 0.50495593892
192.85 0.5695606876
192.92 0.527806849105
192.99 0.841625747355
193.06 0.536142224217
193.13 0.494217057521
193.2 0.54650116025
193.27 0.396620762216
193.34 0.397275477387
193.41 0.70515613211
193.48 0.712066803904
193.55 0.508015857801
193.62 0.593110832826
193.69 0.51668113991
193.76 0.519120201205
193.83 0.502023152491
193.9 0.822013869726
193.97 0.331239462397
194.04 0.483511733941
194.11 0.548461917475
194.18 0.497735487513
194.25 0.580482407261
194.32 0.889024621178
194.39 0.665936650385
194.46 0.636788345671
194.53 0.565520419146
194.6 0.601876777151
194.67 0.534794146599
194.74 0.739796089605
194.81 0.695869501548
194.88 0.51155326108
194.95 0.471799680481
195.02 0.407482330169
195.09 0.393394791008
195.16 0.457888157106
195.23 0.942376695892
195.3 0.55508678528
195.37 0.630670874184
195.44 0.5496880617
195.51 0.511851424778
195.58 0.514476138383
195.65 0.825829956624
195.72 0.637059766532
195.79 0.566577506831
195.86 0.506636990512
195.93 0.423830163552
196.0 0.551819496072
196.07 0.650554368459
196.14 0.768680989376
196.21 0.657976873101
196.28 0.696742281183
196.35 0.59817495433
196.42 0.549639841598
196.49 0.650284301226
196.56 0.852901398351
196.63 0.420842298947
196.7 0.480890400192
196.77 0.533177120249
196.84 0.377368859945
196.91 0.445419278018
196.98 0.835021498737
197.05 0.711233970842
197.12 0.604230325632
197.19 0.509716420385
197.26 0.496440124608
197.33 0.536925179098
197.4 0.624986255749
197.47 0.830781860887
197.54 0.593316365216
197.61 0.553341443341
197.68 0.558553827022
197.75 0.588974304965
197.82 0.562322272741
197.89 0.954928763673
197.96 0.639087812697
198.03 0.574146459132
198.1 0.592708137127
198.17 0.418474244622
198.24 0.35457923402
198.31 0.795015975481
198.38 0.618156244312
198.45 0.533932745878
198.52 0.505587597435
198.59 0.42303573327
198.66 0.405777952131
198.73 0.599815459819
198.8 0.768026511207
198.87 0.513812792774
198.94 0.63915365152
199.01 0.478578991255
199.08 0.543806098222
199.15 0.432675364957
199.22 0.874030467281
199.29 0.628506192999
199.36 0.633257704916
199.43 0.509436811239
199.5 0.395705272545
199.57 0.312169494408
199.64 0.765352689443
199.71 0.758635741149
199.78 0.553995499027
199.85 0.571808845064
199.92 0.420075984801
199.99 0.587160443174
200.06 0.686044912631
200.13 0.785685701863
200.2 0.450104836825
200.27 0.54760494579
200.34 0.427972959325
200.41 0.397794055898
200.48 0.410530244375
200.55 0.888235915481
200.62 0.579187646697
200.69 0.576143234127
200.76 0.531760274536
200.83 0.495812460469
200.9 0.467891736045
200.97 0.746120921114
201.04 0.660456911412
201.11 0.329641017765
201.18 0.485180071726
201.25 0.472261411262
201.32 0.56096712815
201.39 0.546631628531
201.46 0.872206647652
201.53 0.549425873618
201.6 0.662281647199
201.67 0.566759001769
201.74 0.360170355574
201.81 0.293128879088
201.88 0.830291719824
201.95 0.596959902368
202.02 0.595160004969
202.09 0.442420526302
202.16 0.395641242619
202.23 0.384162819888
202.3 0.759250594993
202.37 0.722169783232
202.44 0.597641913068
202.51 0.656003956636
202.58 0.577289076776
202.65 0.561280164903
202.72 0.581312692316
202.79 0.82859707199
202.86 0.519277091947
202.93 0.49941301967
203.0 0.485894782165
203.07 0.524720815959
203.14 0.315858550025
203.21 0.82668982573
203.28 0.609390532306
203.35 0.657751850329
203.42 0.569710644389
203.49 0.569448047876
203.56 0.576530737332
203.63 0.762025266326
203.7 0.701541618822
203.77 0.576950458778
203.84 0.501288654714
203.91 0.511767538193
203.98 0.450082948318
204.05 0.411167830754
204.12 0.950930524226
204.19 0.45369052297
204.26 0.577990391442
204.33 0.602934485912
204.4 0.417211667639
204.47 0.41273386136
204.54 0.803553802891
204.61 0.559055422877
204.68 0.477471653493
204.75 0.608842024077
204.82 0.42172708794
204.89 0.446588022757
204.96 0.348310726588
205.03 0.356727057139
205.1 0.309005243057
205.17 0.250978673696
205.24 0.234785849088
205.31 0.17381232188
205.38 0.199855058101
205.45 0.140228087201
205.52 0.12079792465
205.59 0.105563138625
205.66 0.11058988873
205.73 0.0740294981012
205.8 0.06751656557
205.87 0.0473824091988
205.94 0.0411350249344
206.01 0.0428396605826
206.08 0.029550564816
206.15 0.0243618317013
206.22 0.0168509186983
206.29 0.0181312033955
206.36 0.014677485296
206.43 0.0142654275437
206.5 0.0101030392811
206.57 0.00937749512682
206.64 0.00834612358078
206.71 0.00647745902306
206.78 0.00534864493147
206.85 0.0046517593024
206.92 0.00358915499428
206.99 0.00326364143553
207.06 0.00244762803224
207.13 0.00218299967102
207.2 0.00189758818815
207.27 0.0015662114022
207.34 0.00125522054855
207.41 0.00104663804445
207.48 0.000848373096562
207.55 0.0
207.62 0.0
207.69 0.0
207.76 0.0
207.83 0.0
207.9 0.0
207.97 0.0
208.04 0.0
208.11 0.0
208.18 0.0
208.25 0.0
208.32 0.0
208.39 0.0
208.46 0.0
208.53 0.0
208.6 0.0
208.67 0.0
208.74 0.0
208.81 0.0
208.88 0.0
208.95 0.0
209.02 0.0
209.09 0.0
209.16 0.0
209.23 0.0
209.3 0.0
209.37 0.0
209.44 0.0
209.51 0.0
209.58 0.0
209.65 0.0
209.72 0.0
209.79 0.0
209.86 0.0
209.93 0.0
210.0 0.0
210.07 0.0
210.14 0.0
210.21 0.0
210.28 0.0
210.35 0.0
210.42 0.0
210.49 0.0
210.56 0.0
210.63 0.0
210.7 0.0
210.77 0.0
210.84 0.0
210.91 0.0
210.98 0.0
211.05 0.0
211.12 0.0
211.19 0.0
211.26 0.0
211.33 0.0
211.4 0.0
211.47 0.0
211.54 0.0
211.61 0.0
211.68 0.0
211.75 0.0
211.82 0.0
211.89 0.0
211.96 0.0
212.03 0.0
212.1 0.0
212.17 0.0
212.24 0.0
212.31 0.0
212.38 0.0
212.45 0.0
212.52 0.0
212.59 0.0
212.66 0.0
212.73 0.0
212.8 0.0
212.87 0.0
212.94 0.0
213.01 0.0
213.08 0.0
213.15 0.0
213.22 0.0
213.29 0.0
213.36 0.0
213.43 0.0
213.5 0.0
213.57 0.0
213.64 0.0
213.71 0.0
213.78 0.0
213.85 0.0
213.92 0.0
213.99 0.0
214.06 0.0
214.13 0.0
214.2 0.0
214.27 0.0
214.34 0.0
214.41 0.0
214.48 0.0
214.55 0.0
214.62 0.0
214.69 0.0
214.76 0.0
214.83 0.0
214.9 0.0
214.97 0.0
215.04 0.0
215.11 0.0
215.18 0.0
215.25 0.0
215.32 0.0
215.39 0.0
215.46 0.0
215.53 0.0
215.6 0.0
215.67 0.0
215.74 0.0
215.81 0.0
215.88 0.0
215.95 0.0
216.02 0.0
216.09 0.0
216.16 0.0
216.23 0.0
216.3 0.0
216.37 0.0
216.44 0.0
216.51 0.0
