0.0 0.0
0.07 0.0
0.14 0.0
0.21 0.0
0.28 0.0
0.35 0.0
0.42 0.0
0.49 0.0
0.56 0.0
0.63 0.0
0.7 0.0
0.77 0.0
0.84 0.0
0.91 0.0
0.98 0.0
1.05 0.0
1.12 0.0
1.19 0.0
1.26 0.0
1.33 0.0
1.4 0.0
1.47 0.0
1.54 0.0
1.61 0.0
1.68 0.0
1.75 0.0
1.82 0.0
1.89 0.0
1.96 0.0
2.03 0.0
2.1 0.0
2.17 0.0
2.24 0.0
2.31 0.0
2.38 0.0
2.45 0.0
2.52 0.0
2.59 0.0
2.66 0.0
2.73 0.0
2.8 0.0
2.87 0.0
2.94 0.0
3.01 0.0
3.08 0.0
3.15 0.0
3.22 0.0
3.29 0.0
3.36 0.0
3.43 0.0
3.5 0.0
3.57 0.0
3.64 0.0
3.71 0.0
3.78 0.0
3.85 0.0
3.92 0.0
3.99 6.21853068443e-05
4.06 6.27444619695e-05
4.13 0.0376582891869
4.2 0.211232549866
4.27 0.123535048926
4.34 0.121730724185
4.41 0.0845956478923
4.48 0.0674024735028
4.55 0.0432917286938
4.62 0.147634637614
4.69 0.166189354733
4.76 0.137295810969
4.83 0.121048242326
4.9 0.103326692394
4.97 0.0987038787919
5.04 0.0772721010799
5.11 0.074426198732
5.18 0.0516660935931
5.25 0.049516065846
5.32 0.0458413281352
5.39 0.038802943924
5.46 0.0328643508571
5.53 0.0338395090221
5.6 0.125007062473
5.67 0.0228970451132
5.74 0.0201260611787
5.81 0.0174837471189
5.88 0.0151659430623
5.95 0.0119114490385
6.02 0.0103065900955
6.09 0.00835116600907
6.16 0.00732873272033
6.23 0.0107163800938
6.3 0.0130138117382
6.37 0.0180281167312
6.44 0.0255359633058
6.51 0.123871277928
6.58 0.0511209871242
6.65 0.0559401916365
6.72 0.0641059693451
6.79 0.132819636496
6.86 0.0908259301381
6.93 0.0931184401009
7.0 0.109335293357
7.07 0.1045396971
7.14 0.116179740056
7.21 0.113892930498
7.28 0.116555609527
7.35 0.116981633632
7.42 0.119523944519
7.49 0.153382762535
7.56 0.161386920222
7.63 0.163064927076
7.7 0.233814144964
7.77 0.239625105524
7.84 0.210813605913
7.91 0.409038479861
7.98 0.521332256473
8.05 0.470604763836
8.12 0.45223293231
8.19 0.525236455259
8.26 0.382650732573
8.33 0.533276123484
8.4 0.51166643024
8.47 0.450530759907
8.54 0.278201667913
8.61 0.573255615386
8.68 0.456935814879
8.75 0.409840325057
8.82 0.377564508694
8.89 0.455072275517
8.96 0.501225269834
9.03 0.451339971809
9.1 0.342082272623
9.17 0.321919588179
9.24 0.357662809207
9.31 0.473558316106
9.38 0.300307544809
9.45 0.215099555067
9.52 0.265477520859
9.59 0.426122668311
9.66 0.336879657953
9.73 0.218858437716
9.8 0.257553871275
9.87 0.368687209345
9.94 0.454572021476
10.01 0.364367684832
10.08 0.326394188458
10.15 0.260599179877
10.22 0.407869238115
10.29 0.303504735201
10.36 0.266657400508
10.43 0.192622188904
10.5 0.248648305285
10.57 0.30722941728
10.64 0.256959509845
10.71 0.241274471726
10.78 0.308304927509
10.85 0.322854026639
10.92 0.29070509104
10.99 0.261708556671
11.06 0.271877736953
11.13 0.247662327794
11.2 0.208751444602
11.27 0.222936117869
11.34 0.230186679586
11.41 0.232471902855
11.48 0.277919568105
11.55 0.314253996593
11.62 0.264408238558
11.69 0.287133697477
11.76 0.313868185139
11.83 0.36247352126
11.9 0.309671633817
11.97 0.284632851525
12.04 0.270137550374
12.11 0.286756907866
12.18 0.226561958813
12.25 0.174418209978
12.32 0.175452125019
12.39 0.237874048449
12.46 0.290931720985
12.53 0.323512003362
12.6 0.200993633357
12.67 0.299524881145
12.74 0.265787428633
12.81 0.271030962107
12.88 0.27315636563
12.95 0.285489933991
13.02 0.279708833803
13.09 0.288526548242
13.16 0.234253895815
13.23 0.180950650908
13.3 0.167616589351
13.37 0.239536447339
13.44 0.238806242846
13.51 0.225869608471
13.58 0.268310841751
13.65 0.323234533098
13.72 0.305539575132
13.79 0.327912839822
13.86 0.287418455366
13.93 0.311777418532
14.0 0.328089457481
14.07 0.219358860155
14.14 0.148785991978
14.21 0.149266413224
14.28 0.219490178806
14.35 0.233240803487
14.42 0.248263639122
14.49 0.218376710225
14.56 0.265914785749
14.63 0.288931588679
14.7 0.229707253841
14.77 0.256730039466
14.84 0.231749986139
14.91 0.200535087079
14.98 0.147316165741
15.05 0.189862860702
15.12 0.178116710386
15.19 0.193422672032
15.26 0.186991660539
15.33 0.194083056564
15.4 0.477077449598
15.47 0.712769043955
15.54 0.513227168959
15.61 0.417796514492
15.68 0.268578341191
15.75 0.325029478733
15.82 0.228145795942
15.89 0.648508691042
15.96 0.647541801116
16.03 0.455017173152
16.1 0.365422459802
16.17 0.307413317912
16.24 0.307912168017
16.31 0.394016057313
16.38 0.749144384735
16.45 0.607670462468
16.52 0.403375298139
16.59 0.263491279975
16.66 0.312288924522
16.73 0.355179472904
16.8 0.465589665234
16.87 0.727700494476
16.94 0.510305064281
17.01 0.309694206566
17.08 0.285302133229
17.15 0.327760449117
17.22 0.238499388562
17.29 0.58554197747
17.36 0.661555666913
17.43 0.49130083389
17.5 0.360380524545
17.57 0.221361454233
17.64 0.34130028162
17.71 0.308289714023
17.78 0.707935555401
17.85 0.624683130233
17.92 0.435305588268
17.99 0.323467021611
18.06 0.279999605633
18.13 0.270397943613
18.2 0.406694458779
18.27 0.754455881142
18.34 0.575954293398
18.41 0.415754087357
18.48 0.338794166956
18.55 0.330427529748
18.62 0.306033484948
18.69 0.561757647141
18.76 0.706554076605
18.83 0.456676088719
18.9 0.328083683577
18.97 0.355754267626
19.04 0.302913813366
19.11 0.276885939619
19.18 0.671940654092
19.25 0.619101623305
19.32 0.421605084726
19.39 0.342221583191
19.46 0.326145224871
19.53 0.293675193743
19.6 0.392625555743
19.67 0.761469457845
19.74 0.530624794094
19.81 0.340330167946
19.88 0.28020676749
19.95 0.245597034843
20.02 0.259644413662
20.09 0.526984564907
20.16 0.719294188887
20.23 0.531699809363
20.3 0.373530583128
20.37 0.303017185425
20.44 0.274028846725
20.51 0.212612290723
20.58 0.676408734306
20.65 0.641104975712
20.72 0.432699149452
20.79 0.253460733879
20.86 0.260124259936
20.93 0.263883350059
21.0 0.243923217466
21.07 0.751461816642
21.14 0.614821395954
21.21 0.431958949946
21.28 0.29088461519
21.35 0.308704058205
21.42 0.266301634571
21.49 0.270714767792
21.56 0.223965391271
21.63 0.14040477394
21.7 0.092718250638
21.77 0.187033318061
21.84 0.22546850631
21.91 0.26238021176
21.98 0.101244272177
22.05 0.295803126024
22.12 0.285947813191
22.19 0.252992592648
22.26 0.212882201694
22.33 0.254665942046
22.4 0.2092252146
22.47 0.256495704159
22.54 0.263414551053
22.61 0.271998734959
22.68 0.256905322968
22.75 0.247664107601
22.82 0.251333042565
22.89 0.438517066423
22.96 0.741521181016
23.03 0.704294836837
23.1 0.609507133543
23.17 0.501271137301
23.24 0.439924115634
23.31 0.325722973435
23.38 0.579522978641
23.45 0.75852118173
23.52 0.662065187484
23.59 0.627871584408
23.66 0.422530333877
23.73 0.23551637505
23.8 0.25961522502
23.87 0.691268844635
23.94 0.712630567001
24.01 0.604779998899
24.08 0.525921621248
24.15 0.376944535913
24.22 0.459367035319
24.29 0.351839514671
24.36 0.770185432102
24.43 0.70409800772
24.5 0.610230015057
24.57 0.48764465064
24.64 0.220265895362
24.71 0.125533343743
24.78 0.511392192097
24.85 0.753389556502
24.92 0.650284255114
24.99 0.559104327681
25.06 0.440202443704
25.13 0.435594970118
25.2 0.153556772354
25.27 0.67464063556
25.34 0.700101436694
25.41 0.642299632501
25.48 0.641124326573
25.55 0.238241559435
25.62 0.313190103952
25.69 0.270300228231
25.76 0.758145149443
25.83 0.685004573014
25.9 0.602926255451
25.97 0.514912436456
26.04 0.28360339856
26.11 0.44384803371
26.18 0.467823987709
26.25 0.769352090005
26.32 0.707077792832
26.39 0.633324910838
26.46 0.470375462786
26.53 0.29183775604
26.6 0.209261285222
26.67 0.634885905411
26.74 0.727016452379
26.81 0.66272359497
26.88 0.57108899999
26.95 0.399788155196
27.02 0.412024688279
27.09 0.125888021142
27.16 0.76013718377
27.23 0.727464857575
27.3 0.643551231006
27.37 0.602735559364
27.44 0.200648663487
27.51 0.296868207684
27.58 0.432159615927
27.65 0.740244893161
27.72 0.681110604628
27.79 0.575259558507
27.86 0.4743352682
27.93 0.388347096104
28.0 0.331579760526
28.07 0.566043590714
28.14 0.759649140895
28.21 0.64963201136
28.28 0.609001441463
28.35 0.332871353973
28.42 0.137717826089
28.49 0.0636928299983
28.56 0.720217541004
28.63 0.695000517549
28.7 0.621316484205
28.77 0.564871569939
28.84 0.342720343981
28.91 0.444369805454
28.98 0.346249423177
29.05 0.760208447672
29.12 0.685366523152
29.19 0.614014457887
29.26 0.556710804158
29.33 0.306193237707
29.4 0.309568481327
29.47 0.546700432305
29.54 0.732258100915
29.61 0.659470818418
29.68 0.550639673649
29.75 0.473673404372
29.82 0.459224976424
29.89 0.236944761473
29.96 0.700069855129
30.03 0.727932691783
30.1 0.681948641395
30.17 0.620542357659
30.24 0.333018521555
30.31 0.26824787586
30.38 0.315430761349
30.45 0.75072855773
30.52 0.70295960324
30.59 0.616595348617
30.66 0.533227495595
30.73 0.347578053906
30.8 0.367344705801
30.87 0.469916680192
30.94 0.785912105414
31.01 0.688316991229
31.08 0.583540838498
31.15 0.478770277319
31.22 0.234087061045
31.29 0.185169102317
31.36 0.643804629688
31.43 0.73683899556
31.5 0.651834433151
31.57 0.547482996418
31.64 0.379099384861
31.71 0.421231483508
31.78 0.256892093042
31.85 0.754745138322
31.92 0.695700101553
31.99 0.651974540121
32.06 0.497771163013
32.13 0.204936736687
32.2 0.104512130101
32.27 0.426715800716
32.34 0.748958725696
32.41 0.669729580747
32.48 0.576316234232
32.55 0.4706471945
32.62 0.430532324722
32.69 0.265525002526
32.76 0.579681760089
32.83 0.745274794023
32.9 0.648351551705
32.97 0.615859536757
33.04 0.343551161972
33.11 0.254507144782
33.18 0.0688041637567
33.25 0.726125618715
33.32 0.697524475867
33.39 0.623530533818
33.46 0.532451974417
33.53 0.346408211138
33.6 0.449235551954
33.67 0.391246359156
33.74 0.76663373643
33.81 0.692834847414
33.88 0.600820722869
33.95 0.4791675575
34.02 0.325217225533
34.09 0.17033959852
34.16 0.587174245249
34.23 0.715927205133
34.3 0.675040294709
34.37 0.573649650421
34.44 0.425639512695
34.51 0.412162934499
34.58 0.13995836998
34.65 0.698546729593
34.72 0.729422906248
34.79 0.640799369991
34.86 0.623912784729
34.93 0.222284655629
35.0 0.239885708097
35.07 0.275003086611
35.14 0.760016692818
35.21 0.690637434759
35.28 0.593556406494
35.35 0.515008969332
35.42 0.275208048132
35.49 0.424941555915
35.56 0.504564775905
35.63 0.770158680112
35.7 0.677698459561
35.77 0.590448697668
35.84 0.384322566391
35.91 0.187900171321
35.98 0.069381137416
36.05 0.662342304206
36.12 0.715680087409
36.19 0.640050358906
36.26 0.547049600956
36.33 0.381611675351
36.4 0.451970593658
36.47 0.234028274396
36.54 0.770353468917
36.61 0.690766538188
36.68 0.610825013794
36.75 0.584193802363
36.82 0.213359467109
36.89 0.221948901119
36.96 0.425158405763
37.03 0.751745563213
37.1 0.671785526225
37.17 0.580020773701
37.24 0.466256490749
37.31 0.260795722438
37.38 0.269456673412
37.45 0.452237236223
37.52 0.396182049357
37.59 0.273174782395
37.66 0.228493841631
37.73 0.222994282096
37.8 0.173079144167
37.87 0.173285988766
37.94 0.71010665055
38.01 0.722354422558
38.08 0.628653717758
38.15 0.56331105637
38.22 0.341859119487
38.29 0.397300435898
38.36 0.387545060181
38.43 0.783275267539
38.5 0.693296308556
38.57 0.614513280081
38.64 0.52248706997
38.71 0.22369309389
38.78 0.221570995988
38.85 0.566972930722
38.92 0.750817512704
38.99 0.653632222011
39.06 0.543677256384
39.13 0.446451618136
39.2 0.484703560738
39.27 0.270733324113
39.34 0.718928944293
39.41 0.74113340275
39.48 0.62323040056
39.55 0.53519585468
39.62 0.189636329377
39.69 0.267557015048
39.76 0.36287834678
39.83 0.754682634827
39.9 0.6724406774
39.97 0.638447142074
40.04 0.470788656095
40.11 0.317509521472
40.18 0.464686657618
40.25 0.507813391822
40.32 0.742472775584
40.39 0.670444668513
40.46 0.609951927024
40.53 0.416090822482
40.6 0.227233471555
40.67 0.231829261497
40.74 0.67472081245
40.81 0.696073806973
40.88 0.650610356058
40.95 0.548869577389
41.02 0.47210235059
41.09 0.472967011887
41.16 0.309829874718
41.23 0.759194354261
41.3 0.699632362297
41.37 0.629641451796
41.44 0.498995560156
41.51 0.286201862205
41.58 0.30369538663
41.65 0.485887113506
41.72 0.724279670875
41.79 0.694818590242
41.86 0.612172879087
41.93 0.431817470674
42.0 0.388255563061
42.07 0.345553487172
42.14 0.621429090232
42.21 0.738333150161
42.28 0.686600151471
42.35 0.622275385935
42.42 0.299008581864
42.49 0.349179659329
42.56 0.214704426842
42.63 0.737577177084
42.7 0.69671227374
42.77 0.652142248513
42.84 0.53731086964
42.91 0.323741181603
42.98 0.451361843055
43.05 0.477236958599
43.12 0.76460314366
43.19 0.67602559954
43.26 0.578448144795
43.33 0.428861665967
43.4 0.199969704026
43.47 0.252137110426
43.54 0.575724048948
43.61 0.730026746334
43.68 0.659880668891
43.75 0.576150310298
43.82 0.394865015747
43.89 0.483895250369
43.96 0.273346938908
44.03 0.714350273244
44.1 0.694133060476
44.17 0.659886597237
44.24 0.608053279977
44.31 0.235615849771
44.38 0.377263106404
44.45 0.386095891982
44.52 0.741851644486
44.59 0.694807231298
44.66 0.62153991087
44.73 0.512571495844
44.8 0.397707170547
44.87 0.38055337054
44.94 0.569852826166
45.01 0.773913225354
45.08 0.702308814591
45.15 0.638208564259
45.22 0.385375586675
45.29 0.268915029797
45.36 0.237522966948
45.43 0.690609236966
45.5 0.718103515032
45.57 0.633120672218
45.64 0.552770929228
45.71 0.347305110845
45.78 0.448775509634
45.85 0.252407083732
45.92 0.779623096994
45.99 0.700960101727
46.06 0.615733674753
46.13 0.56683137702
46.2 0.23721617872
46.27 0.223073631884
46.34 0.482128373204
46.41 0.759189901488
46.48 0.661044661463
46.55 0.544947952687
46.62 0.472742293862
46.69 0.421386428092
46.76 0.28208557802
46.83 0.653437233176
46.9 0.732285966564
46.97 0.648872946647
47.04 0.578720567777
47.11 0.337427130364
47.18 0.295258983423
47.25 0.131950777349
47.32 0.760801353065
47.39 0.679284812423
47.46 0.597915759412
47.53 0.541458553037
47.6 0.261671818969
47.67 0.414079953653
47.74 0.413009824711
47.81 0.76331325745
47.88 0.662624407736
47.95 0.575232297601
48.02 0.529120288145
48.09 0.275680391865
48.16 0.159510948265
48.23 0.623239082815
48.3 0.712671781665
48.37 0.646426497836
48.44 0.566940316441
48.51 0.41884335988
48.58 0.450419290797
48.65 0.25929722857
48.72 0.741948613707
48.79 0.7262013847
48.86 0.638293044132
48.93 0.558270419915
49.0 0.35695954092
49.07 0.313967792903
49.14 0.405808367234
49.21 0.729948292497
49.28 0.691933585181
49.35 0.600123150334
49.42 0.486969177293
49.49 0.370754057883
49.56 0.252232155633
49.63 0.569322497767
49.7 0.750824797537
49.77 0.655484470347
49.84 0.61224292885
49.91 0.389436849437
49.98 0.250284848135
50.05 0.171623262385
50.12 0.687544830565
50.19 0.720678443921
50.26 0.624005446316
50.33 0.549860827313
50.4 0.327962565552
50.47 0.384501282975
50.54 0.346017614767
50.61 0.776266731605
50.68 0.683469335862
50.75 0.601414970793
50.82 0.568647558455
50.89 0.262936060334
50.96 0.160085789505
51.03 0.454602748027
51.1 0.574759966893
51.17 0.470631675852
51.24 0.525185858698
51.31 0.604875719558
51.38 0.459180852479
51.45 0.605112043076
51.52 0.702746101811
51.59 0.500240284122
51.66 0.307450442649
51.73 0.675098898074
51.8 0.522600579391
51.87 0.403591847476
51.94 0.403908129246
52.01 0.480487941389
52.08 0.551376353549
52.15 0.491563610749
52.22 0.407900177722
52.29 0.334618042939
52.36 0.42799961158
52.43 0.656377766714
52.5 0.517626464719
52.57 0.371006668538
52.64 0.376512271786
52.71 0.499130235598
52.78 0.44335424019
52.85 0.273011806818
52.92 0.665965042351
52.99 0.819223437063
53.06 0.714670359316
53.13 0.497998018109
53.2 0.430942575256
53.27 0.306851800565
53.34 0.407444272777
53.41 0.9837683603
53.48 0.792527028703
53.55 0.573855867947
53.62 0.625782439443
53.69 0.501831004163
53.76 0.445483656419
53.83 0.537922083875
53.9 0.945562706625
53.97 0.7049200039
54.04 0.523670813465
54.11 0.549608479023
54.18 0.449989786162
54.25 0.496939316958
54.32 0.800593658253
54.39 0.858943063249
54.46 0.571952418307
54.53 0.371239117046
54.6 0.573230470152
54.67 0.551410956971
54.74 0.433752313944
54.81 0.926431855045
54.88 0.826736862164
54.95 0.598374114963
55.02 0.528460406015
55.09 0.382672417744
55.16 0.373047955034
55.23 0.504300446252
55.3 0.971706152434
55.37 0.759977656161
55.44 0.525460573192
55.51 0.486583896152
55.58 0.449645251706
55.65 0.345335305028
55.72 0.70161842641
55.79 0.930287191488
55.86 0.630310963303
55.93 0.435236663328
56.0 0.441384473449
56.07 0.556291891837
56.14 0.445291386137
56.21 0.899027891231
56.28 0.802259012942
56.35 0.499302656338
56.42 0.453677743565
56.49 0.524524432146
56.56 0.479823655796
56.63 0.438284061551
56.7 1.0
56.77 0.775077940828
56.84 0.548246165943
56.91 0.405124205119
56.98 0.447847961527
57.05 0.428383250609
57.12 0.726292700035
57.19 0.933238576915
57.26 0.710575865434
57.33 0.43605958616
57.4 0.44369262766
57.47 0.413153388022
57.54 0.230998729131
57.61 0.840759065977
57.68 0.852504524095
57.75 0.635214263443
57.82 0.569529200018
57.89 0.504145216043
57.96 0.417701663734
58.03 0.360674160067
58.1 0.948028717493
58.17 0.778808007916
58.24 0.514227382112
58.31 0.474600357969
58.38 0.463347367587
58.45 0.346480807336
58.52 0.595649714884
58.59 0.946231093309
58.66 0.713284958991
58.73 0.53510410579
58.8 0.496634605326
58.87 0.384575618044
58.94 0.431091103046
59.01 0.825579405472
59.08 0.920730289789
59.15 0.656332942196
59.22 0.446031303741
59.29 0.451553442536
59.36 0.286739310761
59.43 0.361210055828
59.5 0.946347764143
59.57 0.809255743353
59.64 0.556804975743
59.71 0.458863374247
59.78 0.494634379982
59.85 0.463007339867
59.92 0.522513606114
59.99 0.978979195723
60.06 0.63413377385
60.13 0.416167582107
60.2 0.384393481403
60.27 0.338079368536
60.34 0.276028024468
60.41 0.715824587608
60.48 0.890170660992
60.55 0.609707191059
60.62 0.541136069389
60.69 0.418533943343
60.76 0.303568891972
60.83 0.273116909374
60.9 0.903870985902
60.97 0.822594819628
61.04 0.627624582051
61.11 0.414745835768
61.18 0.396753649173
61.25 0.417114972312
61.32 0.401938306683
61.39 0.982309293846
61.46 0.761339957146
61.53 0.569574887923
61.6 0.472823571385
61.67 0.424843142753
61.74 0.440429763987
61.81 0.691595540088
61.88 0.904457159105
61.95 0.622851792996
62.02 0.389108242995
62.09 0.400421950552
62.16 0.384949059238
62.23 0.344482633468
62.3 0.836466715846
62.37 0.848186971046
62.44 0.617949918189
62.51 0.560867439619
62.58 0.44870501143
62.65 0.3048310065
62.72 0.356032203078
62.79 0.977849875419
62.86 0.810565040898
62.93 0.553906696097
63.0 0.433019574181
63.07 0.47147475525
63.14 0.462644530063
63.21 0.655448602546
63.28 0.965779833799
63.35 0.729392905389
63.42 0.484025729822
63.49 0.473988899976
63.56 0.514097906533
63.63 0.437664956809
63.7 0.808551259066
63.77 0.851379778444
63.84 0.563551638212
63.91 0.400380248372
63.98 0.398946927243
64.05 0.385387166117
64.12 0.338414697866
64.19 0.986609470289
64.26 0.793318837018
64.33 0.608412682749
64.4 0.535579807245
64.47 0.34798475413
64.54 0.251953163276
64.61 0.498269012035
64.68 0.986045673525
64.75 0.708441325633
64.82 0.502334882013
64.89 0.452246199451
64.96 0.330578668169
65.03 0.230144498263
65.1 0.7620662643
65.17 0.905264246031
65.24 0.626107542095
65.31 0.470338031956
65.38 0.499695127413
65.45 0.361260350948
65.52 0.405223421195
65.59 0.931082039337
65.66 0.800071308746
65.73 0.567549319175
65.8 0.498880719369
65.87 0.455854139058
65.94 0.426093616434
66.01 0.562546264272
66.08 0.973187025938
66.15 0.843310814584
66.22 0.748440819658
66.29 0.644003586572
66.36 0.687072553818
66.43 0.4480705369
66.5 0.522995973704
66.57 0.503679444476
66.64 0.444905255565
66.71 0.367909267332
66.78 0.418377908361
66.85 0.342036872204
66.92 0.144213850297
66.99 0.228190457644
67.06 0.283168286557
67.13 0.26398945835
67.2 0.261154509302
67.27 0.301158670086
67.34 0.311855636053
67.41 0.277302657186
67.48 0.581614215088
67.55 0.429101288593
67.62 0.401459038171
67.69 0.463981018736
67.76 0.370200925072
67.83 0.316959917572
67.9 0.564555472383
67.97 0.889980175169
68.04 0.638954939592
68.11 0.481811011269
68.18 0.464934007005
68.25 0.353059076657
68.32 0.430430798526
68.39 0.785601894338
68.46 0.740144515047
68.53 0.51815140718
68.6 0.422627210991
68.67 0.435894854967
68.74 0.414038633857
68.81 0.336482067957
68.88 0.937133444043
68.95 0.73459907409
69.02 0.552388651337
69.09 0.414811984471
69.16 0.401563905342
69.23 0.405043965893
69.3 0.602612224257
69.37 0.85039923248
69.44 0.581367489982
69.51 0.381916873569
69.58 0.441196940635
69.65 0.399966106082
69.72 0.351796687668
69.79 0.74170988331
69.86 0.838229541228
69.93 0.606013725839
70.0 0.50537411899
70.07 0.383578262072
70.14 0.402222778946
70.21 0.485251025706
70.28 0.852868815055
70.35 0.707985460694
70.42 0.45555815434
70.49 0.365696523965
70.56 0.415137213653
70.63 0.348327515292
70.7 0.463107523532
70.77 0.953236555285
70.84 0.721635186252
70.91 0.502935052701
70.98 0.479464592612
71.05 0.457910955367
71.12 0.455337653703
71.19 0.681388064658
71.26 0.815258638329
71.33 0.570598418124
71.4 0.458298382882
71.47 0.561275906625
71.54 0.57490093911
71.61 0.425533711427
71.68 0.882700812776
71.75 0.764223637354
71.82 0.614833518735
71.89 0.464277729146
71.96 0.414964068152
72.03 0.372168406813
72.1 0.487566000494
72.17 0.891587819654
72.24 0.629790733189
72.31 0.456544338374
72.38 0.395022614689
72.45 0.439039539669
72.52 0.456007048912
72.59 0.682776949236
72.66 0.903503553067
72.73 0.642196693066
72.8 0.542256003143
72.87 0.556307617028
72.94 0.535732225862
73.01 0.489467283292
73.08 0.783903822096
73.15 0.750756364765
73.22 0.506168804954
73.29 0.389573717772
73.36 0.477288045467
73.43 0.581216105942
73.5 0.501666843289
73.57 0.947473406675
73.64 0.754836172684
73.71 0.600839481081
73.78 0.489510862968
73.85 0.474612597047
73.92 0.446800091797
73.99 0.596479193136
74.06 0.861807820568
74.13 0.580312372634
74.2 0.417464020014
74.27 0.408919415174
74.34 0.375538858073
74.41 0.384181915153
74.48 0.792498047535
74.55 0.873781934987
74.62 0.58486448428
74.69 0.446900537829
74.76 0.443136058046
74.83 0.438098393208
74.9 0.407906468915
74.97 0.880305154974
75.04 0.690734099748
75.11 0.487717739006
75.18 0.364991958735
75.25 0.315888167918
75.32 0.359139784442
75.39 0.532257678711
75.46 0.91567771942
75.53 0.693207254031
75.6 0.556785539288
75.67 0.416661073255
75.74 0.445312695437
75.81 0.332084880425
75.88 0.6690217927
75.95 0.820023126582
76.02 0.633369614407
76.09 0.521454346739
76.16 0.455127661646
76.23 0.506328383733
76.3 0.471988400172
76.37 0.893155510132
76.44 0.792810023531
76.51 0.544882147293
76.58 0.426004705187
76.65 0.490197083072
76.72 0.489210726918
76.79 0.594004911239
76.86 0.869159381889
76.93 0.661105359101
77.0 0.402237998013
77.07 0.494694114682
77.14 0.49210196828
77.21 0.437073841456
77.28 0.699784874881
77.35 0.871536237751
77.42 0.661571465604
77.49 0.501297096613
77.56 0.355524428819
77.63 0.503133387164
77.7 0.380136414796
77.77 0.805124854148
77.84 0.812478161783
77.91 0.599248607529
77.98 0.45000793684
78.05 0.442928409603
78.12 0.412290416285
78.19 0.466783168358
78.26 0.974940047034
78.33 0.777793612133
78.4 0.548333852817
78.47 0.552293205139
78.54 0.54323476651
78.61 0.499936718712
78.68 0.596462052845
78.75 0.857325879634
78.82 0.614858165288
78.89 0.427970022877
78.96 0.488138805145
79.03 0.471383672508
79.1 0.382886299696
79.17 0.786702319067
79.24 0.814653893919
79.31 0.602088518264
79.38 0.528039194739
79.45 0.496130125524
79.52 0.433393964356
79.59 0.48544985885
79.66 0.866383905176
79.73 0.658422182059
79.8 0.487296490515
79.87 0.409208456507
79.94 0.429110329043
80.01 0.448429082796
80.08 0.59788813473
80.15 0.936762902827
80.22 0.704518546336
80.29 0.549057238594
80.36 0.501243165589
80.43 0.450843379723
80.5 0.390385939436
80.57 0.725267232794
80.64 0.793851983522
80.71 0.548732219676
80.78 0.394022461081
80.85 0.486274532647
80.92 0.495474068164
80.99 0.466200308219
81.06 0.876149602469
81.13 0.790359254991
81.2 0.559491835208
81.27 0.429748345509
81.34 0.423174291715
81.41 0.43863173416
81.48 0.447948400116
81.55 0.359027946904
81.62 0.29121947468
81.69 0.283621051487
81.76 0.319391894407
81.83 0.36845846745
81.9 0.408256643301
81.97 0.236736676684
82.04 0.397944310003
82.11 0.439886096807
82.18 0.37584313429
82.25 0.340510636426
82.32 0.367203313053
82.39 0.334497776208
82.46 0.34837736104
82.53 0.359926973447
82.6 0.353113910144
82.67 0.391455691577
82.74 0.447074584863
82.81 0.374914897706
82.88 0.437252197055
82.95 0.777683652091
83.02 0.739632605274
83.09 0.645620086362
83.16 0.503663348996
83.23 0.326309527162
83.3 0.435071041766
83.37 0.476197861371
83.44 0.751799698919
83.51 0.680638860986
83.58 0.597817013175
83.65 0.48986142439
83.72 0.142260717724
83.79 0.0770823790946
83.86 0.640885176578
83.93 0.731137256324
84.0 0.621908680653
84.07 0.553537758847
84.14 0.403995768671
84.21 0.458232995226
84.28 0.343963855669
84.35 0.775124717271
84.42 0.686263473099
84.49 0.600893145087
84.56 0.494988246094
84.63 0.199744924596
84.7 0.160188871288
84.77 0.42222677684
84.84 0.770752817321
84.91 0.665487167541
84.98 0.601764585093
85.05 0.43601616837
85.12 0.452658365626
85.19 0.247602822896
85.26 0.556100542626
85.33 0.741320110321
85.4 0.639927710416
85.47 0.627539527206
85.54 0.387896038411
85.61 0.19067340304
85.68 0.163828809268
85.75 0.724393526396
85.82 0.678699362121
85.89 0.605288377901
85.96 0.544971586062
86.03 0.322298444152
86.1 0.459462403366
86.17 0.408111036887
86.24 0.768002885903
86.31 0.696966085509
86.38 0.63273976756
86.45 0.530696774385
86.52 0.303140500064
86.59 0.251672844205
86.66 0.58520252193
86.73 0.741178638492
86.8 0.683905387544
86.87 0.571053462472
86.94 0.391211379863
87.01 0.433584216655
87.08 0.21520767948
87.15 0.686855797008
87.22 0.73132618563
87.29 0.656286870047
87.36 0.623331608568
87.43 0.232537343543
87.5 0.252385780945
87.57 0.274503433592
87.64 0.75488837042
87.71 0.695167434192
87.78 0.597460690874
87.85 0.517793470679
87.92 0.247802367777
87.99 0.421837257843
88.06 0.51897034894
88.13 0.768550325751
88.2 0.655024754588
88.27 0.56936828243
88.34 0.378010770306
88.41 0.236520521827
88.48 0.10586535063
88.55 0.692452224353
88.62 0.698167697778
88.69 0.646969882182
88.76 0.576977391905
88.83 0.388126987155
88.9 0.497239694905
88.97 0.295577197582
89.04 0.761935631335
89.11 0.695683543677
89.18 0.60918155547
89.25 0.613763765664
89.32 0.31562211242
89.39 0.241160820889
89.46 0.445335258881
89.53 0.753071419565
89.6 0.669979132331
89.67 0.580805643283
89.74 0.452023879002
89.81 0.434654019966
89.88 0.393016720573
89.95 0.630101604831
90.02 0.733839359046
90.09 0.635159009427
90.16 0.600584786387
90.23 0.444074375238
90.3 0.281158141559
90.37 0.296274119784
90.44 0.750068555582
90.51 0.716832929443
90.58 0.630609919637
90.65 0.550798999367
90.72 0.379816045891
90.79 0.415842183596
90.86 0.442846112389
90.93 0.777333720533
91.0 0.698968343722
91.07 0.617585283921
91.14 0.551815695966
91.21 0.196016086534
91.28 0.116100928955
91.35 0.587590217586
91.42 0.762476102678
91.49 0.674644193312
91.56 0.554381847701
91.63 0.452998709675
91.7 0.423160938049
91.77 0.239802333509
91.84 0.705871226318
91.91 0.745851672784
91.98 0.665894912576
92.05 0.533992469116
92.12 0.236401269204
92.19 0.270854806844
92.26 0.34154344153
92.33 0.759217680612
92.4 0.690446178586
92.47 0.584905780817
92.54 0.525958650157
92.61 0.315126917756
92.68 0.377575479671
92.75 0.508249650047
92.82 0.745957676873
92.89 0.686644935052
92.96 0.605914587914
93.03 0.443750611396
93.1 0.174533021923
93.17 0.114940716494
93.24 0.675030810471
93.31 0.691999992527
93.38 0.623072729979
93.45 0.55461340584
93.52 0.35892309648
93.59 0.499802383786
93.66 0.303066011483
93.73 0.767217623703
93.8 0.722683536985
93.87 0.658860501064
93.94 0.557999541355
94.01 0.351854990522
94.08 0.205491410198
94.15 0.524071303439
94.22 0.73752098525
94.29 0.687902185582
94.36 0.605751670951
94.43 0.478006789606
94.5 0.391643639337
94.57 0.205609907356
94.64 0.633079316138
94.71 0.735819478995
94.78 0.680372914341
94.85 0.639598238725
94.92 0.265791806976
94.99 0.204158506258
95.06 0.140826736959
95.13 0.750650846332
95.2 0.696624900402
95.27 0.604825195566
95.34 0.5461305481
95.41 0.315729407869
95.48 0.462360755581
95.55 0.454686219374
95.62 0.783909359685
95.69 0.685936160807
95.76 0.621028712833
95.83 0.432642205876
95.9 0.238177135647
95.97 0.118514267596
96.04 0.582189749457
96.11 0.735629553258
96.18 0.638222473359
96.25 0.561035265238
96.32 0.390211855187
96.39 0.458953312627
96.46 0.17301370441
96.53 0.725807693903
96.6 0.722139942375
96.67 0.620184997059
96.74 0.607788877754
96.81 0.213994822704
96.88 0.250200387799
96.95 0.371908156852
97.02 0.756961163121
97.09 0.688332278214
97.16 0.586833095496
97.23 0.501510700383
97.3 0.294530470352
97.37 0.280196617103
97.44 0.500398409656
97.51 0.469745972273
97.58 0.34413406956
97.65 0.303689053571
97.72 0.28351144871
97.79 0.22355954327
97.86 0.173256298653
97.93 0.661909488367
98.0 0.724002363427
98.07 0.64215298965
98.14 0.544555347638
98.21 0.40290984383
98.28 0.409926733597
98.35 0.309686385837
98.42 0.797094057975
98.49 0.736847301944
98.56 0.665220713842
98.63 0.582119198222
98.7 0.222464550998
98.77 0.246235265295
98.84 0.479472438461
98.91 0.746641261226
98.98 0.660987066625
99.05 0.546255785823
99.12 0.501858956337
99.19 0.418637244694
99.26 0.297837552869
99.33 0.684811494238
99.4 0.737591276911
99.47 0.680131016949
99.54 0.591714970971
99.61 0.249596729136
99.68 0.291261645768
99.75 0.167369226939
99.82 0.759261525445
99.89 0.676824335424
99.96 0.639139163063
100.03 0.502434414416
100.1 0.331136235145
100.17 0.454935917957
100.24 0.416358861539
100.31 0.763935327296
100.38 0.649923030669
100.45 0.584011074003
100.52 0.541878432017
100.59 0.268574585269
100.66 0.251999226122
100.73 0.632870498214
100.8 0.718486371616
100.87 0.642012615664
100.94 0.539332051672
101.01 0.462482006649
101.08 0.488968307586
101.15 0.265223519293
101.22 0.738011954152
101.29 0.71574916307
101.36 0.69346104068
101.43 0.612229631936
101.5 0.339722835234
101.57 0.316349575098
101.64 0.401219957953
101.71 0.736413925089
101.78 0.716197676189
101.85 0.612435587097
101.92 0.442695832704
101.99 0.410979424528
102.06 0.237985680374
102.13 0.595147991782
102.2 0.755403223898
102.27 0.650133690734
102.34 0.617767543372
102.41 0.411297086044
102.48 0.206593194204
102.55 0.161916490366
102.62 0.69661970426
102.69 0.735314830795
102.76 0.625303225824
102.83 0.560704661282
102.9 0.353354912516
102.97 0.42461095382
103.04 0.372231253616
103.11 0.787643052442
103.18 0.692025410361
103.25 0.642673687742
103.32 0.486501322617
103.39 0.214416145625
103.46 0.337264884201
103.53 0.525883695459
103.6 0.748457949715
103.67 0.653022644305
103.74 0.594474053554
103.81 0.448017118513
103.88 0.456108117364
103.95 0.236123914306
104.02 0.692647412289
104.09 0.708202962734
104.16 0.619985040023
104.23 0.633644180041
104.3 0.316620027547
104.37 0.168205895126
104.44 0.262133949051
104.51 0.743987884082
104.58 0.697941720956
104.65 0.605867385359
104.72 0.534423246505
104.79 0.269241062824
104.86 0.452472032065
104.93 0.486389219922
105.0 0.78638917359
105.07 0.684606771823
105.14 0.648215557922
105.21 0.51533033653
105.28 0.288650802559
105.35 0.255400187156
105.42 0.618482022673
105.49 0.724293673013
105.56 0.649518447977
105.63 0.572904172899
105.7 0.424589113276
105.77 0.439979473853
105.84 0.0999359757148
105.91 0.767805844661
105.98 0.712827192366
106.05 0.640661439167
106.12 0.599782188517
106.19 0.222925129214
106.26 0.114163171752
106.33 0.38269247755
106.4 0.749728432963
106.47 0.670754271125
106.54 0.587185481383
106.61 0.524000367029
106.68 0.423651902299
106.75 0.330819784046
106.82 0.575368486763
106.89 0.772711250239
106.96 0.684929257331
107.03 0.589502453684
107.1 0.372703737836
107.17 0.294692851419
107.24 0.186640694404
107.31 0.701440109886
107.38 0.702927447633
107.45 0.612135560832
107.52 0.546431912244
107.59 0.301732872159
107.66 0.467269693791
107.73 0.312027445537
107.8 0.762757876855
107.87 0.67837349098
107.94 0.581109724121
108.01 0.559329990036
108.08 0.248740619842
108.15 0.163406443396
108.22 0.527532141521
108.29 0.727881963109
108.36 0.63953171043
108.43 0.545459379596
108.5 0.488972616151
108.57 0.43866991022
108.64 0.2293202329
108.71 0.70490549843
108.78 0.735987878656
108.85 0.648760742542
108.92 0.61914189736
108.99 0.367853660704
109.06 0.323534143486
109.13 0.290940382773
109.2 0.733922812716
109.27 0.705881396242
109.34 0.617767524765
109.41 0.517570550137
109.48 0.33265732316
109.55 0.39003469512
109.62 0.496086001579
109.69 0.762060945348
109.76 0.676126048362
109.83 0.581412169361
109.9 0.51405254705
109.97 0.301788105707
110.04 0.187107514504
110.11 0.628208264641
110.18 0.729184588937
110.25 0.633601447937
110.32 0.524198270728
110.39 0.287741311163
110.46 0.414443108625
110.53 0.23650443565
110.6 0.780762337882
110.67 0.705773578853
110.74 0.618376328399
110.81 0.567316742276
110.88 0.356150702098
110.95 0.183740987564
111.02 0.319327596219
111.09 0.631954995668
111.16 0.463346221366
111.23 0.563587294818
111.3 0.590109268178
111.37 0.442703427352
111.44 0.564294093877
111.51 0.680480294454
111.58 0.571052750735
111.65 0.316533515736
111.72 0.639749688821
111.79 0.558593799513
111.86 0.436364038218
111.93 0.470712664029
112.0 0.452526870204
112.07 0.567471156546
112.14 0.520150850079
112.21 0.48170632366
112.28 0.412057669127
112.35 0.434364532053
112.42 0.612126374313
112.49 0.576332169688
112.56 0.397874225816
112.63 0.427891064777
112.7 0.477842065855
112.77 0.504984992611
112.84 0.286173681159
112.91 0.616385974329
112.98 0.860321580663
113.05 0.707428579404
113.12 0.496602700921
113.19 0.435850175588
113.26 0.313901260886
113.33 0.389858740817
113.4 0.92494715584
113.47 0.820183144497
113.54 0.578962188847
113.61 0.647559219589
113.68 0.633298037899
113.75 0.54679174671
113.82 0.42283350667
113.89 0.948079956943
113.96 0.767998182859
114.03 0.573335674119
114.1 0.482872178843
114.17 0.476793142941
114.24 0.49145964511
114.31 0.710860624253
114.38 0.909488993285
114.45 0.621087612988
114.52 0.356093963203
114.59 0.541436013782
114.66 0.569210026644
114.73 0.442582990362
114.8 0.875191158484
114.87 0.852246588906
114.94 0.624044294107
115.01 0.533094567396
115.08 0.414969554571
115.15 0.373195959953
115.22 0.411869827429
115.29 0.978794040946
115.36 0.782676780828
115.43 0.56649115206
115.5 0.417159116725
115.57 0.426643201726
115.64 0.342279306422
115.71 0.586864934775
115.78 0.957881735092
115.85 0.677972732128
115.92 0.475148969159
115.99 0.361172044444
116.06 0.46666869786
116.13 0.427691359872
116.2 0.837158131161
116.27 0.844544018653
116.34 0.531618821186
116.41 0.4467866851
116.48 0.526051937886
116.55 0.466354894608
116.62 0.369394328453
116.69 0.974886357908
116.76 0.810932314639
116.83 0.600079819068
116.9 0.40647767871
116.97 0.459554426716
117.04 0.39615428884
117.11 0.559870503246
117.18 0.96425404367
117.25 0.732632132896
117.32 0.466070026005
117.39 0.440803682463
117.46 0.393428517389
117.53 0.241571416591
117.6 0.749156907577
117.67 0.898612639003
117.74 0.637721622948
117.81 0.485946710511
117.88 0.576347960005
117.95 0.437556092749
118.02 0.361388327693
118.09 0.884752472949
118.16 0.823088758286
118.23 0.550300200432
118.3 0.460606831092
118.37 0.479454533402
118.44 0.371103063718
118.51 0.464526495494
118.58 0.983334498721
118.65 0.752521410952
118.72 0.545396615596
118.79 0.522944956613
118.86 0.410846469348
118.93 0.400045018593
119.0 0.759477803112
119.07 0.920183830556
119.14 0.709903012953
119.21 0.507663948544
119.28 0.369461732231
119.35 0.299413300391
119.42 0.312324848146
119.49 0.893985796879
119.56 0.850660766358
119.63 0.54997909746
119.7 0.452043430823
119.77 0.436766689452
119.84 0.421514825366
119.91 0.428094554445
119.98 0.991973202577
120.05 0.68644451748
120.12 0.433000455913
120.19 0.38590918534
120.26 0.329578558288
120.33 0.296866092012
120.4 0.596496994924
120.47 0.933419772947
120.54 0.646503896628
120.61 0.552652965174
120.68 0.461486983125
120.75 0.304672611157
120.82 0.282666863966
120.89 0.826766870466
120.96 0.859337118752
121.03 0.649646475893
121.1 0.447272874668
121.17 0.374546996893
121.24 0.48827003541
121.31 0.344609863123
121.38 0.964323605917
121.45 0.784454561983
121.52 0.623369572503
121.59 0.501833688294
121.66 0.449401663824
121.73 0.432468409112
121.8 0.577105869192
121.87 0.957352042139
121.94 0.646401245609
122.01 0.407664033766
122.08 0.400800748843
122.15 0.383761118823
122.22 0.353546654344
122.29 0.761519012387
122.36 0.888000313864
122.43 0.626317880251
122.5 0.571023659783
122.57 0.444486176707
122.64 0.318766700363
122.71 0.297790397763
122.78 0.93037897201
122.85 0.846149287891
122.92 0.586353285507
122.99 0.411168089608
123.06 0.407607308828
123.13 0.397820566462
123.2 0.535442132275
123.27 0.993284650218
123.34 0.751781804094
123.41 0.51429836318
123.48 0.471631498247
123.55 0.501300749263
123.62 0.446101752634
123.69 0.72069761429
123.76 0.903842299662
123.83 0.584543647396
123.9 0.394906834224
123.97 0.405912804572
124.04 0.396558041638
124.11 0.360241262355
124.18 0.908796541533
124.25 0.849806519674
124.32 0.636422859104
124.39 0.535152222903
124.46 0.354693562449
124.53 0.260216544722
124.6 0.377513137131
124.67 0.991500108031
124.74 0.742551119636
124.81 0.51088144064
124.88 0.436619006442
124.95 0.360604233114
125.02 0.2463537271
125.09 0.670834553147
125.16 0.92575608956
125.23 0.671792610097
125.3 0.473252424759
125.37 0.482803489287
125.44 0.389259141379
125.51 0.38090072403
125.58 0.874959236568
125.65 0.835690044725
125.72 0.590801705045
125.79 0.487884703099
125.86 0.457679069736
125.93 0.449153023077
126.0 0.500665233644
126.07 0.987252179564
126.14 0.855007212189
126.21 0.748003372414
126.28 0.616821214724
126.35 0.718657273984
126.42 0.45017750319
126.49 0.497566175442
126.56 0.511817711008
126.63 0.468784165913
126.7 0.376047635275
126.77 0.401425015303
126.84 0.388700550991
126.91 0.171122965547
126.98 0.208058414156
127.05 0.289557764267
127.12 0.255892720018
127.19 0.267859158846
127.26 0.289916254341
127.33 0.316156425613
127.4 0.240135798367
127.47 0.563582378719
127.54 0.451982080993
127.61 0.399344023211
127.68 0.469428097701
127.75 0.390203974915
127.82 0.317421186127
127.89 0.453179330736
127.96 0.913086342438
128.03 0.669799060191
128.1 0.514099880788
128.17 0.478344101563
128.24 0.355941516676
128.31 0.433314709467
128.38 0.704258430349
128.45 0.79903611444
128.52 0.535693937226
128.59 0.418237579032
128.66 0.43976417494
128.73 0.421998215437
128.8 0.351257540249
128.87 0.88659132203
128.94 0.765182068315
129.01 0.577763446784
129.08 0.415284828746
129.15 0.409858099864
129.22 0.384819807879
129.29 0.547784463834
129.36 0.858409938144
129.43 0.616347316335
129.5 0.407392011776
129.57 0.429918467293
129.64 0.471005960895
129.71 0.464777323552
129.78 0.683502301825
129.85 0.868459106617
129.92 0.644250556366
129.99 0.515665626783
130.06 0.423506596397
130.13 0.412592162813
130.2 0.461200193299
130.27 0.804044533883
130.34 0.754126174997
130.41 0.483418525501
130.48 0.361545681947
130.55 0.380849476207
130.62 0.33264895258
130.69 0.355330016816
130.76 0.965121375142
130.83 0.738502579746
130.9 0.532570643696
130.97 0.469613579039
131.04 0.436072378811
131.11 0.44303634422
131.18 0.589437012997
131.25 0.856652564756
131.32 0.594459417831
131.39 0.463241528175
131.46 0.508113231082
131.53 0.495060456187
131.6 0.470229831252
131.67 0.829080811607
131.74 0.815967844267
131.81 0.634883640879
131.88 0.544665376527
131.95 0.39922547116
132.02 0.359403320486
132.09 0.397144711661
132.16 0.890756575551
132.23 0.656591963133
132.3 0.479696192618
132.37 0.388573514854
132.44 0.458279407892
132.51 0.501962992684
132.58 0.535108779992
132.65 0.957685500485
132.72 0.696101002753
132.79 0.509549646637
132.86 0.473204748644
132.93 0.4941900582
133.0 0.467804527064
133.07 0.7362198964
133.14 0.790622596587
133.21 0.529690784536
133.28 0.388447360712
133.35 0.446987989318
133.42 0.36986037262
133.49 0.389062596957
133.56 0.899542455363
133.63 0.789880393983
133.7 0.620011745495
133.77 0.486001731003
133.84 0.46822357615
133.91 0.422501090343
133.98 0.533708680678
134.05 0.876500998437
134.12 0.606137289817
134.19 0.431677920999
134.26 0.42439124214
134.33 0.460826271102
134.4 0.453234595916
134.47 0.713458017037
134.54 0.922648858947
134.61 0.662029179197
134.68 0.458194286061
134.75 0.440393569625
134.82 0.419407413427
134.89 0.420801602071
134.96 0.80869796053
135.03 0.750512290297
135.1 0.508322783072
135.17 0.368193214864
135.24 0.332762070313
135.31 0.344211277626
135.38 0.425182950905
135.45 0.922329094785
135.52 0.715590837506
135.59 0.583592099347
135.66 0.436045383992
135.73 0.537597443619
135.8 0.336532418899
135.87 0.588752036804
135.94 0.838047870705
136.01 0.641592287312
136.08 0.523931252292
136.15 0.44698635558
136.22 0.474002245269
136.29 0.45592887884
136.36 0.846086380613
136.43 0.826313526842
136.5 0.569834759222
136.57 0.425219940738
136.64 0.494740744126
136.71 0.528447628251
136.78 0.554578637742
136.85 0.863413300071
136.92 0.686753453013
136.99 0.422565771845
137.06 0.467321243056
137.13 0.53294691881
137.2 0.454205292935
137.27 0.585921949894
137.34 0.92916203182
137.41 0.678434364459
137.48 0.478968147525
137.55 0.364642561212
137.62 0.50885604122
137.69 0.511668264008
137.76 0.72854582352
137.83 0.842510417981
137.9 0.648622720542
137.97 0.450331955605
138.04 0.494609919503
138.11 0.417869741485
138.18 0.452181624012
138.25 0.924616654225
138.32 0.797445735847
138.39 0.575466301695
138.46 0.567659473665
138.53 0.51156486962
138.6 0.592456216219
138.67 0.566567963785
138.74 0.8535042702
138.81 0.630368036201
138.88 0.446941245438
138.95 0.487861918225
139.02 0.409009294941
139.09 0.358510267878
139.16 0.713339681763
139.23 0.843570254189
139.3 0.62824107151
139.37 0.572935993571
139.44 0.405280749016
139.51 0.443455988746
139.58 0.435092226395
139.65 0.815169917809
139.72 0.701117442955
139.79 0.516264188854
139.86 0.400316827528
139.93 0.395006030762
140.0 0.403557237541
140.07 0.486329050737
140.14 0.965174201811
140.21 0.726369936011
140.28 0.599550619214
140.35 0.527786092846
140.42 0.452215839468
140.49 0.422499405435
140.56 0.671796973554
140.63 0.80683457561
140.7 0.58514984133
140.77 0.401564641269
140.84 0.52460021953
140.91 0.566882495521
140.98 0.51266437793
141.05 0.844034411556
141.12 0.81880909009
141.19 0.636308640738
141.26 0.454649638906
141.33 0.463932748111
141.4 0.470554066795
141.47 0.46928885598
141.54 0.372496569467
141.61 0.304256052684
141.68 0.278292606446
141.75 0.294403569119
141.82 0.335285532741
141.89 0.413523485449
141.96 0.271579415133
142.03 0.339122750139
142.1 0.414646232656
142.17 0.345056088451
142.24 0.342458260251
142.31 0.329418125425
142.38 0.34470411472
142.45 0.281304051274
142.52 0.285975180159
142.59 0.272214735374
142.66 0.28926265038
142.73 0.257255011699
142.8 0.286177443594
142.87 0.358927265488
142.94 0.959046427307
143.01 0.720089981066
143.08 0.475479009309
143.15 0.333077257963
143.22 0.412391192599
143.29 0.354616895861
143.36 0.541529883926
143.43 0.960181274035
143.5 0.66757443687
143.57 0.491794983743
143.64 0.387693822425
143.71 0.219639949576
143.78 0.290257522252
143.85 0.750188675314
143.92 0.854334760699
143.99 0.603081400065
144.06 0.35698649201
144.13 0.268948385587
144.2 0.227738394215
144.27 0.209954924133
144.34 0.897703371827
144.41 0.751871419635
144.48 0.575554027645
144.55 0.465684478777
144.62 0.444276861963
144.69 0.411344506306
144.76 0.45090963914
144.83 0.951766102907
144.9 0.672171829847
144.97 0.453681142223
145.04 0.306318344247
145.11 0.251915234696
145.18 0.378794316895
145.25 0.710134816711
145.32 0.885912075084
145.39 0.602569022313
145.46 0.366281269043
145.53 0.332269006207
145.6 0.350486084808
145.67 0.203839520819
145.74 0.869252643568
145.81 0.827589569078
145.88 0.499409201905
145.95 0.34427539346
146.02 0.387367616349
146.09 0.354541806259
146.16 0.302809607691
146.23 0.988916856941
146.3 0.751365584277
146.37 0.548563683251
146.44 0.395336701706
146.51 0.373573486422
146.58 0.325762540406
146.65 0.643258646806
146.72 0.982726462645
146.79 0.554229083916
146.86 0.423069097983
146.93 0.363400092473
147.0 0.25366286427
147.07 0.335211456317
147.14 0.844870531752
147.21 0.824656793933
147.28 0.525823339268
147.35 0.361114539852
147.42 0.281980236358
147.49 0.221774880135
147.56 0.173393845231
147.63 0.977633271191
147.7 0.733894453038
147.77 0.547855963121
147.84 0.375661354913
147.91 0.342289805699
147.98 0.350892838994
148.05 0.554668959437
148.12 0.960858106659
148.19 0.746306079826
148.26 0.414732683063
148.33 0.391201318792
148.4 0.364554151437
148.47 0.327418538318
148.54 0.770183644853
148.61 0.867851112408
148.68 0.575864372695
148.75 0.35178755139
148.82 0.264125360026
148.89 0.395843671191
148.96 0.329680493849
149.03 0.942441338971
149.1 0.776260972587
149.17 0.529028420167
149.24 0.386216918829
149.31 0.342896293631
149.38 0.272833587054
149.45 0.468035633972
149.52 0.977538614881
149.59 0.651311868728
149.66 0.406080860924
149.73 0.294962136248
149.8 0.223156390564
149.87 0.200609864075
149.94 0.715008182049
150.01 0.922062842047
150.08 0.63763250981
150.15 0.49669022684
150.22 0.3956023497
150.29 0.395984328011
150.36 0.268726216788
150.43 0.92480789179
150.5 0.797215060633
150.57 0.465043714915
150.64 0.368441285292
150.71 0.353373768418
150.78 0.329834627146
150.85 0.388363774929
150.92 0.974342736317
150.99 0.726541249605
151.06 0.493933645104
151.13 0.332645371568
151.2 0.187257956074
151.27 0.306973325163
151.34 0.688083610486
151.41 0.907703275105
151.48 0.641602620052
151.55 0.345824602047
151.62 0.282191304858
151.69 0.250287669961
151.76 0.241381868586
151.83 0.861863694214
151.9 0.800942613848
151.97 0.624281147008
152.04 0.455366197595
152.11 0.413326219057
152.18 0.449067942182
152.25 0.40243817927
152.32 0.969454582674
152.39 0.73464976834
152.46 0.432735370796
152.53 0.330255046674
152.6 0.2249016635
152.67 0.385188236214
152.74 0.618552509713
152.81 0.941202686629
152.88 0.640283828035
152.95 0.398067089676
153.02 0.277025225998
153.09 0.35580357841
153.16 0.224394180449
153.23 0.789659105319
153.3 0.872629461382
153.37 0.556255719803
153.44 0.334045214098
153.51 0.398658298066
153.58 0.379207919569
153.65 0.355109063086
153.72 0.948653753373
153.79 0.785684734891
153.86 0.534570831825
153.93 0.440343475466
154.0 0.335562230795
154.07 0.321451332511
154.14 0.485682539951
154.21 0.949104121658
154.28 0.616994458845
154.35 0.404240859109
154.42 0.294965090187
154.49 0.239217828467
154.56 0.38407697076
154.63 0.676446252591
154.7 0.674091148887
154.77 0.418610691804
154.84 0.299862734581
154.91 0.311333467039
154.98 0.252049519381
155.05 0.178464912378
155.12 0.650439436012
155.19 0.63776519332
155.26 0.503384365012
155.33 0.378885592224
155.4 0.308769016959
155.47 0.302931990094
155.54 0.329114819589
155.61 0.528288304394
155.68 0.419522242119
155.75 0.363106339724
155.82 0.344398882078
155.89 0.353682621147
155.96 0.22704923878
156.03 0.28238824841
156.1 0.409338135838
156.17 0.322945849028
156.24 0.348399622113
156.31 0.272650664246
156.38 0.361184425869
156.45 0.324636017739
156.52 0.409066410637
156.59 0.353361275348
156.66 0.299377306989
156.73 0.314870440464
156.8 0.27389779044
156.87 0.218472963058
156.94 0.155627563819
157.01 0.327191615305
157.08 0.327608258442
157.15 0.287739722083
157.22 0.296495040021
157.29 0.299402118219
157.36 0.249446460616
157.43 0.294163884158
157.5 0.30659978628
157.57 0.305815825675
157.64 0.298656436015
157.71 0.338244030882
157.78 0.365234965134
157.85 0.324118137752
157.92 0.567757633766
157.99 0.569359423404
158.06 0.550231833716
158.13 0.523133657977
158.2 0.631638700872
158.27 0.450861389914
158.34 0.611408603346
158.41 0.585703998483
158.48 0.481279528275
158.55 0.40666023495
158.62 0.648496010967
158.69 0.504296323762
158.76 0.490798691189
158.83 0.404986446415
158.9 0.552595384291
158.97 0.577791757152
159.04 0.482436730044
159.11 0.369447774751
159.18 0.394992197953
159.25 0.439794440025
159.32 0.543624919092
159.39 0.307082471127
159.46 0.266912642263
159.53 0.309520342815
159.6 0.508183453895
159.67 0.334778213436
159.74 0.195011393628
159.81 0.332958833373
159.88 0.435849996026
159.95 0.494191688217
160.02 0.320581562527
160.09 0.346883848397
160.16 0.322374768362
160.23 0.456100648317
160.3 0.39060590976
160.37 0.273077827129
160.44 0.237852861029
160.51 0.296975838068
160.58 0.283774978241
160.65 0.230187449006
160.72 0.222933423504
160.79 0.381124159069
160.86 0.33199746522
160.93 0.334174833886
161.0 0.298869334561
161.07 0.279579371249
161.14 0.270943171031
161.21 0.308364473343
161.28 0.29297588513
161.35 0.279707871796
161.42 0.273316665449
161.49 0.298635153696
161.56 0.274883246921
161.63 0.272141848899
161.7 0.347551474965
161.77 0.358148876896
161.84 0.403084877991
161.91 0.341685055706
161.98 0.335093852318
162.05 0.295772531587
162.12 0.319447923425
162.19 0.320393974821
162.26 0.228129899562
162.33 0.214229719027
162.4 0.331988250791
162.47 0.319226694305
162.54 0.253703253692
162.61 0.301701673908
162.68 0.370484346943
162.75 0.326877555269
162.82 0.301849307608
162.89 0.35028512855
162.96 0.32766699299
163.03 0.307227333241
163.1 0.397404698326
163.17 0.300428175317
163.24 0.210322149494
163.31 0.268287618671
163.38 0.31158395458
163.45 0.284965425085
163.52 0.28270755855
163.59 0.372898847621
163.66 0.403337303502
163.73 0.332517837681
163.8 0.389738638762
163.87 0.35442802796
163.94 0.389253934072
164.01 0.358411062036
164.08 0.264681962203
164.15 0.3003474616
164.22 0.229365454687
164.29 0.299811829135
164.36 0.283470033085
164.43 0.242297186919
164.5 0.297409137702
164.57 0.313437158411
164.64 0.318184653371
164.71 0.324991398501
164.78 0.329550667519
164.85 0.323132546366
164.92 0.292890202283
164.99 0.30637535388
165.06 0.326932889298
165.13 0.30954332958
165.2 0.396066055836
165.27 0.433776589278
165.34 0.400659053724
165.41 0.352006917901
165.48 0.455920126806
165.55 0.427020362558
165.62 0.409897271425
165.69 0.477249921508
165.76 0.387523950912
165.83 0.377967519053
165.9 0.359132839196
165.97 0.34916843436
166.04 0.361588724796
166.11 0.330942008286
166.18 0.445184163258
166.25 0.339420783543
166.32 0.373556371251
166.39 0.436812804399
166.46 0.447047558412
166.53 0.400793497503
166.6 0.458745108751
166.67 0.431119131511
166.74 0.418084273769
166.81 0.3854059755
166.88 0.406450029838
166.95 0.405049817949
167.02 0.365926373936
167.09 0.438462910249
167.16 0.40970422242
167.23 0.421382063704
167.3 0.400711058872
167.37 0.477031872408
167.44 0.460822818482
167.51 0.426802605595
167.58 0.454449341353
167.65 0.430078581038
167.72 0.409199605853
167.79 0.480408723715
167.86 0.482063893594
167.93 0.472727381818
168.0 0.497179993698
168.07 0.480955222024
168.14 0.472874787576
168.21 0.465411303122
168.28 0.51162524907
168.35 0.506765069
168.42 0.460161388209
168.49 0.503543431155
168.56 0.431702652216
168.63 0.398546707078
168.7 0.338849634028
168.77 0.319326883552
168.84 0.366112501885
168.91 0.395023821385
168.98 0.403729498256
169.05 0.456917692113
169.12 0.464033817494
169.19 0.422502758505
169.26 0.408351630824
169.33 0.372782352628
169.4 0.409045623277
169.47 0.395808217406
169.54 0.408882002021
169.61 0.373792410074
169.68 0.356446330482
169.75 0.293650410425
169.82 0.259250316292
169.89 0.223694895095
169.96 0.189930890622
170.03 0.17864538644
170.1 0.150699571537
170.17 0.13014990988
170.24 0.118581955138
170.31 0.085861001985
170.38 0.062009928444
170.45 0.0398370422493
170.52 0.0526898480138
170.59 0.43983262818
170.66 0.311982236775
170.73 0.238662266449
170.8 0.22267309167
170.87 0.194459276786
170.94 0.192634903403
171.01 0.344623306105
171.08 0.916833362811
171.15 0.684095006258
171.22 0.612390184818
171.29 0.461190786282
171.36 0.351913061713
171.43 0.34290177912
171.5 0.718768316052
171.57 0.895363157838
171.64 0.608650973078
171.71 0.524294375632
171.78 0.518574884849
171.85 0.566633665908
171.92 0.395362327944
171.99 0.816691554745
172.06 0.811841339917
172.13 0.550469228095
172.2 0.459165888334
172.27 0.425897117601
172.34 0.470071114
172.41 0.490079378592
172.48 0.919981301964
172.55 0.700581987262
172.62 0.390171010813
172.69 0.453318587343
172.76 0.632311491019
172.83 0.486872366235
172.9 0.665369306758
172.97 0.900498912068
173.04 0.651524740294
173.11 0.533455478305
173.18 0.475209447229
173.25 0.336576709381
173.32 0.39371367813
173.39 0.777445922777
173.46 0.789664192607
173.53 0.6448001705
173.6 0.505670601459
173.67 0.425691199655
173.74 0.386599901014
173.81 0.303089569498
173.88 0.939227988902
173.95 0.775593145058
174.02 0.576718294678
174.09 0.373348484632
174.16 0.479448261747
174.23 0.501221354818
174.3 0.552678937511
174.37 0.842909717076
174.44 0.593145804278
174.51 0.36451797196
174.58 0.538841342344
174.65 0.471882732878
174.72 0.452870235179
174.79 0.775495580397
174.86 0.865753320542
174.93 0.654602850182
175.0 0.410516467344
175.07 0.487870530703
175.14 0.443657610222
175.21 0.445269000394
175.28 0.871709495828
175.35 0.73738760768
175.42 0.547143258044
175.49 0.419125755547
175.56 0.461471667299
175.63 0.354236351258
175.7 0.443146779683
175.77 0.960074675437
175.84 0.73837854965
175.91 0.502296936685
175.98 0.541351706959
176.05 0.439685957418
176.12 0.381437954878
176.19 0.658107983398
176.26 0.831975527918
176.33 0.565412142692
176.4 0.424267559073
176.47 0.509063872947
176.54 0.396756222589
176.61 0.287493692898
176.68 0.875371661387
176.75 0.772904719773
176.82 0.664599191056
176.89 0.614541930967
176.96 0.595264979874
177.03 0.364966326915
177.1 0.536117863336
177.17 0.888620283854
177.24 0.699987314156
177.31 0.571914089665
177.38 0.4578730854
177.45 0.39006586639
177.52 0.290389563804
177.59 0.71145319099
177.66 0.901739097668
177.73 0.64524488583
177.8 0.409381553628
177.87 0.511186970071
177.94 0.429149153575
178.01 0.408746156167
178.08 0.771632176676
178.15 0.71130803953
178.22 0.469644465614
178.29 0.357638961846
178.36 0.347124064602
178.43 0.308930255526
178.5 0.25474331944
178.57 0.916288541037
178.64 0.709514434564
178.71 0.521795109455
178.78 0.52685012764
178.85 0.348460642591
178.92 0.271623862849
178.99 0.544631561133
179.06 0.885095359711
179.13 0.665158209417
179.2 0.49292356719
179.27 0.372905512824
179.34 0.428349035154
179.41 0.363494600854
179.48 0.757789970572
179.55 0.880328601344
179.62 0.640928251991
179.69 0.522793429296
179.76 0.467783401979
179.83 0.409623452881
179.9 0.402060240645
179.97 0.870916635259
180.04 0.671473932612
180.11 0.454938074565
180.18 0.37726312036
180.25 0.354639091808
180.32 0.374328373752
180.39 0.483069185661
180.46 0.928184708673
180.53 0.647844919016
180.6 0.573784050472
180.67 0.50604900248
180.74 0.352732178383
180.81 0.254490745069
180.88 0.729193268402
180.95 0.824815827513
181.02 0.657549324162
181.09 0.469647941494
181.16 0.498503084977
181.23 0.408751831452
181.3 0.416941809134
181.37 0.909975492668
181.44 0.822216180432
181.51 0.611173155311
181.58 0.480402263193
181.65 0.483600959862
181.72 0.502361698199
181.79 0.477528076528
181.86 0.853386006565
181.93 0.640923511732
182.0 0.415629959571
182.07 0.38596333128
182.14 0.388551958075
182.21 0.364630868264
182.28 0.682513944436
182.35 0.877074601349
182.42 0.681892604004
182.49 0.524517472014
182.56 0.475251659254
182.63 0.28289990047
182.7 0.254897493673
182.77 0.792950404031
182.84 0.775931126885
182.91 0.57670419113
182.98 0.468588434639
183.05 0.431185037385
183.12 0.245526444532
183.19 0.268562926745
183.26 0.986883985683
183.33 0.755538732026
183.4 0.506065181694
183.47 0.48930081695
183.54 0.463840003721
183.61 0.366216995045
183.68 0.643415038122
183.75 0.871733282715
183.82 0.620834107312
183.89 0.53085669089
183.96 0.541104467356
184.03 0.43556303408
184.1 0.469009363081
184.17 0.841186151639
184.24 0.740021102719
184.31 0.65594014642
184.38 0.669263973856
184.45 0.723575119601
184.52 0.517176827708
184.59 0.504430587979
184.66 0.506842352425
184.73 0.48751790571
184.8 0.385991249961
184.87 0.395143104711
184.94 0.419820659767
185.01 0.225918578737
185.08 0.0848500225378
185.15 0.342389387412
185.22 0.29633814072
185.29 0.304602861905
185.36 0.30226395044
185.43 0.307760200633
185.5 0.244001115869
185.57 0.434877437327
185.64 0.536404476391
185.71 0.445308472467
185.78 0.421834715129
185.85 0.447115938152
185.92 0.335885969517
185.99 0.298368596726
186.06 0.840164789212
186.13 0.780614613935
186.2 0.593139016265
186.27 0.486268843407
186.34 0.410755661067
186.41 0.439893730531
186.48 0.535575464257
186.55 0.877089983232
186.62 0.610492570486
186.69 0.450312550782
186.76 0.485854583889
186.83 0.500893265664
186.9 0.464399897564
186.97 0.695228907762
187.04 0.879284877363
187.11 0.630966535007
187.18 0.43955670885
187.25 0.462655704792
187.32 0.448315694324
187.39 0.474293062687
187.46 0.816147535884
187.53 0.727874745263
187.6 0.469381666427
187.67 0.380032697568
187.74 0.508384291996
187.81 0.439245705095
187.88 0.447209201692
187.95 0.932180400495
188.02 0.739764188151
188.09 0.576769329446
188.16 0.500820446175
188.23 0.431611575057
188.3 0.472873801379
188.37 0.65723763286
188.44 0.843458402696
188.51 0.572957299148
188.58 0.407503098501
188.65 0.355437516947
188.72 0.442170978629
188.79 0.423309077872
188.86 0.843366312358
188.93 0.83344939105
189.0 0.588541402789
189.07 0.508048767288
189.14 0.494774252497
189.21 0.484972640884
189.28 0.490341478138
189.35 0.857183794688
189.42 0.69026942137
189.49 0.493453169897
189.56 0.554438312135
189.63 0.628724317372
189.7 0.440493475108
189.77 0.617187132909
189.84 0.91541325021
189.91 0.665519732512
189.98 0.565906214394
190.05 0.437276788716
190.12 0.373621630515
190.19 0.493446540047
190.26 0.746107716522
190.33 0.787181239619
190.4 0.53589813677
190.47 0.391214809223
190.54 0.527712893764
190.61 0.510836123024
190.68 0.512311830159
190.75 0.9292112598
190.82 0.787239985331
190.89 0.610124832489
190.96 0.529766361655
191.03 0.563190263977
191.1 0.552939241434
191.17 0.612695532826
191.24 0.861743182794
191.31 0.60948323222
191.38 0.430155549997
191.45 0.442098616885
191.52 0.569385462727
191.59 0.580136201555
191.66 0.767483548949
191.73 0.863219660278
191.8 0.724910190383
191.87 0.572671328982
191.94 0.482316964784
192.01 0.446286024485
192.08 0.450713332894
192.15 0.836134430702
192.22 0.714765518028
192.29 0.479761528173
192.36 0.415381114142
192.43 0.507336385051
192.5 0.519204869392
192.57 0.50504581585
192.64 0.966750819234
192.71 0.740718451033
192.78 0.543954414972
192.85 0.468723781812
192.92 0.488375770621
192.99 0.580069074098
193.06 0.689988293804
193.13 0.811509426924
193.2 0.584720864216
193.27 0.43254159889
193.34 0.388543573539
193.41 0.374400380093
193.48 0.392340128916
193.55 0.818545784779
193.62 0.802248899771
193.69 0.61024542206
193.76 0.464664304438
193.83 0.487201485314
193.9 0.410924772464
193.97 0.373776598358
194.04 0.870807615826
194.11 0.718987282501
194.18 0.560039638832
194.25 0.483671180814
194.32 0.490041792389
194.39 0.558469718246
194.46 0.650440326381
194.53 0.932489124833
194.6 0.672016583823
194.67 0.429762457431
194.74 0.501360292306
194.81 0.56424904607
194.88 0.662313659833
194.95 0.809901241892
195.02 0.776271582578
195.09 0.530969943527
195.16 0.389515478184
195.23 0.575923966909
195.3 0.5263856893
195.37 0.399461636514
195.44 0.940692216145
195.51 0.770611568782
195.58 0.586069589176
195.65 0.452095462022
195.72 0.455171066412
195.79 0.525154208285
195.86 0.564007887396
195.93 0.892925462921
196.0 0.713979462219
196.07 0.572095841131
196.14 0.467318821291
196.21 0.492290526367
196.28 0.485437270882
196.35 0.787642934285
196.42 0.848455409234
196.49 0.65776321914
196.56 0.529149835911
196.63 0.564905290435
196.7 0.642505975628
196.77 0.502614526562
196.84 0.817536022262
196.91 0.720243380297
196.98 0.522194335981
197.05 0.540225426189
197.12 0.523726741073
197.19 0.485157872881
197.26 0.552960532126
197.33 0.928025649973
197.4 0.697862713547
197.47 0.544493770796
197.54 0.516348571038
197.61 0.493147868407
197.68 0.510917296346
197.75 0.675081690796
197.82 0.815995706195
197.89 0.56672027913
197.96 0.41075050307
198.03 0.393849408617
198.1 0.392251374902
198.17 0.385881865821
198.24 0.863650474881
198.31 0.822190520701
198.38 0.659483573853
198.45 0.562071749044
198.52 0.549935047015
198.59 0.468629479044
198.66 0.508306641073
198.73 0.877663065135
198.8 0.647588427769
198.87 0.470186749327
198.94 0.494120852287
199.01 0.592243097173
199.08 0.591166396065
199.15 0.752254421358
199.22 0.949234103361
199.29 0.730110946164
199.36 0.566581900797
199.43 0.4603508776
199.5 0.476847068383
199.57 0.498883618416
199.64 0.414307313942
199.71 0.335025723778
199.78 0.27704517509
199.85 0.291791247545
199.92 0.373795416114
199.99 0.407382324715
200.06 0.35590464221
200.13 0.286444878838
200.2 0.461016555964
200.27 0.43115097172
200.34 0.395966167099
200.41 0.437268398598
200.48 0.406009712389
200.55 0.331065984421
200.62 0.284196261157
200.69 0.274538012824
200.76 0.312121906468
200.83 0.31769142552
200.9 0.360508287304
200.97 0.391858684258
201.04 0.341183572641
201.11 0.264773495246
201.18 0.214484288121
201.25 0.194076429505
201.32 0.189807356415
201.39 0.15799867834
201.46 0.11313253349
201.53 0.0849275813542
201.6 0.0651061517953
201.67 0.0435833667021
201.74 0.0265443339827
201.81 0.0238222663527
201.88 0.0179163443198
201.95 0.0100141929015
202.02 0.00621624196295
202.09 0.00454323494235
202.16 0.00148794621202
202.23 0.0
202.3 0.0
202.37 0.0
202.44 0.0
202.51 0.0
202.58 0.0
202.65 0.0
202.72 0.0
202.79 0.0
202.86 0.0
202.93 0.0
203.0 0.0
203.07 0.0
203.14 0.0
203.21 0.0
203.28 0.0
203.35 0.0
203.42 0.0
203.49 0.0
203.56 0.0
203.63 0.0
203.7 0.0
203.77 0.0
203.84 0.0
203.91 0.0
203.98 0.0
204.05 0.0
204.12 0.0
204.19 0.0
204.26 0.0
204.33 0.0
204.4 0.0
204.47 0.0
204.54 0.0
204.61 0.0
204.68 0.0
204.75 0.0
204.82 0.0
204.89 0.0
204.96 0.0
205.03 0.0
205.1 0.0
205.17 0.0
205.24 0.0
205.31 0.0
205.38 0.0
205.45 0.0
205.52 0.0
205.59 0.0
205.66 0.0
205.73 0.0
205.8 0.0
205.87 0.0
205.94 0.0
206.01 0.0
206.08 0.0
206.15 0.0
206.22 0.0
206.29 0.0
206.36 0.0
206.43 0.0
206.5 0.0
206.57 0.0
206.64 0.0
206.71 0.0
206.78 0.0
206.85 0.0
206.92 0.0
206.99 0.0
207.06 0.0
207.13 0.0
207.2 0.0
207.27 0.0
207.34 0.0
207.41 0.0
207.48 0.0
207.55 0.0
207.62 0.0
207.69 0.0
207.76 0.0
207.83 0.0
207.9 0.0
207.97 0.0
208.04 0.0
208.11 0.0
208.18 0.0
208.25 0.0
208.32 0.0
208.39 0.0
208.46 0.0
208.53 0.0
208.6 0.0
208.67 0.0
208.74 0.0
208.81 0.0
208.88 0.0
208.95 0.0
209.02 0.0
209.09 0.0
209.16 0.0
209.23 0.0
209.3 0.0
209.37 0.0
209.44 0.0
209.51 0.0
209.58 0.0
209.65 0.0
209.72 0.0
209.79 0.0
209.86 0.0
209.93 0.0
210.0 0.0
210.07 0.0
210.14 0.0
210.21 0.0
210.28 0.0
210.35 0.0
210.42 0.0
210.49 0.0
210.56 0.0
210.63 0.0
210.7 0.0
210.77 0.0
210.84 0.0
210.91 0.0
210.98 0.0
211.05 0.0
211.12 0.0
