0.0 0.0
0.07 0.0
0.14 0.0
0.21 0.0
0.28 0.0
0.35 0.0
0.42 0.0
0.49 0.0
0.56 0.0
0.63 0.0
0.7 0.0
0.77 0.0
0.84 0.0
0.91 0.0
0.98 0.0
1.05 0.0
1.12 0.0
1.19 0.0
1.26 0.0
1.33 0.0
1.4 0.0
1.47 0.0
1.54 0.0
1.61 0.0
1.68 0.0
1.75 0.0
1.82 0.0
1.89 0.0
1.96 0.0
2.03 0.0
2.1 0.0
2.17 0.0
2.24 0.0
2.31 0.0
2.38 0.0
2.45 0.0
2.52 0.0
2.59 0.0
2.66 0.0
2.73 0.0
2.8 0.0
2.87 0.0
2.94 0.0
3.01 0.0
3.08 0.0
3.15 0.0
3.22 0.0
3.29 0.0
3.36 0.0
3.43 0.0
3.5 0.0
3.57 0.0
3.64 0.0
3.71 0.0
3.78 0.0
3.85 0.0
3.92 0.0
3.99 7.22280164712e-05
4.06 8.0228062706e-05
4.13 7.86135891372e-05
4.2 0.508309769907
4.27 0.662115245875
4.34 0.583555184301
4.41 0.175938816327
4.48 0.0709641484916
4.55 0.0397885628408
4.62 0.459989933087
4.69 0.779261889401
4.76 0.709249466697
4.83 0.711841547617
4.9 0.635730809424
4.97 0.626085996439
5.04 0.561786538419
5.11 0.577057040923
5.18 0.572465377056
5.25 0.513076967892
5.32 0.560447208158
5.39 0.567721521934
5.46 0.632284406098
5.53 0.573130708208
5.6 0.624152851525
5.67 0.317599388285
5.74 0.0753673433088
5.81 0.0474378918134
5.88 0.362204254419
5.95 0.633007360555
6.02 0.736642847027
6.09 0.644654400481
6.16 0.608706572413
6.23 0.566165400205
6.3 0.561241876935
6.37 0.557030747041
6.44 0.565959568651
6.51 0.575907043317
6.58 0.500534038715
6.65 0.595044053677
6.72 0.512353416781
6.79 0.283348044364
6.86 0.164894582331
6.93 0.109846250364
7.0 0.0896099270836
7.07 0.198463330444
7.14 0.267816883081
7.21 0.233425799985
7.28 0.208576157833
7.35 0.115506337316
7.42 0.0412433364704
7.49 0.0269054976915
7.56 0.227157487236
7.63 0.310962240648
7.7 0.302150828915
7.77 0.0946903648471
7.84 0.0577793512077
7.91 0.0416194662698
7.98 0.159672849415
8.05 0.368570927747
8.12 0.321168644754
8.19 0.264274039952
8.26 0.250021096107
8.33 0.199421171661
8.4 0.188101295552
8.47 0.172199899744
8.54 0.156583813748
8.61 0.164405149032
8.68 0.13426431544
8.75 0.154676124977
8.82 0.149080154322
8.89 0.296923172008
8.96 0.176162657025
9.03 0.0749463411416
9.1 0.0447688723999
9.17 0.0364236595865
9.24 0.0689105561925
9.31 0.363866284764
9.38 0.377659286573
9.45 0.411508991374
9.52 0.393345479861
9.59 0.383986508463
9.66 0.354051821236
9.73 0.334786200721
9.8 0.314676697637
9.87 0.275530886716
9.94 0.259602405402
10.01 0.32825120523
10.08 0.328994002397
10.15 0.185649844
10.22 0.126044778439
10.29 0.0843582104786
10.36 0.0656547926276
10.43 0.360120726292
10.5 0.564638863332
10.57 0.539531302114
10.64 0.569749103979
10.71 0.316047393142
10.78 0.0695521520302
10.85 0.0449852065404
10.92 0.21436205567
10.99 0.681524603462
11.06 0.686105528633
11.13 0.346628330315
11.2 0.119253720845
11.27 0.0960759064892
11.34 0.407620046804
11.41 0.705781668937
11.48 0.703203924712
11.55 0.697352125936
11.62 0.606808744907
11.69 0.581312116831
11.76 0.57487347393
11.83 0.535947357977
11.9 0.518564612476
11.97 0.552308713901
12.04 0.439834397299
12.11 0.461612440736
12.18 0.529033357902
12.25 0.507944413901
12.32 0.270628719592
12.39 0.109177659422
12.46 0.0571078525116
12.53 0.175609714718
12.6 0.275874230365
12.67 0.749494099177
12.74 0.75897445495
12.81 0.692384508819
12.88 0.669427839054
12.95 0.575275326824
13.02 0.590317717401
13.09 0.57943082013
13.16 0.592796388466
13.23 0.586649068706
13.3 0.485195356077
13.37 0.625006201844
13.44 0.447196091533
13.51 0.159967283448
13.58 0.0813270554972
13.65 0.0638114807249
13.72 0.0524571210338
13.79 0.139623961411
13.86 0.266799343566
13.93 0.197126838806
14.0 0.174917711782
14.07 0.146600689846
14.14 0.103980416942
14.21 0.152311652924
14.28 0.208497203907
14.35 0.231385013928
14.42 0.22611637513
14.49 0.190615844516
14.56 0.158201735356
14.63 0.150023704577
14.7 0.297992190683
14.77 0.311111330581
14.84 0.323183715161
14.91 0.316536777518
14.98 0.327857371526
15.05 0.294310615564
15.12 0.248554314963
15.19 0.222045460883
15.26 0.210332425362
15.33 0.174535868575
15.4 0.153011944129
15.47 0.13543130756
15.54 0.120711505394
15.61 0.198223705554
15.68 0.257744035715
15.75 0.167029520488
15.82 0.12211029678
15.89 0.120323303203
15.96 0.166544139326
16.03 0.189581053107
16.1 0.232767590385
16.17 0.257425163359
16.24 0.254190822944
16.31 0.193208854982
16.38 0.236448908124
16.45 0.28633091829
16.52 0.266969954496
16.59 0.222954816843
16.66 0.150483698727
16.73 0.140542167196
16.8 0.153439204242
16.87 0.24400918048
16.94 0.217562446407
17.01 0.188593889731
17.08 0.157210089104
17.15 0.150500686861
17.22 0.210828636685
17.29 0.309418325317
17.36 0.34107146757
17.43 0.271203699783
17.5 0.192480062682
17.57 0.130528020515
17.64 0.1360740414
17.71 0.244289327805
17.78 0.401338745945
17.85 0.327568473286
17.92 0.270079325298
17.99 0.234755982626
18.06 0.342484162785
18.13 0.401133857763
18.2 0.407436906155
18.27 0.329959846851
18.34 0.267321935259
18.41 0.230822465609
18.48 0.326610790538
18.55 0.44898891338
18.62 0.484071628232
18.69 0.432248319955
18.76 0.370675669504
18.83 0.195757713105
18.9 0.219022724987
18.97 0.233827630544
19.04 0.204662011309
19.11 0.165591312761
19.18 0.128400120953
19.25 0.0953765033512
19.32 0.240676365685
19.39 0.287794493885
19.46 0.290850589186
19.53 0.250379172093
19.6 0.200677815989
19.67 0.243087428808
19.74 0.254002126294
19.81 0.306651588774
19.88 0.479820166278
19.95 0.480789046113
20.02 0.406091818881
20.09 0.435653250029
20.16 0.513047648924
20.23 0.420116176454
20.3 0.421221845168
20.37 0.326447070368
20.44 0.222345566845
20.51 0.163844404499
20.58 0.130886823971
20.65 0.120581858274
20.72 0.128939158368
20.79 0.128240555022
20.86 0.0813617656154
20.93 0.0429833412087
21.0 0.0868815348197
21.07 0.381441015422
21.14 0.245491302313
21.21 0.27804355851
21.28 0.230464249234
21.35 0.131610079414
21.42 0.0861725426872
21.49 0.286227243136
21.56 0.341683657228
21.63 0.348055808918
21.7 0.20570432842
21.77 0.132994017218
21.84 0.147072513897
21.91 0.406452791986
21.98 0.121424109352
22.05 0.15890174791
22.12 0.225433505988
22.19 0.261773428851
22.26 0.209471261119
22.33 0.133841988085
22.4 0.0713706629388
22.47 0.226412868203
22.54 0.284338705766
22.61 0.315832034279
22.68 0.0673942390006
22.75 0.165077579401
22.82 0.307758768797
22.89 0.340792385925
22.96 0.266895527052
23.03 0.254634664913
23.1 0.226365080636
23.17 0.254758578419
23.24 0.241664598995
23.31 0.3295788045
23.38 0.401268981117
23.45 0.320913688748
23.52 0.234712360997
23.59 0.239590975738
23.66 0.297981427526
23.73 0.297848933274
23.8 0.298947531487
23.87 0.25828627017
23.94 0.196206909001
24.01 0.190866915364
24.08 0.164990944494
24.15 0.0994126649385
24.22 0.209742109799
24.29 0.280983566993
24.36 0.218162239291
24.43 0.118937142573
24.5 0.0758821742555
24.57 0.352948133922
24.64 0.323900978546
24.71 0.436667474449
24.78 0.32010425998
24.85 0.20395772859
24.92 0.205941494375
24.99 0.333887572821
25.06 0.393172318531
25.13 0.400456209603
25.2 0.285513745793
25.27 0.130312355349
25.34 0.144983811584
25.41 0.339727654432
25.48 0.296859136541
25.55 0.356290885493
25.62 0.367858474813
25.69 0.303163571806
25.76 0.281709192032
25.83 0.361624103234
25.9 0.270295412694
25.97 0.292962141937
26.04 0.43637136532
26.11 0.437447038646
26.18 0.446616142422
26.25 0.319780682466
26.32 0.406657453631
26.39 0.365200774795
26.46 0.278901407658
26.53 0.269916755892
26.6 0.283911600931
26.67 0.308925162137
26.74 0.319613468524
26.81 0.308572118884
26.88 0.437344992856
26.95 0.509300398339
27.02 0.350759923456
27.09 0.465830995294
27.16 0.489997416268
27.23 0.405282331618
27.3 0.405388672036
27.37 0.351853347483
27.44 0.324958100316
27.51 0.295162062122
27.58 0.279879629743
27.65 0.264434915118
27.72 0.229358516707
27.79 0.359522300074
27.86 0.26631278186
27.93 0.255252574361
28.0 0.348974383756
28.07 0.588033270272
28.14 0.432723699464
28.21 0.236795883806
28.28 0.172334005278
28.35 0.1535073078
28.42 0.150674015169
28.49 0.177898471364
28.56 0.160054818121
28.63 0.286369284904
28.7 0.228963576908
28.77 0.155181145711
28.84 0.146365437224
28.91 0.118065545938
28.98 0.238587821841
29.05 0.284705687945
29.12 0.235113260947
29.19 0.214590641942
29.26 0.166623142175
29.33 0.129611149489
29.4 0.158967047941
29.47 0.158350116963
29.54 0.334338121556
29.61 0.199413046116
29.68 0.111930620825
29.75 0.068428793238
29.82 0.0586482676891
29.89 0.0747166604736
29.96 0.270355717217
30.03 0.234929605538
30.1 0.17748340595
30.17 0.148938761322
30.24 0.128329674388
30.31 0.173816572741
30.38 0.207715691281
30.45 0.318909970706
30.52 0.232238294053
30.59 0.159981342556
30.66 0.12236734905
30.73 0.410890209814
30.8 0.278319914268
30.87 0.199478381245
30.94 0.134565950791
31.01 0.102029037411
31.08 0.0584657375196
31.15 0.20130105171
31.22 0.340120693662
31.29 0.570315171595
31.36 0.671109876959
31.43 0.559826986546
31.5 0.381226151112
31.57 0.300204670367
31.64 0.493728783751
31.71 0.292084454333
31.78 0.259829820702
31.85 0.246897879971
31.92 0.213597244017
31.99 0.0901314382071
32.06 0.266545727636
32.13 0.537044332145
32.2 0.473054842414
32.27 0.260628038557
32.34 0.321881836858
32.41 0.265717026223
32.48 0.282834433313
32.55 0.263058574273
32.62 0.266191369831
32.69 0.287402379946
32.76 0.223036270119
32.83 0.178060015505
32.9 0.138336400659
32.97 0.30653329721
33.04 0.318121969343
33.11 0.308995042892
33.18 0.182761912394
33.25 0.115492095277
33.32 0.200167307322
33.39 0.2664638734
33.46 0.461844386772
33.53 0.319514785688
33.6 0.36351794667
33.67 0.321934278533
33.74 0.352355559373
33.81 0.302963688705
33.88 0.266810376865
33.95 0.241387423238
34.02 0.272616415206
34.09 0.22436645595
34.16 0.148536275614
34.23 0.280827605442
34.3 0.269748587943
34.37 0.22703749186
34.44 0.234464581846
34.51 0.21469014584
34.58 0.150755345073
34.65 0.146898761231
34.72 0.0755262689814
34.79 0.0668136804739
34.86 0.226287143466
34.93 0.153796482563
35.0 0.0890542493175
35.07 0.297625770059
35.14 0.461033157409
35.21 0.379318016713
35.28 0.193066301646
35.35 0.24128890738
35.42 0.343015502203
35.49 0.43681295043
35.56 0.357774070879
35.63 0.331262385621
35.7 0.276773815463
35.77 0.390754948538
35.84 0.461434109474
35.91 0.435958297259
35.98 0.373973277502
36.05 0.381249190862
36.12 0.299002627791
36.19 0.335353782837
36.26 0.396432945724
36.33 0.241576095426
36.4 0.20269347454
36.47 0.168499396571
36.54 0.276831848236
36.61 0.357258576276
36.68 0.342316734006
36.75 0.208152820104
36.82 0.300041535151
36.89 0.362572872344
36.96 0.326730006329
37.03 0.238991494475
37.1 0.343006690666
37.17 0.320169096303
37.24 0.271648748885
37.31 0.0516385893157
37.38 0.187122452351
37.45 0.334332655957
37.52 0.307898028309
37.59 0.266465811194
37.66 0.242455921835
37.73 0.307386265713
37.8 0.258074960255
37.87 0.171805273693
37.94 0.235795210116
38.01 0.390327255558
38.08 0.246774908774
38.15 0.190283095983
38.22 0.175221614628
38.29 0.322188376253
38.36 0.321722574039
38.43 0.162973266255
38.5 0.145257522286
38.57 0.107484321265
38.64 0.0620272630217
38.71 0.212564882826
38.78 0.382509076899
38.85 0.297037064716
38.92 0.628133597743
38.99 0.499256922055
39.06 0.267676936513
39.13 0.183712230037
39.2 0.265322078979
39.27 0.2980894792
39.34 0.307869530405
39.41 0.355227394103
39.48 0.30492112198
39.55 0.13592819743
39.62 0.159982988937
39.69 0.246035424575
39.76 0.358653417626
39.83 0.373858177661
39.9 0.429654870241
39.97 0.243545417097
40.04 0.249701668576
40.11 0.161201511267
40.18 0.405122916711
40.25 0.30433832361
40.32 0.23523629383
40.39 0.189658774375
40.46 0.140391994565
40.53 0.232248753033
40.6 0.209810737688
40.67 0.165076666872
40.74 0.0890737048939
40.81 0.0650534809898
40.88 0.342040342087
40.95 0.453596486938
41.02 0.37393340596
41.09 0.274921461232
41.16 0.293924225668
41.23 0.423407795584
41.3 0.373830333841
41.37 0.331400545419
41.44 0.265753622021
41.51 0.587965855896
41.58 0.409991063963
41.65 0.270511324604
41.72 0.20763329357
41.79 0.258329689725
41.86 0.377365170542
41.93 0.309960523611
42.0 0.185611793262
42.07 0.164940453376
42.14 0.221625696691
42.21 0.524123762923
42.28 0.505293832243
42.35 0.305980310233
42.42 0.377330320035
42.49 0.138739119286
42.56 0.09691079459
42.63 0.0802785655238
42.7 0.402470682293
42.77 0.322697825621
42.84 0.3901370359
42.91 0.364630515716
42.98 0.358928627937
43.05 0.385461662961
43.12 0.318467422018
43.19 0.279088754659
43.26 0.303250913976
43.33 0.333053697223
43.4 0.275813499357
43.47 0.256567024924
43.54 0.287399207368
43.61 0.243934684968
43.68 0.332217823208
43.75 0.36951882049
43.82 0.361938801144
43.89 0.343830196621
43.96 0.151507754632
44.03 0.200971373654
44.1 0.289053333386
44.17 0.294112371398
44.24 0.221202113281
44.31 0.207005468618
44.38 0.206791176499
44.45 0.183520653285
44.52 0.178372652249
44.59 0.246204448684
44.66 0.283997449872
44.73 0.247411396366
44.8 0.175509168537
44.87 0.15508164713
44.94 0.132802892476
45.01 0.199596015533
45.08 0.250869873147
45.15 0.159315030809
45.22 0.111474671368
45.29 0.0842699153658
45.36 0.244102680621
45.43 0.263190317656
45.5 0.324788794366
45.57 0.147908868638
45.64 0.0767618592119
45.71 0.0657530202626
45.78 0.081798185048
45.85 0.0846796693957
45.92 0.456791432284
45.99 0.554297996336
46.06 0.350546884203
46.13 0.253477444718
46.2 0.203394938844
46.27 0.308755496706
46.34 0.344405673492
46.41 0.226993946807
46.48 0.172995952204
46.55 0.0839512323223
46.62 0.0384626546196
46.69 0.143515929663
46.76 0.208575383567
46.83 0.205590894104
46.9 0.10818428915
46.97 0.0608727155356
47.04 0.0426592574426
47.11 0.0433273846754
47.18 0.07466608108
47.25 0.225633628389
47.32 0.335302180305
47.39 0.443806163938
47.46 0.218510666724
47.53 0.061094059011
47.6 0.431007802283
47.67 0.318903844641
47.74 0.352588694461
47.81 0.282864682889
47.88 0.234808477479
47.95 0.165387132905
48.02 0.157755389782
48.09 0.190520052418
48.16 0.30786410522
48.23 0.295557069989
48.3 0.198480053752
48.37 0.127390654869
48.44 0.162690548323
48.51 0.312248934603
48.58 0.242435621798
48.65 0.167968963301
48.72 0.0937921091905
48.79 0.0658978208867
48.86 0.0593384838557
48.93 0.332774971868
49.0 0.307447205177
49.07 0.154708860078
49.14 0.0827745639957
49.21 0.0593109420853
49.28 0.0394345007041
49.35 0.209778388658
49.42 0.328588522787
49.49 0.342202346746
49.56 0.442802161326
49.63 0.223116791722
49.7 0.193135825047
49.77 0.11875368924
49.84 0.426452001425
49.91 0.43642771768
49.98 0.278204025271
50.05 0.218442709936
50.12 0.125491741475
50.19 0.0679417933483
50.26 0.172136939529
50.33 0.152522912852
50.4 0.237963850142
50.47 0.2834246606
50.54 0.223248243692
50.61 0.0947657101376
50.68 0.0807914905833
50.75 0.0754341567766
50.82 0.218213474897
50.89 0.239792356322
50.96 0.204831626754
51.03 0.170016749663
51.1 0.168160184826
51.17 0.408946894142
51.24 0.315280268262
51.31 0.293685551595
51.38 0.184436688358
51.45 0.134063685724
51.52 0.124336683484
51.59 0.167710986803
51.66 0.159633099119
51.73 0.296480554188
51.8 0.128764143264
51.87 0.0710606967762
51.94 0.0761316572182
52.01 0.284755187833
52.08 0.30336148308
52.15 0.191421712508
52.22 0.215865391133
52.29 0.165251092767
52.36 0.0946412031697
52.43 0.0607869878399
52.5 0.0455858194239
52.57 0.0768815493479
52.64 0.255928328332
52.71 0.202423436287
52.78 0.138034524945
52.85 0.0844580770489
52.92 0.425091375641
52.99 0.324009723657
53.06 0.464601921454
53.13 0.487638896921
53.2 0.339499423387
53.27 0.247043865394
53.34 0.286947655702
53.41 0.310075679821
53.48 0.241357890496
53.55 0.342915719653
53.62 0.170089352051
53.69 0.0999209007925
53.76 0.0963691004198
53.83 0.216250603675
53.9 0.201199903558
53.97 0.240192888283
54.04 0.133114841102
54.11 0.08478886439
54.18 0.0593793136583
54.25 0.0587005062255
54.32 0.037379735306
54.39 0.338562594788
54.46 0.489007303659
54.53 0.395023641115
54.6 0.129044500109
54.67 0.362466167127
54.74 0.519481380337
54.81 0.477780976615
54.88 0.424210788792
54.95 0.448849317785
55.02 0.50948038768
55.09 0.497270553755
55.16 0.586153761403
55.23 0.361253297581
55.3 0.52065446768
55.37 0.263071611307
55.44 0.115100331247
55.51 0.0913057624627
55.58 0.40962696933
55.65 0.468793474527
55.72 0.417576785017
55.79 0.447949623141
55.86 0.303294350547
55.93 0.270986092569
56.0 0.317994859861
56.07 0.188352615271
56.14 0.462114119785
56.21 0.371822224389
56.28 0.213842217515
56.35 0.211514825176
56.42 0.232429901648
56.49 0.387612829873
56.56 0.55938556735
56.63 0.574089595962
56.7 0.484801679779
56.77 0.510640469897
56.84 0.474553917284
56.91 0.633005590803
56.98 0.71256966137
57.05 0.669271829644
57.12 0.839966525263
57.19 0.772279536897
57.26 0.575934669108
57.33 0.543134482736
57.4 0.502696839835
57.47 0.606501370623
57.54 0.888020668444
57.61 0.826288340389
57.68 0.660590982878
57.75 0.408982720991
57.82 0.462112298982
57.89 0.389367277662
57.96 0.647237291239
58.03 0.653370505095
58.1 0.57688322019
58.17 0.480788648344
58.24 0.403762291991
58.31 0.407180261226
58.38 0.520998877009
58.45 0.628463019482
58.52 0.541537781139
58.59 0.564650483713
58.66 0.456551125657
58.73 0.484414830428
58.8 0.437458247432
58.87 0.541989712494
58.94 0.627552587206
59.01 0.596315121911
59.08 0.607268023286
59.15 0.57557103074
59.22 0.686921288732
59.29 0.727566414885
59.36 0.650629960673
59.43 0.580912953662
59.5 0.588214770922
59.57 0.53695276767
59.64 0.402832500922
59.71 0.434716938316
59.78 0.385841998049
59.85 0.244761893152
59.92 0.169569115064
59.99 0.425747569808
60.06 0.622819756876
60.13 0.793073567202
60.2 0.697500848944
60.27 0.591472946625
60.34 0.551740391553
60.41 0.468413321306
60.48 0.497922724501
60.55 0.52412229522
60.62 0.545399494497
60.69 0.385594870856
60.76 0.345906347945
60.83 0.407730714819
60.9 0.188793013455
60.97 0.117525710859
61.04 0.283065990088
61.11 0.342705884886
61.18 0.339620676946
61.25 0.252475676632
61.32 0.231728629847
61.39 0.0943840817688
61.46 0.346475746609
61.53 0.251000221149
61.6 0.150553509288
61.67 0.0789470066451
61.74 0.114462666302
61.81 0.361300842658
61.88 0.296259699947
61.95 0.196144348682
62.02 0.141573542473
62.09 0.125536431976
62.16 0.107017415084
62.23 0.120003118423
62.3 0.0941990245972
62.37 0.267939743669
62.44 0.22401610455
62.51 0.179584943222
62.58 0.137578254294
62.65 0.137664917917
62.72 0.1438411961
62.79 0.175486488268
62.86 0.14080777256
62.93 0.111057002376
63.0 0.129029691196
63.07 0.103254185677
63.14 0.0457102551338
63.21 0.177682491387
63.28 0.210270973265
63.35 0.141044618385
63.42 0.0672542318102
63.49 0.200054531344
63.56 0.212227709913
63.63 0.213169847769
63.7 0.552901289514
63.77 0.53497380489
63.84 0.676489777235
63.91 0.64058695448
63.98 0.361268178816
64.05 0.110822614422
64.12 0.294237923838
64.19 0.451698020236
64.26 0.37953370634
64.33 0.445513442085
64.4 0.428357673699
64.47 0.416577477992
64.54 0.412936565698
64.61 0.375489201179
64.68 0.294621110312
64.75 0.268197376639
64.82 0.240606835903
64.89 0.33014372667
64.96 0.289171439891
65.03 0.337020288613
65.1 0.175489320509
65.17 0.116151228041
65.24 0.219161416563
65.31 0.577026202138
65.38 0.341488058119
65.45 0.245078905354
65.52 0.17664579409
65.59 0.136791918455
65.66 0.128677064856
65.73 0.0565452499515
65.8 0.0421003762547
65.87 0.263458845664
65.94 0.20600298795
66.01 0.123517387071
66.08 0.0536187081777
66.15 0.0774836522693
66.22 0.101337596031
66.29 0.159434044525
66.36 0.301801994142
66.43 0.302978165789
66.5 0.230688977999
66.57 0.161122842373
66.64 0.136652018683
66.71 0.227886687941
66.78 0.265938335665
66.85 0.207143046653
66.92 0.134295817882
66.99 0.115990121021
67.06 0.34503769097
67.13 0.535438647778
67.2 0.329923855152
67.27 0.215017785064
67.34 0.155347761935
67.41 0.140162669124
67.48 0.159943565151
67.55 0.231267158421
67.62 0.299982430316
67.69 0.292732200699
67.76 0.17717456609
67.83 0.149378681972
67.9 0.147092015207
67.97 0.142725481064
68.04 0.107711176073
68.11 0.121288717982
68.18 0.13887830754
68.25 0.134822154346
68.32 0.15505454567
68.39 0.226419484566
68.46 0.323167386431
68.53 0.389247037669
68.6 0.256509318662
68.67 0.214609501928
68.74 0.15311463975
68.81 0.173738700448
68.88 0.314579163439
68.95 0.306984372404
69.02 0.107161037291
69.09 0.0606661820367
69.16 0.0254128987968
69.23 0.153444390127
69.3 0.308250606789
69.37 0.351793029134
69.44 0.366696550523
69.51 0.226129432372
69.58 0.220993021937
69.65 0.187866158856
69.72 0.149239995714
69.79 0.129751139663
69.86 0.125582138169
69.93 0.110860858727
70.0 0.127411085724
70.07 0.100182165796
70.14 0.197935837898
70.21 0.265261017206
70.28 0.309049258573
70.35 0.270950895344
70.42 0.221091018781
70.49 0.133804749902
70.56 0.378448686509
70.63 0.340758261824
70.7 0.47959697222
70.77 0.524871647065
70.84 0.380793975256
70.91 0.337268887763
70.98 0.291015769614
71.05 0.327743666003
71.12 0.319738124389
71.19 0.313848715186
71.26 0.280182286105
71.33 0.248410901212
71.4 0.259894282654
71.47 0.296585393932
71.54 0.365324942489
71.61 0.346034097686
71.68 0.335476559404
71.75 0.302179867105
71.82 0.244562032385
71.89 0.261398983719
71.96 0.296517890219
72.03 0.29666051694
72.1 0.304965349834
72.17 0.285802063333
72.24 0.218500333242
72.31 0.212649152391
72.38 0.253948832713
72.45 0.299220426444
72.52 0.333482970642
72.59 0.274032710549
72.66 0.257779402045
72.73 0.243640353036
72.8 0.380001262352
72.87 0.352437483802
72.94 0.218564997269
73.01 0.107861406135
73.08 0.0739153147097
73.15 0.0618318053646
73.22 0.320941628287
73.29 0.476294575044
73.36 0.33643402306
73.43 0.167291418305
73.5 0.118586582717
73.57 0.0874994134239
73.64 0.155472628384
73.71 0.647080067251
73.78 0.602167387586
73.85 0.159482845658
73.92 0.0600753857481
73.99 0.0463756235099
74.06 0.1352145363
74.13 0.678288075318
74.2 0.598273654899
74.27 0.193136202608
74.34 0.102456704865
74.41 0.0719733954836
74.48 0.0604741394485
74.55 0.112472539405
74.62 0.212858538339
74.69 0.203583615287
74.76 0.570438891534
74.83 0.449036832828
74.9 0.13017806582
74.97 0.0664400117363
75.04 0.0578915815824
75.11 0.13688217795
75.18 0.423529977625
75.25 0.410380273338
75.32 0.314684317995
75.39 0.227385806556
75.46 0.197956430412
75.53 0.300641452471
75.6 0.368763664836
75.67 0.455158147652
75.74 0.408905667635
75.81 0.162121314509
75.88 0.143685353668
75.95 0.140863736723
76.02 0.27622557406
76.09 0.583929609225
76.16 0.456002364176
76.23 0.367845225069
76.3 0.226658912698
76.37 0.237935132081
76.44 0.225849446707
76.51 0.440479213575
76.58 0.3141214655
76.65 0.186130718888
76.72 0.279011542833
76.79 0.465189614294
76.86 0.457955185885
76.93 0.371164720988
77.0 0.367146750413
77.07 0.377034305562
77.14 0.340196795139
77.21 0.333683954521
77.28 0.309298622418
77.35 0.497646643139
77.42 0.399377711479
77.49 0.193666416786
77.56 0.183462502457
77.63 0.228118704171
77.7 0.396368226392
77.77 0.380362375846
77.84 0.389485753221
77.91 0.314027595242
77.98 0.299292431114
78.05 0.303990700224
78.12 0.284541884819
78.19 0.302177686821
78.26 0.418376976826
78.33 0.311012302091
78.4 0.250545948914
78.47 0.185551001632
78.54 0.24498712285
78.61 0.251286107406
78.68 0.31512509055
78.75 0.308145409691
78.82 0.371544854001
78.89 0.390540002334
78.96 0.2936936112
79.03 0.302954270942
79.1 0.36219615759
79.17 0.24424350462
79.24 0.192391819683
79.31 0.183906241262
79.38 0.188739332741
79.45 0.18095824975
79.52 0.256495984897
79.59 0.345615001406
79.66 0.378487436002
79.73 0.350378036644
79.8 0.344691891577
79.87 0.408285923558
79.94 0.374781469357
80.01 0.495538148103
80.08 0.451958437588
80.15 0.533166543182
80.22 0.459484775156
80.29 0.442059577933
80.36 0.394116400562
80.43 0.576465874518
80.5 0.577650277003
80.57 0.493106738146
80.64 0.368791454414
80.71 0.393451435273
80.78 0.424883213842
80.85 0.399030686873
80.92 0.41147930229
80.99 0.182972100261
81.06 0.0939354346665
81.13 0.0662336207535
81.2 0.0710189384918
81.27 0.343940582795
81.34 0.474888683377
81.41 0.341954094314
81.48 0.291781622485
81.55 0.151197972465
81.62 0.167839619293
81.69 0.234196908935
81.76 0.342786889342
81.83 0.196624920457
81.9 0.158170129749
81.97 0.140561490892
82.04 0.230526068257
82.11 0.246587250152
82.18 0.288069688243
82.25 0.293868953878
82.32 0.26605792689
82.39 0.262620787111
82.46 0.243692663894
82.53 0.40431342094
82.6 0.326586751047
82.67 0.339526891773
82.74 0.268959574077
82.81 0.226574134755
82.88 0.24756719732
82.95 0.329139616639
83.02 0.338350971124
83.09 0.474568740023
83.16 0.3633751317
83.23 0.321952975796
83.3 0.307794880678
83.37 0.305858318569
83.44 0.274835292162
83.51 0.3907572841
83.58 0.385328402951
83.65 0.288556579651
83.72 0.268373148992
83.79 0.285399705251
83.86 0.296268261549
83.93 0.30537903582
84.0 0.409593133453
84.07 0.305961569365
84.14 0.256908307407
84.21 0.245101542017
84.28 0.315568924011
84.35 0.297006379083
84.42 0.326024978059
84.49 0.234242872508
84.56 0.186587310732
84.63 0.164057228915
84.7 0.218927048816
84.77 0.229413313089
84.84 0.220745813914
84.91 0.17906332468
84.98 0.142973630331
85.05 0.119200135851
85.12 0.167791015981
85.19 0.249412037549
85.26 0.307213093747
85.33 0.241129684976
85.4 0.215274434248
85.47 0.211220504943
85.54 0.25293177605
85.61 0.253481185235
85.68 0.31296183742
85.75 0.445991494302
85.82 0.448663448059
85.89 0.405605624101
85.96 0.357964930797
86.03 0.368887786797
86.1 0.398793121023
86.17 0.524550822025
86.24 0.459150729088
86.31 0.421489947755
86.38 0.417923823449
86.45 0.393610447093
86.52 0.397265941763
86.59 0.381543065467
86.66 0.341736269072
86.73 0.339191633254
86.8 0.354521208687
86.87 0.32705171199
86.94 0.343967651284
87.01 0.384457936873
87.08 0.38567271656
87.15 0.376689157063
87.22 0.305079265941
87.29 0.316349360322
87.36 0.367512228728
87.43 0.349189567132
87.5 0.270714355822
87.57 0.27812705168
87.64 0.261837307975
87.71 0.299347064772
87.78 0.306839530302
87.85 0.349189964901
87.92 0.389322632895
87.99 0.3216664312
88.06 0.288103441164
88.13 0.272070773127
88.2 0.297359496784
88.27 0.291682657808
88.34 0.327773560353
88.41 0.308257327381
88.48 0.261947564396
88.55 0.214983365296
88.62 0.20772301278
88.69 0.190519195194
88.76 0.174437043223
88.83 0.250828385006
88.9 0.185245475803
88.97 0.133260547873
89.04 0.0956883126512
89.11 0.0933092029165
89.18 0.11061851965
89.25 0.154849589421
89.32 0.121069851522
89.39 0.0699651509605
89.46 0.0330838880913
89.53 0.0292528039987
89.6 0.0449791028093
89.67 0.179336239844
89.74 0.176679425765
89.81 0.114419299925
89.88 0.05550078659
89.95 0.0277888136181
90.02 0.0473963866546
90.09 0.135217291966
90.16 0.128216639967
90.23 0.0918438129001
90.3 0.0684971637475
90.37 0.0592483360335
90.44 0.053160685855
90.51 0.134934786744
90.58 0.170426105924
90.65 0.122498610643
90.72 0.0633970257904
90.79 0.0438730278182
90.86 0.0847475825774
90.93 0.0991062914582
91.0 0.257347847305
91.07 0.191719921091
91.14 0.100413740652
91.21 0.066261614534
91.28 0.0517991220169
91.35 0.0370537243817
91.42 0.15794284633
91.49 0.186542196937
91.56 0.125240197347
91.63 0.0587478471
91.7 0.0321767262412
91.77 0.05519468857
91.84 0.13398346617
91.91 0.164264432452
91.98 0.0978038526627
92.05 0.0577099511788
92.12 0.0335311376849
92.19 0.0388981647143
92.26 0.0653597470512
92.33 0.158179052959
92.4 0.132716855287
92.47 0.087499877133
92.54 0.057833210599
92.61 0.0553796383227
92.68 0.0351608434608
92.75 0.132414232958
92.82 0.146779210421
92.89 0.0883465143047
92.96 0.0438601928597
93.03 0.0232266346328
93.1 0.0161807709932
93.17 0.100354122121
93.24 0.212094880642
93.31 0.129645607545
93.38 0.0864726092977
93.45 0.0513960981509
93.52 0.0464643653149
93.59 0.0364432247088
93.66 0.168584522295
93.73 0.144482512223
93.8 0.108983639688
93.87 0.0708620750487
93.94 0.056080397491
94.01 0.0482719301352
94.08 0.177901982153
94.15 0.209190104482
94.22 0.158846645225
94.29 0.0557885968149
94.36 0.0719130431007
94.43 0.0995431799177
94.5 0.118173465732
94.57 0.159468215422
94.64 0.108135245527
94.71 0.078972564889
94.78 0.0581500824116
94.85 0.04916603049
94.92 0.057613579444
94.99 0.149692399286
95.06 0.102456480456
95.13 0.0687932537331
95.2 0.0348528002022
95.27 0.0270955769608
95.34 0.0343497342797
95.41 0.143226493265
95.48 0.124715878443
95.55 0.0959752699065
95.62 0.0739824238452
95.69 0.0624438089015
95.76 0.0624013305917
95.83 0.153324861651
95.9 0.205520984633
95.97 0.128952386841
96.04 0.0703785274522
96.11 0.0329456740514
96.18 0.114665051944
96.25 0.126425170959
96.32 0.282057180217
96.39 0.212619330363
96.46 0.116202346656
96.53 0.069315223248
96.6 0.0819595760365
96.67 0.0792024423144
96.74 0.249683611572
96.81 0.260449779616
96.88 0.186227567094
96.95 0.125823934834
97.02 0.0910306585064
97.09 0.0652647994139
97.16 0.128191266782
97.23 0.219705445232
97.3 0.137073444145
97.37 0.0694587784515
97.44 0.0533573474542
97.51 0.0766805303717
97.58 0.0901027190834
97.65 0.171680471057
97.72 0.122745168835
97.79 0.0926312665337
97.86 0.0615953083849
97.93 0.077412711152
98.0 0.0775511198222
98.07 0.148554287949
98.14 0.183153879562
98.21 0.105858872892
98.28 0.0799524067656
98.35 0.0964645085755
98.42 0.0770904769047
98.49 0.180386719725
98.56 0.134866102486
98.63 0.0774271339953
98.7 0.049724963792
98.77 0.0342345429732
98.84 0.0425632643327
98.91 0.201182203908
98.98 0.18848152003
99.05 0.125221050201
99.12 0.0834309474754
99.19 0.0452425438426
99.26 0.0715465118678
99.33 0.117912390041
99.4 0.193092997891
99.47 0.127298225726
99.54 0.0693391925437
99.61 0.0380951034393
99.68 0.0388163466398
99.75 0.0412074617616
99.82 0.149512675833
99.89 0.142957599395
99.96 0.0930523378319
100.03 0.0748896994955
100.1 0.0642097494451
100.17 0.0459362059211
100.24 0.158288889276
100.31 0.299589218791
100.38 0.314655598871
100.45 0.310451417169
100.52 0.324275625752
100.59 0.303046975546
100.66 0.238479896729
100.73 0.245454171548
100.8 0.141797365091
100.87 0.101559363864
100.94 0.0752927712214
101.01 0.0714818893194
101.08 0.185800727084
101.15 0.352860697097
101.22 0.30923979517
101.29 0.187219398405
101.36 0.125589503274
101.43 0.123375308079
101.5 0.109532533049
101.57 0.201226766781
101.64 0.18996252726
101.71 0.142820504213
101.78 0.0805831096928
101.85 0.0594790483479
101.92 0.109232584493
101.99 0.185990793591
102.06 0.217429752208
102.13 0.113237019229
102.2 0.0722995914661
102.27 0.0538031527427
102.34 0.553551578835
102.41 0.752859750109
102.48 0.62931544451
102.55 0.392871715889
102.62 0.332385065866
102.69 0.250525314921
102.76 0.207441982706
102.83 0.721017590013
102.9 0.786829324787
102.97 0.613747633188
103.04 0.379239985951
103.11 0.336457664782
103.18 0.324341495849
103.25 0.443378293345
103.32 0.326454105771
103.39 0.567051216545
103.46 0.589999626757
103.53 0.707329723616
103.6 0.653005644704
103.67 0.532274806042
103.74 0.598679639697
103.81 0.729783323204
103.88 0.89820409236
103.95 0.834464615241
104.02 0.73043263831
104.09 0.592457542584
104.16 0.401792080126
104.23 0.482566301798
104.3 0.396227069501
104.37 0.218806633337
104.44 0.119157141718
104.51 0.0940298250019
104.58 0.0554698052889
104.65 0.13516739431
104.72 0.306050504736
104.79 0.255203383967
104.86 0.169615357288
104.93 0.118832169885
105.0 0.108221986789
105.07 0.0640000912273
105.14 0.469811671318
105.21 0.794946084272
105.28 0.749664371897
105.35 0.776157653433
105.42 0.69107503143
105.49 0.420804514386
105.56 0.469798498149
105.63 0.547205939396
105.7 0.520008212417
105.77 0.599840267516
105.84 0.31136089012
105.91 0.303543413406
105.98 0.420618615944
106.05 0.45891222412
106.12 0.344699722519
106.19 0.26761001669
106.26 0.225072356334
106.33 0.243332669258
106.4 0.389063520522
106.47 0.37758303939
106.54 0.648274185293
106.61 0.670548803789
106.68 0.580624049041
106.75 0.570277829183
106.82 0.33338291476
106.89 0.477563226885
106.96 0.5045495695
107.03 0.364212580836
107.1 0.0790872616434
107.17 0.0288254651822
107.24 0.311714063126
107.31 0.507244765082
107.38 0.617826365614
107.45 0.334152367757
107.52 0.442122226527
107.59 0.513343365603
107.66 0.338908652624
107.73 0.527281489229
107.8 0.709879149676
107.87 0.500294251102
107.94 0.448495498138
108.01 0.513208114622
108.08 0.546359115039
108.15 0.514370453697
108.22 0.532297897907
108.29 0.597170676975
108.36 0.520777246374
108.43 0.630295484207
108.5 0.485252685842
108.57 0.448132848874
108.64 0.399586533744
108.71 0.405649669025
108.78 0.420073719416
108.85 0.321180903267
108.92 0.40976344127
108.99 0.298407732569
109.06 0.604029588191
109.13 0.679285039335
109.2 0.509354149248
109.27 0.503919831215
109.34 0.519960416341
109.41 0.242980740609
109.48 0.432243991294
109.55 0.590189484807
109.62 0.494104428571
109.69 0.805981172775
109.76 0.79034662137
109.83 0.685958306299
109.9 0.413552168298
109.97 0.639128991254
110.04 0.635873382968
110.11 0.503262206569
110.18 0.497608530715
110.25 0.478073393088
110.32 0.348305071725
110.39 0.299110873032
110.46 0.348609002224
110.53 0.28483148713
110.6 0.355625101268
110.67 0.28217385837
110.74 0.268974151136
110.81 0.241389623729
110.88 0.482942837874
110.95 0.420660549715
111.02 0.499687013347
111.09 0.421181348258
111.16 0.285107714199
111.23 0.218183676267
111.3 0.20882054744
111.37 0.216910971225
111.44 0.384802069678
111.51 0.383139737284
111.58 0.266889274423
111.65 0.252515683244
111.72 0.231988552646
111.79 0.421931328662
111.86 0.30457133639
111.93 0.214554500281
112.0 0.133149792647
112.07 0.058329604853
112.14 0.107328325682
112.21 0.342343467476
112.28 0.279585787045
112.35 0.376723090788
112.42 0.382382559816
112.49 0.271904346215
112.56 0.216611183265
112.63 0.231377669031
112.7 0.244471377248
112.77 0.475929056313
112.84 0.476276058585
112.91 0.383837478089
112.98 0.419136262256
113.05 0.255968073311
113.12 0.380200115935
113.19 0.393107901248
113.26 0.320364760289
113.33 0.202949828056
113.4 0.188157129961
113.47 0.179868190804
113.54 0.277423596405
113.61 0.308749206853
113.68 0.318933435878
113.75 0.520912934476
113.82 0.581416130194
113.89 0.438192685072
113.96 0.53307305793
114.03 0.697572869568
114.1 0.605630104753
114.17 0.433768353201
114.24 0.76465177678
114.31 1.0
114.38 0.955420169905
114.45 0.625372467188
114.52 0.3921094674
114.59 0.768577854243
114.66 0.840945432276
114.73 0.773977571703
114.8 0.614556389789
114.87 0.764968129579
114.94 0.867598948719
115.01 0.786758326237
115.08 0.776509753315
115.15 0.755221208053
115.22 0.718596918751
115.29 0.674282257963
115.36 0.651808555095
115.43 0.648512380767
115.5 0.515313867818
115.57 0.570176960746
115.64 0.254286332137
115.71 0.34024137503
115.78 0.211055436187
115.85 0.2414469971
115.92 0.336446712312
115.99 0.280464012807
116.06 0.199717506264
116.13 0.12484649446
116.2 0.2218787734
116.27 0.268108829464
116.34 0.538035970952
116.41 0.36131732773
116.48 0.193294723067
116.55 0.0959301199514
116.62 0.185183047365
116.69 0.486194883258
116.76 0.515705257477
116.83 0.411229817201
116.9 0.225062073903
116.97 0.17077598298
117.04 0.182263919619
117.11 0.17657835419
117.18 0.238614428749
117.25 0.518183045793
117.32 0.552342153073
117.39 0.491264921599
117.46 0.389824134331
117.53 0.338975192759
117.6 0.390294806554
117.67 0.45791110161
117.74 0.489100352854
117.81 0.336438325133
117.88 0.267410676001
117.95 0.182220552179
118.02 0.199654782158
118.09 0.246445740161
118.16 0.508986048211
118.23 0.555761980336
118.3 0.503240532421
118.37 0.444766710835
118.44 0.313717722672
118.51 0.246180193292
118.58 0.369849067546
118.65 0.419688620673
118.72 0.327966603744
118.79 0.280470856771
118.86 0.328129881476
118.93 0.339225772244
119.0 0.378465779934
119.07 0.635646616436
119.14 0.657726825937
119.21 0.611784061084
119.28 0.554146063525
119.35 0.370051673343
119.42 0.483194283093
119.49 0.606283889973
119.56 0.537818434996
119.63 0.48358361903
119.7 0.37104795775
119.77 0.351360036469
119.84 0.358285073035
119.91 0.490616366934
119.98 0.614845556044
120.05 0.615486198939
120.12 0.568079793614
120.19 0.495016092441
120.26 0.45446474508
120.33 0.570513189225
120.4 0.634614593455
120.47 0.616983030775
120.54 0.528988390878
120.61 0.484044674607
120.68 0.342162430535
120.75 0.600638026979
120.82 0.406737310514
120.89 0.235674492587
120.96 0.14045675963
121.03 0.0709373597167
121.1 0.0414849204244
121.17 0.0399634662712
121.24 0.162646179016
121.31 0.313690919007
121.38 0.311527643543
121.45 0.243151625936
121.52 0.257525196907
121.59 0.354283247195
121.66 0.401662486183
121.73 0.547976275143
121.8 0.55623254514
121.87 0.524924484381
121.94 0.49454338245
122.01 0.520760581561
122.08 0.765046906955
122.15 0.697642098364
122.22 0.602884074525
122.29 0.552194867989
122.36 0.495183454216
122.43 0.449381108149
122.5 0.58160039821
122.57 0.627443879319
122.64 0.528180889269
122.71 0.615195270376
122.78 0.565615687908
122.85 0.364717904682
122.92 0.428022638527
122.99 0.397548006675
123.06 0.42413122864
123.13 0.394524014723
123.2 0.446397528024
123.27 0.34684105582
123.34 0.345869671317
123.41 0.42012399357
123.48 0.608835376136
123.55 0.571903701914
123.62 0.504916575078
123.69 0.470560595614
123.76 0.195642613265
123.83 0.237765637882
123.9 0.314416690817
123.97 0.451855996156
124.04 0.280843733161
124.11 0.284763049617
124.18 0.262859439913
124.25 0.233279306184
124.32 0.342705270152
124.39 0.485752450496
124.46 0.410318134186
124.53 0.299804207536
124.6 0.249838866923
124.67 0.229343160065
124.74 0.15434543761
124.81 0.2461633849
124.88 0.444877185283
124.95 0.399778676307
125.02 0.411702211316
125.09 0.379144805395
125.16 0.362494599091
125.23 0.454942517583
125.3 0.460897386351
125.37 0.435960764702
125.44 0.308577147363
125.51 0.235252537477
125.58 0.247867720195
125.65 0.870665570004
125.72 0.947890826736
125.79 0.821884178802
125.86 0.292249359301
125.93 0.189120498464
126.0 0.144312427752
126.07 0.678005660497
126.14 0.788319015927
126.21 0.562697778995
126.28 0.448028076134
126.35 0.387117837382
126.42 0.356595056355
126.49 0.21920665692
126.56 0.226086443556
126.63 0.266332757514
126.7 0.38500685895
126.77 0.286837254638
126.84 0.312662454675
126.91 0.27994957112
126.98 0.273763155149
127.05 0.620384572369
127.12 0.550622113353
127.19 0.384544364386
127.26 0.36781799811
127.33 0.349792588963
127.4 0.514034047605
127.47 0.430249024167
127.54 0.351835671231
127.61 0.262247453393
127.68 0.217124977248
127.75 0.14092707769
127.82 0.335784230419
127.89 0.271552276113
127.96 0.23293556264
128.03 0.185485736697
128.1 0.190166003044
128.17 0.147921182455
128.24 0.142387281821
128.31 0.196468679193
128.38 0.0608655174084
128.45 0.294220012541
128.52 0.245772520636
128.59 0.315061565588
128.66 0.302441249099
128.73 0.216738630957
128.8 0.222670739689
128.87 0.119419272453
128.94 0.132639957209
129.01 0.0914598159986
129.08 0.0935217710155
129.15 0.103964557238
129.22 0.0597335002306
129.29 0.161301689459
129.36 0.0566978379112
129.43 0.185861793111
129.5 0.153348154527
129.57 0.198500555865
129.64 0.17338653569
129.71 0.203560373461
129.78 0.221919755291
129.85 0.178999497669
129.92 0.185760801302
129.99 0.187602013751
130.06 0.190760710017
130.13 0.261955179436
130.2 0.201524091552
130.27 0.198160562408
130.34 0.204425908908
130.41 0.171803460335
130.48 0.183435821101
130.55 0.195403214912
130.62 0.241151270849
130.69 0.279540855118
130.76 0.243510810144
130.83 0.219944989291
130.9 0.213170117912
130.97 0.198989495676
131.04 0.239552939889
131.11 0.307543881088
131.18 0.490111434475
131.25 0.39014275037
131.32 0.243526342273
131.39 0.15856622563
131.46 0.13923460952
131.53 0.279838671251
131.6 0.365234342657
131.67 0.499783658415
131.74 0.264116335239
131.81 0.193006531026
131.88 0.126535610311
131.95 0.046320991979
132.02 0.372562381818
132.09 0.634002249581
132.16 0.291737425473
132.23 0.104377594457
132.3 0.0777811514627
132.37 0.118955634571
132.44 0.10203380532
132.51 0.417148948458
132.58 0.40338955918
132.65 0.170936110467
132.72 0.0802510790581
132.79 0.212735185326
132.86 0.311114659502
132.93 0.293457737463
133.0 0.275536896855
133.07 0.19615447158
133.14 0.20526437161
133.21 0.131263069698
133.28 0.20992476015
133.35 0.18593722774
133.42 0.487574069107
133.49 0.448327110034
133.56 0.281617777518
133.63 0.157841602458
133.7 0.749026429364
133.77 0.597802889084
133.84 0.300449912943
133.91 0.209965688863
133.98 0.155081769438
134.05 0.0986632056749
134.12 0.114429812084
134.19 0.239897015262
134.26 0.208649981179
134.33 0.191422722883
134.4 0.0825317090958
134.47 0.0685093042059
134.54 0.0621684018326
134.61 0.0619187912435
134.68 0.0808310579484
134.75 0.276639753534
134.82 0.253588315872
134.89 0.260749301688
134.96 0.232446531363
135.03 0.116654371603
135.1 0.181163622912
135.17 0.409682361302
135.24 0.558260506873
135.31 0.466469052691
135.38 0.378392267146
135.45 0.0816382521907
135.52 0.0451043532008
135.59 0.516809074545
135.66 0.589974909783
135.73 0.254716205401
135.8 0.154226137798
135.87 0.140210328001
135.94 0.184564703988
136.01 0.243082639629
136.08 0.484023710912
136.15 0.33660898605
136.22 0.240050441302
136.29 0.302416908624
136.36 0.282127756535
136.43 0.0427823094699
136.5 0.229789364185
136.57 0.358800160298
136.64 0.288252881006
136.71 0.289325441313
136.78 0.278139873876
136.85 0.14121406047
136.92 0.323821654503
136.99 0.572393679752
137.06 0.208922011467
137.13 0.0501217105678
137.2 0.32600547675
137.27 0.712120996188
137.34 0.41834221353
137.41 0.314621123798
137.48 0.219899226729
137.55 0.150652292097
137.62 0.131373717506
137.69 0.196270878528
137.76 0.251028207484
137.83 0.353501802636
137.9 0.296447093745
137.97 0.163176448499
138.04 0.0884337426737
138.11 0.0637576840832
138.18 0.0528069130048
138.25 0.267369214448
138.32 0.397238293638
138.39 0.276913131344
138.46 0.25033733936
138.53 0.597128554955
138.6 0.57955067618
138.67 0.560484067716
138.74 0.480930058361
138.81 0.209354136273
138.88 0.146255799792
138.95 0.444721333279
139.02 0.494161198907
139.09 0.433077419136
139.16 0.638502504252
139.23 0.471448292316
139.3 0.355608368387
139.37 0.279728850887
139.44 0.31292345379
139.51 0.364733428303
139.58 0.365983856162
139.65 0.391810258013
139.72 0.373422249589
139.79 0.36550588052
139.86 0.387379251283
139.93 0.407408077485
140.0 0.321099336191
140.07 0.334463466604
140.14 0.316658584124
140.21 0.289729868005
140.28 0.301430425922
140.35 0.263817818225
140.42 0.182657365126
140.49 0.522901168248
140.56 0.445132768786
140.63 0.325133078195
140.7 0.373933060306
140.77 0.746344535641
140.84 0.541787823531
140.91 0.343387389489
140.98 0.241889206515
141.05 0.23613201504
141.12 0.228735487316
141.19 0.233503420215
141.26 0.316026224181
141.33 0.354661998653
141.4 0.315534365981
141.47 0.217845538711
141.54 0.192987399834
141.61 0.316034008326
141.68 0.533107854196
141.75 0.492081162424
141.82 0.320229259373
141.89 0.205978329472
141.96 0.150729201874
142.03 0.116957917096
142.1 0.151301239214
142.17 0.278027246796
142.24 0.317433913253
142.31 0.35125407574
142.38 0.366275454763
142.45 0.34590700203
142.52 0.351437587569
142.59 0.309727058821
142.66 0.677097337247
142.73 0.568857249849
142.8 0.224825993836
142.87 0.153158251807
142.94 0.134939765236
143.01 0.126486596467
143.08 0.166260349331
143.15 0.365279651082
143.22 0.226395097294
143.29 0.123132934969
143.36 0.100382824228
143.43 0.0875516498332
143.5 0.129951368419
143.57 0.386487569448
143.64 0.309544362738
143.71 0.25442874083
143.78 0.152729735638
143.85 0.138101350112
143.92 0.190059862574
143.99 0.311152325234
144.06 0.392298271469
144.13 0.282001523421
144.2 0.170167212644
144.27 0.355889260199
144.34 0.493112173966
144.41 0.43281465665
144.48 0.344701910247
144.55 0.272922347312
144.62 0.259408582426
144.69 0.235173673952
144.76 0.367137163545
144.83 0.52990506302
144.9 0.711313987004
144.97 0.786714145179
145.04 0.688823067338
145.11 0.672996280842
145.18 0.613360173357
145.25 0.634146847066
145.32 0.72060919095
145.39 0.610047836214
145.46 0.506180361164
145.53 0.461599275012
145.6 0.468352517977
145.67 0.385625801107
145.74 0.332248546066
145.81 0.52651337099
145.88 0.539405613539
145.95 0.468718760987
146.02 0.419648657666
146.09 0.289313207262
146.16 0.25061896396
146.23 0.351478902352
146.3 0.383428529168
146.37 0.325543382082
146.44 0.299658072153
146.51 0.308146644476
146.58 0.375201007011
146.65 0.42584087851
146.72 0.630070529969
146.79 0.572803609269
146.86 0.340258006873
146.93 0.3109450866
147.0 0.609118147246
147.07 0.633529332197
147.14 0.467281443454
147.21 0.292537362029
147.28 0.173386271929
147.35 0.165067255491
147.42 0.246483048539
147.49 0.335905018142
147.56 0.638514295865
147.63 0.495989403038
147.7 0.231235608119
147.77 0.224807405056
147.84 0.230995082401
147.91 0.376025586092
147.98 0.387758832312
148.05 0.352085188228
148.12 0.26606823591
148.19 0.236209108812
148.26 0.212015003552
148.33 0.215113019861
148.4 0.277238186134
148.47 0.362782693285
148.54 0.273737305492
148.61 0.144562962569
148.68 0.142169370432
148.75 0.253209770744
148.82 0.15650378776
148.89 0.190396484567
148.96 0.188365226883
149.03 0.197659517237
149.1 0.187490972429
149.17 0.27473478746
149.24 0.434356876677
149.31 0.442793959205
149.38 0.482040987408
149.45 0.39158910066
149.52 0.352791122645
149.59 0.346070631798
149.66 0.374498935418
149.73 0.27303954767
149.8 0.426059490781
149.87 0.290714273588
149.94 0.264810997057
150.01 0.251076373676
150.08 0.220283207678
150.15 0.295409612609
150.22 0.345381242012
150.29 0.338413112403
150.36 0.223294349781
150.43 0.113766726092
150.5 0.232543366807
150.57 0.277323143817
150.64 0.226978356182
150.71 0.312920482223
150.78 0.261699795881
150.85 0.247166639834
150.92 0.212514583147
150.99 0.266702794217
151.06 0.26838533412
151.13 0.308991512959
151.2 0.290970232526
151.27 0.242742396237
151.34 0.205292923756
151.41 0.253321272585
151.48 0.166628837502
151.55 0.191199639435
151.62 0.199147489676
151.69 0.146048515424
151.76 0.127382824992
151.83 0.192454309808
151.9 0.231784514243
151.97 0.284374453912
152.04 0.207022945985
152.11 0.0993830864639
152.18 0.084984641113
152.25 0.063264483679
152.32 0.0929375453577
152.39 0.199073224955
152.46 0.409189372545
152.53 0.313447338764
152.6 0.222796617577
152.67 0.195383099933
152.74 0.516747331034
152.81 0.661192134983
152.88 0.63776939499
152.95 0.338283524842
153.02 0.198824894884
153.09 0.352552047613
153.16 0.46881936779
153.23 0.464880174591
153.3 0.279759672655
153.37 0.368746753278
153.44 0.217381081892
153.51 0.280787035147
153.58 0.326779478564
153.65 0.523796147097
153.72 0.49817390064
153.79 0.434824548616
153.86 0.314031358092
153.93 0.317717187424
154.0 0.312119038612
154.07 0.390603735752
154.14 0.407276411742
154.21 0.297316292068
154.28 0.154359808339
154.35 0.0748176671728
154.42 0.0429930695287
154.49 0.298520223514
154.56 0.569587492835
154.63 0.419163005298
154.7 0.202710463737
154.77 0.248792190308
154.84 0.254729123316
154.91 0.269952499784
154.98 0.264603281951
155.05 0.386899986615
155.12 0.432257802594
155.19 0.332193365742
155.26 0.199432465532
155.33 0.267728894272
155.4 0.35551398656
155.47 0.105693972179
155.54 0.20512797731
155.61 0.181098863165
155.68 0.317134259301
155.75 0.32286005788
155.82 0.306215345891
155.89 0.299975171566
155.96 0.308609044383
156.03 0.282605412048
156.1 0.123538975071
156.17 0.11521986185
156.24 0.10681590581
156.31 0.503350816494
156.38 0.644082067473
156.45 0.519762659282
156.52 0.399985177899
156.59 0.294737593836
156.66 0.227288475496
156.73 0.215887615138
156.8 0.243165584006
156.87 0.264668309713
156.94 0.226786395488
157.01 0.235051205816
157.08 0.254257637475
157.15 0.298465942956
157.22 0.510363942906
157.29 0.507017257253
157.36 0.439419983843
157.43 0.44086617779
157.5 0.380092709837
157.57 0.386412842082
157.64 0.618245794786
157.71 0.551186771762
157.78 0.514921322077
157.85 0.545991039527
157.92 0.542174864321
157.99 0.526296675242
158.06 0.436053477814
158.13 0.513209065438
158.2 0.444588090286
158.27 0.514247409115
158.34 0.476891504843
158.41 0.501691398236
158.48 0.47151284786
158.55 0.395657786764
158.62 0.391421907989
158.69 0.148283604119
158.76 0.132383917441
158.83 0.081261385349
158.9 0.0611972140874
158.97 0.0865155842868
159.04 0.132190450756
159.11 0.185618580858
159.18 0.155379950369
159.25 0.106051451511
159.32 0.0622962760095
159.39 0.137263980742
159.46 0.368387153221
159.53 0.212339871156
159.6 0.461469470487
159.67 0.319302339898
159.74 0.273634893839
159.81 0.24473799086
159.88 0.198253892381
159.95 0.12663563216
160.02 0.366000268913
160.09 0.378939381182
160.16 0.304918833213
160.23 0.201192285327
160.3 0.0424577300881
160.37 0.0665665160568
160.44 0.363967946612
160.51 0.372521471185
160.58 0.280083147005
160.65 0.285332258969
160.72 0.0991930986602
160.79 0.0251435135654
160.86 0.0965049140204
160.93 0.213781187649
161.0 0.136541039047
161.07 0.0823131266041
161.14 0.0575915107176
161.21 0.0470192124461
161.28 0.0508963260523
161.35 0.149990411112
161.42 0.200382935263
161.49 0.124403799001
161.56 0.118026666692
161.63 0.128820490306
161.7 0.152590177267
161.77 0.238486002588
161.84 0.284739645068
161.91 0.237262811259
161.98 0.158801197475
162.05 0.224507835124
162.12 0.519641515269
162.19 0.36081440326
162.26 0.24268124619
162.33 0.154689301337
162.4 0.116218119148
162.47 0.0863926747756
162.54 0.117800132014
162.61 0.234268129767
162.68 0.28728446488
162.75 0.198821091618
162.82 0.121963674289
162.89 0.0678788086716
162.96 0.0766656331838
163.03 0.116405489548
163.1 0.144029424787
163.17 0.251307290193
163.24 0.161716401773
163.31 0.212954885612
163.38 0.115545146368
163.45 0.116702182568
163.52 0.189006449414
163.59 0.294938429881
163.66 0.221982146505
163.73 0.131459980169
163.8 0.0790010255693
163.87 0.0405111014489
163.94 0.0932516657586
164.01 0.446586322521
164.08 0.429458204388
164.15 0.299653073454
164.22 0.20542878309
164.29 0.0650485790736
164.36 0.047358341234
164.43 0.154181653627
164.5 0.374931184659
164.57 0.237109828721
164.64 0.0975391098405
164.71 0.134097261031
164.78 0.152598434693
164.85 0.144938866895
164.92 0.256947924759
164.99 0.241559682675
165.06 0.206808524113
165.13 0.153220463281
165.2 0.14451414761
165.27 0.200092634197
165.34 0.298686962047
165.41 0.302827537958
165.48 0.21942331119
165.55 0.138072836254
165.62 0.345177450353
165.69 0.481688111133
165.76 0.21753130451
165.83 0.218862740016
165.9 0.203021154179
165.97 0.132127287402
166.04 0.114754635019
166.11 0.129724062665
166.18 0.172354253202
166.25 0.226964852249
166.32 0.146575029501
166.39 0.0984819964384
166.46 0.0621071528745
166.53 0.060534133414
166.6 0.0524818443886
166.67 0.397797676823
166.74 0.576937384821
166.81 0.436872139286
166.88 0.23517374202
166.95 0.13184515336
167.02 0.347460000104
167.09 0.385840740929
167.16 0.304622850647
167.23 0.245793347132
167.3 0.123941204463
167.37 0.0775202182875
167.44 0.131440219352
167.51 0.328748945942
167.58 0.472286523164
167.65 0.367912835138
167.72 0.142346305248
167.79 0.0860070708454
167.86 0.0782424973887
167.93 0.055081982787
168.0 0.21332392364
168.07 0.292208180653
168.14 0.172157319333
168.21 0.0990585751495
168.28 0.372101164581
168.35 0.677549931195
168.42 0.5500928585
168.49 0.548475789862
168.56 0.312666632311
168.63 0.269458792065
168.7 0.245395822899
168.77 0.304557336841
168.84 0.341963244061
168.91 0.397098159884
168.98 0.306216414762
169.05 0.18938690362
169.12 0.134827363629
169.19 0.497715013649
169.26 0.520759261692
169.33 0.385272602575
169.4 0.343079036736
169.47 0.287279710798
169.54 0.258886933041
169.61 0.241806219596
169.68 0.243509252039
169.75 0.274192080787
169.82 0.192656251948
169.89 0.193435375834
169.96 0.211682504954
170.03 0.306561782352
170.1 0.613910708844
170.17 0.687363289691
170.24 0.617936879414
170.31 0.486539695673
170.38 0.434789252481
170.45 0.422565942274
170.52 0.496710098509
170.59 0.526026195614
170.66 0.413051911219
170.73 0.359612572332
170.8 0.337122402471
170.87 0.285474713395
170.94 0.347808389248
171.01 0.60688624921
171.08 0.479899898725
171.15 0.327464019611
171.22 0.319167409046
171.29 0.268637656769
171.36 0.281981069168
171.43 0.641119722249
171.5 0.604559791734
171.57 0.341898227998
171.64 0.319332272536
171.71 0.290482106333
171.78 0.274204121271
171.85 0.540745669143
171.92 0.603094266646
171.99 0.485386376591
172.06 0.642834400598
172.13 0.494074374688
172.2 0.227687253659
172.27 0.197647236389
172.34 0.244982826096
172.41 0.230528993028
172.48 0.258113220513
172.55 0.363942818043
172.62 0.219810872058
172.69 0.199410175586
172.76 0.199116282901
172.83 0.311219102541
172.9 0.267267835505
172.97 0.245231013651
173.04 0.265304774971
173.11 0.194866710881
173.18 0.218221752531
173.25 0.382605998491
173.32 0.504263572633
173.39 0.408630627491
173.46 0.360399227237
173.53 0.299404807196
173.6 0.312997981208
173.67 0.379165795679
173.74 0.416135389822
173.81 0.50128447432
173.88 0.483958117339
173.95 0.404246653205
174.02 0.258623837662
174.09 0.3861453755
174.16 0.512189530697
174.23 0.661287448483
174.3 0.577849443269
174.37 0.335822484296
174.44 0.402234482044
174.51 0.389600696719
174.58 0.395403818798
174.65 0.539600128888
174.72 0.452897681517
174.79 0.363920863117
174.86 0.457007559031
174.93 0.667961483332
175.0 0.401124403839
175.07 0.370882852834
175.14 0.458853474512
175.21 0.477754817463
175.28 0.24992684297
175.35 0.239081702919
175.42 0.245216318538
175.49 0.495828149248
175.56 0.522808074383
175.63 0.413745704115
175.7 0.32232338368
175.77 0.322545987466
175.84 0.352144835475
175.91 0.371967644001
175.98 0.398960192448
176.05 0.406959987685
176.12 0.415068988551
176.19 0.453950321474
176.26 0.393642049509
176.33 0.511172612297
176.4 0.666705227201
176.47 0.563096384861
176.54 0.377931265811
176.61 0.238227049748
176.68 0.206174226377
176.75 0.200616143736
176.82 0.258345248443
176.89 0.276830497524
176.96 0.296765533235
177.03 0.20322142016
177.1 0.165409646196
177.17 0.164644015608
177.24 0.718499534514
177.31 0.830400193985
177.38 0.281373782489
177.45 0.34289752226
177.52 0.601497941547
177.59 0.878721697393
177.66 0.595972807781
177.73 0.258099989913
177.8 0.30882365025
177.87 0.33230343604
177.94 0.413961681965
178.01 0.758008229744
178.08 0.744661443755
178.15 0.339630404203
178.22 0.249064832139
178.29 0.443916406532
178.36 0.492001069432
178.43 0.423308456536
178.5 0.398201414333
178.57 0.363637335821
178.64 0.495271064401
178.71 0.493325255761
178.78 0.55857968766
178.85 0.405690193587
178.92 0.432363688875
178.99 0.401642811515
179.06 0.473947226194
179.13 0.249236276894
179.2 0.536624115943
179.27 0.656835026048
179.34 0.467586640644
179.41 0.465778011207
179.48 0.457520590446
179.55 0.499668578781
179.62 0.595738449607
179.69 0.701547416335
179.76 0.681406364012
179.83 0.526994210781
179.9 0.48214692474
179.97 0.577166514568
180.04 0.498602077536
180.11 0.428851704738
180.18 0.437623788405
180.25 0.472771536337
180.32 0.448710942085
180.39 0.643914468526
180.46 0.643893977049
180.53 0.654652643853
180.6 0.576354593896
180.67 0.53338410679
180.74 0.486390487685
180.81 0.716605469858
180.88 0.688153150145
180.95 0.515476379791
181.02 0.305357230855
181.09 0.272939515186
181.16 0.291182690015
181.23 0.657731725726
181.3 0.588783312362
181.37 0.260297447973
181.44 0.287340535399
181.51 0.184595770373
181.58 0.18129443994
181.65 0.182718530064
181.72 0.303930509501
181.79 0.381449227115
181.86 0.485665042386
181.93 0.288868190066
182.0 0.322769990888
182.07 0.475100676094
182.14 0.80610673266
182.21 0.744181896181
182.28 0.579284532658
182.35 0.54911256355
182.42 0.464731108055
182.49 0.3043126856
182.56 0.584792459199
182.63 0.572533266839
182.7 0.442113313952
182.77 0.391143568704
182.84 0.182344769861
182.91 0.0784509272027
182.98 0.561214066086
183.05 0.744002871483
183.12 0.371613146871
183.19 0.294282310162
183.26 0.238338565415
183.33 0.204549391674
183.4 0.168044954168
183.47 0.210720452066
183.54 0.252238033142
183.61 0.385131379744
183.68 0.187553472125
183.75 0.15681871008
183.82 0.267665415043
183.89 0.538581242915
183.96 0.526044341957
184.03 0.473107605282
184.1 0.43147378211
184.17 0.455520853284
184.24 0.466743047362
184.31 0.453252973121
184.38 0.427067945426
184.45 0.47542142243
184.52 0.501054994664
184.59 0.161904977178
184.66 0.113036660719
184.73 0.178001089346
184.8 0.549672835865
184.87 0.567269130062
184.94 0.530398297457
185.01 0.338380072063
185.08 0.30392787508
185.15 0.397079054217
185.22 0.497872746015
185.29 0.40264037644
185.36 0.423919225288
185.43 0.369001865627
185.5 0.31915413484
185.57 0.294002402137
185.64 0.401762601625
185.71 0.543587114972
185.78 0.610965285813
185.85 0.540801388689
185.92 0.45169295666
185.99 0.434103144819
186.06 0.291841333545
186.13 0.569872382544
186.2 0.736146270905
186.27 0.808868604512
186.34 0.634178931272
186.41 0.441595519947
186.48 0.477012272358
186.55 0.486321898084
186.62 0.073302665596
186.69 0.433565586807
186.76 0.442275664266
186.83 0.400199762495
186.9 0.368169700222
186.97 0.373910944783
187.04 0.569764823294
187.11 0.534950003636
187.18 0.383370181583
187.25 0.364252426852
187.32 0.282710750598
187.39 0.340287200341
187.46 0.387141888571
187.53 0.452374181549
187.6 0.469821686797
187.67 0.491386646312
187.74 0.416335199538
187.81 0.285422308944
187.88 0.366144267618
187.95 0.334264122724
188.02 0.713673269982
188.09 0.580196804881
188.16 0.329257249863
188.23 0.179809961273
188.3 0.610484883143
188.37 0.614326234777
188.44 0.530260174883
188.51 0.499887929158
188.58 0.184237027539
188.65 0.117782124997
188.72 0.20100963923
188.79 0.166177483657
188.86 0.148248428165
188.93 0.169650756588
189.0 0.282854131379
189.07 0.299827338752
189.14 0.35328521537
189.21 0.497110718745
189.28 0.628744150594
189.35 0.65305244423
189.42 0.630574411637
189.49 0.633031205415
189.56 0.609215385777
189.63 0.531151849273
189.7 0.562566756701
189.77 0.55005586706
189.84 0.194958511465
189.91 0.102152913692
189.98 0.0765201901736
190.05 0.0982024819275
190.12 0.481748846395
190.19 0.592118922174
190.26 0.527732236849
190.33 0.500051600405
190.4 0.603353670432
190.47 0.445342914112
190.54 0.212436520479
190.61 0.36957606517
190.68 0.279582946295
190.75 0.390383084649
190.82 0.440455578235
190.89 0.592622513492
190.96 0.478297369921
191.03 0.359149924617
191.1 0.306646837882
191.17 0.420396390783
191.24 0.373734022729
191.31 0.402487765082
191.38 0.358574392442
191.45 0.454246020072
191.52 0.418726263609
191.59 0.557591949965
191.66 0.39935878768
191.73 0.31888378922
191.8 0.319771083899
191.87 0.350617843401
191.94 0.447123414697
192.01 0.534124787486
192.08 0.465802723927
192.15 0.408136629422
192.22 0.329293907347
192.29 0.343563108665
192.36 0.421283164321
192.43 0.468471606142
192.5 0.443831205295
192.57 0.407186576604
192.64 0.369985308695
192.71 0.332845847045
192.78 0.305954924285
192.85 0.424453168283
192.92 0.507790815565
192.99 0.43975948062
193.06 0.426324990853
193.13 0.31102733435
193.2 0.225368733479
193.27 0.444845865772
193.34 0.407806922651
193.41 0.609075621076
193.48 0.36375402461
193.55 0.470385730472
193.62 0.310344059994
193.69 0.473459899794
193.76 0.272114669153
193.83 0.625438183069
193.9 0.657274107554
193.97 0.520918878674
194.04 0.462592844169
194.11 0.555421604
194.18 0.854013351458
194.25 0.811654310587
194.32 0.700231889455
194.39 0.698624364078
194.46 0.697173831899
194.53 0.688550121331
194.6 0.65190788138
194.67 0.651507600417
194.74 0.678969244902
194.81 0.646873708175
194.88 0.641426906157
194.95 0.67680023795
195.02 0.668293527793
195.09 0.631664096211
195.16 0.616934493403
195.23 0.620496317763
195.3 0.586861562357
195.37 0.642324413072
195.44 0.666807935586
195.51 0.628551192286
195.58 0.605698887921
195.65 0.607440498624
195.72 0.64302605818
195.79 0.626882983762
195.86 0.604205103165
195.93 0.617722909552
196.0 0.602646245977
196.07 0.588034391256
196.14 0.553737494294
196.21 0.586193891388
196.28 0.569631669639
196.35 0.568850533511
196.42 0.568297775198
196.49 0.532440085381
196.56 0.546838956153
196.63 0.493370882188
196.7 0.536919063673
196.77 0.787773324924
196.84 0.470127417891
196.91 0.247649144084
196.98 0.102376428943
197.05 0.0688672387392
197.12 0.0525110144588
197.19 0.0190783788055
197.26 0.0
197.33 0.0
197.4 0.0
197.47 0.0
197.54 0.0
197.61 0.0
197.68 0.0
197.75 0.0
197.82 0.0
197.89 0.0
197.96 0.0
198.03 0.0
198.1 0.0
198.17 0.0
198.24 0.0
198.31 0.0
198.38 0.0
198.45 0.0
198.52 0.0
198.59 0.0
198.66 0.0
198.73 0.0
198.8 0.0
198.87 0.0
198.94 0.0
199.01 0.0
199.08 0.0
199.15 0.0
199.22 0.0
199.29 0.0
199.36 0.0
199.43 0.0
199.5 0.0
199.57 0.0
199.64 0.0
199.71 0.0
199.78 0.0
199.85 0.0
199.92 0.0
199.99 0.0
200.06 0.0
200.13 0.0
200.2 0.0
200.27 0.0
200.34 0.0
200.41 0.0
200.48 0.0
200.55 0.0
200.62 0.0
200.69 0.0
200.76 0.0
200.83 0.0
200.9 0.0
200.97 0.0
201.04 0.0
201.11 0.0
201.18 0.0
201.25 0.0
201.32 0.0
201.39 0.0
201.46 0.0
201.53 0.0
201.6 0.0
201.67 0.0
201.74 0.0
201.81 0.0
201.88 0.0
201.95 0.0
202.02 0.0
202.09 0.0
202.16 0.0
202.23 0.0
202.3 0.0
202.37 0.0
202.44 0.0
202.51 0.0
202.58 0.0
202.65 0.0
202.72 0.0
202.79 0.0
202.86 0.0
202.93 0.0
203.0 0.0
203.07 0.0
203.14 0.0
203.21 0.0
203.28 0.0
203.35 0.0
203.42 0.0
203.49 0.0
203.56 0.0
203.63 0.0
203.7 0.0
203.77 0.0
203.84 0.0
203.91 0.0
203.98 0.0
204.05 0.0
204.12 0.0
204.19 0.0
204.26 0.0
204.33 0.0
204.4 0.0
204.47 0.0
204.54 0.0
204.61 0.0
204.68 0.0
204.75 0.0
204.82 0.0
204.89 0.0
204.96 0.0
205.03 0.0
205.1 0.0
205.17 0.0
205.24 0.0
205.31 0.0
205.38 0.0
205.45 0.0
205.52 0.0
205.59 0.0
205.66 0.0
205.73 0.0
205.8 0.0
205.87 0.0
205.94 0.0
206.01 0.0
206.08 0.0
206.15 0.0
