0.0 0.0
0.07 0.0
0.14 0.0
0.21 0.0
0.28 0.0
0.35 0.0
0.42 0.0
0.49 0.0
0.56 0.0
0.63 0.0
0.7 0.0
0.77 0.0
0.84 0.0
0.91 0.0
0.98 0.0
1.05 0.0
1.12 0.0
1.19 0.0
1.26 0.0
1.33 0.0
1.4 0.0
1.47 0.0
1.54 0.0
1.61 0.0
1.68 0.0
1.75 0.0
1.82 0.0
1.89 0.0
1.96 0.0
2.03 0.0
2.1 0.0
2.17 0.0
2.24 0.0
2.31 0.0
2.38 0.0
2.45 0.0
2.52 0.0
2.59 0.0
2.66 0.0
2.73 0.0
2.8 0.0
2.87 0.0
2.94 0.0
3.01 0.0
3.08 0.0
3.15 0.0
3.22 0.0
3.29 0.0
3.36 0.0
3.43 0.0
3.5 0.0
3.57 0.0
3.64 0.0
3.71 0.0
3.78 0.0
3.85 0.0
3.92 0.0
3.99 0.193085000395
4.06 0.21712800675
4.13 0.392900196802
4.2 0.218068114762
4.27 0.125798865971
4.34 0.119743897582
4.41 0.265371296703
4.48 0.304534393299
4.55 0.674581570618
4.62 0.89430546494
4.69 0.632823718284
4.76 0.35245622113
4.83 0.330888694699
4.9 0.38672317355
4.97 0.610441851876
5.04 0.589119410392
5.11 0.419952084833
5.18 0.265611939838
5.25 0.555975811
5.32 0.690878774363
5.39 0.822140079443
5.46 0.802209178021
5.53 0.531264262511
5.6 0.266729076106
5.67 0.2979221791
5.74 0.393023833345
5.81 0.509308259133
5.88 0.511567892984
5.95 0.279511473676
6.02 0.397078505726
6.09 0.607781037653
6.16 0.708305291317
6.23 0.802790145705
6.3 0.652810427259
6.37 0.411428227597
6.44 0.535579001375
6.51 0.561231616437
6.58 0.572880651074
6.65 0.518552395228
6.72 0.325061268377
6.79 0.409379172734
6.86 0.555957288455
6.93 0.585307173865
7.0 0.428222486656
7.07 0.252665912755
7.14 0.206118649689
7.21 0.414552959595
7.28 0.607733107402
7.35 0.727536053649
7.42 0.595468333656
7.49 0.394781358057
7.56 0.269019323916
7.63 0.446725037289
7.7 0.472843025183
7.77 0.724536343275
7.84 0.631582477855
7.91 0.452369720646
7.98 0.233767457719
8.05 0.374590547877
8.12 0.405357569027
8.19 0.644036828893
8.26 0.627274946523
8.33 0.423116736492
8.4 0.308409467193
8.47 0.345479728365
8.54 0.519322695844
8.61 0.85528446301
8.68 0.660909587732
8.75 0.517725345161
8.82 0.403033932652
8.89 0.526120537576
8.96 0.538482645762
9.03 0.383568239674
9.1 0.230750312206
9.17 0.176587986196
9.24 0.641868554862
9.31 0.629508051682
9.38 0.468635278563
9.45 0.346798315636
9.52 0.238862128345
9.59 0.299060900198
9.66 0.536669756679
9.73 0.377215634337
9.8 0.720503648922
9.87 0.614732547864
9.94 0.533848469639
10.01 0.600039340304
10.08 0.684927561549
10.15 0.560431730399
10.22 0.412217687206
10.29 0.343118945824
10.36 0.324394431214
10.43 0.411010427361
10.5 0.341312590059
10.57 0.507659007337
10.64 0.444465623363
10.71 0.43072335344
10.78 0.397228740937
10.85 0.370958168637
10.92 0.340238462393
10.99 0.709481813913
11.06 0.613619952262
11.13 0.440716175331
11.2 0.253847347002
11.27 0.305345692095
11.34 0.262721318768
11.41 0.665237356577
11.48 0.542242891207
11.55 0.306129913498
11.62 0.325589766254
11.69 0.604086752949
11.76 0.486971216262
11.83 0.799470039512
11.9 0.658235770184
11.97 0.451841611524
12.04 0.38812080486
12.11 0.523987435943
12.18 0.48313130588
12.25 0.525742290459
12.32 0.338863485546
12.39 0.158758412845
12.46 0.28988306695
12.53 0.438137500753
12.6 0.52336419607
12.67 0.694990236183
12.74 0.569325924127
12.81 0.408278337549
12.88 0.368810204317
12.95 0.518400950432
13.02 0.655555156075
13.09 0.657327523482
13.16 0.423381997862
13.23 0.253151890752
13.3 0.774824580609
13.37 0.879767818545
13.44 0.804562318734
13.51 0.399304398911
13.58 0.201768236377
13.65 0.251769591968
13.72 0.587818741428
13.79 0.528869376095
13.86 0.728933480584
13.93 0.634224895047
14.0 0.479452067134
14.07 0.481057176272
14.14 0.508311644919
14.21 0.628809402081
14.28 0.799250874576
14.35 0.717040488392
14.42 0.557073179595
14.49 0.49092032591
14.56 0.553622640297
14.63 0.500767596542
14.7 0.555889289523
14.77 0.439963355395
14.84 0.265120149388
14.91 0.486674578972
14.98 0.636499366038
15.05 0.763106664009
15.12 0.783763293534
15.19 0.616756985603
15.26 0.481699326334
15.33 0.38170852996
15.4 0.28551821636
15.47 0.460348781142
15.54 0.525752102654
15.61 0.344891122185
15.68 0.245638740681
15.75 0.525097893388
15.82 0.688191613608
15.89 0.661263974132
15.96 0.808513499895
16.03 0.696583755956
16.1 0.525293767412
16.17 0.376091577106
16.24 0.525653618607
16.31 0.559085835813
16.38 0.593466313795
16.45 0.429716686002
16.52 0.227955345041
16.59 0.684414633894
16.66 0.791328624622
16.73 0.606365194803
16.8 0.752725582874
16.87 0.66212831365
16.94 0.508849782828
17.01 0.530119200252
17.08 0.420709258834
17.15 0.694793093705
17.22 0.676764912821
17.29 0.496465205671
17.36 0.411283207267
17.43 0.415630373913
17.5 0.357364938778
17.57 0.803491770953
17.64 0.59577122436
17.71 0.4211162972
17.78 0.309943549545
17.85 0.658659769408
17.92 0.636817268267
17.99 0.594266881822
18.06 0.467674820854
18.13 0.319805621775
18.2 0.26443585487
18.27 0.518677497936
18.34 0.486082588396
18.41 0.771014414484
18.48 0.585279562211
18.55 0.376655455088
18.62 0.339568720669
18.69 0.467507858039
18.76 0.384661908425
18.83 0.532784316335
18.9 0.385177796177
18.97 0.18823859585
19.04 0.328150405899
19.11 0.580022018481
19.18 0.568288208435
19.25 0.923557411671
19.32 0.884538610099
19.39 0.658150239478
19.46 0.498171875579
19.53 0.629880698494
19.6 0.576706099742
19.67 0.612609882657
19.74 0.507017458179
19.81 0.423638838783
19.88 0.544723295
19.95 0.737768933321
20.02 0.80171764526
20.09 0.796097173611
20.16 0.704337050444
20.23 0.469668231442
20.3 0.580664462887
20.37 0.573561485665
20.44 0.622785307562
20.51 0.593646129985
20.58 0.56262598442
20.65 0.47798246603
20.72 0.591774412162
20.79 0.438063596065
20.86 0.743271924096
20.93 0.61104878178
21.0 0.423651461126
21.07 0.240140086198
21.14 0.345340153947
21.21 0.510567153516
21.28 0.693144086269
21.35 0.582309463917
21.42 0.532222733123
21.49 0.298929475211
21.56 0.524713703862
21.63 0.564687239549
21.7 0.812775632332
21.77 0.735049078207
21.84 0.594091285297
21.91 0.368748044496
21.98 0.444084608306
22.05 0.524604015875
22.12 0.620235255403
22.19 0.451046592708
22.26 0.437585674198
22.33 0.200855387918
22.4 0.494958834938
22.47 0.61629925682
22.54 0.702696455683
22.61 0.630210666591
22.68 0.496839637428
22.75 0.421096692804
22.82 0.758665461792
22.89 0.762486072118
22.96 0.782611448043
23.03 0.701517498366
23.1 0.514600345477
23.17 0.286759718922
23.24 0.712937148235
23.31 0.729947346667
23.38 0.79638044659
23.45 0.76601367391
23.52 0.637079723931
23.59 0.467599110119
23.66 0.799665551438
23.73 0.804169196712
23.8 0.917527528024
23.87 0.788112730514
23.94 0.487041459981
24.01 0.463846404313
24.08 0.623600381732
24.15 0.577666917328
24.22 0.886465138039
24.29 0.707938463623
24.36 0.479824467365
24.43 0.355123691963
24.5 0.372961007107
24.57 0.416757397906
24.64 0.642728770238
24.71 0.398019239079
24.78 0.244452760214
24.85 0.517364819752
24.92 0.619827670556
24.99 0.630615510154
25.06 0.560332421079
25.13 0.430234005486
25.2 0.381105128848
25.27 0.479451487333
25.34 0.506698615161
25.41 0.571844423761
25.48 0.675157423388
25.55 0.601820283662
25.62 0.344952813278
25.69 0.169123577209
25.76 0.307230845316
25.83 0.525927830245
25.9 0.811250566891
25.97 0.704960052621
26.04 0.574303729224
26.11 0.433371757469
26.18 0.382997808381
26.25 0.628434087294
26.32 0.754335454824
26.39 0.546215499473
26.46 0.31863752074
26.53 0.619424225403
26.6 0.741416725059
26.67 0.717452786068
26.74 0.508587778121
26.81 0.392892096243
26.88 0.343251815872
26.95 0.474327012471
27.02 0.587550341133
27.09 0.674037149305
27.16 0.623482954173
27.23 0.538254975962
27.3 0.456809940977
27.37 0.41997349861
27.44 0.47657159481
27.51 0.566035978715
27.58 0.670791916357
27.65 0.468376447213
27.72 0.388503507117
27.79 0.506211606407
27.86 0.621259502375
27.93 0.612513625625
28.0 0.705940331319
28.07 0.61706515561
28.14 0.30938591498
28.21 0.373841900956
28.28 0.619007383728
28.35 0.809127595122
28.42 0.808380387708
28.49 0.685756007805
28.56 0.53655734518
28.63 0.411179197335
28.7 0.614494924805
28.77 0.670443514574
28.84 0.703168501785
28.91 0.48627618209
28.98 0.350099608273
29.05 0.452197047564
29.12 0.706649651709
29.19 0.686140057379
29.26 0.809980225317
29.33 0.731214393813
29.4 0.670728784646
29.47 0.680535970119
29.54 0.751539958951
29.61 0.716074231558
29.68 0.792307818136
29.75 0.729043696168
29.82 0.624889560187
29.89 0.538823466808
29.96 0.823667560723
30.03 0.750481629208
30.1 0.851924434934
30.17 0.780527770594
30.24 0.656216868327
30.31 0.479562386017
30.38 0.567251960018
30.45 0.642581931641
30.52 0.770370991524
30.59 0.705071678833
30.66 0.57455717464
30.73 0.390580449096
30.8 0.553472580582
30.87 0.570443935652
30.94 0.768604778676
31.01 0.716422566697
31.08 0.624145809367
31.15 0.46541942222
31.22 0.512049283663
31.29 0.482017023078
31.36 0.710133195258
31.43 0.551828843563
31.5 0.404879741572
31.57 0.364691018477
31.64 0.599958530203
31.71 0.618337889697
31.78 0.838321350673
31.85 0.813296373977
31.92 0.626349532367
31.99 0.486499530037
32.06 0.721446483778
32.13 0.739946075425
32.2 0.737726552281
32.27 0.702189421565
32.34 0.632226786068
32.41 0.324477640492
32.48 0.650812510436
32.55 0.707154484359
32.62 0.832368029692
32.69 0.833696248109
32.76 0.672639616851
32.83 0.481951288926
32.9 0.521855009635
32.97 0.55218948782
33.04 0.668873187968
33.11 0.571094629455
33.18 0.356871982061
33.25 0.249036733531
33.32 0.814091036249
33.39 0.847004563329
33.46 0.833385799993
33.53 0.788541994602
33.6 0.610564056688
33.67 0.45420498651
33.74 0.840390651935
33.81 0.817799114006
33.88 0.767274384338
33.95 0.755264504401
34.02 0.629147982784
34.09 0.422314755616
34.16 0.649459614916
34.23 0.600793369826
34.3 0.732424839234
34.37 0.742018542269
34.44 0.660979881434
34.51 0.35426025658
34.58 0.482388123754
34.65 0.517591654283
34.72 0.772233165949
34.79 0.64891898897
34.86 0.336999907157
34.93 0.233561449389
35.0 0.670997666998
35.07 0.670170865734
35.14 0.796786278703
35.21 0.784552265533
35.28 0.636800645072
35.35 0.469762135946
35.42 0.646192135142
35.49 0.73062677063
35.56 0.616289706757
35.63 0.510782733013
35.7 0.442307003804
35.77 0.371528669907
35.84 0.360021107926
35.91 0.328149976046
35.98 0.82506280063
36.05 0.65922986415
36.12 0.314448809822
36.19 0.195514335012
36.26 0.256050484647
36.33 0.214794712572
36.4 0.485142629222
36.47 0.365029131561
36.54 0.236496203121
36.61 0.163512557878
36.68 0.141894783101
36.75 0.130798622438
36.82 0.505605560645
36.89 0.345041908319
36.96 0.238523647608
37.03 0.174059865414
37.1 0.243327166842
37.17 0.189222949818
37.24 0.542980975079
37.31 0.39444134118
37.38 0.254842603903
37.45 0.187026871977
37.52 0.142802976489
37.59 0.18437704288
37.66 0.742237361768
37.73 0.79805104663
37.8 0.570719521263
37.87 0.308340311989
37.94 0.221916708836
38.01 0.293968665405
38.08 0.34374258445
38.15 0.447616004354
38.22 0.438571643169
38.29 0.399906323862
38.36 0.57575620175
38.43 0.859233138362
38.5 0.455245235779
38.57 0.361325147958
38.64 0.256229485561
38.71 0.17288559427
38.78 0.328382504183
38.85 0.664850369121
38.92 0.43658812586
38.99 0.394963059158
39.06 0.373027217763
39.13 0.283218003075
39.2 0.218027681943
39.27 0.334694209084
39.34 0.29023544737
39.41 0.874300081251
39.48 0.846465591261
39.55 0.731082447894
39.62 0.480229140986
39.69 0.493033904229
39.76 0.316689995547
39.83 0.901589546801
39.9 0.809987782729
39.97 0.588141338716
40.04 0.298041843671
40.11 0.788421685808
40.18 0.853962181448
40.25 0.660122137434
40.32 0.384716088757
40.39 0.28988332575
40.46 0.232505489945
40.53 0.578800585712
40.6 0.647283391386
40.67 0.971320205084
40.74 0.928518601347
40.81 0.644756126977
40.88 0.431988485686
40.95 0.889645169985
41.02 0.891431784734
41.09 0.74577519339
41.16 0.592848296577
41.23 0.397091940014
41.3 0.295764894639
41.37 0.213983855847
41.44 0.160293594821
41.51 0.708955881823
41.58 0.716446935018
41.65 0.564851158962
41.72 0.423931873973
41.79 0.26576771093
41.86 0.187847698621
41.93 0.508446970792
42.0 0.757203759093
42.07 0.560412141552
42.14 0.365943517272
42.21 0.333223008527
42.28 0.407938689434
42.35 0.452079866588
42.42 0.556165344974
42.49 0.517602433925
42.56 0.391584529641
42.63 0.450970136672
42.7 0.721985350326
42.77 0.611034664393
42.84 0.459831131771
42.91 0.32249246264
42.98 0.214360743429
43.05 0.176080025729
43.12 0.19670688434
43.19 0.232826744359
43.26 0.550001232856
43.33 0.39301051013
43.4 0.270462975019
43.47 0.265102241077
43.54 0.641307852459
43.61 0.582737636157
43.68 0.609934224628
43.75 0.433238448683
43.82 0.334411952424
43.89 0.166042568014
43.96 0.377454117101
44.03 0.499365034699
44.1 0.874924895029
44.17 0.743797591832
44.24 0.520592085521
44.31 0.331682787166
44.38 0.794764062426
44.45 0.792728056427
44.52 0.616506810177
44.59 0.644807612676
44.66 0.406908735528
44.73 0.311742985459
44.8 0.501231584292
44.87 0.364265282069
44.94 0.429094546863
45.01 0.427384770241
45.08 0.362892593328
45.15 0.371184933192
45.22 0.847201000494
45.29 0.772231954142
45.36 0.543722789896
45.43 0.264754881159
45.5 0.169384578927
45.57 0.148855462394
45.64 0.517018847137
45.71 0.515662562777
45.78 0.444976618347
45.85 0.289268649611
45.92 0.228893288239
45.99 0.195507265211
46.06 0.196453757703
46.13 0.23451537489
46.2 0.800689045335
46.27 0.716380405582
46.34 0.513181149331
46.41 0.266044917098
46.48 0.252630360487
46.55 0.40261981671
46.62 0.780695807485
46.69 0.642978912341
46.76 0.393876830081
46.83 0.24782086108
46.9 0.778361432567
46.97 0.683031204387
47.04 0.476250067156
47.11 0.244741597953
47.18 0.158485729573
47.25 0.274918195768
47.32 0.531758382163
47.39 0.4534007664
47.46 0.736484983075
47.53 0.675005145543
47.6 0.562573299131
47.67 0.364375311051
47.74 0.301918459259
47.81 0.294334877755
47.88 0.790978983264
47.95 0.727080007623
48.02 0.512119842829
48.09 0.299678580864
48.16 0.242135592735
48.23 0.322391567197
48.3 0.743666833283
48.37 0.596902966737
48.44 0.396638140996
48.51 0.258651433819
48.58 0.145362868612
48.65 0.232807440971
48.72 0.628219749593
48.79 0.556206576407
48.86 0.448102563263
48.93 0.25002373326
49.0 0.148151376878
49.07 0.232812701391
49.14 0.601626249008
49.21 0.50130602102
49.28 0.401601337762
49.35 0.252879918347
49.42 0.15332893578
49.49 0.164655946267
49.56 0.672222176491
49.63 0.563424608668
49.7 0.288807846325
49.77 0.208276139635
49.84 0.256059510444
49.91 0.237313539849
49.98 0.396235233437
50.05 0.235878379171
50.12 0.15662460812
50.19 0.424166519163
50.26 0.759939809771
50.33 0.568744688757
50.4 0.367889870644
50.47 0.224335722544
50.54 0.165773876707
50.61 0.254337078157
50.68 0.384660324523
50.75 0.308423726753
50.82 0.442103232485
50.89 0.260917231114
50.96 0.165653494605
51.03 0.286801563479
51.1 0.677914522412
51.17 0.536313334309
51.24 0.632230007187
51.31 0.536740751252
51.38 0.345200378487
51.45 0.248253191895
51.52 0.696947123725
51.59 0.543045345255
51.66 0.406351768512
51.73 0.413137689882
51.8 0.376384932187
51.87 0.351136245446
51.94 0.28944572785
52.01 0.248170053703
52.08 0.615198039543
52.15 0.470926767059
52.22 0.267254772721
52.29 0.169305791467
52.36 0.139938333188
52.43 0.143178611167
52.5 0.384821098346
52.57 0.337438608013
52.64 0.258029223593
52.71 0.206263353461
52.78 0.184336040257
52.85 0.204465785797
52.92 0.554749632079
52.99 0.550501298249
53.06 0.412405951614
53.13 0.23296389072
53.2 0.688904777126
53.27 0.581732331586
53.34 0.47722883526
53.41 0.261731612188
53.48 0.200815117266
53.55 0.161937385155
53.62 0.525034979381
53.69 0.337809826426
53.76 0.415318872825
53.83 0.544073981834
53.9 0.390143127767
53.97 0.259349388102
54.04 0.470873235394
54.11 0.60097120114
54.18 0.613446076259
54.25 0.611187061086
54.32 0.54187195492
54.39 0.394405515673
54.46 0.551122343318
54.53 0.613792439852
54.6 0.543413548034
54.67 0.432922343616
54.74 0.337726282817
54.81 0.252777272392
54.88 0.309730629138
54.95 0.389995949287
55.02 0.490623590875
55.09 0.446125021684
55.16 0.333729432854
55.23 0.258345049867
55.3 0.20177137197
55.37 0.187364381935
55.44 0.381939834071
55.51 0.681072270879
55.58 0.451080101231
55.65 0.259832760324
55.72 0.279523893867
55.79 0.314130907593
55.86 0.376631609922
55.93 0.419877322662
56.0 0.326370504406
56.07 0.223031217116
56.14 0.218099464025
56.21 0.248894140147
56.28 0.44841734545
56.35 0.664394427504
56.42 0.48866885704
56.49 0.359681385393
56.56 0.376511118968
56.63 0.472572307904
56.7 0.4481222132
56.77 0.480247771271
56.84 0.447985728835
56.91 0.374314165871
56.98 0.569465474109
57.05 0.604082082327
57.12 0.367136764139
57.19 0.297461910076
57.26 0.221748202106
57.33 0.198689908486
57.4 0.546156815128
57.47 0.557244901891
57.54 0.429276261292
57.61 0.453151989385
57.68 0.427402032107
57.75 0.266368179714
57.82 0.550108515
57.89 0.532923648614
57.96 0.505959189527
58.03 0.464072439118
58.1 0.328051870759
58.17 0.20223637826
58.24 0.632965543043
58.31 0.626241975872
58.38 0.47341849364
58.45 0.538933887878
58.52 0.451141823424
58.59 0.249920089869
58.66 0.229892286081
58.73 0.250659234489
58.8 0.620642378185
58.87 0.606628808959
58.94 0.438911896632
59.01 0.294652948815
59.08 0.406061456833
59.15 0.336122193331
59.22 0.60003986679
59.29 0.586954758454
59.36 0.357346271838
59.43 0.190970008116
59.5 0.443806862323
59.57 0.391524972262
59.64 0.599052674904
59.71 0.403051527737
59.78 0.433349941608
59.85 0.400147817817
59.92 0.33558504064
59.99 0.274500597685
60.06 0.712081689008
60.13 0.635824259485
60.2 0.246771267233
60.27 0.313208790086
60.34 0.789113181192
60.41 0.533689625155
60.48 0.39230564377
60.55 0.212009592035
60.62 0.172099050328
60.69 0.348886394911
60.76 0.800183083072
60.83 0.639848417873
60.9 0.468490739179
60.97 0.218374207702
61.04 0.175787123826
61.11 0.270997154285
61.18 0.511705324802
61.25 0.337808456895
61.32 0.432344464874
61.39 0.285529215926
61.46 0.195466345893
61.53 0.500418235087
61.6 0.862843286327
61.67 0.699997982136
61.74 0.651489221995
61.81 0.403470452033
61.88 0.201833957201
61.95 0.147631913683
62.02 0.248540271348
62.09 0.203822649405
62.16 0.780682768618
62.23 0.716290448614
62.3 0.579426762357
62.37 0.274706576026
62.44 0.773831731772
62.51 0.736366006047
62.58 0.712339354091
62.65 0.560221336903
62.72 0.422312571919
62.79 0.496551064042
62.86 0.743678893597
62.93 0.63669805021
63.0 0.522986955276
63.07 0.326915745438
63.14 0.243997443938
63.21 0.181543979874
63.28 0.50578460932
63.35 0.380186274667
63.42 0.449696456242
63.49 0.310906208723
63.56 0.38987613699
63.63 0.361173961961
63.7 0.380712825434
63.77 0.389470189361
63.84 0.618747251712
63.91 0.513423074249
63.98 0.321087702661
64.05 0.193094922552
64.12 0.533760810774
64.19 0.504254752187
64.26 0.589460726824
64.33 0.354806898243
64.4 0.330945809581
64.47 0.229924968221
64.54 0.573063597303
64.61 0.512804510552
64.68 0.787706939498
64.75 0.774987649202
64.82 0.660790430765
64.89 0.46368915817
64.96 0.32787284763
65.03 0.243945509503
65.1 0.659844675799
65.17 0.762606183202
65.24 0.625144978261
65.31 0.483704843887
65.38 0.416482101084
65.45 0.330492964681
65.52 0.325079053396
65.59 0.47055553976
65.66 0.392705964438
65.73 0.321631658577
65.8 0.279491804857
65.87 0.188063801272
65.94 0.222599092897
66.01 0.586545130974
66.08 0.619122670908
66.15 0.473757084339
66.22 0.307838162865
66.29 0.234769921041
66.36 0.498124532905
66.43 0.603721666881
66.5 0.744689516347
66.57 0.606068193193
66.64 0.357821589042
66.71 0.353617520051
66.78 0.526825350621
66.85 0.66365556612
66.92 0.764819531794
66.99 0.715341434764
67.06 0.690542841643
67.13 0.550696175948
67.2 0.870202772361
67.27 0.814454911621
67.34 0.690600516334
67.41 0.480849249709
67.48 0.32684273711
67.55 0.309539841149
67.62 0.75055730329
67.69 0.745836876708
67.76 0.736663273122
67.83 0.670882891864
67.9 0.633538242448
67.97 0.533319625214
68.04 0.554922957159
68.11 0.499663654643
68.18 0.669525531206
68.25 0.638171764351
68.32 0.529578562087
68.39 0.331365687995
68.46 0.474042338861
68.53 0.547801430735
68.6 0.374748016166
68.67 0.383214766295
68.74 0.33471098556
68.81 0.259977818419
68.88 0.318299686448
68.95 0.380877414618
69.02 0.797088469647
69.09 0.789788213326
69.16 0.643842027835
69.23 0.406348354126
69.3 0.310631781603
69.37 0.439467268639
69.44 0.659360313915
69.51 0.643744757816
69.58 0.487370118526
69.65 0.308727007324
69.72 0.183421746737
69.79 0.307580927635
69.86 0.421650289863
69.93 0.59258094148
70.0 0.444652519351
70.07 0.240375589982
70.14 0.145716278679
70.21 0.379295560849
70.28 0.473930903694
70.35 0.724028970384
70.42 0.626674634353
70.49 0.569956881357
70.56 0.492044286507
70.63 0.554752819876
70.7 0.461111603208
70.77 0.47008080458
70.84 0.421429599894
70.91 0.292909883595
70.98 0.219863253258
71.05 0.776054338305
71.12 0.86447199738
71.19 0.810672378254
71.26 0.754948493747
71.33 0.651796842191
71.4 0.614254993649
71.47 0.57899144923
71.54 0.483010341755
71.61 0.669239061544
71.68 0.664008460809
71.75 0.567172742705
71.82 0.314918751089
71.89 0.277893615572
71.96 0.233859009696
72.03 0.378195181064
72.1 0.601288660188
72.17 0.527408626404
72.24 0.425945326586
72.31 0.230903664127
72.38 0.198496906811
72.45 0.45097043768
72.52 0.758329579054
72.59 0.583123701706
72.66 0.463384238161
72.73 0.338943026081
72.8 0.64870304071
72.87 0.553118398556
72.94 0.666542682835
73.01 0.580868650731
73.08 0.429702102108
73.15 0.237642479409
73.22 0.192964110689
73.29 0.182628802765
73.36 0.711645726104
73.43 0.662465361544
73.5 0.444294009919
73.57 0.294231696428
73.64 0.271319482776
73.71 0.405009808135
73.78 0.485274670664
73.85 0.326568443279
73.92 0.279019071214
73.99 0.237798143872
74.06 0.399453173511
74.13 0.797873580745
74.2 0.626310995566
74.27 0.385054843844
74.34 0.22424159145
74.41 0.18296230965
74.48 0.163193026207
74.55 0.409478508711
74.62 0.505464693336
74.69 0.752091210147
74.76 0.619875167622
74.83 0.491667226762
74.9 0.264512319792
74.97 0.368655528405
75.04 0.341075732294
75.11 0.802766954759
75.18 0.89976664448
75.25 0.80937406515
75.32 0.650508497894
75.39 0.521616461338
75.46 0.555097370756
75.53 0.295299993868
75.6 0.217702747678
75.67 0.217877037984
75.74 0.166041921568
75.81 0.190776263362
75.88 0.285255597419
75.95 0.218501659605
76.02 0.374543850537
76.09 0.428141878709
76.16 0.425919179985
76.23 0.192472160293
76.3 0.135332512908
76.37 0.131292415535
76.44 0.279943586788
76.51 0.375978570255
76.58 0.366572156407
76.65 0.203082330743
76.72 0.147003304538
76.79 0.185134152458
76.86 0.144705189423
76.93 0.212094664009
77.0 0.290131771768
77.07 0.252242074587
77.14 0.149545771518
77.21 0.198676284263
77.28 0.226672021248
77.35 0.246185365683
77.42 0.189809271225
77.49 0.196809368128
77.56 0.152555500683
77.63 0.261386257139
77.7 0.267847460836
77.77 0.20815286519
77.84 0.28231999842
77.91 0.269505211943
77.98 0.172033171781
78.05 0.253496091751
78.12 0.448286583569
78.19 0.537015456054
78.26 0.777953933247
78.33 0.715402322798
78.4 0.673267315196
78.47 0.567434242031
78.54 0.589883459815
78.61 0.370642842193
78.68 0.935164689499
78.75 0.781211599715
78.82 0.670887471407
78.89 0.492568985686
78.96 0.251470220059
79.03 0.262172105762
79.1 0.55103963609
79.17 0.645734145338
79.24 0.605560569277
79.31 0.588969237382
79.38 0.369081613582
79.45 0.269097804814
79.52 0.441440386177
79.59 0.7386095754
79.66 0.643915852549
79.73 0.566196314911
79.8 0.543368741158
79.87 0.485360379086
79.94 0.480251444458
80.01 0.553160530792
80.08 0.308773901262
80.15 0.214950827991
80.22 0.166986145948
80.29 0.143498621563
80.36 0.142379629263
80.43 0.516308142776
80.5 0.786819126908
80.57 0.740433214135
80.64 0.607335955649
80.71 0.43584408736
80.78 0.767991052211
80.85 0.684309664291
80.92 0.632795831169
80.99 0.491692660273
81.06 0.369029937947
81.13 0.358104897564
81.2 0.874556317934
81.27 0.730872580885
81.34 0.563781184318
81.41 0.493150817519
81.48 0.304260181661
81.55 0.207033702949
81.62 0.511752851857
81.69 0.501713275979
81.76 0.460765621707
81.83 0.524313533143
81.9 0.514734490643
81.97 0.382479879105
82.04 0.507474026249
82.11 0.486350708786
82.18 0.451512096605
82.25 0.607618976492
82.32 0.55616042888
82.39 0.519438840509
82.46 0.588242126418
82.53 0.635516341614
82.6 0.589665413385
82.67 0.607178252996
82.74 0.349999228209
82.81 0.254541789154
82.88 0.272490831587
82.95 0.351540258182
83.02 0.335092358273
83.09 0.636366789223
83.16 0.609289995277
83.23 0.564220035122
83.3 0.415567196662
83.37 0.587006730654
83.44 0.487947901746
83.51 0.40746472288
83.58 0.390774124984
83.65 0.317266682475
83.72 0.156924532062
83.79 0.235116281301
83.86 0.338023198901
83.93 0.325076513155
84.0 0.3339062012
84.07 0.273246970387
84.14 0.218249049458
84.21 0.247287327149
84.28 0.28963089443
84.35 0.669200027136
84.42 0.791716900526
84.49 0.621285507912
84.56 0.363992137844
84.63 0.576498334236
84.7 0.837183317117
84.77 0.708717088054
84.84 0.573954818726
84.91 0.415564731951
84.98 0.212472755623
85.05 0.289092005667
85.12 0.691248925364
85.19 0.601094859898
85.26 0.608742211783
85.33 0.463799222695
85.4 0.383220918632
85.47 0.27972075533
85.54 0.483794649795
85.61 0.428084902667
85.68 0.772510472083
85.75 0.652159180312
85.82 0.589658485758
85.89 0.468911309578
85.96 0.437568842185
86.03 0.296100891782
86.1 0.374331906462
86.17 0.654975385758
86.24 0.535566083577
86.31 0.500519101652
86.38 0.45448377769
86.45 0.208870572708
86.52 0.674856355393
86.59 0.887403043472
86.66 0.798268736515
86.73 0.579996929296
86.8 0.434151936924
86.87 0.458182157657
86.94 0.278412956586
87.01 0.545497172168
87.08 0.609437175979
87.15 0.521035933503
87.22 0.474574156713
87.29 0.332347218486
87.36 0.22184453911
87.43 0.466601549562
87.5 0.778244745865
87.57 0.698859698666
87.64 0.581371154178
87.71 0.511186222595
87.78 0.562000641933
87.85 0.51104935836
87.92 0.77851389035
87.99 0.65640690324
88.06 0.504962230986
88.13 0.336722492172
88.2 0.700454854545
88.27 0.7161885935
88.34 0.599290041384
88.41 0.392330425282
88.48 0.245073380984
88.55 0.21668204838
88.62 0.463330732043
88.69 0.65351613111
88.76 0.555106020016
88.83 0.48079843378
88.9 0.532921568215
88.97 0.529852849255
89.04 0.523246037651
89.11 0.531287861095
89.18 0.611387469113
89.25 0.559253251807
89.32 0.547485424523
89.39 0.567557537579
89.46 0.56574780186
89.53 0.789241398389
89.6 0.699009612875
89.67 0.610377425054
89.74 0.544890024561
89.81 0.559915510538
89.88 0.526390775019
89.95 0.390752954457
90.02 0.471314412068
90.09 0.70841092847
90.16 0.70703542958
90.23 0.629202326393
90.3 0.60200825928
90.37 0.462174503608
90.44 0.506448238693
90.51 0.484082111339
90.58 0.598593266697
90.65 0.581633994155
90.72 0.537180319588
90.79 0.400950336287
90.86 0.415120621837
90.93 0.350525867834
91.0 0.774959977569
91.07 0.751022266262
91.14 0.560510005811
91.21 0.424599344253
91.28 0.381895925777
91.35 0.366889230031
91.42 0.287515276809
91.49 0.222036076841
91.56 0.191418726651
91.63 0.162162032657
91.7 0.168203774465
91.77 0.171632704497
91.84 0.142771561693
91.91 0.149593955015
91.98 0.156060878976
92.05 0.128755917622
92.12 0.123347345619
92.19 0.367171021295
92.26 0.400184116495
92.33 0.727772592634
92.4 0.509391335124
92.47 0.260510527077
92.54 0.162719569478
92.61 0.328789270421
92.68 0.430338995083
92.75 0.44376269745
92.82 0.455107551824
92.89 0.22412080171
92.96 0.176593192191
93.03 0.301042890253
93.1 0.820443847071
93.17 0.793612533492
93.24 0.648491032212
93.31 0.444277632195
93.38 0.270058814556
93.45 0.183181981079
93.52 0.26427443238
93.59 0.249507671123
93.66 0.609198084535
93.73 0.753942920379
93.8 0.655029772686
93.87 0.509500982014
93.94 0.420614074768
94.01 0.409924015014
94.08 0.549510809715
94.15 0.791630070266
94.22 0.599473490774
94.29 0.366292266714
94.36 0.221125675322
94.43 0.421220203834
94.5 0.398335509645
94.57 0.660529927766
94.64 0.729201646515
94.71 0.539686183549
94.78 0.330676826153
94.85 0.298493560068
94.92 0.492116548424
94.99 0.726609267741
95.06 0.724367347823
95.13 0.504271926305
95.2 0.310503909844
95.27 0.568283969887
95.34 0.723855795253
95.41 0.594943555616
95.48 0.553684693488
95.55 0.309371112273
95.62 0.196275125551
95.69 0.316686180187
95.76 0.551034191288
95.83 0.537900857248
95.9 0.703994233415
95.97 0.603458097153
96.04 0.411322357191
96.11 0.410028210438
96.18 0.665218547464
96.25 0.526624626036
96.32 0.569848131937
96.39 0.386243667781
96.46 0.237412350451
96.53 0.18395300367
96.6 0.44025353823
96.67 0.447810096767
96.74 0.754006621894
96.81 0.694664039017
96.88 0.560876315905
96.95 0.314599212753
97.02 0.422424102609
97.09 0.588654181955
97.16 0.681336935787
97.23 0.669496294553
97.3 0.59787981772
97.37 0.493769367887
97.44 0.495128493496
97.51 0.574951835024
97.58 0.544538282811
97.65 0.752640233217
97.72 0.57888748817
97.79 0.507933385584
97.86 0.490531414668
97.93 0.486090011409
98.0 0.438908753264
98.07 0.550277198337
98.14 0.575201892713
98.21 0.537400728542
98.28 0.502239482419
98.35 0.473572252089
98.42 0.431070576737
98.49 0.682658203251
98.56 0.71066613828
98.63 0.543598304754
98.7 0.315440399091
98.77 0.240981810129
98.84 0.59072988658
98.91 0.631905355047
98.98 0.728824229114
99.05 0.645974143138
99.12 0.466206804762
99.19 0.300812384757
99.26 0.289102774201
99.33 0.270447639161
99.4 0.702570427737
99.47 0.588485915142
99.54 0.352925812517
99.61 0.233413247925
99.68 0.287893065194
99.75 0.398838773943
99.82 0.390107291153
99.89 0.693828465202
99.96 0.417805355646
100.03 0.197097393924
100.1 0.576011879736
100.17 0.891670614046
100.24 0.695903423415
100.31 0.748661810276
100.38 0.651549615755
100.45 0.466260610778
100.52 0.421200360631
100.59 0.662253147561
100.66 0.592102944084
100.73 0.707571464876
100.8 0.713737554095
100.87 0.540493846924
100.94 0.339516287517
101.01 0.460673306658
101.08 0.512124959966
101.15 0.448268081018
101.22 0.507526665997
101.29 0.284423460204
101.36 0.216199752456
101.43 0.358083719262
101.5 0.592340389425
101.57 0.534310003786
101.64 0.812059637561
101.71 0.62705221392
101.78 0.517619972362
101.85 0.344997345804
101.92 0.550308800846
101.99 0.5711637269
102.06 0.698449823493
102.13 0.656939784061
102.2 0.438568167693
102.27 0.243605047223
102.34 0.565716716951
102.41 0.629565029944
102.48 0.691218705714
102.55 0.762388543299
102.62 0.747994844268
102.69 0.557602807086
102.76 0.422768388024
102.83 0.650888002358
102.9 0.655655907123
102.97 0.668953273872
103.04 0.48925592819
103.11 0.386271961424
103.18 0.378200378172
103.25 0.580529444687
103.32 0.540375911761
103.39 0.838016741668
103.46 0.776261058614
103.53 0.668115635208
103.6 0.431974751501
103.67 0.307702629285
103.74 0.359442336156
103.81 0.627987769047
103.88 0.655225176871
103.95 0.583623405002
104.02 0.455284954397
104.09 0.299977743956
104.16 0.405380686664
104.23 0.472849516293
104.3 0.862144937734
104.37 0.758944541762
104.44 0.622414854443
104.51 0.375921457594
104.58 0.270222622896
104.65 0.200402298657
104.72 0.682137506035
104.79 0.819333080843
104.86 0.548224142622
104.93 0.320492813078
105.0 0.211396798584
105.07 0.184128994504
105.14 0.450329814871
105.21 0.784230275815
105.28 0.769783068444
105.35 0.652673170936
105.42 0.446141486045
105.49 0.411982998699
105.56 0.354347438942
105.63 0.756993512214
105.7 0.784509106981
105.77 0.711603026284
105.84 0.57966767651
105.91 0.565407621706
105.98 0.762845456806
106.05 0.68931770903
106.12 0.798414755392
106.19 0.71993197361
106.26 0.544093956104
106.33 0.358179584206
106.4 0.767288898255
106.47 0.741756034401
106.54 0.785922780574
106.61 0.730122572208
106.68 0.711537993002
106.75 0.415242979929
106.82 0.51350478293
106.89 0.467960194225
106.96 0.469691707846
107.03 0.536739726047
107.1 0.409546963043
107.17 0.277419063662
107.24 0.525885098214
107.31 0.88014347988
107.38 0.774302666032
107.45 0.792005793802
107.52 0.589374426382
107.59 0.46441896821
107.66 0.328250357221
107.73 0.281840139439
107.8 0.31576020178
107.87 0.810061848472
107.94 0.738452771328
108.01 0.650722653435
108.08 0.555110178591
108.15 0.490637919301
108.22 0.398457196856
108.29 0.521171094988
108.36 0.670931958392
108.43 0.606960350961
108.5 0.480030903327
108.57 0.366219375013
108.64 0.498976292288
108.71 0.382967304384
108.78 0.771647424344
108.85 0.67954736094
108.92 0.539027171484
108.99 0.277706205316
109.06 0.238375522785
109.13 0.470515020305
109.2 0.731068111693
109.27 0.68152358075
109.34 0.529333526013
109.41 0.325488112182
109.48 0.557994520701
109.55 0.786247105048
109.62 0.705868357081
109.69 0.562228086256
109.76 0.357418815881
109.83 0.252133156336
109.9 0.274002258367
109.97 0.400863714843
110.04 0.485586873734
110.11 0.814664453186
110.18 0.624121571002
110.25 0.548894215344
110.32 0.360390849067
110.39 0.627807182009
110.46 0.45427781601
110.53 0.688512063853
110.6 0.532183574312
110.67 0.416958481257
110.74 0.335844119683
110.81 0.42351245207
110.88 0.508808583606
110.95 0.553900693952
111.02 0.703920740809
111.09 0.643213116571
111.16 0.489803510642
111.23 0.273850914646
111.3 0.51196503474
111.37 0.566920626833
111.44 0.730583445469
111.51 0.707816682
111.58 0.621660511695
111.65 0.499983988262
111.72 0.561971871787
111.79 0.533196863926
111.86 0.619438330572
111.93 0.580475883032
112.0 0.484390499049
112.07 0.48673633893
112.14 0.386907724785
112.21 0.489025334946
112.28 0.428124208094
112.35 0.760480902224
112.42 0.681187551396
112.49 0.577957627759
112.56 0.547716193262
112.63 0.663409009455
112.7 0.716814947862
112.77 0.782299398254
112.84 0.697604278648
112.91 0.438668918741
112.98 0.286550160696
113.05 0.562486987582
113.12 0.755392278416
113.19 0.730061453141
113.26 0.585427316049
113.33 0.465522861236
113.4 0.35814768402
113.47 0.25695934114
113.54 0.765055854187
113.61 0.702940455446
113.68 0.763132248579
113.75 0.640594196887
113.82 0.55805064148
113.89 0.466119162558
113.96 0.425522472525
114.03 0.399159741789
114.1 0.471711630465
114.17 0.532804276166
114.24 0.5778125941
114.31 0.455527842319
114.38 0.415597629572
114.45 0.367394153761
114.52 0.473097742386
114.59 0.776656724209
114.66 0.561136481243
114.73 0.46279394145
114.8 0.296290002567
114.87 0.158567186118
114.94 0.216465551419
115.01 0.372851071427
115.08 0.382900509483
115.15 0.30214150842
115.22 0.230094636776
115.29 0.241959977328
115.36 0.468331390423
115.43 0.566170134989
115.5 0.780674124911
115.57 0.659890334605
115.64 0.487430821069
115.71 0.330510709715
115.78 0.385748064193
115.85 0.474432922863
115.92 0.636898157229
115.99 0.672424643812
116.06 0.390112418286
116.13 0.310107339003
116.2 0.546556872553
116.27 0.604687607156
116.34 0.60313991502
116.41 0.616399398077
116.48 0.461103457109
116.55 0.327606865396
116.62 0.525231527618
116.69 0.785517080638
116.76 0.770008383495
116.83 0.733033538532
116.9 0.546770343883
116.97 0.419766217382
117.04 0.259387089634
117.11 0.422984457353
117.18 0.451448386204
117.25 0.565737362103
117.32 0.433200875996
117.39 0.34899976497
117.46 0.283187816747
117.53 0.305078725753
117.6 0.344876357242
117.67 0.403350367606
117.74 0.605305809865
117.81 0.600263510192
117.88 0.522214839726
117.95 0.482418318968
118.02 0.802839634311
118.09 0.717704928598
118.16 0.745727636345
118.23 0.56320556258
118.3 0.40611646466
118.37 0.272263164008
118.44 0.289807722755
118.51 0.373867863175
118.58 0.468987787828
118.65 0.781865720122
118.72 0.729899546372
118.79 0.610004490562
118.86 0.482377093087
118.93 0.677170660519
119.0 0.654474043024
119.07 0.587686304565
119.14 0.488930173095
119.21 0.439097194279
119.28 0.363586540095
119.35 0.707811351603
119.42 0.938489515187
119.49 0.841639427561
119.56 0.61814926208
119.63 0.44468263126
119.7 0.287591334093
119.77 0.322176820748
119.84 0.648402089342
119.91 0.633325655259
119.98 0.73994276989
120.05 0.758112367894
120.12 0.654677863216
120.19 0.611160321355
120.26 0.521181781327
120.33 0.532611392229
120.4 0.50982267961
120.47 0.642436087149
120.54 0.602679171714
120.61 0.54397454367
120.68 0.371793278167
120.75 0.753097806498
120.82 0.620709506304
120.89 0.583700980654
120.96 0.458196462758
121.03 0.331365370326
121.1 0.292438827155
121.17 0.232086640068
121.24 0.310971990637
121.31 0.359978528065
121.38 0.743682751165
121.45 0.691360486043
121.52 0.537202122121
121.59 0.332702351297
121.66 0.654774661173
121.73 0.654139765292
121.8 0.678495413456
121.87 0.583823259885
121.94 0.43000442745
122.01 0.224403587078
122.08 0.211624977099
122.15 0.305162535937
122.22 0.380895318486
122.29 0.719454705964
122.36 0.621433741586
122.43 0.491260614916
122.5 0.373006872509
122.57 0.723210678428
122.64 0.651740282673
122.71 0.514097161151
122.78 0.261490877973
122.85 0.193243622733
122.92 0.173055243942
122.99 0.702159049745
123.06 0.752351272187
123.13 0.557224868752
123.2 0.409137673226
123.27 0.254417769409
123.34 0.214180632895
123.41 0.200682130592
123.48 0.202815846458
123.55 0.543867989054
123.62 0.672910300808
123.69 0.638069542695
123.76 0.515142174344
123.83 0.385324111619
123.9 0.381899088027
123.97 0.391149441993
124.04 0.59818928395
124.11 0.490641007132
124.18 0.414337373434
124.25 0.282704671114
124.32 0.650968680281
124.39 0.571433041326
124.46 0.482490514241
124.53 0.463093979797
124.6 0.397562221164
124.67 0.273355975275
124.74 0.284872450869
124.81 0.275042906388
124.88 0.25257319229
124.95 0.689260607476
125.02 0.607864114754
125.09 0.455216011344
125.16 0.30481677325
125.23 0.6041891501
125.3 0.650838308267
125.37 0.728316166459
125.44 0.607318770424
125.51 0.390509718876
125.58 0.242787841561
125.65 0.221874554385
125.72 0.310947016968
125.79 0.404714831387
125.86 0.723890380074
125.93 0.672258485166
126.0 0.520595007854
126.07 0.377478313258
126.14 0.735346641847
126.21 0.774882226421
126.28 0.591298872812
126.35 0.305163556698
126.42 0.199391820302
126.49 0.236757386999
126.56 0.486788096758
126.63 0.4736949434
126.7 0.44731551505
126.77 0.460829145506
126.84 0.39956576717
126.91 0.37262167333
126.98 0.505057526125
127.05 0.408397665568
127.12 0.435231482734
127.19 0.717282889813
127.26 0.57759591498
127.33 0.460288851668
127.4 0.341426644328
127.47 0.551843073134
127.54 0.887220227197
127.61 0.581264925006
127.68 0.298750027784
127.75 0.222253778945
127.82 0.312158870795
127.89 0.347355870228
127.96 0.255190095997
128.03 0.350917640318
128.1 0.30737558241
128.17 0.201351193659
128.24 0.130070537363
128.31 0.120533304987
128.38 0.180131678033
128.45 0.49637886191
128.52 0.481420505164
128.59 0.546368468193
128.66 0.259659680715
128.73 0.181502030908
128.8 0.149646355957
128.87 0.46583678705
128.94 0.465625087335
129.01 0.47177282395
129.08 0.509852744868
129.15 0.33999488804
129.22 0.171899352059
129.29 0.178812239942
129.36 0.473311182616
129.43 0.493078735541
129.5 0.532596312949
129.57 0.461651343902
129.64 0.335286787236
129.71 0.450511778104
129.78 0.390794478013
129.85 0.296269780604
129.92 0.272331395083
129.99 0.19642809316
130.06 0.187294526972
130.13 0.298689315244
130.2 0.22116581935
130.27 0.544473146231
130.34 0.53751739414
130.41 0.522075285301
130.48 0.500502259642
130.55 0.200948461595
130.62 0.203809742714
130.69 0.505533856315
130.76 0.625047396128
130.83 0.558553645867
130.9 0.447878473347
130.97 0.466458949514
131.04 0.476723760471
131.11 0.406750093197
131.18 0.312780931072
131.25 0.222078921056
131.32 0.202303359763
131.39 0.151672308732
131.46 0.146064689348
131.53 0.174832536329
131.6 0.521979222647
131.67 0.593903695102
131.74 0.592315053658
131.81 0.517987171041
131.88 0.398995582459
131.95 0.646464828411
132.02 0.698348240507
132.09 0.479886683833
132.16 0.201256259508
132.23 0.1607423178
132.3 0.610304413394
132.37 0.625234704197
132.44 0.568713422799
132.51 0.558270576152
132.58 0.511418937335
132.65 0.532055619248
132.72 0.512621914203
132.79 0.550189797161
132.86 0.587787888662
132.93 0.60546991366
133.0 0.534804503308
133.07 0.556974997667
133.14 0.441273293407
133.21 0.510850696402
133.28 0.546436311623
133.35 0.346793566152
133.42 0.560482552992
133.49 0.510946160372
133.56 0.294803499474
133.63 0.228504593589
133.7 0.478429500698
133.77 0.445012881483
133.84 0.345633583447
133.91 0.255621803693
133.98 0.177042689349
134.05 0.152697151056
134.12 0.334971590747
134.19 0.278063342996
134.26 0.310512151465
134.33 0.401483202668
134.4 0.294785193521
134.47 0.180973163157
134.54 0.348707309581
134.61 0.2567134909
134.68 0.20142394874
134.75 0.198888340522
134.82 0.196398936479
134.89 0.185479088762
134.96 0.639587714941
135.03 0.566726099015
135.1 0.748144762921
135.17 0.634812480465
135.24 0.365736764752
135.31 0.159604759637
135.38 0.155838890562
135.45 0.154965705185
135.52 0.201982465226
135.59 0.223351234176
135.66 0.176228645937
135.73 0.159454049033
135.8 0.15657949024
135.87 0.162114026877
135.94 0.700792926533
136.01 0.837462541482
136.08 0.465680724945
136.15 0.282949829369
136.22 0.185461771359
136.29 0.14866984819
136.36 0.394751357222
136.43 0.738078982684
136.5 0.478324902078
136.57 0.30580679972
136.64 0.351732366829
136.71 0.62444868341
136.78 0.707844583555
136.85 0.841748198085
136.92 0.514414461364
136.99 0.291612804513
137.06 0.248459225772
137.13 0.222090527081
137.2 0.380127729164
137.27 0.297856689309
137.34 0.239931435439
137.41 0.89361350416
137.48 0.767041692923
137.55 0.484856900417
137.62 0.769515194635
137.69 0.768333764832
137.76 0.835740323566
137.83 0.561251952805
137.9 0.340920353289
137.97 0.459132107854
138.04 0.97083514344
138.11 0.73268801132
138.18 0.499609605377
138.25 0.453231755398
138.32 0.730994894548
138.39 0.986489902779
138.46 0.895912874401
138.53 0.533499743523
138.6 0.333042477026
138.67 0.418970610989
138.74 0.436500308159
138.81 0.697712735946
138.88 0.83014756798
138.95 0.434220449014
139.02 0.623695078187
139.09 0.814539042806
139.16 0.504812697757
139.23 0.412197893986
139.3 0.508955202278
139.37 0.736451752234
139.44 0.850312387063
139.51 0.672783093265
139.58 0.483098292742
139.65 0.806964530418
139.72 0.852796164144
139.79 0.550306422772
139.86 0.4105926349
139.93 0.37453921768
140.0 0.773100136789
140.07 0.910199131342
140.14 0.709822054047
140.21 0.512837475928
140.28 0.395081968431
140.35 0.432624472304
140.42 0.424858106737
140.49 0.891412220324
140.56 0.815625867234
140.63 0.648672741088
140.7 0.482457642166
140.77 0.378917329283
140.84 0.371488364822
140.91 0.353023313567
140.98 0.311333616779
141.05 0.356789921278
141.12 0.398129085901
141.19 0.3874641431
141.26 0.380126198577
141.33 0.446629675507
141.4 0.56365106444
141.47 0.481863741133
141.54 0.486901441271
141.61 0.460723558336
141.68 0.778394373507
141.75 0.717469007179
141.82 0.758299025075
141.89 0.669936085035
141.96 0.612349166397
142.03 0.646341609503
142.1 0.64933471325
142.17 0.567431962811
142.24 0.858945625724
142.31 1.0
142.38 0.906531514171
142.45 0.880740552049
142.52 0.84578842097
142.59 0.680040523143
142.66 0.647470909383
142.73 0.916143664222
142.8 0.897756499624
142.87 0.806722191198
142.94 0.700198309079
143.01 0.567467761661
143.08 0.869377658297
143.15 0.681771887926
143.22 0.91186316141
143.29 0.836534172783
143.36 0.736928615575
143.43 0.58409232995
143.5 0.593660373996
143.57 0.743148233127
143.64 0.687560204311
143.71 0.979961998593
143.78 0.837397228297
143.85 0.656464557937
143.92 0.542408641104
143.99 0.76297491691
144.06 0.742358253695
144.13 0.762062566058
144.2 0.870263671503
144.27 0.772563782713
144.34 0.620865006379
144.41 0.394903799454
144.48 0.694540911188
144.55 0.658144214875
144.62 0.761578634027
144.69 0.480691712554
144.76 0.345035501624
144.83 0.481079845174
144.9 0.793858007195
144.97 0.740357998785
145.04 0.83666622089
145.11 0.714303355863
145.18 0.645216154972
145.25 0.311691356475
145.32 0.62157867639
145.39 0.737458038691
145.46 0.879160473228
145.53 0.833061304466
145.6 0.691978474381
145.67 0.460243438333
145.74 0.601139089194
145.81 0.609588754063
145.88 0.448092596677
145.95 0.698610368506
146.02 0.518140002029
146.09 0.489625356105
146.16 0.505612821491
146.23 0.555360364014
146.3 0.477869891254
146.37 0.787874160003
146.44 0.806649590508
146.51 0.674785487443
146.58 0.650007459501
146.65 0.680074149404
146.72 0.644329252071
146.79 0.584096715115
146.86 0.702184795372
146.93 0.676843706945
147.0 0.530271010479
147.07 0.337594382438
147.14 0.696638046251
147.21 0.682150557121
147.28 0.79024653635
147.35 0.670823597728
147.42 0.475187378906
147.49 0.26360018109
147.56 0.422603320116
147.63 0.547974333737
147.7 0.46504504711
147.77 0.695522569414
147.84 0.647007504766
147.91 0.667887795466
147.98 0.741519466537
148.05 0.772442757497
148.12 0.622517379328
148.19 0.595250641549
148.26 0.543681174149
148.33 0.508785310466
148.4 0.462388653595
148.47 0.503191008743
148.54 0.527718489164
148.61 0.776633902026
148.68 0.655780160122
148.75 0.61265318116
148.82 0.34950944707
148.89 0.277282958057
148.96 0.179232330505
149.03 0.143799105313
149.1 0.197420324431
149.17 0.135873402098
149.24 0.125049358234
149.31 0.123294806947
149.38 0.109314235309
149.45 0.0942102073438
149.52 0.0864960316797
149.59 0.0673556972655
149.66 0.0586061417758
149.73 0.0378989640072
149.8 0.0258232366239
149.87 0.0128215841487
149.94 0.00216851394823
150.01 0.0
150.08 0.0
150.15 0.0
150.22 0.0
150.29 0.0
150.36 0.0
150.43 0.0
150.5 0.0
150.57 0.0
150.64 0.0
150.71 0.0
150.78 0.0
150.85 0.0
150.92 0.0
150.99 0.0
151.06 0.0
151.13 0.0
151.2 0.0
151.27 0.0
151.34 0.0
151.41 0.0
151.48 0.0
151.55 0.0
151.62 0.0
151.69 0.0
151.76 0.0
151.83 0.0
151.9 0.0
151.97 0.0
152.04 0.0
152.11 0.0
152.18 0.0
152.25 0.0
152.32 0.0
152.39 0.0
152.46 0.0
152.53 0.0
152.6 0.0
152.67 0.0
152.74 0.0
152.81 0.0
152.88 0.0
152.95 0.0
153.02 0.0
153.09 0.0
153.16 0.0
153.23 0.0
153.3 0.0
153.37 0.0
153.44 0.0
153.51 0.0
153.58 0.0
153.65 0.0
153.72 0.0
153.79 0.0
153.86 0.0
153.93 0.0
154.0 0.0
154.07 0.0
154.14 0.0
154.21 0.0
154.28 0.0
154.35 0.0
154.42 0.0
154.49 0.0
154.56 0.0
154.63 0.0
154.7 0.0
154.77 0.0
154.84 0.0
154.91 0.0
154.98 0.0
155.05 0.0
155.12 0.0
155.19 0.0
155.26 0.0
155.33 0.0
155.4 0.0
155.47 0.0
155.54 0.0
155.61 0.0
155.68 0.0
155.75 0.0
155.82 0.0
155.89 0.0
155.96 0.0
156.03 0.0
156.1 0.0
156.17 0.0
156.24 0.0
156.31 0.0
156.38 0.0
156.45 0.0
156.52 0.0
156.59 0.0
156.66 0.0
156.73 0.0
156.8 0.0
156.87 0.0
156.94 0.0
157.01 0.0
157.08 0.0
157.15 0.0
157.22 0.0
157.29 0.0
157.36 0.0
157.43 0.0
157.5 0.0
157.57 0.0
157.64 0.0
157.71 0.0
157.78 0.0
157.85 0.0
157.92 0.0
157.99 0.0
158.06 0.0
158.13 0.0
158.2 0.0
158.27 0.0
158.34 0.0
158.41 0.0
158.48 0.0
158.55 0.0
158.62 0.0
158.69 0.0
158.76 0.0
158.83 0.0
158.9 0.0
158.97 0.0
