0.0 0.0
0.07 0.0
0.14 0.0
0.21 0.0
0.28 0.0
0.35 0.0
0.42 0.0
0.49 0.0
0.56 0.0
0.63 0.0
0.7 0.0
0.77 0.0
0.84 0.0
0.91 0.0
0.98 0.0
1.05 0.0
1.12 0.0
1.19 0.0
1.26 0.0
1.33 0.0
1.4 0.0
1.47 0.0
1.54 0.0
1.61 0.0
1.68 0.0
1.75 0.0
1.82 0.0
1.89 0.0
1.96 0.0
2.03 0.0
2.1 0.0
2.17 0.0
2.24 0.0
2.31 0.0
2.38 0.0
2.45 0.0
2.52 0.0
2.59 0.0
2.66 0.0
2.73 0.0
2.8 0.0
2.87 0.0
2.94 0.0
3.01 0.0
3.08 0.0
3.15 0.0
3.22 0.0
3.29 0.0
3.36 0.0
3.43 0.0
3.5 0.0
3.57 0.0
3.64 0.0
3.71 0.0
3.78 0.0
3.85 0.0
3.92 0.0
3.99 0.0216840423138
4.06 0.017758624802
4.13 0.0186360564225
4.2 0.0196331916102
4.27 0.0171708032352
4.34 0.0130318638589
4.41 0.0152952499231
4.48 0.0260595669211
4.55 0.0189893903577
4.62 0.0232309633418
4.69 0.0199855669351
4.76 0.0151107783234
4.83 0.0171166887023
4.9 0.0216192566154
4.97 0.345285382865
5.04 0.274746026846
5.11 0.33706853905
5.18 0.172638521338
5.25 0.307528846346
5.32 0.161462360769
5.39 0.0653272230199
5.46 0.135667992344
5.53 0.390352326874
5.6 0.287906009774
5.67 0.0679843850345
5.74 0.0845550135529
5.81 0.0372150174149
5.88 0.0479263997796
5.95 0.0380481502637
6.02 0.0297126256471
6.09 0.0325673032431
6.16 0.0266182164209
6.23 0.0725923536015
6.3 0.334225165805
6.37 0.241953178662
6.44 0.130073512335
6.51 0.0921898441804
6.58 0.253672617493
6.65 0.242895937117
6.72 0.156657329426
6.79 0.132960027697
6.86 0.236203056959
6.93 0.190988616191
7.0 0.0744356163411
7.07 0.170571902377
7.14 0.222217363672
7.21 0.195146360509
7.28 0.649952250928
7.35 0.271527629594
7.42 0.222581762072
7.49 0.175711052676
7.56 0.0903668452187
7.63 0.0632524554054
7.7 0.0517042414993
7.77 0.0760293781785
7.84 0.664331684834
7.91 0.167602652708
7.98 0.132747512792
8.05 0.0932838399285
8.12 0.0482204142343
8.19 0.0333619587166
8.26 0.0296623446259
8.33 0.46428313768
8.4 0.446848398599
8.47 0.212703733846
8.54 0.167669959989
8.61 0.0606936992572
8.68 0.04796227933
8.75 0.0684347097002
8.82 0.261568469083
8.89 0.662532571171
8.96 0.236948557384
9.03 0.156966962443
9.1 0.292044110482
9.17 0.313649148795
9.24 0.27093062545
9.31 0.224171224575
9.38 0.203463560884
9.45 0.220862453886
9.52 0.266558367185
9.59 0.185075292696
9.66 0.249902840746
9.73 0.25686340658
9.8 0.0804516190036
9.87 0.0970983766218
9.94 0.293828037005
10.01 0.211162765314
10.08 0.240100271242
10.15 0.328144693571
10.22 0.256256821911
10.29 0.19741919042
10.36 0.241835965994
10.43 0.237326492553
10.5 0.318783016975
10.57 0.284771391909
10.64 0.246819574087
10.71 0.287213388196
10.78 0.27598548312
10.85 0.24680698663
10.92 0.225937938881
10.99 0.218924730367
11.06 0.19039234286
11.13 0.0788466337074
11.2 0.0564556985148
11.27 0.208676349384
11.34 0.261029837898
11.41 0.230774097632
11.48 0.168107255549
11.55 0.190420381517
11.62 0.137730303602
11.69 0.0459903777701
11.76 0.180246708919
11.83 0.199880660165
11.9 0.0668000641988
11.97 0.206973483551
12.04 0.179690959425
12.11 0.0902915752421
12.18 0.0590711512144
12.25 0.204429291586
12.32 0.204941712076
12.39 0.0658090163266
12.46 0.0414492311349
12.53 0.0327826391221
12.6 0.0331100961554
12.67 0.0279700792945
12.74 0.0264999921447
12.81 0.0293474359979
12.88 0.0204675564268
12.95 0.0190024176033
13.02 0.0272038567074
13.09 0.0180616767863
13.16 0.0217215880425
13.23 0.0232286676977
13.3 0.729749321272
13.37 0.210309502577
13.44 0.149692550728
13.51 0.179863116926
13.58 0.15676993314
13.65 0.175514906671
13.72 0.70847196593
13.79 0.153503254839
13.86 0.134663396545
13.93 0.130793200013
14.0 0.121613383244
14.07 0.517428005098
14.14 0.339047806383
14.21 0.166354599623
14.28 0.175307029543
14.35 0.185377810982
14.42 0.154992002814
14.49 0.454114872723
14.56 0.589669192098
14.63 0.225251062456
14.7 0.197082240261
14.77 0.177406604805
14.84 0.38871498685
14.91 0.543841146769
14.98 0.134099789421
15.05 0.170189745974
15.12 0.64332908527
15.19 0.175047209865
15.26 0.122321994369
15.33 0.071661270482
15.4 0.612001712493
15.47 0.150102735559
15.54 0.167967576438
15.61 0.158635727408
15.68 0.157329445482
15.75 0.335103730836
15.82 0.216161165388
15.89 0.164291141007
15.96 0.161528955832
16.03 0.191349543697
16.1 0.191294887098
16.17 0.377165273197
16.24 0.195501819938
16.31 0.166834128898
16.38 0.185533723245
16.45 0.170458682214
16.52 0.311331236302
16.59 0.25228181421
16.66 0.16068815503
16.73 0.14307741192
16.8 0.156595569255
16.87 0.15870643213
16.94 0.30971021404
17.01 0.129430176906
17.08 0.107505589398
17.15 0.271476612181
17.22 0.243811367273
17.29 0.0576757603625
17.36 0.0501793062145
17.43 0.301817048604
17.5 0.614338661445
17.57 0.139042842064
17.64 0.130401865683
17.71 0.150968090176
17.78 0.126691324736
17.85 0.495896466448
17.92 0.538715868892
17.99 0.142343755123
18.06 0.134129486818
18.13 0.141196687133
18.2 0.126010632324
18.27 0.614218781218
18.34 0.215879383211
18.41 0.12992643026
18.48 0.125716108347
18.55 0.144651350699
18.62 0.320159031065
18.69 0.640978916607
18.76 0.186101110883
18.83 0.200870747568
18.9 0.203253673557
18.97 0.224035736943
19.04 0.699758969178
19.11 0.179764967681
19.18 0.13946614619
19.25 0.270332071352
19.32 0.589693599007
19.39 0.15534974115
19.46 0.0932101254856
19.53 0.297899083335
19.6 0.599609063247
19.67 0.190625823533
19.74 0.19375698259
19.81 0.148378623163
19.88 0.136415529002
19.95 0.320904917351
20.02 0.155424459763
20.09 0.14141242561
20.16 0.135260983665
20.23 0.140744117961
20.3 0.129401576658
20.37 0.309456974464
20.44 0.120483914262
20.51 0.115448399881
20.58 0.116316873934
20.65 0.120234115828
20.72 0.11798488949
20.79 0.390293778186
20.86 0.10747816905
20.93 0.114759381227
21.0 0.120282349459
21.07 0.10758489744
21.14 0.312909946748
21.21 0.151755417998
21.28 0.0966644013305
21.35 0.104433607564
21.42 0.353710903425
21.49 0.0792563787495
21.56 0.0509124795229
21.63 0.671578936542
21.7 0.3774709946
21.77 0.227998088384
21.84 0.236015336684
21.91 0.182031625665
21.98 0.138947471023
22.05 0.658425529067
22.12 0.201628317557
22.19 0.149126517789
22.26 0.157672769331
22.33 0.155580485459
22.4 0.328478530803
22.47 0.69562689442
22.54 0.176916543832
22.61 0.147114770208
22.68 0.131236506646
22.75 0.125018442674
22.82 0.341084745613
22.89 0.61597494802
22.96 0.166136376755
23.03 0.142300864978
23.1 0.150264194001
23.17 0.272336043125
23.24 0.625704788655
23.31 0.101378603641
23.38 0.10144382355
23.45 0.752658187802
23.52 0.171136246822
23.59 0.117405543862
23.66 0.0695837432598
23.73 0.643262179657
23.8 0.164553249821
23.87 0.121199038546
23.94 0.287684868305
24.01 0.138362443466
24.08 0.0627461826667
24.15 0.0602604956892
24.22 0.120392994111
24.29 0.678763654495
24.36 0.131929593118
24.43 0.0986823208382
24.5 0.314079841938
24.57 0.106261689671
24.64 0.0457337546995
24.71 0.0476652030868
24.78 0.575264070967
24.85 0.333536705953
24.92 0.108930019358
24.99 0.237888721733
25.06 0.18111907506
25.13 0.0760634576613
25.2 0.0405041919126
25.27 0.0506916802155
25.34 0.567581408377
25.41 0.122837180046
25.48 0.112019213409
25.55 0.275534767944
25.62 0.0950704061166
25.69 0.052484997587
25.76 0.0363129780518
25.83 0.613642364418
25.9 0.12647117256
25.97 0.116204108437
26.04 0.267593905365
26.11 0.201122528308
26.18 0.107765064126
26.25 0.0818948250816
26.32 0.197389144353
26.39 0.604376148122
26.46 0.150015334652
26.53 0.141845234018
26.6 0.395509725173
26.67 0.136444299401
26.74 0.101747515227
26.81 0.0748242291843
26.88 0.640554145277
26.95 0.151059335753
27.02 0.153822083449
27.09 0.269792260267
27.16 0.232465196081
27.23 0.103630349701
27.3 0.0695500366216
27.37 0.176042534757
27.44 0.595494515903
27.51 0.116571850352
27.58 0.163573626242
27.65 0.243904734623
27.72 0.165977215817
27.79 0.0964746708556
27.86 0.104749233988
27.93 0.668423043291
28.0 0.134198432383
28.07 0.117473714915
28.14 0.169866733323
28.21 0.167567798713
28.28 0.0920971360488
28.35 0.05498401771
28.42 0.552820720892
28.49 0.410678075907
28.56 0.148687677853
28.63 0.10843185994
28.7 0.240398617574
28.77 0.106274907523
28.84 0.0620584880297
28.91 0.0725965980792
28.98 0.684774295076
29.05 0.153084830235
29.12 0.113385821774
29.19 0.185248515732
29.26 0.141477087646
29.33 0.0963353608699
29.4 0.108880129777
29.47 0.553181150961
29.54 0.371280516477
29.61 0.29736573055
29.68 0.381407354775
29.75 0.427528981277
29.82 0.375328230732
29.89 0.250973188291
29.96 0.253034558605
30.03 0.719785287748
30.1 0.164246064934
30.17 0.130930674599
30.24 0.176549875821
30.31 0.158600313681
30.38 0.17681484466
30.45 0.169198778064
30.52 0.551876885743
30.59 0.461453643365
30.66 0.0948095729705
30.73 0.122296441963
30.8 0.201602092915
30.87 0.110261445513
30.94 0.138552316198
31.01 0.151947092658
31.08 0.693000156895
31.15 0.140694002442
31.22 0.142737029918
31.29 0.250008606806
31.36 0.275352618952
31.43 0.273820635882
31.5 0.200523955614
31.57 0.580613519559
31.64 0.200089625144
31.71 0.23551153346
31.78 0.202202487061
31.85 0.207933695967
31.92 0.153824278676
31.99 0.0956764766128
32.06 0.0873682021935
32.13 0.692121506324
32.2 0.12172580286
32.27 0.105539088041
32.34 0.149929286584
32.41 0.0938294147635
32.48 0.0713555527984
32.55 0.0604309395925
32.62 0.710007551925
32.69 0.160815652072
32.76 0.150801083695
32.83 0.186691648357
32.9 0.16975652753
32.97 0.068496678144
33.04 0.0400824609863
33.11 0.40294895651
33.18 0.480219028509
33.25 0.108994550294
33.32 0.0723292415475
33.39 0.231955930358
33.46 0.136581055261
33.53 0.0676756659985
33.6 0.0383726821871
33.67 0.687072831737
33.74 0.137500635056
33.81 0.130308740077
33.88 0.20086314377
33.95 0.157562930803
34.02 0.0846964852933
34.09 0.0482361322834
34.16 0.222921062733
34.23 0.616658225239
34.3 0.165345499006
34.37 0.140887805384
34.44 0.173929442253
34.51 0.122539612875
34.58 0.128768958883
34.65 0.13670009961
34.72 0.66543180137
34.79 0.171737442445
34.86 0.16414000785
34.93 0.252310794741
35.0 0.166292350383
35.07 0.143695725852
35.14 0.126817798082
35.21 0.598145989481
35.28 0.330711194845
35.35 0.149934098232
35.42 0.161205953409
35.49 0.257480741445
35.56 0.161446407483
35.63 0.134563525334
35.7 0.117345725086
35.77 0.611687853594
35.84 0.154630706183
35.91 0.139859777094
35.98 0.174179347612
36.05 0.171270099888
36.12 0.112507243726
36.19 0.116937634135
36.26 0.325418750564
36.33 0.61813969856
36.4 0.13100928437
36.47 0.128130217532
36.54 0.34080857749
36.61 0.185528849301
36.68 0.063236145082
36.75 0.054251702595
36.82 0.647226316289
36.89 0.158792455094
36.96 0.138211973247
37.03 0.164633559243
37.1 0.193807358449
37.17 0.0838226826315
37.24 0.0559614590794
37.31 0.185334687461
37.38 0.678332654522
37.45 0.141170712603
37.52 0.12183003942
37.59 0.224362078232
37.66 0.136701542639
37.73 0.0709517407272
37.8 0.590979807761
37.87 0.301687089486
37.94 0.154553959704
38.01 0.369421682595
38.08 0.256701070419
38.15 0.262646343255
38.22 0.306641091301
38.29 0.178767075646
38.36 0.626202451566
38.43 0.331518498211
38.5 0.138490224093
38.57 0.114249223839
38.64 0.219754509474
38.71 0.141923121345
38.78 0.158219730478
38.85 0.148876720285
38.92 0.678388358991
38.99 0.14874871372
39.06 0.14038923965
39.13 0.24118139037
39.2 0.194477448499
39.27 0.132347354784
39.34 0.123309114821
39.41 0.659939875938
39.48 0.338519122058
39.55 0.169112950356
39.62 0.176180513288
39.69 0.346185702123
39.76 0.181767972475
39.83 0.166896108499
39.9 0.176407513345
39.97 0.720720064911
40.04 0.208475618599
40.11 0.227902495123
40.18 0.271153765962
40.25 0.197625936927
40.32 0.0595985449946
40.39 0.0715175421485
40.46 0.721299857767
40.53 0.189226543382
40.6 0.219725282549
40.67 0.206392739522
40.74 0.303773261868
40.81 0.153703416594
40.88 0.145474099687
40.95 0.200160353111
41.02 0.783018665784
41.09 0.267041064244
41.16 0.263041687756
41.23 0.247056906866
41.3 0.234838558281
41.37 0.207858447376
41.44 0.20087505806
41.51 0.671677911438
41.58 0.436572614004
41.65 0.109734987099
41.72 0.262741550654
41.79 0.26833482008
41.86 0.148746342763
41.93 0.153111855424
42.0 0.286290211985
42.07 0.66148385233
42.14 0.343566403824
42.21 0.343219280866
42.28 0.258871925011
42.35 0.206978710813
42.42 0.213803161409
42.49 0.210146032076
42.56 0.723605696976
42.63 0.268501147816
42.7 0.187195628241
42.77 0.251409069646
42.84 0.205160635073
42.91 0.137896417487
42.98 0.148085710506
43.05 0.646108478013
43.12 0.348793518482
43.19 0.231630741075
43.26 0.183197885388
43.33 0.277156318325
43.4 0.27876541235
43.47 0.393391663886
43.54 0.26293105891
43.61 0.760948508964
43.68 0.210008799234
43.75 0.189962479087
43.82 0.321845200713
43.89 0.143199974583
43.96 0.162828411262
44.03 0.18928853414
44.1 0.765269045969
44.17 0.245947723048
44.24 0.308268660193
44.31 0.243536684019
44.38 0.222009889142
44.45 0.17351328168
44.52 0.129408123288
44.59 0.207902680132
44.66 0.711335729405
44.73 0.190080540651
44.8 0.127937681889
44.87 0.398342043251
44.94 0.218424450105
45.01 0.14913035595
45.08 0.140602118102
45.15 0.768024309809
45.22 0.287653260196
45.29 0.28931897453
45.36 0.379268653147
45.43 0.404943222236
45.5 0.281310529453
45.57 0.293313515196
45.64 0.710077839173
45.71 0.225646898815
45.78 0.168303753014
45.85 0.156764764454
45.92 0.417147277207
45.99 0.231480893813
46.06 0.152789977113
46.13 0.175344571553
46.2 0.743518802821
46.27 0.207695319036
46.34 0.309102166817
46.41 0.182220850336
46.48 0.27471641406
46.55 0.206033479125
46.62 0.244521755221
46.69 0.312265996729
46.76 0.729350279937
46.83 0.160854243811
46.9 0.125424227753
46.97 0.209944453325
47.04 0.212309624102
47.11 0.123709076645
47.18 0.123459309823
47.25 0.711422379974
47.32 0.284624661293
47.39 0.143538099992
47.46 0.23337746775
47.53 0.290909943287
47.6 0.261577360637
47.67 0.0954249376175
47.74 0.231086033731
47.81 0.710588252253
47.88 0.401403032213
47.95 0.359145088155
48.02 0.263024738669
48.09 0.260407642106
48.16 0.218337772572
48.23 0.178526074857
48.3 0.816671633883
48.37 0.30669696778
48.44 0.374847341179
48.51 0.281363372037
48.58 0.34559528552
48.65 0.354797682166
48.72 0.322737982187
48.79 0.296575853252
48.86 0.709129756758
48.93 0.147589390208
49.0 0.16622418026
49.07 0.269472410751
49.14 0.203010983344
49.21 0.0946570339754
49.28 0.186394597218
49.35 0.799687768043
49.42 0.339182433031
49.49 0.199971310678
49.56 0.221306411371
49.63 0.191088439053
49.7 0.194965703826
49.77 0.198391838737
49.84 0.477098788871
49.91 0.574843491117
49.98 0.128123605816
50.05 0.18262491252
50.12 0.245530397452
50.19 0.185252074957
50.26 0.0686454012932
50.33 0.0836065638718
50.4 0.765764151965
50.47 0.188012049099
50.54 0.133326429789
50.61 0.285470184484
50.68 0.288159412062
50.75 0.197097379053
50.82 0.0544347469717
50.89 0.410896768317
50.96 0.647752947644
51.03 0.303756956193
51.1 0.335123086211
51.17 0.383427882335
51.24 0.331471823834
51.31 0.295229372915
51.38 0.184283435881
51.45 0.773050811765
51.52 0.178941505546
51.59 0.207534290156
51.66 0.30915348641
51.73 0.21787158667
51.8 0.174209569409
51.87 0.138347635678
51.94 0.722366905499
52.01 0.225123996835
52.08 0.144159173531
52.15 0.172227664271
52.22 0.283064735335
52.29 0.17265972885
52.36 0.182677840645
52.43 0.196351408157
52.5 0.72851967425
52.57 0.177828415693
52.64 0.169572330217
52.71 0.246766101107
52.78 0.188522331079
52.85 0.164097218123
52.92 0.0849643680844
52.99 0.731803869738
53.06 0.187656389766
53.13 0.130915195505
53.2 0.164508739058
53.27 0.232407914693
53.34 0.11257296665
53.41 0.0925448182599
53.48 0.649625987741
53.55 0.325789224193
53.62 0.130077825617
53.69 0.124776017451
53.76 0.22302941639
53.83 0.14007202701
53.9 0.0805600544823
53.97 0.0563387526957
54.04 0.692671040192
54.11 0.18164441866
54.18 0.165021674651
54.25 0.215136121714
54.32 0.171224611919
54.39 0.122688822303
54.46 0.192512618899
54.53 0.652560858536
54.6 0.430249403209
54.67 0.187673379764
54.74 0.214073500698
54.81 0.191250089031
54.88 0.125659550333
54.95 0.0964956301141
55.02 0.256019813627
55.09 0.778942777123
55.16 0.546510819998
55.23 0.502184190992
55.3 0.570584889084
55.37 0.415714461498
55.44 0.526409700994
55.51 0.475235943887
55.58 0.218181709684
55.65 0.191730673614
55.72 0.107200475146
55.79 0.135759584731
55.86 0.171645538579
55.93 0.111506342901
56.0 0.108960091458
56.07 0.12515032924
56.14 0.121361338445
56.21 0.183878713548
56.28 0.113950237813
56.35 0.110941640488
56.42 0.0801771533206
56.49 0.0783107147104
56.56 0.0900192211054
56.63 0.0996627021941
56.7 0.120096290712
56.77 0.281536781961
56.84 0.202260990189
56.91 0.10661431232
56.98 0.0629816958534
57.05 0.0459587064357
57.12 0.55606440928
57.19 0.61108666262
57.26 0.216542935928
57.33 0.0855987877861
57.4 0.696673801105
57.47 0.429847572514
57.54 0.388019518263
57.61 0.30107403629
57.68 0.356083213106
57.75 0.370385169721
57.82 0.323597677191
57.89 0.347455340213
57.96 0.422958017303
58.03 0.342570860431
58.1 0.309576475338
58.17 0.349747657529
58.24 0.706217255709
58.31 0.347645345905
58.38 0.412592742569
58.45 0.620056001647
58.52 0.506580994704
58.59 0.322718205618
58.66 0.306356821014
58.73 0.743443483565
58.8 0.27177815884
58.87 0.233813691266
58.94 0.190627152198
59.01 0.759529743267
59.08 0.2230132195
59.15 0.236398454486
59.22 0.22885537245
59.29 0.694679859874
59.36 0.251248958465
59.43 0.195842748655
59.5 0.239436818012
59.57 0.176779222661
59.64 0.282811459497
59.71 0.70765119553
59.78 0.236778632302
59.85 0.293115399902
59.92 0.27506998695
59.99 0.254639701035
60.06 0.674868797222
60.13 0.418065540423
60.2 0.280308851326
60.27 0.269800645086
60.34 0.234151538669
60.41 0.321697698374
60.48 0.732316393435
60.55 0.217465042884
60.62 0.207359097831
60.69 0.215753100471
60.76 0.248807067245
60.83 0.747129493013
60.9 0.303005276405
60.97 0.230574169253
61.04 0.732973504588
61.11 0.206768286999
61.18 0.143877202607
61.25 0.0787975223583
61.32 0.641176329911
61.39 0.27884918151
61.46 0.240352156118
61.53 0.257192306642
61.6 0.330757327157
61.67 0.269778598907
61.74 0.288909388481
61.81 0.231329514262
61.88 0.27365132167
61.95 0.225012957023
62.02 0.155860338328
62.09 0.396396056714
62.16 0.755008362044
62.23 0.315020198753
62.3 0.288980060661
62.37 0.298003527238
62.44 0.30485108769
62.51 0.311064763068
62.58 0.341318882715
62.65 0.377004266632
62.72 0.282665846485
62.79 0.289377178266
62.86 0.292254124261
62.93 0.263420819561
63.0 0.221217377757
63.07 0.217445205879
63.14 0.389436516435
63.21 0.307472798786
63.28 0.259952458373
63.35 0.365480454055
63.42 0.792259675554
63.49 0.421544976304
63.56 0.22527972314
63.63 0.246883854911
63.7 0.395936771691
63.77 0.223578715022
63.84 0.191890117207
63.91 0.171221075939
63.98 0.645445894133
64.05 0.287463008111
64.12 0.258729173884
64.19 0.41521761587
64.26 0.295610045377
64.33 0.222320813633
64.4 0.126913819974
64.47 0.754801511401
64.54 0.339334105465
64.61 0.292395128318
64.68 0.325310785557
64.75 0.361698198637
64.82 0.365096251192
64.89 0.406262924708
64.96 0.344205559861
65.03 0.740210952621
65.1 0.27596008134
65.17 0.245366858147
65.24 0.349353497577
65.31 0.236415131146
65.38 0.173062761759
65.45 0.0966737819515
65.52 0.733414796373
65.59 0.277554358279
65.66 0.211815916505
65.73 0.171438896208
65.8 0.393009587446
65.87 0.290355845095
65.94 0.0892225721685
66.01 0.111707760799
66.08 0.766631705529
66.15 0.277248363519
66.22 0.313965123889
66.29 0.329952021903
66.36 0.199351488633
66.43 0.255171184948
66.5 0.295679069045
66.57 0.701325417593
66.64 0.223061249507
66.71 0.198925076229
66.78 0.255191537985
66.85 0.277913845545
66.92 0.172057473269
66.99 0.179268388901
67.06 0.38389811281
67.13 0.713685975241
67.2 0.347245529128
67.27 0.239661703733
67.34 0.312683548263
67.41 0.191900042684
67.48 0.183813727016
67.55 0.121466377411
67.62 0.734126750083
67.69 0.145498957542
67.76 0.146255822753
67.83 0.301349872479
67.9 0.255594142263
67.97 0.164542750667
68.04 0.121748613324
68.11 0.52953375183
68.18 0.519729557059
68.25 0.146915847859
68.32 0.160790470651
68.39 0.337376312493
68.46 0.179149799219
68.53 0.159231488426
68.6 0.126120849275
68.67 0.67798070318
68.74 0.145960276939
68.81 0.122761292691
68.88 0.292776603187
68.95 0.190984667386
69.02 0.12156778649
69.09 0.0959046305353
69.16 0.736956599576
69.23 0.194699548579
69.3 0.141472287156
69.37 0.196597537651
69.44 0.332505252327
69.51 0.146936507726
69.58 0.138980775993
69.65 0.156019408147
69.72 0.769206760843
69.79 0.142996140169
69.86 0.130595335761
69.93 0.294463250745
70.0 0.154120748698
70.07 0.097577055142
70.14 0.0924457522448
70.21 0.718568389965
70.28 0.17435317501
70.35 0.16078418808
70.42 0.179345802037
70.49 0.32889362212
70.56 0.153368145631
70.63 0.151667470376
70.7 0.255812393954
70.77 0.683306077728
70.84 0.153928968973
70.91 0.174761284557
70.98 0.326524535081
71.05 0.187244792588
71.12 0.121945574753
71.19 0.0840575375289
71.26 0.726929959775
71.33 0.160563499418
71.4 0.113628869955
71.47 0.215328386788
71.54 0.340517701067
71.61 0.154802394141
71.68 0.111939295427
71.75 0.544950993526
71.82 0.478587412254
71.89 0.131058257181
71.96 0.130124481399
72.03 0.342527884747
72.1 0.154264250164
72.17 0.118205682289
72.24 0.0981763837526
72.31 0.739669673402
72.38 0.149725368489
72.45 0.147981785424
72.52 0.268120175033
72.59 0.276066975231
72.66 0.142969357654
72.73 0.107795107403
72.8 0.497895040807
72.87 0.602912691284
72.94 0.134236645699
73.01 0.122077223293
73.08 0.31766613452
73.15 0.158438514937
73.22 0.123412931118
73.29 0.109108277191
73.36 0.734959050772
73.43 0.156222559167
73.5 0.148293375643
73.57 0.291202503555
73.64 0.231522818839
73.71 0.140373292873
73.78 0.124989578366
73.85 0.587296285494
73.92 0.496138843322
73.99 0.150077627591
74.06 0.151639414983
74.13 0.309776830489
74.2 0.15769363654
74.27 0.0845832511839
74.34 0.0824464667768
74.41 0.777326760834
74.48 0.153696220973
74.55 0.139116399373
74.62 0.262756586239
74.69 0.25334040181
74.76 0.0750489605609
74.83 0.0540420319082
74.9 0.673748183532
74.97 0.617540069629
75.04 0.362088314946
75.11 0.355090274047
75.18 0.347662717115
75.25 0.309954656901
75.32 0.767916927779
75.39 0.402382082114
75.46 0.363257281279
75.53 0.329160453322
75.6 0.303285164605
75.67 0.250444148788
75.74 0.201363015855
75.81 0.145391637808
75.88 0.106841825619
75.95 0.777039278133
76.02 0.3271576568
76.09 0.330420096203
76.16 0.26008971074
76.23 0.783966062016
76.3 0.337416012538
76.37 0.266123569962
76.44 0.230381344447
76.51 0.730902730409
76.58 0.268430995387
76.65 0.194161930861
76.72 0.424670207969
76.79 0.58919303423
76.86 0.294009014465
76.93 0.160685789652
77.0 0.555658917083
77.07 0.575261811584
77.14 0.336845007099
77.21 0.215462883266
77.28 0.595577129337
77.35 0.580218615777
77.42 0.366202059884
77.49 0.291784400519
77.56 0.789383068002
77.63 0.301346049195
77.7 0.28438961207
77.77 0.19192869314
77.84 0.793526268592
77.91 0.311666998193
77.98 0.325612374987
78.05 0.217795803451
78.12 0.766595052396
78.19 0.287413920936
78.26 0.278748439089
78.33 0.249166486636
78.4 0.743623767405
78.47 0.349514902091
78.54 0.206194648403
78.61 0.323856870193
78.68 0.710236659809
78.75 0.284550550761
78.82 0.23053686341
78.89 0.729985885117
78.96 0.325099193931
79.03 0.361650398287
79.1 0.235142203469
79.17 0.778040244043
79.24 0.304469307852
79.31 0.356814958261
79.38 0.236701819809
79.45 0.805214274113
79.52 0.323706183333
79.59 0.362026388342
79.66 0.263734127096
79.73 0.80339268099
79.8 0.28108944842
79.87 0.315319499977
79.94 0.700264285166
80.01 0.285930389996
80.08 0.245520789034
80.15 0.162812971219
80.22 0.354072038273
80.29 0.716863894216
80.36 0.301845275078
80.43 0.219839464112
80.5 0.606479509476
80.57 0.502421907774
80.64 0.290213639752
80.71 0.155372459565
80.78 0.660235174428
80.85 0.410248756059
80.92 0.231483390291
80.99 0.165585018645
81.06 0.734437302659
81.13 0.207848845465
81.2 0.236189562961
81.27 0.134408005442
81.34 0.745905847766
81.41 0.290234512541
81.48 0.279193353324
81.55 0.740732641228
81.62 0.35335495028
81.69 0.336616753689
81.76 0.221970221639
81.83 0.33486319494
81.9 0.734139130196
81.97 0.360266908709
82.04 0.26011297773
82.11 0.758220711961
82.18 0.349580663136
82.25 0.372638090103
82.32 0.2630919976
82.39 0.768118720381
82.46 0.343019638861
82.53 0.319660611308
82.6 0.217481263018
82.67 0.743077039634
82.74 0.279848557484
82.81 0.275139316517
82.88 0.133735232027
82.95 0.776704352121
83.02 0.24861275292
83.09 0.257801234374
83.16 0.721804005013
83.23 0.3690456944
83.3 0.321839430455
83.37 0.25866201072
83.44 0.428287964543
83.51 0.735911885329
83.58 0.401115641561
83.65 0.235394698285
83.72 0.775022083859
83.79 0.483384205684
83.86 0.358251238356
83.93 0.227414709339
84.0 0.710791908148
84.07 0.43829257769
84.14 0.316541802611
84.21 0.222041553038
84.28 0.745012537243
84.35 0.218321350674
84.42 0.219973639813
84.49 0.260199640386
84.56 0.760027613521
84.63 0.353290675964
84.7 0.292239647477
84.77 0.718220713784
84.84 0.317407438024
84.91 0.286999920259
84.98 0.19882585308
85.05 0.712548152123
85.12 0.446179839909
85.19 0.298499446799
85.26 0.181639908263
85.33 0.735504505665
85.4 0.206739665366
85.47 0.261096262811
85.54 0.135805849072
85.61 0.791582546086
85.68 0.359064005151
85.75 0.319050780753
85.82 0.228816418094
85.89 0.724539242171
85.96 0.285415292649
86.03 0.281543261647
86.1 0.34763401831
86.17 0.667350209495
86.24 0.335563557924
86.31 0.286668798005
86.38 0.483681506005
86.45 0.595642651427
86.52 0.308589848603
86.59 0.135413135868
86.66 0.610070123708
86.73 0.516753879773
86.8 0.37418335797
86.87 0.311875412738
86.94 0.780416215225
87.01 0.296823152418
87.08 0.331306998633
87.15 0.200881628865
87.22 0.771265405951
87.29 0.272030655516
87.36 0.343763444284
87.43 0.199495882694
87.5 0.70010424279
87.57 0.222032892072
87.64 0.24772432099
87.71 0.359951134449
87.78 0.71889658153
87.85 0.409977160629
87.92 0.29535580721
87.99 0.56606874721
88.06 0.623929260898
88.13 0.314326788715
88.2 0.227201824379
88.27 0.723890906347
88.34 0.490204827417
88.41 0.351902117187
88.48 0.199592682818
88.55 0.83073555294
88.62 0.408819171361
88.69 0.395837066912
88.76 0.236012286983
88.83 0.761145215631
88.9 0.328604774492
88.97 0.325923477996
89.04 0.268006608989
89.11 0.749051756034
89.18 0.252427842836
89.25 0.262911381828
89.32 0.346123601649
89.39 0.677141019982
89.46 0.311229553867
89.53 0.167786506929
89.6 0.467064935782
89.67 0.545614383531
89.74 0.261659630979
89.81 0.11462348263
89.88 0.588462656791
89.95 0.582953642804
90.02 0.404971295295
90.09 0.264664806688
90.16 0.773528206249
90.23 0.351869783844
90.3 0.370910024253
90.37 0.201226415268
90.44 0.757151027354
90.51 0.308825078204
90.58 0.308518852857
90.65 0.289095588555
90.72 0.75921417728
90.79 0.334160074206
90.86 0.353146168469
90.93 0.348561601711
91.0 0.755659273378
91.07 0.291722916494
91.14 0.314684739043
91.21 0.735683424576
91.28 0.267799857834
91.35 0.37158685061
91.42 0.169997999721
91.49 0.719546165128
91.56 0.222391999055
91.63 0.350019387779
91.7 0.201122733791
91.77 0.790823350829
91.84 0.362238929282
91.91 0.354190858543
91.98 0.262008021237
92.05 0.801970268668
92.12 0.356083524585
92.19 0.366488147904
92.26 0.360962162514
92.33 0.760583535026
92.4 0.412899920018
92.47 0.243803062415
92.54 0.475689092316
92.61 0.686797409304
92.68 0.345180378301
92.75 0.284241669013
92.82 0.54782292425
92.89 0.537988543944
92.96 0.146492608818
93.03 0.0747207606278
93.1 0.679712824761
93.17 0.488200646442
93.24 0.366055990347
93.31 0.332423061946
93.38 0.32889135623
93.45 0.306869795657
93.52 0.272017885822
93.59 0.288801853036
93.66 0.313673112195
93.73 0.226962618078
93.8 0.237485008219
93.87 0.259419894977
93.94 0.591822601097
94.01 0.331558064367
94.08 0.457553831257
94.15 0.389836095186
94.22 0.843925612618
94.29 0.282181759394
94.36 0.800276254407
94.43 0.296432576795
94.5 0.155827144932
94.57 0.215399251434
94.64 0.883861533595
94.71 0.267864975466
94.78 0.203825778934
94.85 0.16804884633
94.92 0.167591704466
94.99 0.481461770651
95.06 0.353471552078
95.13 0.37611003283
95.2 0.351950158352
95.27 0.424289197994
95.34 0.236649892135
95.41 0.116583024532
95.48 0.073169504003
95.55 0.0702009302893
95.62 0.0706195334121
95.69 0.0457465402005
95.76 0.040255404157
95.83 0.0332948094997
95.9 0.0428725239648
95.97 0.0377615462114
96.04 0.0309890195698
96.11 0.0228269681025
96.18 0.029314618236
96.25 0.0265907653896
96.32 0.0239941817872
96.39 0.0305785446449
96.46 0.0349770349911
96.53 0.0264050088243
96.6 0.0201990664847
96.67 0.0220235577546
96.74 0.0231661199967
96.81 0.0193040600305
96.88 0.0447083549169
96.95 0.0363696606564
97.02 0.299428517859
97.09 0.434231570271
97.16 0.299319465002
97.23 0.343217526358
97.3 0.348810926884
97.37 0.38968893222
97.44 0.246580909852
97.51 0.112416516041
97.58 0.0553309993405
97.65 0.0438155269536
97.72 0.0412984745415
97.79 0.0373957205878
97.86 0.0329646700309
97.93 0.0366532986882
98.0 0.0519066589177
98.07 0.035920469401
98.14 0.0228572587033
98.21 0.0182984693598
98.28 0.0208092206054
98.35 0.0146231403757
98.42 0.0164286267994
98.49 0.0314412512287
98.56 0.0273785525266
98.63 0.0173377846117
98.7 0.0166503066151
98.77 0.0189097671185
98.84 0.0183085454615
98.91 0.0192079005295
98.98 0.0238034945615
99.05 0.0403262399793
99.12 0.0424743222283
99.19 0.526583187161
99.26 0.481004800798
99.33 0.401199466508
99.4 0.381047883315
99.47 0.342982463188
99.54 0.316419342225
99.61 0.189662283409
99.68 0.0834821955632
99.75 0.056116977112
99.82 0.0525735774643
99.89 0.057642089986
99.96 0.164842809666
100.03 0.499317714399
100.1 0.412957714648
100.17 0.347840132561
100.24 0.449413799005
100.31 0.309813872273
100.38 0.321191010951
100.45 0.193102816072
100.52 0.0727976710256
100.59 0.0451376161881
100.66 0.0532838426807
100.73 0.0338590516683
100.8 0.520544899363
100.87 0.429252068118
100.94 0.300144465004
101.01 0.279874732848
101.08 0.444340276791
101.15 0.450887910273
101.22 0.248116358238
101.29 0.0961383073926
101.36 0.181223382285
101.43 0.556387990961
101.5 0.124231219917
101.57 0.0749944118174
101.64 0.0414322783286
101.71 0.841495791892
101.78 0.391850424787
101.85 0.102612547208
101.92 0.0599156330433
101.99 0.0632017624886
102.06 0.365150304359
102.13 0.842228034484
102.2 0.722742089428
102.27 0.786516864766
102.34 0.432858531498
102.41 0.393728782336
102.48 0.602893749663
102.55 0.598932378218
102.62 0.598571441414
102.69 1.0
102.76 0.949862982358
102.83 0.498852173769
102.9 0.659450791241
102.97 0.391940364012
103.04 0.41318373006
103.11 0.252194501632
103.18 0.466853254895
103.25 0.222034714455
103.32 0.514211749146
103.39 0.607610617672
103.46 0.723538022429
103.53 0.633198214487
103.6 0.759174648315
103.67 0.456808538175
103.74 0.5661244898
103.81 0.642171155508
103.88 0.935314724237
103.95 0.466219195951
104.02 0.533833435572
104.09 0.637976791529
104.16 0.30590915182
104.23 0.215222878279
104.3 0.280794305204
104.37 0.798881983019
104.44 0.370485887968
104.51 0.282331833524
104.58 0.248989327811
104.65 0.427049557068
104.72 0.191607482416
104.79 0.135578721635
104.86 0.0985053321643
104.93 0.701701901365
105.0 0.417188854492
105.07 0.120576057084
105.14 0.167200040992
105.21 0.430633959392
105.28 0.151697976687
105.35 0.147053676693
105.42 0.131654246927
105.49 0.729840491535
105.56 0.183890336816
105.63 0.323661748813
105.7 0.228434282147
105.77 0.222912042869
105.84 0.145541098278
105.91 0.124283641308
105.98 0.591270531699
106.05 0.546857344173
106.12 0.200146927916
106.19 0.193361743155
106.26 0.420929659076
106.33 0.204562248337
106.4 0.182722138487
106.47 0.197969085975
106.54 0.480835592582
106.61 0.654736842763
106.68 0.219522497865
106.75 0.212188634639
106.82 0.432932838215
106.89 0.199585532756
106.96 0.135263236539
107.03 0.106354113288
107.1 0.812644930955
107.17 0.160400318081
107.24 0.126989375396
107.31 0.219903415791
107.38 0.310796324265
107.45 0.152712066541
107.52 0.174591332511
107.59 0.623000810935
107.66 0.495734829487
107.73 0.167547982162
107.8 0.391084239391
107.87 0.312573973795
107.94 0.255697945543
108.01 0.259653989309
108.08 0.201652849057
108.15 0.730652674424
108.22 0.277458036995
108.29 0.161360013535
108.36 0.151171842769
108.43 0.420658985994
108.5 0.221106094341
108.57 0.156357246252
108.64 0.161556051685
108.71 0.790300682227
108.78 0.202139083027
108.85 0.190429345594
108.92 0.345481297354
108.99 0.263077981991
109.06 0.14745921166
109.13 0.11664929324
109.2 0.229284425449
109.27 0.71360339063
109.34 0.145351439397
109.41 0.124463728962
109.48 0.402098882942
109.55 0.213076368299
109.62 0.0917057803339
109.69 0.103839914393
109.76 0.732105013799
109.83 0.2557344527
109.9 0.329314865838
109.97 0.164112104943
110.04 0.264126352162
110.11 0.113647620039
110.18 0.180983708301
110.25 0.153508854946
110.32 0.759691725179
110.39 0.182659886458
110.46 0.171473376429
110.53 0.365680726455
110.6 0.298696632306
110.67 0.13626144656
110.74 0.106067154057
110.81 0.337675788516
110.88 0.713159734396
110.95 0.135758383446
111.02 0.133118231885
111.09 0.421894539953
111.16 0.160172144632
111.23 0.111145460026
111.3 0.135727165848
111.37 0.734220143467
111.44 0.161550323267
111.51 0.145553298943
111.58 0.258489580792
111.65 0.367124691239
111.72 0.110327942949
111.79 0.111402338788
111.86 0.121504037504
111.93 0.725185445063
112.0 0.149475905709
112.07 0.266879446809
112.14 0.256539388828
112.21 0.157997365409
112.28 0.157852273078
112.35 0.273873643969
112.42 0.294734619308
112.49 0.735482871381
112.56 0.179498485149
112.63 0.173478440702
112.7 0.389563351469
112.77 0.174394305998
112.84 0.121592181311
112.91 0.0932202703916
112.98 0.716021200367
113.05 0.244126252656
113.12 0.16206474187
113.19 0.308688242382
113.26 0.343415788558
113.33 0.167989879239
113.4 0.138351235813
113.47 0.112079103778
113.54 0.74123427619
113.61 0.181022371634
113.68 0.154716048542
113.75 0.358871820968
113.82 0.241116500536
113.89 0.132181117237
113.96 0.147588717972
114.03 0.602075080581
114.1 0.517501479656
114.17 0.161038702394
114.24 0.198961009707
114.31 0.476185672955
114.38 0.188791757316
114.45 0.132321060407
114.52 0.120677559141
114.59 0.79626024124
114.66 0.195179564133
114.73 0.184644346651
114.8 0.210372451946
114.87 0.402096697013
114.94 0.168548699819
115.01 0.117256492498
115.08 0.121335126819
115.15 0.765402066875
115.22 0.192586372393
115.29 0.175161114351
115.36 0.452195304224
115.43 0.229697508426
115.5 0.140640414169
115.57 0.143362796092
115.64 0.397952845572
115.71 0.66230030759
115.78 0.160393957408
115.85 0.159030508458
115.92 0.385831320355
115.99 0.210064658978
116.06 0.189285730833
116.13 0.158076162998
116.2 0.664491967095
116.27 0.530112002169
116.34 0.181369641498
116.41 0.30931700526
116.48 0.346933042595
116.55 0.165234596803
116.62 0.15754753911
116.69 0.157649514428
116.76 0.797908403055
116.83 0.160783482372
116.9 0.150297868096
116.97 0.411183135274
117.04 0.186367828651
117.11 0.120945068157
117.18 0.128718711334
117.25 0.28392511931
117.32 0.738104428132
117.39 0.184980319603
117.46 0.174403545291
117.53 0.425863868515
117.6 0.286176666397
117.67 0.14122742868
117.74 0.131411191308
117.81 0.812316102486
117.88 0.190111602045
117.95 0.17090883208
118.02 0.234174652244
118.09 0.361588803618
118.16 0.155447421782
118.23 0.120633109743
118.3 0.118285667216
118.37 0.782360536513
118.44 0.159143709095
118.51 0.170214396487
118.58 0.331739503002
118.65 0.313156648991
118.72 0.107293510563
118.79 0.0801154145342
118.86 0.132182230192
118.93 0.761910839435
119.0 0.165066261656
119.07 0.172385934473
119.14 0.441910324036
119.21 0.225653871287
119.28 0.138343280556
119.35 0.130284964494
119.42 0.780529434458
119.49 0.162895342909
119.56 0.137134531426
119.63 0.10998527832
119.7 0.421241190718
119.77 0.15685195523
119.84 0.133668691821
119.91 0.222614266496
119.98 0.766463547972
120.05 0.201573273237
120.12 0.17752806288
120.19 0.727717353612
120.26 0.553981082976
120.33 0.188694371426
120.4 0.192679211625
120.47 0.413670234598
120.54 0.688768894319
120.61 0.269423015817
120.68 0.331714502889
120.75 0.633761862521
120.82 0.430471470746
120.89 0.117738733032
120.96 0.148974317237
121.03 0.764403345471
121.1 0.52169158893
121.17 0.132736380452
121.24 0.234657572452
121.31 0.552965564969
121.38 0.396761636874
121.45 0.335627390591
121.52 0.374349261723
121.59 0.809754520715
121.66 0.346519773661
121.73 0.279059331037
121.8 0.438191097948
121.87 0.532701790888
121.94 0.3073859167
122.01 0.153828151239
122.08 0.381209193921
122.15 0.834133268912
122.22 0.184011372768
122.29 0.12798447249
122.36 0.562563940231
122.43 0.380340382356
122.5 0.334832250698
122.57 0.303105203402
122.64 0.735199117126
122.71 0.45202678405
122.78 0.268209415988
122.85 0.234436874492
122.92 0.611362549948
122.99 0.281762341778
123.06 0.144165531415
123.13 0.322184890954
123.2 0.868566100504
123.27 0.342269009732
123.34 0.308764046986
123.41 0.295240041291
123.48 0.37553506185
123.55 0.25191405091
123.62 0.35163146735
123.69 0.551457260785
123.76 0.608979262272
123.83 0.232774799344
123.9 0.207179065964
123.97 0.447316360395
124.04 0.232353492401
124.11 0.192302714836
124.18 0.163125123029
124.25 0.781957666316
124.32 0.14160841634
124.39 0.14343566071
124.46 0.20611329576
124.53 0.481615916318
124.6 0.254604785674
124.67 0.185385915006
124.74 0.254617520036
124.81 0.837467681266
124.88 0.290876078585
124.95 0.42610685533
125.02 0.273356733537
125.09 0.373787896315
125.16 0.304311496035
125.23 0.289819397979
125.3 0.527054766757
125.37 0.741676183494
125.44 0.299896903637
125.51 0.292431085041
125.58 0.572635445045
125.65 0.511508038275
125.72 0.439857307858
125.79 0.409822524034
125.86 0.814647644726
125.93 0.379376753902
126.0 0.3725245659
126.07 0.329776454874
126.14 0.553257784935
126.21 0.333744800651
126.28 0.283523084062
126.35 0.293253403537
126.42 0.866796316971
126.49 0.353841950394
126.56 0.306077418162
126.63 0.538848875852
126.7 0.576717476808
126.77 0.497497414609
126.84 0.466252389347
126.91 0.56091598204
126.98 0.830913455595
127.05 0.399363699711
127.12 0.552974409103
127.19 0.602733613378
127.26 0.470108451257
127.33 0.275748242389
127.4 0.313897710612
127.47 0.868276549957
127.54 0.510778950451
127.61 0.46957602454
127.68 0.445797503127
127.75 0.476942593023
127.82 0.402955205608
127.89 0.466964232412
127.96 0.7065195369
128.03 0.673049185475
128.1 0.408675661527
128.17 0.416612910024
128.24 0.507855242679
128.31 0.405503659716
128.38 0.360150723456
128.45 0.307372795546
128.52 0.686831092697
128.59 0.673454141184
128.66 0.422442927394
128.73 0.307115127395
128.8 0.391839464457
128.87 0.274864505883
128.94 0.338631578866
129.01 0.253326670715
129.08 0.795459452891
129.15 0.355569475107
129.22 0.359603995685
129.29 0.327251608057
129.36 0.442644597282
129.43 0.2277519998
129.5 0.152770926707
129.57 0.401952937996
129.64 0.846439509333
129.71 0.22140240537
129.78 0.114349413966
129.85 0.390505783568
129.92 0.352706943601
129.99 0.174680770582
130.06 0.0916007367182
130.13 0.579289904544
130.2 0.555147087937
130.27 0.171375953348
130.34 0.0974185692293
130.41 0.283560563776
130.48 0.131568728838
130.55 0.212721448148
130.62 0.341901341271
130.69 0.365456430219
130.76 0.121677342362
130.83 0.338451773867
130.9 0.784074638822
130.97 0.230766273474
131.04 0.21102886204
131.11 0.209549079071
131.18 0.163556144387
131.25 0.828791227003
131.32 0.275805648368
131.39 0.101398320704
131.46 0.288479628844
131.53 0.808850024854
131.6 0.233102061122
131.67 0.0978139704474
131.74 0.191245282962
131.81 0.820959512119
131.88 0.332893401207
131.95 0.256443220029
132.02 0.407861621854
132.09 0.255214060216
132.16 0.244036379445
132.23 0.849862102686
132.3 0.824077239474
132.37 0.425693283284
132.44 0.286913753179
132.51 0.220365742147
132.58 0.38101534449
132.65 0.197790342793
132.72 0.452962350603
132.79 0.777833538447
132.86 0.747982917533
132.93 0.295119428392
133.0 0.189404277745
133.07 0.305030342255
133.14 0.314483554522
133.21 0.375960260881
133.28 0.732688194799
133.35 0.813570149908
133.42 0.28470835514
133.49 0.275655242305
133.56 0.376857064614
133.63 0.866478327959
133.7 0.270141828565
133.77 0.288127894143
133.84 0.360029822323
133.91 0.363924249104
133.98 0.313184011693
134.05 0.204623601262
134.12 0.187432992634
134.19 0.488813282164
134.26 0.24368928531
134.33 0.139133500015
134.4 0.149364348935
134.47 0.363837821684
134.54 0.200897578431
134.61 0.126668077271
134.68 0.301527767695
134.75 0.438984134662
134.82 0.193248801928
134.89 0.0985575545808
134.96 0.356242843586
135.03 0.414565652947
135.1 0.188193241339
135.17 0.282451945268
135.24 0.267766225578
135.31 0.35857463129
135.38 0.373722069256
135.45 0.362383919336
135.52 0.430993236526
135.59 0.333638422791
135.66 0.251490009463
135.73 0.24870297852
135.8 0.247126352657
135.87 0.18320988243
135.94 0.163809405348
136.01 0.146377498398
136.08 0.865824352977
136.15 0.320200774782
136.22 0.216864621774
136.29 0.30778772601
136.36 0.433287172601
136.43 0.191889648595
136.5 0.117731070657
136.57 0.265042226755
136.64 0.808575016176
136.71 0.25259483723
136.78 0.248434940455
136.85 0.333980775942
136.92 0.204761177195
136.99 0.354444112065
137.06 0.352444614427
137.13 0.738613175034
137.2 0.403269350881
137.27 0.255830074784
137.34 0.254020020317
137.41 0.503183540932
137.48 0.183820114653
137.55 0.195302163987
137.62 0.283839697919
137.69 0.815844387516
137.76 0.32509596664
137.83 0.489118955218
137.9 0.403541011397
137.97 0.300872754141
138.04 0.148299117077
138.11 0.0850328915265
138.18 0.49736584417
138.25 0.740834522639
138.32 0.129915020844
138.39 0.0899372724689
138.46 0.0713951236032
138.53 0.0796256566722
138.6 0.284390232238
138.67 0.830455135691
138.74 0.23120328452
138.81 0.218220465996
138.88 0.178824799612
138.95 0.174829577412
139.02 0.725141263445
139.09 0.336353175812
139.16 0.121840073682
139.23 0.0907271637138
139.3 0.503970881771
139.37 0.63786228919
139.44 0.115555563411
139.51 0.0828795271576
139.58 0.0733850918542
139.65 0.0673501754646
139.72 0.819495603404
139.79 0.381067641289
139.86 0.159542633276
139.93 0.163920537209
140.0 0.179736564547
140.07 0.403126962371
140.14 0.712656213827
140.21 0.136979488515
140.28 0.0894700015053
140.35 0.149456056616
140.42 0.874587584261
140.49 0.167899980923
140.56 0.139952513119
140.63 0.13185974194
140.7 0.1313183372
140.77 0.720871262223
140.84 0.474475262831
140.91 0.209266562362
140.98 0.238456772309
141.05 0.251054498164
141.12 0.456348160652
141.19 0.741929023261
141.26 0.172966835635
141.33 0.134149321964
141.4 0.168686643018
141.47 0.787320373671
141.54 0.159478370118
141.61 0.143120055671
141.68 0.148722059516
141.75 0.130781175078
141.82 0.13623713263
141.89 0.827544818711
141.96 0.214120979341
142.03 0.205212040207
142.1 0.182339133189
142.17 0.160491919766
142.24 0.775826636915
142.31 0.175933705049
142.38 0.126660256833
142.45 0.113729053574
142.52 0.860164614009
142.59 0.258461668586
142.66 0.104059014979
142.73 0.105549870781
142.8 0.0915864542602
142.87 0.0862346216938
142.94 0.827558339673
143.01 0.275304592665
143.08 0.215162718271
143.15 0.163740012555
143.22 0.136811745643
143.29 0.814592334487
143.36 0.234748949129
143.43 0.124948918781
143.5 0.116662772362
143.57 0.459884787732
143.64 0.743946518786
143.71 0.132740810887
143.78 0.119025913414
143.85 0.106656031862
143.92 0.0996360554285
143.99 0.810946985555
144.06 0.213787605143
144.13 0.168450015017
144.2 0.169462589318
144.27 0.146417359297
144.34 0.531189652262
144.41 0.639750996199
144.48 0.131706632056
144.55 0.116033320513
144.62 0.210387165825
144.69 0.818514715314
144.76 0.155504460496
144.83 0.11959706111
144.9 0.105834737991
144.97 0.105723615428
145.04 0.528928001181
145.11 0.687263612872
145.18 0.174160947128
145.25 0.155794907357
145.32 0.180495567339
145.39 0.160628525001
145.46 0.840976032593
145.53 0.184512680444
145.6 0.129436596155
145.67 0.106469445927
145.74 0.70276618298
145.81 0.604175996595
145.88 0.119875882845
145.95 0.119720523806
146.02 0.101615828565
146.09 0.119741882873
146.16 0.715919848006
146.23 0.518416344501
146.3 0.183914416439
146.37 0.154303794004
146.44 0.152915409098
146.51 0.603723883949
146.58 0.635885472776
146.65 0.108337316409
146.72 0.0957595707469
146.79 0.583237544895
146.86 0.719943582124
146.93 0.182270423789
147.0 0.177695394786
147.07 0.193772554663
147.14 0.253135552998
147.21 0.858316214196
147.28 0.249985631769
147.35 0.197066064757
147.42 0.162165643285
147.49 0.145900756624
147.56 0.475757642722
147.63 0.747740887469
147.7 0.203317260759
147.77 0.209025370037
147.84 0.183316849775
147.91 0.139945608521
147.98 0.414749086905
148.05 0.796428770712
148.12 0.195042286661
148.19 0.221187082508
148.26 0.170742954361
148.33 0.298338099002
148.4 0.818065986163
148.47 0.176779536929
148.54 0.119074785808
148.61 0.287794742164
148.68 0.787313850286
148.75 0.12911643702
148.82 0.0821167206079
148.89 0.247668661151
148.96 0.713348358425
149.03 0.298382028648
149.1 0.205974156855
149.17 0.381179847054
149.24 0.189493228607
149.31 0.134349923508
149.38 0.158524091603
149.45 0.205655255722
149.52 0.150183280217
149.59 0.139420909263
149.66 0.168845281416
149.73 0.366008424303
149.8 0.133688871918
149.87 0.169825653474
149.94 0.159923525168
150.01 0.173900369673
150.08 0.155062958579
150.15 0.148239008208
150.22 0.315511562357
150.29 0.321852425158
150.36 0.163524160644
150.43 0.189660598635
150.5 0.242671221547
150.57 0.218039735859
150.64 0.272317065243
150.71 0.494941293477
150.78 0.435432301847
150.85 0.284303863394
150.92 0.200538878695
150.99 0.264438221316
151.06 0.427285154865
151.13 0.726603633363
151.2 0.224545308566
151.27 0.23333324894
151.34 0.51410028721
151.41 0.318242627562
151.48 0.221171211973
151.55 0.188508037463
151.62 0.517952085117
151.69 0.729421023711
151.76 0.318492838821
151.83 0.283295863646
151.9 0.508943822418
151.97 0.248941292225
152.04 0.135908038242
152.11 0.245729452761
152.18 0.914014680234
152.25 0.366983396159
152.32 0.301789690551
152.39 0.288744994702
152.46 0.278240147782
152.53 0.3989403742
152.6 0.822192996372
152.67 0.423277104393
152.74 0.402372309123
152.81 0.344322064961
152.88 0.25365438437
152.95 0.2482068823
153.02 0.165407270335
153.09 0.129861174089
153.16 0.141766286734
153.23 0.519741255639
153.3 0.771689610111
153.37 0.303170510711
153.44 0.251463120023
153.51 0.325448221092
153.58 0.187227000184
153.65 0.118600888252
153.72 0.315893407281
153.79 0.85875537026
153.86 0.372133114417
153.93 0.309178684567
154.0 0.309890246836
154.07 0.281908000349
154.14 0.136715348116
154.21 0.114386571974
154.28 0.390937407428
154.35 0.835269252911
154.42 0.40061880895
154.49 0.215591095314
154.56 0.232816904748
154.63 0.18030567787
154.7 0.363447822528
154.77 0.818791048939
154.84 0.472565846676
154.91 0.406457936373
154.98 0.303405207545
155.05 0.256111429259
155.12 0.19758493239
155.19 0.131491951677
155.26 0.103283946398
155.33 0.237822489286
155.4 0.808795795958
155.47 0.437592304895
155.54 0.448906270125
155.61 0.446438732589
155.68 0.405085276023
155.75 0.378255339665
155.82 0.325326934098
155.89 0.342897549461
155.96 0.31332772143
156.03 0.272728488551
156.1 0.302509744565
156.17 0.379600145456
156.24 0.295632552731
156.31 0.270606282274
156.38 0.246767559013
156.45 0.353424324477
156.52 0.811478673091
156.59 0.213763778422
156.66 0.232429595466
156.73 0.254810797649
156.8 0.189308189838
156.87 0.176624641853
156.94 0.164800555496
157.01 0.191078916174
157.08 0.208249764969
157.15 0.223700539433
157.22 0.279990773984
157.29 0.251170838692
157.36 0.206733008091
157.43 0.222022632803
157.5 0.347723454521
157.57 0.868860269303
157.64 0.307987120691
157.71 0.307349782388
157.78 0.351849616764
157.85 0.275607887323
157.92 0.204265969851
157.99 0.212823303524
158.06 0.20169356257
158.13 0.224490969955
158.2 0.241250721797
158.27 0.228716104305
158.34 0.304938116683
158.41 0.222196356994
158.48 0.237764408282
158.55 0.212438965841
158.62 0.835741249982
158.69 0.285228580262
158.76 0.253759251326
158.83 0.276725499661
158.9 0.311288362894
158.97 0.26140095215
159.04 0.282680734235
159.11 0.300105960665
159.18 0.2924928573
159.25 0.225999492639
159.32 0.268972799936
159.39 0.321913607932
159.46 0.234096761198
159.53 0.154795497911
159.6 0.129292534958
159.67 0.643199691462
159.74 0.579061549788
159.81 0.2858896021
159.88 0.266251499355
159.95 0.250649402057
160.02 0.0962155782708
160.09 0.455856070885
160.16 0.784180427197
160.23 0.257261170386
160.3 0.224045071075
160.37 0.216133688322
160.44 0.23685939546
160.51 0.791600476099
160.58 0.390918316112
160.65 0.311017452717
160.72 0.195726777252
160.79 0.144688949425
160.86 0.272439699499
160.93 0.696035271745
161.0 0.59717296181
161.07 0.317344906129
161.14 0.321881440091
161.21 0.339527191541
161.28 0.444059588974
161.35 0.818233024257
161.42 0.257487786441
161.49 0.154048095142
161.56 0.594841188983
161.63 0.585471033658
161.7 0.201676830123
161.77 0.109578726166
161.84 0.42085129012
161.91 0.750122569403
161.98 0.236951965053
162.05 0.235915441299
162.12 0.135825211886
162.19 0.0806987712639
162.26 0.738267357497
162.33 0.48839294034
162.4 0.255042721858
162.47 0.201501740075
162.54 0.159033415902
162.61 0.21021053326
162.68 0.827151910252
162.75 0.299150342326
162.82 0.226348499346
162.89 0.226332904029
162.96 0.214468634137
163.03 0.305904342962
163.1 0.863341053693
163.17 0.387235578585
163.24 0.256278364146
163.31 0.304036831377
163.38 0.241416835682
163.45 0.687082017103
163.52 0.499413727923
163.59 0.2099597976
163.66 0.182860813428
163.73 0.832821502173
163.8 0.288968133354
163.87 0.131088726301
163.94 0.106768643944
164.01 0.814169247931
164.08 0.301711835767
164.15 0.247338211133
164.22 0.194468402602
164.29 0.0957081507366
164.36 0.139739561214
164.43 0.819896588923
164.5 0.346143790114
164.57 0.245236369981
164.64 0.176236127568
164.71 0.146115561595
164.78 0.452593780248
164.85 0.775468534102
164.92 0.387583854479
164.99 0.228375920347
165.06 0.1631059127
165.13 0.146223948725
165.2 0.373877193058
165.27 0.820633063905
165.34 0.370676323221
165.41 0.254539103661
165.48 0.226446512842
165.55 0.31247608768
165.62 0.86818347084
165.69 0.285079163492
165.76 0.199956392246
165.83 0.659269175947
165.9 0.572745330991
165.97 0.172193559684
166.04 0.108240266172
166.11 0.68088093662
166.18 0.57820946788
166.25 0.346700867344
166.32 0.317528698984
166.39 0.287891344244
166.46 0.276153665782
166.53 0.307626665517
166.6 0.256871070814
166.67 0.336598929673
166.74 0.200419745087
166.81 0.194713659026
166.88 0.269867628801
166.95 0.189850290059
167.02 0.1423762019
167.09 0.136930581719
167.16 0.382688485962
167.23 0.897116151174
167.3 0.529863352952
167.37 0.484212230283
167.44 0.487062526722
167.51 0.475529204285
167.58 0.404775724828
167.65 0.437997719919
167.72 0.738355666806
167.79 0.774234385052
167.86 0.525247448653
167.93 0.344516048281
168.0 0.20265799436
168.07 0.163452510328
168.14 0.129114046538
168.21 0.0860959476825
168.28 0.0689522691233
168.35 0.0471411332952
168.42 0.0371056316939
168.49 0.0368842252356
168.56 0.0343180075467
168.63 0.029333624012
168.7 0.0249545039184
168.77 0.0236629451697
168.84 0.0215157815504
168.91 0.0230121891105
168.98 0.022388825506
169.05 0.0215562458805
169.12 0.0191638332748
169.19 0.0349644400964
169.26 0.0174081443831
169.33 0.0265029107461
169.4 0.0218250900713
169.47 0.0162433388467
169.54 0.0324655984925
169.61 0.013654090334
169.68 0.0123972805147
169.75 0.0256069447516
169.82 0.0700762839743
169.89 0.0237465032675
169.96 0.0173429625955
170.03 0.0147355869555
170.1 0.113038939631
170.17 0.096613030599
170.24 0.0325945134595
170.31 0.0198598355587
170.38 0.0121379294491
170.45 0.0
170.52 0.0
170.59 0.0
170.66 0.0
170.73 0.0
170.8 0.0
170.87 0.0
170.94 0.0
171.01 0.0
171.08 0.0
171.15 0.0
171.22 0.0
171.29 0.0
171.36 0.0
171.43 0.0
171.5 0.0
171.57 0.0
171.64 0.0
171.71 0.0
171.78 0.0
171.85 0.0
171.92 0.0
171.99 0.0
172.06 0.0
172.13 0.0
172.2 0.0
172.27 0.0
172.34 0.0
172.41 0.0
172.48 0.0
172.55 0.0
172.62 0.0
172.69 0.0
172.76 0.0
172.83 0.0
172.9 0.0
172.97 0.0
173.04 0.0
173.11 0.0
173.18 0.0
173.25 0.0
173.32 0.0
173.39 0.0
173.46 0.0
173.53 0.0
173.6 0.0
173.67 0.0
173.74 0.0
173.81 0.0
173.88 0.0
173.95 0.0
174.02 0.0
174.09 0.0
174.16 0.0
174.23 0.0
174.3 0.0
174.37 0.0
174.44 0.0
174.51 0.0
174.58 0.0
174.65 0.0
174.72 0.0
174.79 0.0
174.86 0.0
174.93 0.0
175.0 0.0
175.07 0.0
175.14 0.0
175.21 0.0
175.28 0.0
175.35 0.0
175.42 0.0
175.49 0.0
175.56 0.0
175.63 0.0
175.7 0.0
175.77 0.0
175.84 0.0
175.91 0.0
175.98 0.0
176.05 0.0
176.12 0.0
176.19 0.0
176.26 0.0
176.33 0.0
176.4 0.0
176.47 0.0
176.54 0.0
176.61 0.0
176.68 0.0
176.75 0.0
176.82 0.0
176.89 0.0
176.96 0.0
177.03 0.0
177.1 0.0
177.17 0.0
177.24 0.0
177.31 0.0
177.38 0.0
177.45 0.0
177.52 0.0
177.59 0.0
177.66 0.0
177.73 0.0
177.8 0.0
177.87 0.0
177.94 0.0
178.01 0.0
178.08 0.0
178.15 0.0
178.22 0.0
178.29 0.0
178.36 0.0
178.43 0.0
178.5 0.0
178.57 0.0
178.64 0.0
178.71 0.0
178.78 0.0
178.85 0.0
178.92 0.0
178.99 0.0
179.06 0.0
179.13 0.0
179.2 0.0
179.27 0.0
179.34 0.0
179.41 0.0
