0.0 0.0
0.07 0.0
0.14 0.0
0.21 0.0
0.28 0.0
0.35 0.0
0.42 0.0
0.49 0.0
0.56 0.0
0.63 0.0
0.7 0.0
0.77 0.0
0.84 0.0
0.91 0.0
0.98 0.0
1.05 0.0
1.12 0.0
1.19 0.0
1.26 0.0
1.33 0.0
1.4 0.0
1.47 0.0
1.54 0.0
1.61 0.0
1.68 0.0
1.75 0.0
1.82 0.0
1.89 0.0
1.96 0.0
2.03 0.0
2.1 0.0
2.17 0.0
2.24 0.0
2.31 0.0
2.38 0.0
2.45 0.0
2.52 0.0
2.59 0.0
2.66 0.0
2.73 0.0
2.8 0.0
2.87 0.0
2.94 0.0
3.01 0.0
3.08 0.0
3.15 0.0
3.22 0.0
3.29 0.0
3.36 0.0
3.43 0.0
3.5 0.0
3.57 0.0
3.64 0.0
3.71 0.0
3.78 0.0
3.85 0.0
3.92 0.0
3.99 3.70148142965e-05
4.06 4.0142928464e-05
4.13 3.96889638287e-05
4.2 3.99867935099e-05
4.27 4.042451289e-05
4.34 7.09574703051e-05
4.41 8.30619905632e-05
4.48 0.0062016343494
4.55 0.0180689179236
4.62 0.0277165039588
4.69 0.0451848248648
4.76 0.0531895950132
4.83 0.0457903622451
4.9 0.0285762344595
4.97 0.0566651527743
5.04 0.0547242851879
5.11 0.0323291041443
5.18 0.037859258012
5.25 0.0558424289653
5.32 0.0384940729524
5.39 0.0507066873345
5.46 0.0369664169733
5.53 0.0637800096402
5.6 0.0378194643565
5.67 0.035048586964
5.74 0.0703553308907
5.81 0.0867472456903
5.88 0.0539411303083
5.95 0.0538980948219
6.02 0.0468472126741
6.09 0.0743822959388
6.16 0.0629494357628
6.23 0.0450352981195
6.3 0.0380952772042
6.37 0.0540810696454
6.44 0.0499409852743
6.51 0.0632797478321
6.58 0.0598496271477
6.65 0.0761746277405
6.72 0.0689061412999
6.79 0.0601252558825
6.86 0.0394724741409
6.93 0.0503100630354
7.0 0.0545635483139
7.07 0.0319663954258
7.14 0.109924204377
7.21 0.201995288289
7.28 0.278694590847
7.35 0.222014135042
7.42 0.168704205105
7.49 0.149240118479
7.56 0.331692462064
7.63 0.373157127968
7.7 0.322905442258
7.77 0.27067197709
7.84 0.1544361634
7.91 0.0485572442072
7.98 0.0364939986304
8.05 0.038241215553
8.12 0.0654500697226
8.19 0.174581183441
8.26 0.450726515571
8.33 0.24745775269
8.4 0.122510149167
8.47 0.319857261064
8.54 0.520215271294
8.61 0.236774240115
8.68 0.390722510665
8.75 0.326249746478
8.82 0.328587932397
8.89 0.452501127409
8.96 0.300004550928
9.03 0.280808595852
9.1 0.15791308486
9.17 0.0765674091343
9.24 0.245305476571
9.31 0.120812683339
9.38 0.0697132516135
9.45 0.0525902931034
9.52 0.0383152875998
9.59 0.0251233072416
9.66 0.0242180421927
9.73 0.0159168232096
9.8 0.0152403536294
9.87 0.0155104995906
9.94 0.0175219600316
10.01 0.022269082664
10.08 0.056504646944
10.15 0.242230629693
10.22 0.153030604955
10.29 0.0166341739749
10.36 0.0138681214233
10.43 0.0483875742479
10.5 0.202874207144
10.57 0.181071011328
10.64 0.0169385595192
10.71 0.00788899201868
10.78 0.155070617335
10.85 0.214240310151
10.92 0.138904379818
10.99 0.00880130389834
11.06 0.00666591562445
11.13 0.069451384415
11.2 0.19711045192
11.27 0.147185800347
11.34 0.0084450138607
11.41 0.24099920775
11.48 0.163426243483
11.55 0.0390267124569
11.62 0.0328037065716
11.69 0.074366880094
11.76 0.238257713512
11.83 0.191511544521
11.9 0.18933447724
11.97 0.117357489908
12.04 0.118379798411
12.11 0.218409580026
12.18 0.236973726436
12.25 0.193649406587
12.32 0.114531708065
12.39 0.0115574513568
12.46 0.0526548355029
12.53 0.118808860875
12.6 0.183592446435
12.67 0.087402593731
12.74 0.00193201843485
12.81 0.00466606602843
12.88 0.205339236017
12.95 0.183365015567
13.02 0.081380618368
13.09 0.0012622139219
13.16 0.00285141685589
13.23 0.135123678401
13.3 0.17389129528
13.37 0.0552233069415
13.44 0.000985346035107
13.51 0.00057245933288
13.58 0.22358624887
13.65 0.192719583224
13.72 0.0435943701436
13.79 0.000642244437258
13.86 0.000572667813657
13.93 0.152875089126
14.0 0.166383871819
14.07 0.0304157406777
14.14 0.22289773975
14.21 0.180440699933
14.28 0.0905037164068
14.35 0.032746090066
14.42 0.009196117754
14.49 0.248511738539
14.56 0.183472210787
14.63 0.171735728594
14.7 0.142864113877
14.77 0.0155686909977
14.84 0.278809835591
14.91 0.242831074186
14.98 0.28629200129
15.05 0.15493257057
15.12 0.0103471509534
15.19 0.0613545939202
15.26 0.0669428029153
15.33 0.174188782908
15.4 0.126117311547
15.47 0.00739412995297
15.54 0.00525934816861
15.61 0.253149146132
15.68 0.271923544052
15.75 0.220931772342
15.82 0.00724372686645
15.89 0.00312751309306
15.96 0.111704456929
16.03 0.212080031438
16.1 0.14084655244
16.17 0.00870058692528
16.24 0.00059016395366
16.31 0.291002042322
16.38 0.207493555428
16.45 0.124168462125
16.52 0.00277614446527
16.59 0.000568418776871
16.66 0.125063181295
16.73 0.194735499378
16.8 0.108520049341
16.87 0.187923385481
16.94 0.290527508486
17.01 0.149996309845
17.08 0.0332439710417
17.15 0.020727463888
17.22 0.234667818937
17.29 0.26244699709
17.36 0.187440979013
17.43 0.184782160489
17.5 0.0695474028992
17.57 0.256386405853
17.64 0.263288349695
17.71 0.351035206559
17.78 0.186103663276
17.85 0.0435162963489
17.92 0.0446474309155
17.99 0.0671417621675
18.06 0.189420056343
18.13 0.184375630195
18.2 0.0616018358763
18.27 0.00262248059499
18.34 0.00690669016392
18.41 0.360719283048
18.48 0.173613863322
18.55 0.0379593531527
18.62 0.00133581846631
18.69 0.00415578992295
18.76 0.201529410467
18.83 0.168181693614
18.9 0.0435574997316
18.97 0.00073740463048
19.04 0.0524646486886
19.11 0.401474826409
19.18 0.158382009571
19.25 0.0183868790863
19.32 0.000633480122001
19.39 0.0444245766977
19.46 0.21076573613
19.53 0.153375034152
19.6 0.0217627658883
19.67 0.411985587841
19.74 0.201760325941
19.81 0.0648910614611
19.88 0.0282965326781
19.95 0.00416749011685
20.02 0.447952000144
20.09 0.309399402305
20.16 0.202807878669
20.23 0.136675702263
20.3 0.0115236982288
20.37 0.521594142394
20.44 0.457481512956
20.51 0.595012015284
20.58 0.430752818896
20.65 0.0203018815187
20.72 0.0921223819163
20.79 0.156198245634
20.86 0.234012367107
20.93 0.162876460722
21.0 0.00870535039515
21.07 0.0195704271643
21.14 0.29802667304
21.21 0.534577687101
21.28 0.407986010489
21.35 0.321657566579
21.42 0.383929822482
21.49 0.278738535165
21.56 0.231237373347
21.63 0.119505806697
21.7 0.0314241279
21.77 0.0741719027343
21.84 0.416468384827
21.91 0.472103305023
21.98 0.306951810909
22.05 0.303417066268
22.12 0.275183115729
22.19 0.3219107191
22.26 0.208843209437
22.33 0.0968935168412
22.4 0.197790323978
22.47 0.354737020114
22.54 0.36829895277
22.61 0.349330931262
22.68 0.240784026708
22.75 0.241017749002
22.82 0.589453994486
22.89 0.462418139199
22.96 0.494190309962
23.03 0.113754120795
23.1 0.446283204484
23.17 0.549676355931
23.24 0.474594116921
23.31 0.44507492481
23.38 0.285662898362
23.45 0.372563934274
23.52 0.267464904664
23.59 0.388646492481
23.66 0.348672545358
23.73 0.234663617733
23.8 0.167346588213
23.87 0.179743893098
23.94 0.441857056509
24.01 0.457682815135
24.08 0.220118793881
24.15 0.198479885429
24.22 0.2126479421
24.29 0.414968390907
24.36 0.293089156917
24.43 0.252931179029
24.5 0.192335899174
24.57 0.159461353361
24.64 0.436778804129
24.71 0.441401192081
24.78 0.236738385934
24.85 0.204083765681
24.92 0.257190616389
24.99 0.388232404533
25.06 0.324281613036
25.13 0.0736551790675
25.2 0.415580569889
25.27 0.471569465174
25.34 0.301387386773
25.41 0.266632347963
25.48 0.207243298172
25.55 0.471308105189
25.62 0.508481433467
25.69 0.278368467346
25.76 0.13988048862
25.83 0.386928935785
25.9 0.523070633039
25.97 0.532205520621
26.04 0.518454393916
26.11 0.393925798849
26.18 0.290685422295
26.25 0.163396693364
26.32 0.284201207144
26.39 0.311610538595
26.46 0.239143246894
26.53 0.212274595446
26.6 0.37599670474
26.67 0.294803739829
26.74 0.37207042598
26.81 0.12923306127
26.88 0.0928270776277
26.95 0.151291451095
27.02 0.385381733153
27.09 0.355235781944
27.16 0.0750419661199
27.23 0.228862159076
27.3 0.191184823556
27.37 0.32105055088
27.44 0.502744944099
27.51 0.240161048241
27.58 0.331526844393
27.65 0.275822658941
27.72 0.301134093459
27.79 0.299603538605
27.86 0.141409548009
27.93 0.276842853756
28.0 0.380634948061
28.07 0.270433095123
28.14 0.350626131175
28.21 0.413353546643
28.28 0.358346451415
28.35 0.462291576025
28.42 0.372629840373
28.49 0.30633135858
28.56 0.280143814733
28.63 0.372868956091
28.7 0.44858284673
28.77 0.441867196256
28.84 0.457545820702
28.91 0.317648644594
28.98 0.15947844698
29.05 0.22361316455
29.12 0.344497742169
29.19 0.398026174401
29.26 0.228321742607
29.33 0.237153290658
29.4 0.274118232021
29.47 0.469955548694
29.54 0.381469550762
29.61 0.134569304549
29.68 0.112796611005
29.75 0.173294612466
29.82 0.305674916692
29.89 0.266022934284
29.96 0.171376994548
30.03 0.171020389533
30.1 0.231225527848
30.17 0.477386238595
30.24 0.323368206406
30.31 0.185466161551
30.38 0.116283109946
30.45 0.262235514551
30.52 0.389182210462
30.59 0.313317004295
30.66 0.282483188361
30.73 0.478912564268
30.8 0.487907503487
30.87 0.372353240532
30.94 0.211148775786
31.01 0.251941064109
31.08 0.299219562139
31.15 0.32821686008
31.22 0.387668942364
31.29 0.341069905748
31.36 0.230638772691
31.43 0.176001556656
31.5 0.186949591627
31.57 0.377193674107
31.64 0.281373914493
31.71 0.337270449183
31.78 0.271720548757
31.85 0.331802414465
31.92 0.512346238376
31.99 0.503487882946
32.06 0.448501982361
32.13 0.440001980116
32.2 0.754553798002
32.27 0.779384103111
32.34 0.530692429415
32.41 0.385436458004
32.48 0.285059772499
32.55 0.539079548796
32.62 0.379243626778
32.69 0.306800538702
32.76 0.382664362217
32.83 0.424288427469
32.9 0.757964479433
32.97 0.665861290384
33.04 0.553061183039
33.11 0.55934706438
33.18 0.561379896357
33.25 0.565484092251
33.32 0.419435489561
33.39 0.183876778114
33.46 0.44189417782
33.53 0.652984774834
33.6 0.826073522009
33.67 0.609942267747
33.74 0.511415599141
33.81 0.588047473058
33.88 0.681527764281
33.95 0.50291203738
34.02 0.279512233501
34.09 0.153575994278
34.16 0.543013151459
34.23 0.700364040378
34.3 0.741307984478
34.37 0.518380500567
34.44 0.410566333743
34.51 0.414120605182
34.58 0.522754797297
34.65 0.452052376599
34.72 0.264563420834
34.79 0.286929384786
34.86 0.311768767382
34.93 0.581325141272
35.0 1.0
35.07 0.668983869432
35.14 0.563636749502
35.21 0.471984743539
35.28 0.572190017232
35.35 0.433586369581
35.42 0.425302042053
35.49 0.358794210362
35.56 0.327918102614
35.63 0.751815933676
35.7 0.774578349547
35.77 0.584026514242
35.84 0.566003117329
35.91 0.43227028549
35.98 0.527950432477
36.05 0.5450007043
36.12 0.364625562997
36.19 0.303890338389
36.26 0.406523901407
36.33 0.87571352512
36.4 0.69972760362
36.47 0.496419529026
36.54 0.434883838414
36.61 0.634490478509
36.68 0.59404199033
36.75 0.343072105491
36.82 0.235849063798
36.89 0.459377391113
36.96 0.735144428104
37.03 0.860853655226
37.1 0.767716043225
37.17 0.503316792429
37.24 0.572206233607
37.31 0.540521847691
37.38 0.590162993385
37.45 0.502243573101
37.52 0.276630635668
37.59 0.164889989726
37.66 0.315975944658
37.73 0.649103802285
37.8 0.674896028674
37.87 0.525803149969
37.94 0.449980037063
38.01 0.454762172733
38.08 0.52100777622
38.15 0.353732585002
38.22 0.120212324585
38.29 0.305824141997
38.36 0.68504884576
38.43 0.720518579236
38.5 0.588968671995
38.57 0.530726956901
38.64 0.513947767849
38.71 0.545082482915
38.78 0.555715979959
38.85 0.298262564075
38.92 0.208234948269
38.99 0.448216519832
39.06 0.700217142657
39.13 0.770241517986
39.2 0.654263967755
39.27 0.594536828028
39.34 0.661782160016
39.41 0.672486851891
39.48 0.390487857879
39.55 0.182797483059
39.62 0.37257530505
39.69 0.520237748409
39.76 0.744987703583
39.83 0.676906982804
39.9 0.383040543667
39.97 0.334202528199
40.04 0.465757741321
40.11 0.586631476134
40.18 0.43426607648
40.25 0.205496060492
40.32 0.308255503481
40.39 0.346552404159
40.46 0.784905304038
40.53 0.94468965459
40.6 0.697010579249
40.67 0.622849301814
40.74 0.608077203229
40.81 0.611011228111
40.88 0.360165429045
40.95 0.278685554875
41.02 0.415916218525
41.09 0.344312303482
41.16 0.809478780684
41.23 0.541502567439
41.3 0.56869516823
41.37 0.53674930771
41.44 0.556629092369
41.51 0.497033501304
41.58 0.335972724036
41.65 0.150467114493
41.72 0.385697817087
41.79 0.522789412326
41.86 0.543478010343
41.93 0.479637397778
42.0 0.322610765961
42.07 0.302582079999
42.14 0.288873653046
42.21 0.55350235995
42.28 0.265720129945
42.35 0.199545489344
42.42 0.322429504109
42.49 0.313415943315
42.56 0.364155681621
42.63 0.390579873713
42.7 0.31882567652
42.77 0.306772751192
42.84 0.449410231122
42.91 0.545526030732
42.98 0.402104840876
43.05 0.3112730019
43.12 0.209983204888
43.19 0.554837299368
43.26 0.795572160713
43.33 0.486940248349
43.4 0.365806305158
43.47 0.370806926878
43.54 0.492181533599
43.61 0.572056103982
43.68 0.337918581623
43.75 0.412593262375
43.82 0.478132598873
43.89 0.688676216335
43.96 0.761975015113
44.03 0.710372678116
44.1 0.656718742262
44.17 0.670266082165
44.24 0.597451984045
44.31 0.490630360807
44.38 0.28487786535
44.45 0.457788808206
44.52 0.581337530987
44.59 0.69398559989
44.66 0.683416544164
44.73 0.407832639033
44.8 0.370475838646
44.87 0.505316142935
44.94 0.525611199641
45.01 0.550213930383
45.08 0.288500729671
45.15 0.410675729293
45.22 0.509408925635
45.29 0.728041669441
45.36 0.808472049576
45.43 0.521060891888
45.5 0.625343239118
45.57 0.504499380232
45.64 0.563862128955
45.71 0.643800068469
45.78 0.508406771176
45.85 0.47373262742
45.92 0.42412484948
45.99 0.879068492546
46.06 0.581061359841
46.13 0.402128604075
46.2 0.451403028472
46.27 0.436720758027
46.34 0.517226164166
46.41 0.473291442385
46.48 0.418113858617
46.55 0.480846119684
46.62 0.521434421751
46.69 0.783682943337
46.76 0.648741940125
46.83 0.488493608835
46.9 0.423540131297
46.97 0.51060006476
47.04 0.581215965936
47.11 0.397484097305
47.18 0.233053910579
47.25 0.350985900404
47.32 0.568855751677
47.39 0.785589970252
47.46 0.417002184964
47.53 0.36956277046
47.6 0.514774590877
47.67 0.661322940943
47.74 0.536349431652
47.81 0.320902636928
47.88 0.320046393742
47.95 0.587722666326
48.02 0.765588836242
48.09 0.931090058213
48.16 0.681549712523
48.23 0.676278060379
48.3 0.609672178644
48.37 0.593740112872
48.44 0.427447359788
48.51 0.253291507818
48.58 0.234733361322
48.65 0.177235213225
48.72 0.652168448045
48.79 0.801025203769
48.86 0.484302084765
48.93 0.409283346653
49.0 0.212480754054
49.07 0.575001061921
49.14 0.427542272693
49.21 0.275048830643
49.28 0.359961381418
49.35 0.489940209112
49.42 0.676751757584
49.49 0.875012766176
49.56 0.64332695158
49.63 0.612434882868
49.7 0.630596264273
49.77 0.537459359843
49.84 0.404265218865
49.91 0.211719342546
49.98 0.462700620724
50.05 0.505581515499
50.12 0.760089033024
50.19 0.642431908407
50.26 0.543637422327
50.33 0.458904149677
50.4 0.530020147501
50.47 0.628917692579
50.54 0.483795281534
50.61 0.435256296091
50.68 0.487184840523
50.75 0.509966417673
50.82 0.765939975632
50.89 0.69264942493
50.96 0.51807132538
51.03 0.512068677358
51.1 0.504008192302
51.17 0.542377782375
51.24 0.38960790023
51.31 0.331322907775
51.38 0.433604371129
51.45 0.494618636877
51.52 0.88460938543
51.59 0.549164131297
51.66 0.430134178815
51.73 0.40238657873
51.8 0.535751214564
51.87 0.475765285212
51.94 0.307051832044
52.01 0.427045606501
52.08 0.530848057157
52.15 0.57245723273
52.22 0.764128830019
52.29 0.570679675085
52.36 0.474376194943
52.43 0.463165114993
52.5 0.57093527342
52.57 0.502815604642
52.64 0.314243193232
52.71 0.405993209528
52.78 0.376100018247
52.85 0.421957863282
52.92 0.41350416543
52.99 0.474381561292
53.06 0.360431109366
53.13 0.398945518671
53.2 0.136176040626
53.27 0.249327653781
53.34 0.238353880009
53.41 0.382880542342
53.48 0.364641256816
53.55 0.306548600964
53.62 0.578922588042
53.69 0.36537364798
53.76 0.470536406824
53.83 0.325961579114
53.9 0.38239941203
53.97 0.320745883751
54.04 0.27583214617
54.11 0.357971121035
54.18 0.209459322479
54.25 0.656729782718
54.32 0.628492485656
54.39 0.48470002854
54.46 0.444877679432
54.53 0.303869915396
54.6 0.570392939108
54.67 0.557977326723
54.74 0.434709446501
54.81 0.351612488026
54.88 0.377290051791
54.95 0.875109188987
55.02 0.775946117015
55.09 0.556862072796
55.16 0.527027046748
55.23 0.498921952672
55.3 0.624528863566
55.37 0.467997267999
55.44 0.294189876756
55.51 0.487260599369
55.58 0.528378975995
55.65 0.745448105852
55.72 0.607486922851
55.79 0.517605525174
55.86 0.492867077959
55.93 0.625941405665
56.0 0.569138425437
56.07 0.416108783464
56.14 0.22712981649
56.21 0.533876751264
56.28 0.67050927454
56.35 0.738535542125
56.42 0.708700127094
56.49 0.665685850651
56.56 0.627892531228
56.63 0.589204186682
56.7 0.679349030056
56.77 0.451756351043
56.84 0.340848870999
56.91 0.460268930726
56.98 0.569400105815
57.05 0.733393987401
57.12 0.731204623364
57.19 0.707585118651
57.26 0.621878924879
57.33 0.638639347051
57.4 0.61299998671
57.47 0.55278198847
57.54 0.509558623858
57.61 0.493460402517
57.68 0.719461337116
57.75 0.846319932299
57.82 0.592211218644
57.89 0.558212569753
57.96 0.513072602551
58.03 0.6409435136
58.1 0.595266860922
58.17 0.415918410732
58.24 0.470339293214
58.31 0.514777263222
58.38 0.714004858189
58.45 0.71317355147
58.52 0.746305721762
58.59 0.733282717329
58.66 0.949399011517
58.73 0.597687703603
58.8 0.492815443317
58.87 0.322272083072
58.94 0.55596478146
59.01 0.493789516048
59.08 0.665632779207
59.15 0.801641851099
59.22 0.62788166225
59.29 0.553440350006
59.36 0.480195717421
59.43 0.681022381607
59.5 0.572142245351
59.57 0.352853099368
59.64 0.589610253085
59.71 0.396356040312
59.78 0.646363209659
59.85 0.551325851325
59.92 0.469682352235
59.99 0.441914886911
60.06 0.409505594381
60.13 0.627345756546
60.2 0.519027814427
60.27 0.516104168458
60.34 0.416232677904
60.41 0.532447457598
60.48 0.854903249238
60.55 0.798597878329
60.62 0.598591508384
60.69 0.620619347201
60.76 0.60654075947
60.83 0.600648468175
60.9 0.386056919359
60.97 0.235026891425
61.04 0.466970415337
61.11 0.584310812528
61.18 0.777666015736
61.25 0.683690696385
61.32 0.531963001521
61.39 0.568166589137
61.46 0.577634547774
61.53 0.574221154287
61.6 0.35321255723
61.67 0.258823982049
61.74 0.601683457003
61.81 0.807315472232
61.88 0.657826040526
61.95 0.634082871515
62.02 0.61394570425
62.09 0.613274757154
62.16 0.571084263169
62.23 0.610841427287
62.3 0.489259261256
62.37 0.332946584946
62.44 0.357163908737
62.51 0.604594506581
62.58 0.694989393315
62.65 0.726691593056
62.72 0.773868319074
62.79 0.712947311921
62.86 0.694548821087
62.93 0.591784972024
63.0 0.403120642253
63.07 0.391358817461
63.14 0.393444355364
63.21 0.777268221778
63.28 0.819541958257
63.35 0.597099535108
63.42 0.547651573478
63.49 0.588505318505
63.56 0.664463998066
63.63 0.49725323553
63.7 0.312496681173
63.77 0.395436380162
63.84 0.514830125283
63.91 0.74010651337
63.98 0.713836621422
64.05 0.755146984476
64.12 0.732249247433
64.19 0.968970015388
64.26 0.558019509333
64.33 0.484061149578
64.4 0.273051168741
64.47 0.54572250807
64.54 0.51636546978
64.61 0.718711416419
64.68 0.731724417384
64.75 0.557798202025
64.82 0.663960456521
64.89 0.560418681746
64.96 0.599503150598
65.03 0.468610751114
65.1 0.391482920382
65.17 0.377065295074
65.24 0.400011550377
65.31 0.628212622324
65.38 0.573028541357
65.45 0.492892703044
65.52 0.467127743415
65.59 0.488280099249
65.66 0.569777406383
65.73 0.480413259441
65.8 0.195074877202
65.87 0.384829186894
65.94 0.616161569714
66.01 0.89197662768
66.08 0.729289811362
66.15 0.569185777649
66.22 0.538768542408
66.29 0.556514174335
66.36 0.575250722615
66.43 0.388685490119
66.5 0.39757509059
66.57 0.581437328298
66.64 0.705414377994
66.71 0.7145538332
66.78 0.66807540497
66.85 0.614680933822
66.92 0.602438035576
66.99 0.611683995578
67.06 0.506341853917
67.13 0.320066392554
67.2 0.485798952375
67.27 0.642516582288
67.34 0.866389567135
67.41 0.642903545173
67.48 0.507848808928
67.55 0.558199602429
67.62 0.514328988036
67.69 0.627326987861
67.76 0.560969191934
67.83 0.403246534859
67.9 0.382696083786
67.97 0.462786375817
68.04 0.663304480331
68.11 0.690332319035
68.18 0.751560988761
68.25 0.73119933102
68.32 0.751730559444
68.39 0.713043846644
68.46 0.508566310413
68.53 0.294344905227
68.6 0.304105942711
68.67 0.445242585773
68.74 0.777417161889
68.81 0.840800735856
68.88 0.556250364023
68.95 0.61874960405
69.02 0.614588500124
69.09 0.631560709884
69.16 0.474153765809
69.23 0.405401005893
69.3 0.560449406036
69.37 0.586930579263
69.44 0.742621536114
69.51 0.722272878187
69.58 0.672767240486
69.65 0.749247945985
69.72 0.847273907843
69.79 0.553724760204
69.86 0.390700398164
69.93 0.278891116018
70.0 0.699641424345
70.07 0.635269574782
70.14 0.762094126228
70.21 0.547100133701
70.28 0.545289590065
70.35 0.547147438079
70.42 0.58873339828
70.49 0.615527546279
70.56 0.460608686704
70.63 0.352674163295
70.7 0.30507500378
70.77 0.521338339188
70.84 0.736127870737
70.91 0.568269825027
70.98 0.509089582723
71.05 0.528891064349
71.12 0.540586337745
71.19 0.612964707431
71.26 0.47972228736
71.33 0.252413872338
71.4 0.366043289138
71.47 0.694442248602
71.54 0.804712899295
71.61 0.740969195995
71.68 0.602787605493
71.75 0.608519135546
71.82 0.618382387273
71.89 0.538504042575
71.96 0.275629733898
72.03 0.397373551953
72.1 0.516247962433
72.17 0.654331039902
72.24 0.682655666042
72.31 0.686172733138
72.38 0.635261859189
72.45 0.582152837032
72.52 0.619147376347
72.59 0.473417003769
72.66 0.265434694491
72.73 0.467491601034
72.8 0.633189663153
72.87 0.906836947929
72.94 0.553662548998
73.01 0.412702963877
73.08 0.466755614253
73.15 0.531126415997
73.22 0.691668263854
73.29 0.626744404124
73.36 0.393135839915
73.43 0.468713013192
73.5 0.575993785107
73.57 0.719236694115
73.64 0.731129345558
73.71 0.74339680663
73.78 0.661989727448
73.85 0.725402762185
73.92 0.679276454377
73.99 0.54525012312
74.06 0.296229645457
74.13 0.416957431993
74.2 0.545735795786
74.27 0.80818538219
74.34 0.768637818869
74.41 0.574399964008
74.48 0.599252390642
74.55 0.580208196034
74.62 0.64316357034
74.69 0.432274264675
74.76 0.303196962011
74.83 0.549556266491
74.9 0.623808484865
74.97 0.785744584469
75.04 0.592486792325
75.11 0.669113289966
75.18 0.78811403709
75.25 0.678023509276
75.32 0.666769047274
75.39 0.718610598364
75.46 0.705344519786
75.53 0.72252834295
75.6 0.754403986062
75.67 0.742695774223
75.74 0.308816508104
75.81 0.229773859954
75.88 0.457489592263
75.95 0.447857981631
76.02 0.557577248502
76.09 0.288556775802
76.16 0.401770281575
76.23 0.690800295203
76.3 0.698085104516
76.37 0.669631458558
76.44 0.426572403873
76.51 0.276004783596
76.58 0.249505972534
76.65 0.52009651577
76.72 0.634904789379
76.79 0.535773446196
76.86 0.549347425611
76.93 0.564795444144
77.0 0.759098859441
77.07 0.636378909119
77.14 0.377038096004
77.21 0.42493808606
77.28 0.554501356513
77.35 0.614348746328
77.42 0.526966718187
77.49 0.243866478171
77.56 0.342839721626
77.63 0.577144276798
77.7 0.699918607209
77.77 0.676937104215
77.84 0.512757038466
77.91 0.439353807063
77.98 0.53287464554
78.05 0.580583208728
78.12 0.390588021611
78.19 0.161848007902
78.26 0.502086896638
78.33 0.679548711319
78.4 0.832903487637
78.47 0.618898732787
78.54 0.52503690279
78.61 0.347591337876
78.68 0.46002203714
78.75 0.661685372589
78.82 0.594705360819
78.89 0.438231259017
78.96 0.298071916978
79.03 0.523266588724
79.1 0.65351209131
79.17 0.479481746572
79.24 0.472437782195
79.31 0.416897579058
79.38 0.512536167071
79.45 0.640625220312
79.52 0.581830523043
79.59 0.515430196135
79.66 0.567737245991
79.73 0.655669768074
79.8 0.702006214577
79.87 0.579163733514
79.94 0.537141274133
80.01 0.561515061394
80.08 0.607316517343
80.15 0.567702893594
80.22 0.286348832608
80.29 0.23928885041
80.36 0.530044557802
80.43 0.684273325248
80.5 0.669808354948
80.57 0.399572422172
80.64 0.522968843879
80.71 0.595876887408
80.78 0.589339493414
80.85 0.456992289799
80.92 0.227067927482
80.99 0.304326114656
81.06 0.428468070842
81.13 0.744583165137
81.2 0.676478163116
81.27 0.518031816017
81.34 0.575673882636
81.41 0.473903782918
81.48 0.511208589462
81.55 0.56945702197
81.62 0.44378169689
81.69 0.355183907233
81.76 0.211665361368
81.83 0.61900820505
81.9 0.626224621837
81.97 0.378757123798
82.04 0.277987833793
82.11 0.270444043523
82.18 0.567650113662
82.25 0.627374196573
82.32 0.530230721208
82.39 0.563375380492
82.46 0.567953745606
82.53 0.788742524503
82.6 0.550059055339
82.67 0.397919069432
82.74 0.457528932856
82.81 0.568016429729
82.88 0.557846400795
82.95 0.451133704701
83.02 0.215643559964
83.09 0.434273635938
83.16 0.620352582058
83.23 0.8427961514
83.3 0.649859084819
83.37 0.531313130839
83.44 0.436556195395
83.51 0.54902270552
83.58 0.504623068899
83.65 0.333677684612
83.72 0.19038453264
83.79 0.555358625857
83.86 0.7141598289
83.93 0.791627439978
84.0 0.604595828764
84.07 0.502208627751
84.14 0.315590900518
84.21 0.471907184178
84.28 0.642966116481
84.35 0.559950975429
84.42 0.406583562108
84.49 0.271773265513
84.56 0.556887541746
84.63 0.627281770096
84.7 0.401779738119
84.77 0.340262752114
84.84 0.3044586615
84.91 0.562239127767
84.98 0.647641597538
85.05 0.565049500083
85.12 0.521795368762
85.19 0.569276855771
85.26 0.703481409212
85.33 0.670889969464
85.4 0.529017606766
85.47 0.458197763556
85.54 0.533989635933
85.61 0.614995159478
85.68 0.525284443478
85.75 0.243521585985
85.82 0.295635062793
85.89 0.567394656119
85.96 0.661633263225
86.03 0.61129013568
86.1 0.507203180063
86.17 0.510219334638
86.24 0.495313381467
86.31 0.650422274429
86.38 0.51449704069
86.45 0.377635721042
86.52 0.705228420361
86.59 0.486774434833
86.66 0.68187299852
86.73 0.579378827915
86.8 0.501852654496
86.87 0.573979399617
86.94 0.465145923345
87.01 0.636478905886
87.08 0.539115826256
87.15 0.531136212788
87.22 0.402204011843
87.29 0.432105026117
87.36 0.690578303789
87.43 0.582157406461
87.5 0.388229326057
87.57 0.36558548611
87.64 0.37637347463
87.71 0.610583242347
87.78 0.616471421787
87.85 0.522267863819
87.92 0.587715544586
87.99 0.62261208679
88.06 0.760444466576
88.13 0.542183144361
88.2 0.412015120813
88.27 0.468776270411
88.34 0.590148609114
88.41 0.568274314133
88.48 0.371561691368
88.55 0.197610905061
88.62 0.494583118432
88.69 0.640735418197
88.76 0.792242144195
88.83 0.623150241559
88.9 0.513840153862
88.97 0.454103494415
89.04 0.529042659657
89.11 0.497407273944
89.18 0.272110509793
89.25 0.270222011495
89.32 0.650225801604
89.39 0.732177317052
89.46 0.729182372463
89.53 0.56147759081
89.6 0.470056609525
89.67 0.284580878617
89.74 0.560467009575
89.81 0.637176200981
89.88 0.533359036637
89.95 0.361289817318
90.02 0.242445234932
90.09 0.589207148734
90.16 0.558289037072
90.23 0.383298025549
90.3 0.333332460301
90.37 0.32142181092
90.44 0.599888752491
90.51 0.618679714254
90.58 0.541221231204
90.65 0.536285115783
90.72 0.575918186909
90.79 0.734227709248
90.86 0.58426142605
90.93 0.539145148942
91.0 0.450609144504
91.07 0.547043577649
91.14 0.639847578892
91.21 0.467300936789
91.28 0.207818080577
91.35 0.368346019787
91.42 0.578552125824
91.49 0.831600656967
91.56 0.580854472904
91.63 0.52910523277
91.7 0.542814328487
91.77 0.5109850015
91.84 0.579868979759
91.91 0.469771331109
91.98 0.520559429736
92.05 0.436645928771
92.12 0.57100908825
92.19 0.75430936106
92.26 0.639074386866
92.33 0.550113402036
92.4 0.62678359851
92.47 0.54005114954
92.54 0.58843264355
92.61 0.462377746275
92.68 0.236270172405
92.75 0.23151672044
92.82 0.462960473511
92.89 0.64404694942
92.96 0.661416565057
93.03 0.523473896232
93.1 0.440933563381
93.17 0.482730742587
93.24 0.655211871184
93.31 0.595005166104
93.38 0.532854840769
93.45 0.575965990377
93.52 0.67038611926
93.59 0.666234715556
93.66 0.524491751731
93.73 0.373754616727
93.8 0.380229481831
93.87 0.561347534905
93.94 0.555912417587
94.01 0.349922113251
94.08 0.247708341169
94.15 0.542671518252
94.22 0.716575808834
94.29 0.846697997296
94.36 0.574501282958
94.43 0.381564327387
94.5 0.629600805566
94.57 0.648143686937
94.64 0.433457881344
94.71 0.215005522146
94.78 0.401460917763
94.85 0.543953357345
94.92 0.809908283575
94.99 0.636549662998
95.06 0.583353542807
95.13 0.5896705293
95.2 0.529386828027
95.27 0.652977087218
95.34 0.710323560586
95.41 0.701421854692
95.48 0.637249064561
95.55 0.442120808157
95.62 0.693357920226
95.69 0.665645270906
95.76 0.580620495199
95.83 0.53736775014
95.9 0.27883570977
95.97 0.382180284293
96.04 0.324827471665
96.11 0.168721029774
96.18 0.0921976173039
96.25 0.0667047025253
96.32 0.0759246926821
96.39 0.135141086997
96.46 0.197682876957
96.53 0.279041811519
96.6 0.302994935113
96.67 0.199833618802
96.74 0.389449976493
96.81 0.562028204787
96.88 0.603909125576
96.95 0.49512106833
97.02 0.207831567749
97.09 0.129376788459
97.16 0.0933975126213
97.23 0.0705464933229
97.3 0.0568827706048
97.37 0.0371465813676
97.44 0.0291672530941
97.51 0.00508267289413
97.58 0.00363878015912
97.65 0.00579554718905
97.72 0.0184387889947
97.79 0.0332808757492
97.86 0.0244720863982
97.93 0.00408936487888
98.0 0.167349166696
98.07 0.467075151206
98.14 0.363046736268
98.21 0.347964013962
98.28 0.0357568584366
98.35 0.575072443573
98.42 0.679302194082
98.49 0.580217392653
98.56 0.513735079551
98.63 0.299629301775
98.7 0.465192024672
98.77 0.456876643436
98.84 0.31385909583
98.91 0.316480123377
98.98 0.371997178831
99.05 0.750936453457
99.12 0.559098993916
99.19 0.538093068301
99.26 0.563238530461
99.33 0.497545757526
99.4 0.524733327703
99.47 0.32904811355
99.54 0.178637747344
99.61 0.33427160122
99.68 0.435254833116
99.75 0.764639932828
99.82 0.74276826687
99.89 0.615089955958
99.96 0.518063792094
100.03 0.52652312705
100.1 0.55336013996
100.17 0.440207849919
100.24 0.348761813939
100.31 0.465621458069
100.38 0.627573791196
100.45 0.754145015934
100.52 0.390902840219
100.59 0.256588804587
100.66 0.287590305851
100.73 0.447103892221
100.8 0.557469608342
100.87 0.411683666161
100.94 0.159771677449
101.01 0.314983949801
101.08 0.354148224372
101.15 0.923231144284
101.22 0.717054864266
101.29 0.689965940694
101.36 0.627396164671
101.43 0.593666661755
101.5 0.483577859549
101.57 0.331609968657
101.64 0.347251164035
101.71 0.408343154305
101.78 0.551687884061
101.85 0.700397060665
101.92 0.509010893414
101.99 0.559869376414
102.06 0.533827529945
102.13 0.526580689405
102.2 0.485371523462
102.27 0.249674945753
102.34 0.247192193306
102.41 0.408364557429
102.48 0.580445536507
102.55 0.832872024188
102.62 0.670307564425
102.69 0.614437386758
102.76 0.508346695319
102.83 0.644049989087
102.9 0.563831688956
102.97 0.310295102509
103.04 0.313006856197
103.11 0.451970306471
103.18 0.695541927842
103.25 0.674198792242
103.32 0.461520420974
103.39 0.519322353541
103.46 0.454240864295
103.53 0.594957579239
103.6 0.529639038323
103.67 0.337541466973
103.74 0.288341857392
103.81 0.135897699837
103.88 0.73230091637
103.95 0.567643928732
104.02 0.492769524298
104.09 0.501289522647
104.16 0.393121497159
104.23 0.549715761505
104.3 0.435863552761
104.37 0.261046490017
104.44 0.272511788358
104.51 0.484885756934
104.58 0.767441913567
104.65 0.488238093531
104.72 0.356727426704
104.79 0.270839223799
104.86 0.271178053797
104.93 0.427639739712
105.0 0.238311431157
105.07 0.190087359086
105.14 0.422483148199
105.21 0.476330307828
105.28 0.680980000444
105.35 0.670982339986
105.42 0.586561595363
105.49 0.566797004907
105.56 0.507526555408
105.63 0.571983790935
105.7 0.345162967325
105.77 0.188449752511
105.84 0.350413057503
105.91 0.635899323008
105.98 0.786990146102
106.05 0.63144291283
106.12 0.540956304482
106.19 0.52539544821
106.26 0.515840035046
106.33 0.475696313272
106.4 0.220418460179
106.47 0.18956924284
106.54 0.167808546417
106.61 0.529308244311
106.68 0.762710047034
106.75 0.655862603767
106.82 0.685465600638
106.89 0.689535265437
106.96 0.636895631883
107.03 0.497677830549
107.1 0.314666972378
107.17 0.363945717111
107.24 0.452437052512
107.31 0.682795387873
107.38 0.67134187005
107.45 0.566333631562
107.52 0.515622109459
107.59 0.449263054524
107.66 0.539854393325
107.73 0.38268287188
107.8 0.160326941179
107.87 0.304835987338
107.94 0.235974361648
108.01 0.75006027283
108.08 0.729201059019
108.15 0.698390480118
108.22 0.692563620199
108.29 0.580619237997
108.36 0.619908816736
108.43 0.484147257554
108.5 0.261206195318
108.57 0.376906580734
108.64 0.309374642731
108.71 0.717785653468
108.78 0.755980654879
108.85 0.445510446568
108.92 0.367248984012
108.99 0.271316148395
109.06 0.549418968813
109.13 0.330546533485
109.2 0.181319135943
109.27 0.180323957918
109.34 0.333191557079
109.41 0.773615631347
109.48 0.483932722712
109.55 0.376115157922
109.62 0.413923366122
109.69 0.51202359858
109.76 0.539983690215
109.83 0.331629046905
109.9 0.2506917417
109.97 0.494444501278
110.04 0.558224354783
110.11 0.766718707289
110.18 0.718688514219
110.25 0.720897324729
110.32 0.661205797309
110.39 0.573704705887
110.46 0.447666611621
110.53 0.243667531554
110.6 0.254507161935
110.67 0.253202658906
110.74 0.548623488297
110.81 0.638855569594
110.88 0.300943056477
110.95 0.373879354115
111.02 0.390418331796
111.09 0.468300018188
111.16 0.464058939772
111.23 0.334646158145
111.3 0.264243697963
111.37 0.380844963112
111.44 0.702860423496
111.51 0.708922428071
111.58 0.502818452977
111.65 0.51465532814
111.72 0.561618453419
111.79 0.521475709068
111.86 0.393751532384
111.93 0.223150410329
112.0 0.392817726227
112.07 0.430926135013
112.14 0.665862457334
112.21 0.627746462917
112.28 0.406611866757
112.35 0.365892905004
112.42 0.410988676989
112.49 0.534763873973
112.56 0.393627942994
112.63 0.237584345873
112.7 0.425563022983
112.77 0.514406612378
112.84 0.74250344845
112.91 0.538189660784
112.98 0.484689939334
113.05 0.481419424673
113.12 0.419088537837
113.19 0.610042364693
113.26 0.408120902064
113.33 0.29983339543
113.4 0.386623800251
113.47 0.342549115668
113.54 0.776796941506
113.61 0.645898511422
113.68 0.576654860503
113.75 0.655770644792
113.82 0.665155011662
113.89 0.706954112321
113.96 0.506834401936
114.03 0.357596263573
114.1 0.703508789687
114.17 0.740419911421
114.24 0.691200257902
114.31 0.641648212019
114.38 0.599840949925
114.45 0.497124379067
114.52 0.597152647165
114.59 0.604985745578
114.66 0.261804948499
114.73 0.211499853804
114.8 0.200089894023
114.87 0.659023332993
114.94 0.704945649129
115.01 0.559035837778
115.08 0.42961156534
115.15 0.425686857857
115.22 0.554071196591
115.29 0.468609686148
115.36 0.290666073294
115.43 0.34332556216
115.5 0.413499925418
115.57 0.74246287412
115.64 0.449536787979
115.71 0.421057293112
115.78 0.446077760667
115.85 0.533641650831
115.92 0.619170714462
115.99 0.489770928136
116.06 0.274872095802
116.13 0.406784709957
116.2 0.501629152273
116.27 0.763654656286
116.34 0.454854764371
116.41 0.388749869164
116.48 0.499310434488
116.55 0.573397601068
116.62 0.548780719806
116.69 0.419238872333
116.76 0.248671532286
116.83 0.431849696732
116.9 0.547302943981
116.97 0.719123712877
117.04 0.531895724504
117.11 0.378655710084
117.18 0.43175111962
117.25 0.420282598401
117.32 0.584590102763
117.39 0.333148476467
117.46 0.211827164111
117.53 0.361547754068
117.6 0.444319558342
117.67 0.598321548341
117.74 0.55904793237
117.81 0.485186072139
117.88 0.232104141653
117.95 0.14818628335
118.02 0.0998403113963
118.09 0.0876389197781
118.16 0.0687170763107
118.23 0.0526185544326
118.3 0.0481341076514
118.37 0.0420499337182
118.44 0.0383470660268
118.51 0.0379358986141
118.58 0.0372568054251
118.65 0.409797418733
118.72 0.584270692163
118.79 0.57152375599
118.86 0.496555073119
118.93 0.332065903481
119.0 0.141062301163
119.07 0.0921707079409
119.14 0.0130402307205
119.21 0.0014571443508
119.28 0.000148594448098
119.35 4.87826967634e-05
119.42 4.0283720677e-05
119.49 3.919980114e-05
119.56 3.93875240906e-05
119.63 4.05644025887e-05
119.7 3.9588784754e-05
119.77 4.35417968872e-05
119.84 4.54894224999e-05
119.91 0.00017901459124
119.98 0.158583022946
120.05 0.348484892804
120.12 0.147014474274
120.19 0.0692538502327
120.26 0.037121380464
120.33 0.0200885280677
120.4 0.0456279214243
120.47 0.25667060035
120.54 0.29782611724
120.61 0.120316468404
120.68 0.0403781985695
120.75 0.0241007162511
120.82 0.0166325350091
120.89 0.0778741449834
120.96 0.324217857629
121.03 0.292581684021
121.1 0.123082055259
121.17 0.056884276901
121.24 0.0360282778452
121.31 0.0215752649562
121.38 0.0482082753647
121.45 0.410188911336
121.52 0.272588348637
121.59 0.101359436811
121.66 0.054991250689
121.73 0.0491644828268
121.8 0.186527126542
121.87 0.131671612181
121.94 0.0750359923785
122.01 0.201959910636
122.08 0.161037481572
122.15 0.0742660268413
122.22 0.0387224758275
122.29 0.1984745263
122.36 0.19038885478
122.43 0.0453268038839
122.5 0.194949705705
122.57 0.206230810828
122.64 0.101738379052
122.71 0.132715344566
122.78 0.262012660334
122.85 0.228341980585
122.92 0.0540871580061
122.99 0.225642279974
123.06 0.171697142502
123.13 0.0671736840943
123.2 0.237595997332
123.27 0.197157964779
123.34 0.0634617777233
123.41 0.0769840782734
123.48 0.190247876649
123.55 0.195150442007
123.62 0.215080690747
123.69 0.186624456379
123.76 0.0525863274561
123.83 0.355928937206
123.9 0.364979588626
123.97 0.200705124406
124.04 0.117405307817
124.11 0.0583951361886
124.18 0.0575191568225
124.25 0.149339731678
124.32 0.31845764748
124.39 0.129082369379
124.46 0.0398247263301
124.53 0.0510417294807
124.6 0.0648689624988
124.67 0.0712308562921
124.74 0.204035583156
124.81 0.42141388098
124.88 0.324615605558
124.95 0.310312224106
125.02 0.29144787711
125.09 0.24834541059
125.16 0.108955526876
125.23 0.296675599376
125.3 0.345106875166
125.37 0.203000677359
125.44 0.0886157857899
125.51 0.071428359789
125.58 0.524897144858
125.65 0.338696026295
125.72 0.2869210979
125.79 0.483765599647
125.86 0.399417583228
125.93 0.293988015018
126.0 0.219657746314
126.07 0.2625961881
126.14 0.407835324013
126.21 0.343841950994
126.28 0.212490762937
126.35 0.243948790172
126.42 0.520545084273
126.49 0.241438670788
126.56 0.182174704048
126.63 0.453914381593
126.7 0.271504133075
126.77 0.360063338446
126.84 0.296353072394
126.91 0.288748555554
126.98 0.357869101734
127.05 0.320518068413
127.12 0.414896033637
127.19 0.356067860312
127.26 0.255466640109
127.33 0.326928619454
127.4 0.225368968895
127.47 0.245505516133
127.54 0.280779219918
127.61 0.565987259252
127.68 0.289036664255
127.75 0.276443332387
127.82 0.211301506456
127.89 0.157377448106
127.96 0.582714901206
128.03 0.355246638287
128.1 0.329943389572
128.17 0.17924300314
128.24 0.151938277596
128.31 0.460030760842
128.38 0.186661782561
128.45 0.169314775807
128.52 0.403189766717
128.59 0.220731042357
128.66 0.180730231899
128.73 0.173830876468
128.8 0.0989429965948
128.87 0.0417145287614
128.94 0.0305937309154
129.01 0.453215598252
129.08 0.301442355302
129.15 0.249401107606
129.22 0.249885810972
129.29 0.0907547317747
129.36 0.518727695067
129.43 0.292814804337
129.5 0.196642991087
129.57 0.348069941149
129.64 0.348374138068
129.71 0.167437632942
129.78 0.0737094625882
129.85 0.250565562996
129.92 0.404012069051
129.99 0.235653299446
130.06 0.180465225756
130.13 0.255514051886
130.2 0.511225195723
130.27 0.250199849808
130.34 0.248191003048
130.41 0.476419641389
130.48 0.299945136614
130.55 0.268790010287
130.62 0.246962831961
130.69 0.226650994809
130.76 0.190714934058
130.83 0.152479685929
130.9 0.485700042235
130.97 0.234775361624
131.04 0.252496705992
131.11 0.24975589947
131.18 0.227590230492
131.25 0.194393929347
131.32 0.140880977038
131.39 0.553607075964
131.46 0.238758774948
131.53 0.191042451041
131.6 0.182816578455
131.67 0.101685718252
131.74 0.336852828794
131.81 0.242271474778
131.88 0.317670387063
131.95 0.236901222959
132.02 0.195248242055
132.09 0.496803464878
132.16 0.21718002358
132.23 0.185103567451
132.3 0.376318963675
132.37 0.29822978837
132.44 0.152304479045
132.51 0.132973314709
132.58 0.118182624332
132.65 0.0425456549774
132.72 0.0287260112011
132.79 0.441383158043
132.86 0.274014119789
132.93 0.193008663031
133.0 0.186012902839
133.07 0.175711080661
133.14 0.425369947221
133.21 0.324226959484
133.28 0.175401078771
133.35 0.117281232874
133.42 0.457837764185
133.49 0.214593178757
133.56 0.163853602903
133.63 0.20966000463
133.7 0.0954586718109
133.77 0.338272705627
133.84 0.176786665479
133.91 0.134505739573
133.98 0.444984912558
134.05 0.229478782038
134.12 0.161617189899
134.19 0.251163161862
134.26 0.480563284374
134.33 0.245833027701
134.4 0.241557904645
134.47 0.226133155634
134.54 0.209958485024
134.61 0.349443324963
134.68 0.418113753023
134.75 0.279772662092
134.82 0.249489584682
134.89 0.246826403404
134.96 0.447174547349
135.03 0.261230689553
135.1 0.223877541641
135.17 0.407004297976
135.24 0.285567877156
135.31 0.288564341579
135.38 0.229265377144
135.45 0.151649063315
135.52 0.356587102896
135.59 0.185041262384
135.66 0.312353466612
135.73 0.229532937402
135.8 0.18612872068
135.87 0.486249502799
135.94 0.377815915219
136.01 0.2860844492
136.08 0.307945128852
136.15 0.464603934696
136.22 0.186192884023
136.29 0.189043535547
136.36 0.192459530982
136.43 0.0821174769774
136.5 0.0418690121145
136.57 0.427169883607
136.64 0.343738083344
136.71 0.282565691695
136.78 0.243702376724
136.85 0.224309761099
136.92 0.261867426848
136.99 0.471324049004
137.06 0.185741024953
137.13 0.161407674841
137.2 0.44343697889
137.27 0.223921013041
137.34 0.204299679565
137.41 0.253287324664
137.48 0.0806937094062
137.55 0.392896094241
137.62 0.220403422487
137.69 0.147000518697
137.76 0.471790579345
137.83 0.334182918371
137.9 0.177203731725
137.97 0.135121081867
138.04 0.494374706246
138.11 0.266189129564
138.18 0.249935679393
138.25 0.210281184387
138.32 0.2025583705
138.39 0.189298903741
138.46 0.346806260642
138.53 0.339627147473
138.6 0.300461896381
138.67 0.290560962882
138.74 0.280626074091
138.81 0.246242550733
138.88 0.205955803023
138.95 0.444053193915
139.02 0.394391341838
139.09 0.190472748889
139.16 0.189651530473
139.23 0.168722646177
139.3 0.109936133809
139.37 0.409047273309
139.44 0.35563318421
139.51 0.260084581373
139.58 0.217192119075
139.65 0.317818209862
139.72 0.453569216848
139.79 0.215166272558
139.86 0.184743508514
139.93 0.465744227976
140.0 0.205227449707
140.07 0.165554581317
140.14 0.156591912394
140.21 0.11898588813
140.28 0.0414876033021
140.35 0.274581284071
140.42 0.624299159265
140.49 0.43051114455
140.56 0.307807835687
140.63 0.450253479006
140.7 0.403511794608
140.77 0.452514244551
140.84 0.15728523733
140.91 0.165242850209
140.98 0.505752136708
141.05 0.311194984061
141.12 0.291795657341
141.19 0.231288554927
141.26 0.224414938297
141.33 0.406827640751
141.4 0.27565641312
141.47 0.304176001277
141.54 0.267152005704
141.61 0.305053057342
141.68 0.443970480295
141.75 0.302741565988
141.82 0.325550940574
141.89 0.272975629206
141.96 0.162842533409
142.03 0.268895700113
142.1 0.21634310232
142.17 0.248378405606
142.24 0.282064475929
142.31 0.505082756377
142.38 0.348483729463
142.45 0.277283253603
142.52 0.43424082323
142.59 0.37500373968
142.66 0.303151736123
142.73 0.41455632459
142.8 0.422827302128
142.87 0.342152456171
142.94 0.271101083777
143.01 0.162889132924
143.08 0.165327668492
143.15 0.151231071091
143.22 0.412718442898
143.29 0.253075013617
143.36 0.217407463472
143.43 0.33311051672
143.5 0.2074899914
143.57 0.173862111581
143.64 0.171909795602
143.71 0.364799732892
143.78 0.257995188832
143.85 0.180764045495
143.92 0.191620957219
143.99 0.15129722538
144.06 0.157039294994
144.13 0.305125876699
144.2 0.344297689972
144.27 0.251884411488
144.34 0.209012484998
144.41 0.148720890336
144.48 0.104632969479
144.55 0.106486332901
144.62 0.324230370988
144.69 0.360847546559
144.76 0.229188662536
144.83 0.248885344214
144.9 0.221379666667
144.97 0.0985459264537
145.04 0.21144947095
145.11 0.395161351599
145.18 0.245289341423
145.25 0.144860596192
145.32 0.246787165698
145.39 0.238056119821
145.46 0.207718284168
145.53 0.131078367044
145.6 0.397508922763
145.67 0.299704538065
145.74 0.263387086552
145.81 0.243505785669
145.88 0.183996712321
145.95 0.152305238962
146.02 0.123215173393
146.09 0.423928067995
146.16 0.230380926193
146.23 0.196483387771
146.3 0.174528324088
146.37 0.227399166433
146.44 0.20598283603
146.51 0.23111935247
146.58 0.422653618688
146.65 0.227759559301
146.72 0.201860239677
146.79 0.17295477075
146.86 0.111283169624
146.93 0.0931841835382
147.0 0.379589180507
147.07 0.303233247594
147.14 0.183704208376
147.21 0.158524537319
147.28 0.334395598547
147.35 0.199404253094
147.42 0.179502965131
147.49 0.353165046176
147.56 0.22060734286
147.63 0.150575119268
147.7 0.122345353687
147.77 0.130146328912
147.84 0.145196750236
147.91 0.11066226333
147.98 0.361151951959
148.05 0.210722969593
148.12 0.162650938672
148.19 0.146044250767
148.26 0.123234693873
148.33 0.122764115756
148.4 0.107316745228
148.47 0.394041939789
148.54 0.203611809425
148.61 0.176462784726
148.68 0.17792664288
148.75 0.148874560524
148.82 0.115954599295
148.89 0.279239439563
148.96 0.300195712457
149.03 0.166688057005
149.1 0.116141907089
149.17 0.162583865623
149.24 0.145075611172
149.31 0.364900573509
149.38 0.183275163963
149.45 0.0985678142277
149.52 0.211489588608
149.59 0.212653481732
149.66 0.291276506813
149.73 0.16517415444
149.8 0.140692944525
149.87 0.369168933124
149.94 0.284257965359
150.01 0.182130042231
150.08 0.21047354626
150.15 0.239245496336
150.22 0.18399043714
150.29 0.137725958923
150.36 0.402564094245
150.43 0.21517472009
150.5 0.188471606892
150.57 0.171851534702
150.64 0.136492694949
150.71 0.122145833071
150.78 0.228123655183
150.85 0.284670704049
150.92 0.167722116243
150.99 0.206551407332
151.06 0.263571638068
151.13 0.213200157137
151.2 0.191674983523
151.27 0.280424346827
151.34 0.329893587034
151.41 0.192949846181
151.48 0.149453452978
151.55 0.121614041929
151.62 0.134088683255
151.69 0.145541619859
151.76 0.323973840356
151.83 0.237928521463
151.9 0.152928214721
151.97 0.157069385719
152.04 0.182881073923
152.11 0.162815061779
152.18 0.162500846953
152.25 0.512745077445
152.32 0.351228436652
152.39 0.277533646237
152.46 0.243066024802
152.53 0.200335325536
152.6 0.0833690935777
152.67 0.0921739100613
152.74 0.414509836987
152.81 0.267979342263
152.88 0.14198633941
152.95 0.229316838503
153.02 0.183251468453
153.09 0.144470271442
153.16 0.136135608893
153.23 0.386557483509
153.3 0.292291292861
153.37 0.24464326491
153.44 0.251228059852
153.51 0.166861992246
153.58 0.214426915789
153.65 0.340968207742
153.72 0.291575638823
153.79 0.235261100174
153.86 0.143124825857
153.93 0.20267799695
154.0 0.18999009423
154.07 0.185475503475
154.14 0.367287200975
154.21 0.252546764844
154.28 0.206759989191
154.35 0.180806079191
154.42 0.133363035677
154.49 0.108676417144
154.56 0.0946160638094
154.63 0.426316366014
154.7 0.197808693752
154.77 0.138282526786
154.84 0.325498204865
154.91 0.170452336274
154.98 0.137610645588
155.05 0.0818434944284
155.12 0.471612063844
155.19 0.215008440877
155.26 0.201787217254
155.33 0.182760104532
155.4 0.154827137058
155.47 0.15892208489
155.54 0.266519753903
155.61 0.270200308737
155.68 0.162374246776
155.75 0.123832234075
155.82 0.211746546129
155.89 0.130315139678
155.96 0.120213469875
156.03 0.27764565637
156.1 0.260714876523
156.17 0.186577957043
156.24 0.181465481326
156.31 0.105592503609
156.38 0.0721277099088
156.45 0.0612447922393
156.52 0.340492308402
156.59 0.193935363694
156.66 0.128165201973
156.73 0.430903610064
156.8 0.251276567282
156.87 0.151996239765
156.94 0.132899820271
157.01 0.345711632774
157.08 0.164223324157
157.15 0.135637473409
157.22 0.145703828734
157.29 0.0937802652773
157.36 0.235957510805
157.43 0.179218927672
157.5 0.311963857556
157.57 0.209997613527
157.64 0.201330398869
157.71 0.368955692488
157.78 0.326432899097
157.85 0.319906861439
157.92 0.29518295463
157.99 0.365129382516
158.06 0.243743944722
158.13 0.225679157606
158.2 0.265901019058
158.27 0.231391031802
158.34 0.20601443576
158.41 0.396893984795
158.48 0.242918485393
158.55 0.196425607008
158.62 0.308624888999
158.69 0.31199941842
158.76 0.186283355655
158.83 0.104740313614
158.9 0.36854262799
158.97 0.283519493957
159.04 0.19996261335
159.11 0.235201055003
159.18 0.197159380824
159.25 0.22258471895
159.32 0.185997684645
159.39 0.481654228179
159.46 0.288007292676
159.53 0.290257030399
159.6 0.27487814716
159.67 0.185661687639
159.74 0.202137230305
159.81 0.243928741722
159.88 0.434930219521
159.95 0.263634606482
160.02 0.254888702515
160.09 0.272923530672
160.16 0.245809279845
160.23 0.28072861685
160.3 0.319425497375
160.37 0.245973364144
160.44 0.236474803959
160.51 0.177814882743
160.58 0.461270296388
160.65 0.227955669315
160.72 0.217738089616
160.79 0.284786525499
160.86 0.230119313503
160.93 0.155017453835
161.0 0.124780244903
161.07 0.0942814305021
161.14 0.0803011464209
161.21 0.0704058021915
161.28 0.406965348171
161.35 0.169329197983
161.42 0.123749317389
161.49 0.203148688783
161.56 0.123900597719
161.63 0.159047571365
161.7 0.0688440681793
161.77 0.465601947517
161.84 0.346029996458
161.91 0.314141173931
161.98 0.332702255403
162.05 0.258016111819
162.12 0.213833682384
162.19 0.35980706864
162.26 0.297330143277
162.33 0.219554289308
162.4 0.156825364836
162.47 0.407849306665
162.54 0.207371546341
162.61 0.187769852475
162.68 0.306355628991
162.75 0.371235578698
162.82 0.231987871653
162.89 0.243231927667
162.96 0.203470768118
163.03 0.157992619826
163.1 0.120693850198
163.17 0.365825903254
163.24 0.226897548146
163.31 0.179159385201
163.38 0.201940930762
163.45 0.132106887553
163.52 0.162031811233
163.59 0.22459674978
163.66 0.433068711812
163.73 0.280607247645
163.8 0.24993718569
163.87 0.234342720692
163.94 0.25155082239
164.01 0.334233295811
164.08 0.2686624733
164.15 0.275878222227
164.22 0.262162644654
164.29 0.228045596731
164.36 0.412751613002
164.43 0.313558676836
164.5 0.232282134599
164.57 0.276804661161
164.64 0.339879215173
164.71 0.204178098269
164.78 0.173360919281
164.85 0.29920512462
164.92 0.178818549816
164.99 0.168434207156
165.06 0.345443941651
165.13 0.270299712551
165.2 0.237263999366
165.27 0.237556871537
165.34 0.144112685394
165.41 0.218080635265
165.48 0.197875731603
165.55 0.376943653309
165.62 0.308487593126
165.69 0.267868911529
165.76 0.275810366698
165.83 0.23606594608
165.9 0.168889308959
165.97 0.217786745058
166.04 0.467820306628
166.11 0.231998627817
166.18 0.241892238317
166.25 0.434620631885
166.32 0.256186248062
166.39 0.185705323297
166.46 0.136604217724
166.53 0.394860317992
166.6 0.219247875814
166.67 0.253642614716
166.74 0.216343302678
166.81 0.194870408101
166.88 0.151107148673
166.95 0.308093746766
167.02 0.289255595244
167.09 0.247346917631
167.16 0.234385763398
167.23 0.225035447486
167.3 0.222332296563
167.37 0.171980592425
167.44 0.384628311604
167.51 0.281533534957
167.58 0.259645362917
167.65 0.253964181423
167.72 0.291293767397
167.79 0.265234079125
167.86 0.17571577554
167.93 0.334637800864
168.0 0.224698409881
168.07 0.272041983696
168.14 0.284518016699
168.21 0.265232904954
168.28 0.214783894445
168.35 0.147272396583
168.42 0.412244463205
168.49 0.193356516366
168.56 0.17830332342
168.63 0.185004652799
168.7 0.130590994944
168.77 0.128768823315
168.84 0.306625319183
168.91 0.32975524966
168.98 0.17007067205
169.05 0.104942552603
169.12 0.184218909509
169.19 0.099879231418
169.26 0.127826141833
169.33 0.367441108524
169.4 0.389658985241
169.47 0.347742318572
169.54 0.31422811944
169.61 0.286391271533
169.68 0.231259703353
169.75 0.150458106499
169.82 0.472218566012
169.89 0.348407309977
169.96 0.301036788892
170.03 0.419797203709
170.1 0.304852269596
170.17 0.187044767163
170.24 0.105442987694
170.31 0.483581962379
170.38 0.326730215248
170.45 0.297171721352
170.52 0.306541505398
170.59 0.289866336521
170.66 0.166306075096
170.73 0.255850778124
170.8 0.407769095717
170.87 0.314255549554
170.94 0.31251541466
171.01 0.313734127398
171.08 0.260380808189
171.15 0.178624258367
171.22 0.30729509301
171.29 0.436330001875
171.36 0.41310287062
171.43 0.413621039212
171.5 0.3585328585
171.57 0.326468478011
171.64 0.280065973787
171.71 0.356728840042
171.78 0.363475462095
171.85 0.321873289129
171.92 0.342600238584
171.99 0.322065561654
172.06 0.233076174702
172.13 0.209395890172
172.2 0.479675668892
172.27 0.343499839454
172.34 0.291305705855
172.41 0.326128889901
172.48 0.273125294939
172.55 0.265656748179
172.62 0.282868456324
172.69 0.585005039978
172.76 0.404321776722
172.83 0.387632754252
172.9 0.43758791983
172.97 0.413478754241
173.04 0.348208463539
173.11 0.36967269398
173.18 0.569195241413
173.25 0.34018460341
173.32 0.256278981395
173.39 0.274415980476
173.46 0.16525720921
173.53 0.410945528689
173.6 0.425291727219
173.67 0.400893765213
173.74 0.268229511072
173.81 0.224591351843
173.88 0.371751299671
173.95 0.218549430014
174.02 0.176448810196
174.09 0.441966137984
174.16 0.427441668534
174.23 0.230478618841
174.3 0.185497310925
174.37 0.170257473534
174.44 0.0657042538179
174.51 0.0461496757052
174.58 0.51809899827
174.65 0.363814957246
174.72 0.230639076838
174.79 0.176248267934
174.86 0.132738052726
174.93 0.419022712965
175.0 0.292556678963
175.07 0.23702507137
175.14 0.251518115276
175.21 0.317373159359
175.28 0.173247464223
175.35 0.124243004381
175.42 0.348317100074
175.49 0.393401895681
175.56 0.269184638225
175.63 0.276436569848
175.7 0.31443342427
175.77 0.344244641091
175.84 0.228346144785
175.91 0.342860789014
175.98 0.427675757248
176.05 0.246673123103
176.12 0.301540624657
176.19 0.254491605298
176.26 0.140649557961
176.33 0.327263824052
176.4 0.269505263609
176.47 0.353095858536
176.54 0.205432510858
176.61 0.272763788369
176.68 0.3139890317
176.75 0.293223969974
176.82 0.26293417515
176.89 0.151065217864
176.96 0.481125917132
177.03 0.435195491906
177.1 0.314503887162
177.17 0.246737178145
177.24 0.218690289915
177.31 0.393847622167
177.38 0.268174471245
177.45 0.484186007903
177.52 0.331505604624
177.59 0.233821156841
177.66 0.344898710269
177.73 0.240262671339
177.8 0.192874822884
177.87 0.276023137124
177.94 0.477134942545
178.01 0.383590755123
178.08 0.29621044537
178.15 0.290366758977
178.22 0.243142336889
178.29 0.15518033418
178.36 0.418290088952
178.43 0.384041867814
178.5 0.298758587676
178.57 0.207983657634
178.64 0.225820471472
178.71 0.366617621188
178.78 0.369010164634
178.85 0.31178503881
178.92 0.262893500641
178.99 0.402096409589
179.06 0.269628851194
179.13 0.189935840492
179.2 0.241993049152
179.27 0.202476013373
179.34 0.409777361257
179.41 0.221564245258
179.48 0.180528190561
179.55 0.309006555931
179.62 0.223862420918
179.69 0.140316184564
179.76 0.170730572372
179.83 0.308610162675
179.9 0.155302646512
179.97 0.112569124182
180.04 0.219230831834
180.11 0.072913445979
180.18 0.115125250129
180.25 0.29888479165
180.32 0.248953983126
180.39 0.242277708443
180.46 0.129966332385
180.53 0.179090593765
180.6 0.122740770422
180.67 0.107907781913
180.74 0.51120049391
180.81 0.443849852054
180.88 0.249158795182
180.95 0.197315036543
181.02 0.217907523117
181.09 0.37992120645
181.16 0.214828534601
181.23 0.514727665555
181.3 0.460465740189
181.37 0.343947136315
181.44 0.354376212993
181.51 0.275356840684
181.58 0.193188192055
181.65 0.195008257215
181.72 0.462881688535
181.79 0.351741231674
181.86 0.208803410366
181.93 0.199159074285
182.0 0.152730393539
182.07 0.177401375111
182.14 0.384376471338
182.21 0.437303441041
182.28 0.296243471071
182.35 0.297078793076
182.42 0.212973999717
182.49 0.160603384884
182.56 0.468234178876
182.63 0.27483124801
182.7 0.20347325996
182.77 0.269368552566
182.84 0.22268411374
182.91 0.148932509154
182.98 0.217131173194
183.05 0.353933618231
183.12 0.425664479115
183.19 0.250258400416
183.26 0.229162529335
183.33 0.272649000297
183.4 0.291616186077
183.47 0.230705617404
183.54 0.244947852618
183.61 0.399264910318
183.68 0.192214187916
183.75 0.298898863651
183.82 0.188785309091
183.89 0.13463664023
183.96 0.289434285833
184.03 0.287169544713
184.1 0.295429202918
184.17 0.1793642126
184.24 0.248546313858
184.31 0.328932249682
184.38 0.289779986671
184.45 0.285823749855
184.52 0.368722582099
184.59 0.389441682388
184.66 0.268421485767
184.73 0.219980637912
184.8 0.368136132893
184.87 0.301896762169
184.94 0.329068495931
185.01 0.363875148624
185.08 0.357605244492
185.15 0.269273212772
185.22 0.246186847557
185.29 0.421492826603
185.36 0.217403471652
185.43 0.159375414155
185.5 0.414603871745
185.57 0.337044577861
185.64 0.205152316304
185.71 0.231063059952
185.78 0.271287250794
185.85 0.107918795293
185.92 0.0756961688702
185.99 0.525508081078
186.06 0.339208204901
186.13 0.300434892254
186.2 0.206119621983
186.27 0.135683866248
186.34 0.463279164808
186.41 0.367022837422
186.48 0.211377431365
186.55 0.301199032965
186.62 0.397962624767
186.69 0.300944528477
186.76 0.243114334581
186.83 0.314546307134
186.9 0.393618399809
186.97 0.301473568755
187.04 0.253205400744
187.11 0.204535160858
187.18 0.380253230589
187.25 0.204726400004
187.32 0.145061514803
187.39 0.440123626393
187.46 0.368861295821
187.53 0.178360050047
187.6 0.212264376278
187.67 0.174126618634
187.74 0.178019243543
187.81 0.279365712128
187.88 0.338544998669
187.95 0.232784074181
188.02 0.225866266847
188.09 0.363659609284
188.16 0.466768400172
188.23 0.387091429854
188.3 0.28632652336
188.37 0.645520189208
188.44 0.42278829727
188.51 0.273304055021
188.58 0.244776661922
188.65 0.162156383461
188.72 0.414283782454
188.79 0.195913710889
188.86 0.503754050625
188.93 0.36743113484
189.0 0.246743999347
189.07 0.401151911346
189.14 0.215879851716
189.21 0.209351411565
189.28 0.283152392702
189.35 0.498434946992
189.42 0.356907919614
189.49 0.199276130375
189.56 0.220647095
189.63 0.0945520927014
189.7 0.0562798992514
189.77 0.339115994124
189.84 0.469443807808
189.91 0.295471344915
189.98 0.187876943906
190.05 0.210827204566
190.12 0.274380166005
190.19 0.373127474962
190.26 0.219207119176
190.33 0.199722963343
190.4 0.3658377659
190.47 0.248318434441
190.54 0.15603366044
190.61 0.294055983361
190.68 0.275451788787
190.75 0.355968255237
190.82 0.269427702443
190.89 0.339242087088
190.96 0.374523001962
191.03 0.28458899944
191.1 0.302942125398
191.17 0.297748471237
191.24 0.410197345331
191.31 0.24959776996
191.38 0.30667003515
191.45 0.225527491
191.52 0.207466095532
191.59 0.359566806729
191.66 0.321103873223
191.73 0.243578516579
191.8 0.233503905055
191.87 0.215670302362
191.94 0.325707525883
192.01 0.221183178498
192.08 0.132455122651
192.15 0.402405934049
192.22 0.474458141426
192.29 0.33686164004
192.36 0.199985771864
192.43 0.257140920347
192.5 0.392194835304
192.57 0.236752042779
192.64 0.449383151184
192.71 0.360074850014
192.78 0.21015337484
192.85 0.327195684231
192.92 0.293117671853
192.99 0.210146068988
193.06 0.15296470337
193.13 0.514763441217
193.2 0.416898113346
193.27 0.363873191974
193.34 0.347818639684
193.41 0.296099616628
193.48 0.2449599436
193.55 0.240813572315
193.62 0.474766319335
193.69 0.322339477417
193.76 0.211134983564
193.83 0.170266559144
193.9 0.157923801314
193.97 0.469516313993
194.04 0.267614354696
194.11 0.16845146413
194.18 0.42088110339
194.25 0.382857641947
194.32 0.291412526531
194.39 0.294763113153
194.46 0.278332352338
194.53 0.398158842181
194.6 0.334879429181
194.67 0.184384565085
194.74 0.20269278284
194.81 0.456883560305
194.88 0.211640118046
194.95 0.167993679152
195.02 0.435134121843
195.09 0.297304514581
195.16 0.245558854721
195.23 0.27674861503
195.3 0.187243156026
195.37 0.202325596749
195.44 0.125185485505
195.51 0.41314516785
195.58 0.313058600946
195.65 0.231152196766
195.72 0.174376259473
195.79 0.112158496473
195.86 0.116550570927
195.93 0.301189052061
196.0 0.423091724344
196.07 0.289553129803
196.14 0.179296379634
196.21 0.202606757895
196.28 0.28372103801
196.35 0.312777613081
196.42 0.437728115481
196.49 0.461674405237
196.56 0.318622129788
196.63 0.292150982591
196.7 0.401996646573
196.77 0.187156267376
196.84 0.160146412169
196.91 0.456228639153
196.98 0.395996021988
197.05 0.226494807509
197.12 0.207896870065
197.19 0.172141017932
197.26 0.11789285681
197.33 0.230199726615
197.4 0.517455816121
197.47 0.34540424276
197.54 0.294455771875
197.61 0.167487078986
197.68 0.117600220195
197.75 0.4388546382
197.82 0.263516900582
197.89 0.210304458422
197.96 0.232197750425
198.03 0.244624455612
198.1 0.177376704886
198.17 0.159736501958
198.24 0.335305855401
198.31 0.411334255086
198.38 0.294180046571
198.45 0.232881324597
198.52 0.229796412881
198.59 0.330596077903
198.66 0.209433784937
198.73 0.260663234661
198.8 0.372593606233
198.87 0.201749382054
198.94 0.277981316738
199.01 0.191877522146
199.08 0.125345669138
199.15 0.283043483607
199.22 0.260372454518
199.29 0.367874211544
199.36 0.197515561657
199.43 0.276683191777
199.5 0.297754267183
199.57 0.310493766639
199.64 0.313587146646
199.71 0.268538671819
199.78 0.453952703248
199.85 0.300063147564
199.92 0.261189201878
199.99 0.312924914227
200.06 0.242987254266
200.13 0.3586756922
200.2 0.311403487401
200.27 0.311995750602
200.34 0.264865060027
200.41 0.169434681134
200.48 0.467466951566
200.55 0.238042390775
200.62 0.162166952805
200.69 0.289364255244
200.76 0.366322500854
200.83 0.306343093972
200.9 0.270177932702
200.97 0.413275233682
201.04 0.245947138887
201.11 0.17017675447
201.18 0.383979601555
201.25 0.295559905925
201.32 0.198734184144
201.39 0.236534469172
201.46 0.294405289744
201.53 0.237116800205
201.6 0.248768391914
201.67 0.201870841511
201.74 0.23487705241
201.81 0.460420787763
201.88 0.265329020007
201.95 0.162472591942
202.02 0.115420546453
202.09 0.180653890029
202.16 0.505185884868
202.23 0.37486165958
202.3 0.361492929038
202.37 0.287503826942
202.44 0.203735505312
202.51 0.145080373739
202.58 0.261330479644
202.65 0.378079794122
202.72 0.205335209901
202.79 0.114157990478
202.86 0.46987845864
202.93 0.248160443015
203.0 0.174002311745
203.07 0.46158140837
203.14 0.293682727862
203.21 0.348814604701
203.28 0.333792729901
203.35 0.323159292423
203.42 0.281493369465
203.49 0.238195534798
203.56 0.443498133251
203.63 0.373954645458
203.7 0.125426050661
203.77 0.0643746139637
203.84 0.0358447236076
203.91 0.0192734584815
203.98 0.147622721905
204.05 0.383491409972
204.12 0.267683980055
204.19 0.0704268506273
204.26 0.038607198593
204.33 0.0203291753527
204.4 0.0165423873797
204.47 0.202432719767
204.54 0.40771906755
204.61 0.219706997416
204.68 0.0731351296359
204.75 0.0557054859753
204.82 0.027443775002
204.89 0.0196518510916
204.96 0.29609925111
205.03 0.383685490232
205.1 0.178043072625
205.17 0.0440051693305
205.24 0.0160103877578
205.31 0.0049940712715
205.38 0.00344797692759
205.45 0.0
205.52 0.0
205.59 0.0
205.66 0.0
205.73 0.0
205.8 0.0
205.87 0.0
205.94 0.0
206.01 0.0
206.08 0.0
206.15 0.0
206.22 0.0
206.29 0.0
206.36 0.0
206.43 0.0
206.5 0.0
206.57 0.0
206.64 0.0
206.71 0.0
206.78 0.0
206.85 0.0
206.92 0.0
206.99 0.0
207.06 0.0
207.13 0.0
207.2 0.0
207.27 0.0
207.34 0.0
207.41 0.0
207.48 0.0
207.55 0.0
207.62 0.0
207.69 0.0
207.76 0.0
207.83 0.0
207.9 0.0
207.97 0.0
208.04 0.0
208.11 0.0
208.18 0.0
208.25 0.0
208.32 0.0
208.39 0.0
208.46 0.0
208.53 0.0
208.6 0.0
208.67 0.0
208.74 0.0
208.81 0.0
208.88 0.0
208.95 0.0
209.02 0.0
209.09 0.0
209.16 0.0
209.23 0.0
209.3 0.0
209.37 0.0
209.44 0.0
209.51 0.0
209.58 0.0
209.65 0.0
209.72 0.0
209.79 0.0
209.86 0.0
209.93 0.0
210.0 0.0
210.07 0.0
210.14 0.0
210.21 0.0
210.28 0.0
210.35 0.0
210.42 0.0
210.49 0.0
210.56 0.0
210.63 0.0
210.7 0.0
210.77 0.0
210.84 0.0
210.91 0.0
210.98 0.0
211.05 0.0
211.12 0.0
211.19 0.0
211.26 0.0
211.33 0.0
211.4 0.0
211.47 0.0
211.54 0.0
211.61 0.0
211.68 0.0
211.75 0.0
211.82 0.0
211.89 0.0
211.96 0.0
212.03 0.0
212.1 0.0
212.17 0.0
212.24 0.0
212.31 0.0
212.38 0.0
212.45 0.0
212.52 0.0
212.59 0.0
212.66 0.0
212.73 0.0
212.8 0.0
212.87 0.0
212.94 0.0
213.01 0.0
213.08 0.0
213.15 0.0
213.22 0.0
213.29 0.0
213.36 0.0
213.43 0.0
213.5 0.0
213.57 0.0
213.64 0.0
213.71 0.0
213.78 0.0
213.85 0.0
213.92 0.0
213.99 0.0
214.06 0.0
214.13 0.0
214.2 0.0
214.27 0.0
214.34 0.0
214.41 0.0
