0.0 0.0
0.07 0.0
0.14 0.0
0.21 0.0
0.28 0.0
0.35 0.0
0.42 0.0
0.49 0.0
0.56 0.0
0.63 0.0
0.7 0.0
0.77 0.0
0.84 0.0
0.91 0.0
0.98 0.0
1.05 0.0
1.12 0.0
1.19 0.0
1.26 0.0
1.33 0.0
1.4 0.0
1.47 0.0
1.54 0.0
1.61 0.0
1.68 0.0
1.75 0.0
1.82 0.0
1.89 0.0
1.96 0.0
2.03 0.0
2.1 0.0
2.17 0.0
2.24 0.0
2.31 0.0
2.38 0.0
2.45 0.0
2.52 0.0
2.59 0.0
2.66 0.0
2.73 0.0
2.8 0.0
2.87 0.0
2.94 0.0
3.01 0.0
3.08 0.0
3.15 0.0
3.22 0.0
3.29 0.0
3.36 0.0
3.43 0.0
3.5 0.0
3.57 0.0
3.64 0.0
3.71 0.0
3.78 0.0
3.85 0.0
3.92 0.0
3.99 3.9324810629e-05
4.06 0.00010259667582
4.13 0.0280123979472
4.2 0.104391338446
4.27 0.0603759799099
4.34 0.0529355456442
4.41 0.0429191309782
4.48 0.0322149016736
4.55 0.0237837909956
4.62 0.0189909452976
4.69 0.0173613051686
4.76 0.108530784205
4.83 0.0904034225201
4.9 0.0844250887624
4.97 0.0645662828421
5.04 0.04367584186
5.11 0.0267579764031
5.18 0.025422169441
5.25 0.0258953266854
5.32 0.0225869500955
5.39 0.0113109335372
5.46 0.0136749608284
5.53 0.0166078247233
5.6 0.062532634761
5.67 0.0606627544346
5.74 0.0587842179136
5.81 0.0494252548391
5.88 0.0661534880418
5.95 0.0565100889997
6.02 0.0433948674153
6.09 0.0382760188271
6.16 0.0387144462537
6.23 0.0386687016309
6.3 0.0292197446889
6.37 0.0223458237483
6.44 0.0350165991533
6.51 0.0676078538364
6.58 0.0366670361122
6.65 0.0281999437386
6.72 0.0257452560577
6.79 0.0238840214221
6.86 0.0179070063853
6.93 0.0153222466078
7.0 0.0144668455579
7.07 0.088022247083
7.14 0.0635034883443
7.21 0.0577602660005
7.28 0.0502116154555
7.35 0.0344720361808
7.42 0.0208846571353
7.49 0.0189062263136
7.56 0.0171289992593
7.63 0.0313939363315
7.7 0.0172661930216
7.77 0.0207711354156
7.84 0.0206771729717
7.91 0.0796156860033
7.98 0.0785620872203
8.05 0.0718091457909
8.12 0.0600753993992
8.19 0.0766987384297
8.26 0.0980266080099
8.33 0.082723053626
8.4 0.0691455673744
8.47 0.0631357972588
8.54 0.0461351570002
8.61 0.029778440224
8.68 0.039908876024
8.75 0.479422323134
8.82 0.577901063337
8.89 0.343125603327
8.96 0.279668184272
9.03 0.198647718671
9.1 0.109329320788
9.17 0.0267476443539
9.24 0.0226758668326
9.31 0.275625198983
9.38 0.640135543996
9.45 0.32797846299
9.52 0.295770047017
9.59 0.123064253337
9.66 0.123171766808
9.73 0.0796369536004
9.8 0.108741175093
9.87 0.0439602157589
9.94 0.715623492304
10.01 0.294730370718
10.08 0.299893613697
10.15 0.113523076649
10.22 0.135424909707
10.29 0.129587474734
10.36 0.0659166415693
10.43 0.142516822562
10.5 0.652662475695
10.57 0.393546939328
10.64 0.316051966587
10.71 0.208818807552
10.78 0.141752270973
10.85 0.142108652189
10.92 0.10893132013
10.99 0.029452956801
11.06 0.4913836649
11.13 0.536890283813
11.2 0.295651208398
11.27 0.263125080957
11.34 0.107269864547
11.41 0.145057492564
11.48 0.125227322271
11.55 0.0727084866971
11.62 0.315544941801
11.69 0.614271159983
11.76 0.306279219264
11.83 0.260100905428
11.9 0.149846188254
11.97 0.148978680945
12.04 0.138020553467
12.11 0.098780296624
12.18 0.119692631619
12.25 0.711711005952
12.32 0.300982615504
12.39 0.314592300126
12.46 0.182667312889
12.53 0.156385244805
12.6 0.0852493313312
12.67 0.105350765661
12.74 0.0898081427457
12.81 0.627315869629
12.88 0.400241415874
12.95 0.331951698354
13.02 0.230473196625
13.09 0.166058910449
13.16 0.15895262535
13.23 0.101616036392
13.3 0.0870201404832
13.37 0.491530772464
13.44 0.532820003579
13.51 0.292447142535
13.58 0.245779744629
13.65 0.136779604648
13.72 0.145830402418
13.79 0.0936832322353
13.86 0.0235433884648
13.93 0.366955939154
14.0 0.589526035786
14.07 0.321670655271
14.14 0.291252030964
14.21 0.132925564083
14.28 0.145752541547
14.35 0.143588072725
14.42 0.083349616019
14.49 0.0271608862168
14.56 0.709005249475
14.63 0.291998906346
14.7 0.305339319813
14.77 0.138961478484
14.84 0.0679347390568
14.91 0.0912939248452
14.98 0.0913326671651
15.05 0.0867660417803
15.12 0.661734369179
15.19 0.380937395161
15.26 0.322418253514
15.33 0.212127507854
15.4 0.15774801536
15.47 0.155182775708
15.54 0.134642992253
15.61 0.103596212776
15.68 0.531914651559
15.75 0.484085084322
15.82 0.291202993836
15.89 0.207418217113
15.96 0.138054886046
16.03 0.137433536467
16.1 0.132818864189
16.17 0.0461091893712
16.24 0.372465503446
16.31 0.611198538412
16.38 0.303895983147
16.45 0.27375950686
16.52 0.132363246601
16.59 0.155261175144
16.66 0.166320727632
16.73 0.0798837043256
16.8 0.0561940791682
16.87 0.695883756089
16.94 0.26680436379
17.01 0.267322757649
17.08 0.0806348691314
17.15 0.163488733949
17.22 0.141176381456
17.29 0.169397679688
17.36 0.0708076522388
17.43 0.652083479879
17.5 0.358714686087
17.57 0.322821165238
17.64 0.193225190913
17.71 0.130906598588
17.78 0.136944583219
17.85 0.104556178556
17.92 0.0409698648004
17.99 0.566230732046
18.06 0.507437266853
18.13 0.33776435837
18.2 0.258090378411
18.27 0.15198125657
18.34 0.0936416700873
18.41 0.0488180368688
18.48 0.0234038074453
18.55 0.405756922526
18.62 0.574351531753
18.69 0.33622401121
18.76 0.276360982213
18.83 0.106358264597
18.9 0.144806406579
18.97 0.0827874045315
19.04 0.114947151014
19.11 0.0931111986167
19.18 0.706750815434
19.25 0.305955316206
19.32 0.284233964568
19.39 0.078235505659
19.46 0.145745625185
19.53 0.150956329701
19.6 0.0821504356068
19.67 0.141302371343
19.74 0.706114401308
19.81 0.304127054367
19.88 0.305977797484
19.95 0.171266797047
20.02 0.135266350947
20.09 0.0949930505606
20.16 0.0888343986714
20.23 0.0371350072791
20.3 0.57437220922
20.37 0.457110931274
20.44 0.287661605664
20.51 0.240318617786
20.58 0.0840513751045
20.65 0.155065179417
20.72 0.11099295737
20.79 0.0224294608273
20.86 0.41183613318
20.93 0.574203294539
21.0 0.318802169018
21.07 0.245725496596
21.14 0.0806496395692
21.21 0.127430290867
21.28 0.110860269794
21.35 0.148031994044
21.42 0.221988365975
21.49 0.696546503572
21.56 0.303080508496
21.63 0.292002958954
21.7 0.142547665926
21.77 0.170820167005
21.84 0.144009583092
21.91 0.153259927873
21.98 0.150650170648
22.05 0.680912081068
22.12 0.317758389502
22.19 0.314851959228
22.26 0.180382204502
22.33 0.135233693269
22.4 0.161731820544
22.47 0.151130368391
22.54 0.126329854098
22.61 0.58265630305
22.68 0.448126526947
22.75 0.288380991301
22.82 0.197438580532
22.89 0.0972627258074
22.96 0.142948986781
23.03 0.126034987726
23.1 0.159836383196
23.17 0.463418039051
23.24 0.556199432354
23.31 0.336320067756
23.38 0.260454411431
23.45 0.102413557913
23.52 0.1508842183
23.59 0.0806874174372
23.66 0.0819969865328
23.73 0.223133288805
23.8 0.68227822434
23.87 0.294905643143
23.94 0.290322138895
24.01 0.191452309621
24.08 0.212191626718
24.15 0.197913636123
24.22 0.192202744881
24.29 0.167764337401
24.36 0.714508729126
24.43 0.296439620146
24.5 0.312785164558
24.57 0.172509065542
24.64 0.132420454833
24.71 0.124120731152
24.78 0.127529672385
24.85 0.0949352283261
24.92 0.600931772082
24.99 0.41775628184
25.06 0.286340437363
25.13 0.177787435432
25.2 0.114807334134
25.27 0.149254905703
25.34 0.154884276885
25.41 0.0666605557975
25.48 0.456468054366
25.55 0.539716009514
25.62 0.340296245175
25.69 0.262125937421
25.76 0.153601874777
25.83 0.0927462156358
25.9 0.0777938315626
25.97 0.0617794121395
26.04 0.256442257091
26.11 0.6530245128
26.18 0.285532773818
26.25 0.254812998923
26.32 0.0635909498094
26.39 0.216851503144
26.46 0.193319617439
26.53 0.173449321173
26.6 0.0852630189091
26.67 0.722198623177
26.74 0.306317295062
26.81 0.356850228654
26.88 0.210181049091
26.95 0.197686426531
27.02 0.160297561184
27.09 0.189315539668
27.16 0.190251389376
27.23 0.61258841484
27.3 0.482780538016
27.37 0.398440127177
27.44 0.309393348554
27.51 0.26470891153
27.58 0.259077455794
27.65 0.238544921962
27.72 0.24822405538
27.79 0.490306577415
27.86 0.560535998716
27.93 0.373904427506
28.0 0.313547444434
28.07 0.232785887382
28.14 0.225999552999
28.21 0.218584175385
28.28 0.269019505488
28.35 0.368238420519
28.42 0.656158438182
28.49 0.353858656375
28.56 0.335002961612
28.63 0.226539056895
28.7 0.236235507477
28.77 0.231720360907
28.84 0.253413719566
28.91 0.18186864071
28.98 0.705832758431
29.05 0.306808171484
29.12 0.307562594419
29.19 0.148990749008
29.26 0.199372297071
29.33 0.210756848846
29.4 0.239224470007
29.47 0.189400256742
29.54 0.64295386156
29.61 0.416233152534
29.68 0.362833859258
29.75 0.224489126765
29.82 0.178777529354
29.89 0.159445408714
29.96 0.100808279266
30.03 0.178195732808
30.1 0.499656551034
30.17 0.546694027283
30.24 0.329962747367
30.31 0.28465286996
30.38 0.113219264747
30.45 0.183701424014
30.52 0.191975194388
30.59 0.178369343702
30.66 0.358182208366
30.73 0.627700530293
30.8 0.326156696401
30.87 0.317694895144
30.94 0.18867673733
31.01 0.21569648699
31.08 0.215347791788
31.15 0.193527836878
31.22 0.11304966731
31.29 0.706318431587
31.36 0.325112444207
31.43 0.307522582078
31.5 0.125431686767
31.57 0.145752049772
31.64 0.122723544943
31.71 0.151179364459
31.78 0.192625861395
31.85 0.628367020041
31.92 0.450753483883
31.99 0.383230284097
32.06 0.227587908856
32.13 0.210809138373
32.2 0.198602410439
32.27 0.216797468054
32.34 0.196496743583
32.41 0.505749001416
32.48 0.533361323701
32.55 0.35513322255
32.62 0.297720718812
32.69 0.197390674009
32.76 0.183504152537
32.83 0.19380520561
32.9 0.229380688414
32.97 0.410529481313
33.04 0.616612655386
33.11 0.294875240945
33.18 0.276492046453
33.25 0.127702895588
33.32 0.150117494307
33.39 0.134753705604
33.46 0.137478090326
33.53 0.137652002014
33.6 0.716287421002
33.67 0.307545316406
33.74 0.292079526887
33.81 0.137494947227
33.88 0.20415485942
33.95 0.131600151238
34.02 0.151792988872
34.09 0.168711445414
34.16 0.660360208543
34.23 0.388977808278
34.3 0.353424155509
34.37 0.190268416249
34.44 0.179654659219
34.51 0.124534888767
34.58 0.13096847725
34.65 0.200528828656
34.72 0.534920380274
34.79 0.522262184759
34.86 0.350443437611
34.93 0.240180043234
35.0 0.160213669146
35.07 0.243132340358
35.14 0.21228496943
35.21 0.195111465967
35.28 0.43352835455
35.35 0.566393735878
35.42 0.305607501424
35.49 0.304510780181
35.56 0.19339935374
35.63 0.214985080521
35.7 0.213519198598
35.77 0.205320302158
35.84 0.223463692843
35.91 0.697555777673
35.98 0.340063956454
36.05 0.353030909313
36.12 0.251165745443
36.19 0.176457588974
36.26 0.198895912255
36.33 0.230305154725
36.4 0.217628641308
36.47 0.667265945893
36.54 0.401324243279
36.61 0.37776486974
36.68 0.298596091656
36.75 0.251545922838
36.82 0.235986814479
36.89 0.238415878296
36.96 0.253038003477
37.03 0.55047720355
37.1 0.516193847585
37.17 0.377102484165
37.24 0.313403916801
37.31 0.231745331617
37.38 0.228776569103
37.45 0.216418162485
37.52 0.261417481601
37.59 0.485934247076
37.66 0.570469550729
37.73 0.348062969757
37.8 0.325929949936
37.87 0.227135941862
37.94 0.223935900914
38.01 0.235502134422
38.08 0.206377970737
38.15 0.181685680362
38.22 0.696621242866
38.29 0.317747523662
38.36 0.291923437506
38.43 0.151849412174
38.5 0.174807365913
38.57 0.183969130083
38.64 0.194324763495
38.71 0.166384292653
38.78 0.683687554049
38.85 0.374692063872
38.92 0.332288572813
38.99 0.172542400247
39.06 0.124049728394
39.13 0.170164425645
39.2 0.172889782458
39.27 0.251973200819
39.34 0.598605281068
39.41 0.451562812778
39.48 0.318938769786
39.55 0.253219973591
39.62 0.191190505807
39.69 0.189612926983
39.76 0.186545476211
39.83 0.136654454121
39.9 0.45021182859
39.97 0.551949845231
40.04 0.32728156818
40.11 0.283554910208
40.18 0.226112517055
40.25 0.245157296913
40.32 0.129012084632
40.39 0.16744930157
40.46 0.189349211453
40.53 0.691447967678
40.6 0.348969733123
40.67 0.323321301353
40.74 0.1055751602
40.81 0.155810261492
40.88 0.115271011103
40.95 0.138838276914
41.02 0.19143266154
41.09 0.676471647054
41.16 0.354259936169
41.23 0.336171110545
41.3 0.244706601849
41.37 0.225657140102
41.44 0.215727977778
41.51 0.181463081995
41.58 0.186830897638
41.65 0.566854929145
41.72 0.487581206278
41.79 0.35222022159
41.86 0.283218050072
41.93 0.204180925404
42.0 0.196580355834
42.07 0.163611401728
42.14 0.16778799512
42.21 0.474858608294
42.28 0.540936181556
42.35 0.305617137349
42.42 0.26343035577
42.49 0.139042721622
42.56 0.220893369287
42.63 0.212831655151
42.7 0.189212929623
42.77 0.269560600253
42.84 0.683276991644
42.91 0.32052971916
42.98 0.292959954031
43.05 0.13610604289
43.12 0.137542124204
43.19 0.178645274349
43.26 0.188106590599
43.33 0.179735818325
43.4 0.202554549133
43.47 0.201508692703
43.54 0.199027143603
43.61 0.214903816376
43.68 0.19351857623
43.75 0.176608815989
43.82 0.16444097361
43.89 0.145442323201
43.96 0.139859538866
44.03 0.13491022851
44.1 0.154516649778
44.17 0.155692253638
44.24 0.14870061036
44.31 0.131441784414
44.38 0.104185474752
44.45 0.0758025410638
44.52 0.0620813428828
44.59 0.0966631375111
44.66 0.0971762278393
44.73 0.0526765883954
44.8 0.116655365327
44.87 0.239643220704
44.94 0.224485857178
45.01 0.155317587942
45.08 0.0861438604817
45.15 0.210655968131
45.22 0.212022295699
45.29 0.236400261646
45.36 0.237743900722
45.43 0.253652520725
45.5 0.232754328796
45.57 0.241770335635
45.64 0.266815246818
45.71 0.870120116814
45.78 0.688875019094
45.85 0.623118137552
45.92 0.60289784837
45.99 0.513566239405
46.06 0.517806950706
46.13 0.51970276715
46.2 0.519971417618
46.27 0.621622605894
46.34 0.393919911027
46.41 0.231791481119
46.48 0.160191267124
46.55 0.292769616104
46.62 0.335950040023
46.69 0.327884279009
46.76 0.329548093203
46.83 0.257078776257
46.9 0.332966589193
46.97 0.294544983007
47.04 0.264081199433
47.11 0.461754066343
47.18 0.897319338562
47.25 0.669773158962
47.32 0.585479922235
47.39 0.607837551447
47.46 0.516420106094
47.53 0.478322752462
47.6 0.967712122738
47.67 0.620409601353
47.74 0.623289762248
47.81 0.590964342979
47.88 0.410773195447
47.95 0.183004858645
48.02 0.857692750929
48.09 0.697738616748
48.16 0.48023587652
48.23 0.618745009869
48.3 0.544577317929
48.37 0.528556902671
48.44 0.508891980232
48.51 0.483508112901
48.58 0.592500237427
48.65 0.454803530679
48.72 0.351675819996
48.79 0.321125694104
48.86 0.233613742348
48.93 0.204123271232
49.0 0.199584996914
49.07 0.227799411251
49.14 0.178040812228
49.21 0.243691914403
49.28 0.310060820897
49.35 0.31694607367
49.42 0.536009753538
49.49 0.805686883455
49.56 0.641695758865
49.63 0.55099828737
49.7 0.561818454299
49.77 0.529179466885
49.84 0.556504143774
49.91 0.810574680877
49.98 0.664880580342
50.05 0.555909434077
50.12 0.563297686719
50.19 0.388033722533
50.26 0.494615804908
50.33 0.973219161312
50.4 0.672433992032
50.47 0.680853340217
50.54 0.569117070208
50.61 0.537340557764
50.68 0.535979721843
50.75 0.496055771722
50.82 0.479854528414
50.89 0.627361588469
50.96 0.424248174783
51.03 0.347240354343
51.1 0.272548792176
51.17 0.273173125826
51.24 0.282013552761
51.31 0.336720598907
51.38 0.369241639581
51.45 0.16617208363
51.52 0.325779744667
51.59 0.28157291187
51.66 0.195891194782
51.73 0.543554940651
51.8 0.807936917305
51.87 0.67057277745
51.94 0.622611148099
52.01 0.573994295899
52.08 0.490021997257
52.15 0.570113985955
52.22 0.841503359875
52.29 0.670176052542
52.36 0.562717925072
52.43 0.56486143664
52.5 0.34202287288
52.57 0.148349467742
52.64 0.979906915341
52.71 0.590736977737
52.78 0.616391179985
52.85 0.578216140228
52.92 0.545323736867
52.99 0.530512111209
53.06 0.490652866262
53.13 0.448232166898
53.2 0.631671416596
53.27 0.435932345482
53.34 0.328058927882
53.41 0.214927426349
53.48 0.279728348883
53.55 0.290185838922
53.62 0.32399345272
53.69 0.312188948979
53.76 0.400506652564
53.83 0.33755334966
53.9 0.166420310635
53.97 0.212836939584
54.04 0.586578051004
54.11 0.831406698036
54.18 0.630566398202
54.25 0.582906907763
54.32 0.574626322246
54.39 0.530664241562
54.46 0.518479604351
54.53 0.926655443897
54.6 0.623061897592
54.67 0.567501035535
54.74 0.543070282556
54.81 0.369572903986
54.88 0.321469188905
54.95 0.877399944053
55.02 0.735221595413
55.09 0.629294381617
55.16 0.604460309171
55.23 0.566441037948
55.3 0.51347101649
55.37 0.516890378577
55.44 0.519364458426
55.51 0.628335525434
55.58 0.382771411245
55.65 0.212013255633
55.72 0.1784715164
55.79 0.317024690825
55.86 0.374169443613
55.93 0.352009273994
56.0 0.33011670063
56.07 0.363472534594
56.14 0.363280861713
56.21 0.33313451937
56.28 0.190613531521
56.35 0.615745679003
56.42 0.862961784733
56.49 0.653013912423
56.56 0.59913195489
56.63 0.589452049911
56.7 0.547872775638
56.77 0.537783036844
56.84 0.9317842674
56.91 0.654253744006
56.98 0.604809329041
57.05 0.541074034201
57.12 0.275283328471
57.19 0.245426586211
57.26 0.854166985923
57.33 0.694269815518
57.4 0.488830276547
57.47 0.623537747662
57.54 0.545854257038
57.61 0.543658466447
57.68 0.518454603084
57.75 0.473508941871
57.82 0.623913368261
57.89 0.404105410347
57.96 0.229040990306
58.03 0.246318944867
58.1 0.297923623262
58.17 0.347080567578
58.24 0.333767751759
58.31 0.300783178307
58.38 0.17272835708
58.45 0.386838913666
58.52 0.388193653488
58.59 0.359576725622
58.66 0.657687464014
58.73 0.74541031944
58.8 0.654559654785
58.87 0.5763970636
58.94 0.537847357192
59.01 0.4603307559
59.08 0.503495619677
59.15 0.80130374266
59.22 0.659625421276
59.29 0.575463013884
59.36 0.531989390853
59.43 0.409379463121
59.5 0.433228958119
59.57 0.963726279792
59.64 0.659820427724
59.71 0.617905451612
59.78 0.568949708198
59.85 0.543171978758
59.92 0.554370394179
59.99 0.492042610914
60.06 0.483536050494
60.13 0.60869012503
60.2 0.39872337238
60.27 0.314640745214
60.34 0.268726793377
60.41 0.294640969846
60.48 0.287576118938
60.55 0.312872382523
60.62 0.308123052705
60.69 0.220148533578
60.76 0.309338162807
60.83 0.294971927727
60.9 0.200593786879
60.97 0.660977003234
61.04 0.733580409553
61.11 0.639510258308
61.18 0.628182004742
61.25 0.556604382795
61.32 0.457669247713
61.39 0.594711770547
61.46 0.791711540736
61.53 0.682486869665
61.6 0.604349164205
61.67 0.551005918954
61.74 0.329302926661
61.81 0.360639879163
61.88 0.944260970253
61.95 0.6130895918
62.02 0.605508207184
62.09 0.586919728625
62.16 0.548156045669
62.23 0.503827470393
62.3 0.541334003647
62.37 0.500959475915
62.44 0.598600260189
62.51 0.413402450834
62.58 0.264542003099
62.65 0.197778583253
62.72 0.318890541461
62.79 0.328057654997
62.86 0.349214195901
62.93 0.201054900889
63.0 0.269062746355
63.07 0.308750230055
63.14 0.283694473085
63.21 0.191952248072
63.28 0.698884264349
63.35 0.804282071391
63.42 0.626380380874
63.49 0.621245252146
63.56 0.59809961702
63.63 0.470025504845
63.7 0.569398528788
63.77 0.8757750708
63.84 0.637284703394
63.91 0.615931542256
63.98 0.526179680531
64.05 0.408447210532
64.12 0.525607431105
64.19 0.819722788026
64.26 0.740906818865
64.33 0.55934973241
64.4 0.569304544381
64.47 0.50726630104
64.54 0.484956794158
64.61 0.49488686746
64.68 0.490670435521
64.75 0.634720187558
64.82 0.33863840008
64.89 0.313263796261
64.96 0.271302331657
65.03 0.657407179009
65.1 0.381105958438
65.17 0.685563850368
65.24 0.455229936833
65.31 0.446498633335
65.38 0.447859706073
65.45 0.666300557219
65.52 0.603781520275
65.59 0.795986678196
65.66 0.739339342914
65.73 0.622500329709
65.8 0.588866108131
65.87 0.613416610707
65.94 0.553503450263
66.01 0.525662527091
66.08 0.555985284878
66.15 0.5477300845
66.22 0.491922583441
66.29 0.459656723375
66.36 0.34538243131
66.43 0.503796309047
66.5 0.78946585647
66.57 0.685942072123
66.64 0.592933740419
66.71 0.574496379062
66.78 0.611865442587
66.85 0.540166709352
66.92 0.449348698556
66.99 0.450979738573
67.06 0.669307603699
67.13 0.462166706617
67.2 0.524072839144
67.27 0.379239945468
67.34 0.706269058334
67.41 0.436079752885
67.48 0.568854210271
67.55 0.5875680036
67.62 0.468836212452
67.69 0.523821160165
67.76 0.641025835287
67.83 0.491531290976
67.9 0.81555321699
67.97 0.714563739172
68.04 0.621337406004
68.11 0.618180673722
68.18 0.597765665518
68.25 0.526030204808
68.32 0.721614531999
68.39 0.685508111732
68.46 0.670938211145
68.53 0.596083693846
68.6 0.447636178586
68.67 0.337498931655
68.74 0.545319714816
68.81 0.798726252558
68.88 0.681299433604
68.95 0.581834001798
69.02 0.532709938608
69.09 0.491667267237
69.16 0.475900195353
69.23 0.458049634232
69.3 0.442801194933
69.37 0.624933818546
69.44 0.369746412705
69.51 0.261556338804
69.58 0.200443692379
69.65 0.674824199896
69.72 0.313817078452
69.79 0.564591496098
69.86 0.538522257724
69.93 0.41721641126
70.0 0.412954866844
70.07 0.630408854504
70.14 0.497760719312
70.21 0.742730283272
70.28 0.675565881561
70.35 0.597015186332
70.42 0.583155775508
70.49 0.56723879915
70.56 0.508957072142
70.63 0.509148463327
70.7 0.557839902036
70.77 0.514824385071
70.84 0.500032881126
70.91 0.467768360789
70.98 0.38218498151
71.05 0.592065084363
71.12 0.875851816344
71.19 0.678854378983
71.26 0.597187770705
71.33 0.576764935162
71.4 0.585814997657
71.47 0.600445044713
71.54 0.485932807082
71.61 0.467600188067
71.68 0.638588738827
71.75 0.408591201293
71.82 0.351555666476
71.89 0.29150953485
71.96 0.695350688237
72.03 0.435954559388
72.1 0.717139609758
72.17 0.588090594257
72.24 0.529853105036
72.31 0.523241267696
72.38 0.760203969052
72.45 0.516324801057
72.52 0.840537808868
72.59 0.683809430214
72.66 0.612852852277
72.73 0.580337851363
72.8 0.621456366851
72.87 0.464142359626
72.94 0.723852705955
73.01 0.789721192727
73.08 0.687058067125
73.15 0.611824699746
73.22 0.520385714648
73.29 0.41305779869
73.36 0.639574682741
73.43 0.647818972399
73.5 0.377528872176
73.57 0.307358733157
73.64 0.198136584939
73.71 0.123569810437
73.78 0.096126644423
73.85 0.108622958116
73.92 0.141223429522
73.99 0.723541894615
74.06 0.369067780412
74.13 0.373443081455
74.2 0.182116768405
74.27 0.160979790596
74.34 0.163372352295
74.41 0.152682401653
74.48 0.137971071355
74.55 0.763318315105
74.62 0.344158983951
74.69 0.356882723044
74.76 0.192321481326
74.83 0.186138675168
74.9 0.200405417007
74.97 0.171961067784
75.04 0.192024922866
75.11 0.66538502116
75.18 0.494243046153
75.25 0.341576354562
75.32 0.25492561444
75.39 0.164887782219
75.46 0.148327227099
75.53 0.163715851871
75.6 0.0873773725173
75.67 0.495622939071
75.74 0.613657651113
75.81 0.351872256889
75.88 0.28921477717
75.95 0.116063391427
76.02 0.149925888268
76.09 0.143631873166
76.16 0.0954119788702
76.23 0.204583199252
76.3 0.716707652754
76.37 0.337618126452
76.44 0.3181740826
76.51 0.132240711553
76.58 0.104618051489
76.65 0.148557847604
76.72 0.131382048555
76.79 0.162034331868
76.86 0.765179920243
76.93 0.330336788556
77.0 0.341349246189
77.07 0.195545285032
77.14 0.208554232609
77.21 0.210800236769
77.28 0.220246028207
77.35 0.204054999496
77.42 0.626884819782
77.49 0.499972932323
77.56 0.374002946746
77.63 0.271350581945
77.7 0.207336840289
77.77 0.201935419704
77.84 0.122712789871
77.91 0.087763999327
77.98 0.480529410803
78.05 0.6113743685
78.12 0.350300717826
78.19 0.267177781428
78.26 0.130221463407
78.33 0.144767865744
78.4 0.161969843456
78.47 0.184784315398
78.54 0.288047350143
78.61 0.701357798949
78.68 0.38388885579
78.75 0.360023824521
78.82 0.214825145746
78.89 0.191345492275
78.96 0.173035373636
79.03 0.131852816632
79.1 0.135091179742
79.17 0.782949731911
79.24 0.344679681036
79.31 0.369417758049
79.38 0.247947817254
79.45 0.214104354492
79.52 0.18057814007
79.59 0.0890655768403
79.66 0.109544013514
79.73 0.692512292885
79.8 0.443836939897
79.87 0.370064261679
79.94 0.271648198437
80.01 0.196799298832
80.08 0.182694169533
80.15 0.177848288528
80.22 0.120386195728
80.29 0.50847420449
80.36 0.59035234572
80.43 0.344334388152
80.5 0.254312696655
80.57 0.110730774459
80.64 0.19782989687
80.71 0.185512907254
80.78 0.164530836656
80.85 0.308604972138
80.92 0.706310010299
80.99 0.371359306702
81.06 0.314653136989
81.13 0.172218328171
81.2 0.171974913876
81.27 0.155145773221
81.34 0.1598663385
81.41 0.123807723536
81.48 0.753791787582
81.55 0.292909759561
81.62 0.312388726122
81.69 0.115497273431
81.76 0.1951095638
81.83 0.209598549736
81.9 0.24271988247
81.97 0.159941736677
82.04 0.679787131941
82.11 0.427515995693
82.18 0.363299955951
82.25 0.245848735408
82.32 0.175479655741
82.39 0.179419614648
82.46 0.17278401073
82.53 0.0906550260618
82.6 0.524732635977
82.67 0.620238287956
82.74 0.394583035696
82.81 0.324272544096
82.88 0.215361313213
82.95 0.110010842617
83.02 0.0998960853672
83.09 0.111484941479
83.16 0.368200244457
83.23 0.653638480979
83.3 0.420434252553
83.37 0.385848718525
83.44 0.200990283565
83.51 0.198912090219
83.58 0.193117761473
83.65 0.19946522631
83.72 0.190529037894
83.79 0.774980113383
83.86 0.337203139982
83.93 0.346714601047
84.0 0.175847717328
84.07 0.240886744897
84.14 0.223545518471
84.21 0.173752679496
84.28 0.197085884286
84.35 0.723692838979
84.42 0.430725362222
84.49 0.361692191692
84.56 0.243446367811
84.63 0.181124320648
84.7 0.157665577639
84.77 0.148878888819
84.84 0.084177209342
84.91 0.560462758619
84.98 0.565626210721
85.05 0.351256116306
85.12 0.268640597158
85.19 0.119445155168
85.26 0.185523508586
85.33 0.176771855153
85.4 0.132414052209
85.47 0.391319865164
85.54 0.639183925021
85.61 0.375422951315
85.68 0.296008086163
85.75 0.117917925509
85.82 0.170056297216
85.89 0.171143083649
85.96 0.193743834001
86.03 0.168120774956
86.1 0.768730427738
86.17 0.352572699163
86.24 0.354465606972
86.31 0.188531822223
86.38 0.220434808688
86.45 0.200704237631
86.52 0.171052776573
86.59 0.152870150839
86.66 0.70865609783
86.73 0.403583540641
86.8 0.372507665273
86.87 0.249781652861
86.94 0.219531327323
87.01 0.197099612925
87.08 0.231424229289
87.15 0.229387865464
87.22 0.564164668832
87.29 0.565801074448
87.36 0.366688391599
87.43 0.263004437571
87.5 0.142044852262
87.57 0.173041751433
87.64 0.156764070059
87.71 0.195526410421
87.78 0.463918239145
87.85 0.588029705829
87.92 0.380875110666
87.99 0.327109078343
88.06 0.228742073237
88.13 0.22066099749
88.2 0.159749941568
88.27 0.213788150815
88.34 0.192340594662
88.41 0.777102061334
88.48 0.335937145015
88.55 0.350413823208
88.62 0.21401189602
88.69 0.210866020028
88.76 0.205792470123
88.83 0.197553476357
88.9 0.211497237573
88.97 0.765914824962
89.04 0.346366191361
89.11 0.347386953898
89.18 0.210592638971
89.25 0.163218479244
89.32 0.17874025281
89.39 0.192501567416
89.46 0.202278237479
89.53 0.593243976908
89.6 0.526340766919
89.67 0.345667638839
89.74 0.240335679036
89.81 0.160758828933
89.88 0.200883361179
89.95 0.180984802652
90.02 0.136976889494
90.09 0.45604215049
90.16 0.624393100012
90.23 0.41247791195
90.3 0.372509456671
90.37 0.217424805829
90.44 0.192647724851
90.51 0.125940112395
90.58 0.149438697771
90.65 0.190371587777
90.72 0.753382461775
90.79 0.367361165562
90.86 0.361963232282
90.93 0.233575462201
91.0 0.29991334772
91.07 0.300146147314
91.14 0.252488399572
91.21 0.175473775449
91.28 0.748158980658
91.35 0.374392210998
91.42 0.380690580458
91.49 0.28099759816
91.56 0.236508056814
91.63 0.251811003879
91.7 0.255301642783
91.77 0.229666286498
91.84 0.630734263445
91.91 0.562622887407
91.98 0.447069252743
92.05 0.394550773348
92.12 0.321165918433
92.19 0.346049346944
92.26 0.313848922553
92.33 0.311722370061
92.4 0.506409562171
92.47 0.601828288385
92.54 0.434419527217
92.61 0.384688037887
92.68 0.299584503038
92.75 0.310334261158
92.82 0.290308719645
92.89 0.323129767887
92.96 0.344171407237
93.03 0.710492780957
93.1 0.403330555355
93.17 0.409864619675
93.24 0.275887001842
93.31 0.307900215612
93.38 0.304604382627
93.45 0.321135903925
93.52 0.300984167221
93.59 0.756493329117
93.66 0.357087797988
93.73 0.357799957876
93.8 0.193296513564
93.87 0.243711548162
93.94 0.243456718958
94.01 0.289856701085
94.08 0.250008522508
94.15 0.615283366591
94.22 0.507605602863
94.29 0.413065058817
94.36 0.255527054293
94.43 0.256243390926
94.5 0.162926816571
94.57 0.130689075531
94.64 0.21720429488
94.71 0.523672250699
94.78 0.597069958607
94.85 0.381696385396
94.92 0.318758766772
94.99 0.152244168072
95.06 0.224309986984
95.13 0.253635015445
95.2 0.233084109282
95.27 0.262485157562
95.34 0.724145291064
95.41 0.403029465881
95.48 0.374759190681
95.55 0.268079800837
95.62 0.271185314038
95.69 0.228200570728
95.76 0.242190407918
95.83 0.176655738007
95.9 0.765908471038
95.97 0.387903446087
96.04 0.368067455661
96.11 0.273527045302
96.18 0.234776386266
96.25 0.170830984145
96.32 0.256671979988
96.39 0.253793709801
96.46 0.646060489133
96.53 0.474492056407
96.6 0.377746128816
96.67 0.268901469942
96.74 0.263987002083
96.81 0.240582231141
96.88 0.239265210938
96.95 0.22478755015
97.02 0.532312390574
97.09 0.583543780242
97.16 0.397895427653
97.23 0.346001048911
97.3 0.278276073371
97.37 0.256310558795
97.44 0.246421054542
97.51 0.269555393168
97.58 0.362110096346
97.65 0.723093353812
97.72 0.375056125372
97.79 0.349688247889
97.86 0.170178216352
97.93 0.185510082652
98.0 0.176745985879
98.07 0.185046444834
98.14 0.180925354218
98.21 0.770427162208
98.28 0.352842322677
98.35 0.332288244327
98.42 0.216463946259
98.49 0.278073766691
98.56 0.175610170912
98.63 0.200550766595
98.7 0.228700271408
98.77 0.641765097229
98.84 0.450858359912
98.91 0.384485452375
98.98 0.252379357302
99.05 0.230561556653
99.12 0.163785450922
99.19 0.135144783216
99.26 0.25524729162
99.33 0.554541253997
99.4 0.620024851882
99.47 0.400616661196
99.54 0.320281190405
99.61 0.202479955939
99.68 0.29770304165
99.75 0.280207019737
99.82 0.290472049099
99.89 0.39392917645
99.96 0.691822011732
100.03 0.337908384463
100.1 0.363295527111
100.17 0.242798850074
100.24 0.260294532996
100.31 0.268168813064
100.38 0.228566293759
100.45 0.199295325214
100.52 0.770819134564
100.59 0.378227032233
100.66 0.412650338764
100.73 0.301419995402
100.8 0.250829168913
100.87 0.234226417588
100.94 0.276476249495
101.01 0.251901182043
101.08 0.683394103799
101.15 0.537773030417
101.22 0.480110682068
101.29 0.356151784037
101.36 0.354219903776
101.43 0.35568277871
101.5 0.324452041966
101.57 0.29358602083
101.64 0.561035613455
101.71 0.589088027562
101.78 0.429160962013
101.85 0.380597335146
101.92 0.305724340476
101.99 0.294435728749
102.06 0.285810505412
102.13 0.328262000394
102.2 0.49261575222
102.27 0.68079509687
102.34 0.421666314091
102.41 0.413873950367
102.48 0.322982621172
102.55 0.326151178017
102.62 0.321422568636
102.69 0.294739341076
102.76 0.173329255503
102.83 0.764703074208
102.9 0.359968590074
102.97 0.341826895297
103.04 0.185065479868
103.11 0.213877687284
103.18 0.254590983048
103.25 0.292798645152
103.32 0.29166484503
103.39 0.663766217268
103.46 0.451149224286
103.53 0.38568490207
103.6 0.221124616209
103.67 0.197736567526
103.74 0.208002273914
103.81 0.229877426985
103.88 0.311254265207
103.95 0.603833876645
104.02 0.55815707303
104.09 0.37508048017
104.16 0.325117248324
104.23 0.262784464233
104.3 0.292776123767
104.37 0.26108273562
104.44 0.17207005658
104.51 0.452054664157
104.58 0.645215179497
104.65 0.350457699086
104.72 0.350322926957
104.79 0.285639850898
104.86 0.270628240883
104.93 0.192197700129
105.0 0.215995686711
105.07 0.162425549851
105.14 0.763516324722
105.21 0.399089418168
105.28 0.363558135909
105.35 0.168571279039
105.42 0.235635494249
105.49 0.2024191334
105.56 0.226223369821
105.63 0.26557846233
105.7 0.720308187611
105.77 0.445568258085
105.84 0.389840478049
105.91 0.227440786014
105.98 0.243562871692
106.05 0.25399371421
106.12 0.248862127218
106.19 0.242983477682
106.26 0.569515496752
106.33 0.57433813733
106.4 0.426861245522
106.47 0.344449741376
106.54 0.256709224065
106.61 0.206113327042
106.68 0.176423797825
106.75 0.199000080701
106.82 0.49992516808
106.89 0.617318078434
106.96 0.35420324263
107.03 0.333876254509
107.1 0.171992037195
107.17 0.241901481042
107.24 0.272587094286
107.31 0.297974664731
107.38 0.263047488413
107.45 0.763934979929
107.52 0.363666594733
107.59 0.337508829223
107.66 0.171100667818
107.73 0.167321222356
107.8 0.192234681608
107.87 0.211996886688
107.94 0.207081021806
108.01 0.234517215119
108.08 0.242659980457
108.15 0.230081344586
108.22 0.216156333843
108.29 0.220834139526
108.36 0.211965128528
108.43 0.18397967603
108.5 0.168666592671
108.57 0.169943387589
108.64 0.136116677643
108.71 0.144589224422
108.78 0.155076736607
108.85 0.165704051349
108.92 0.154605876859
108.99 0.133376411931
109.06 0.0963376817803
109.13 0.0779979773858
109.2 0.113874312848
109.27 0.105697613126
109.34 0.0670203202341
109.41 0.227107776046
109.48 0.258844124319
109.55 0.256744498178
109.62 0.157994230385
109.69 0.0808350979429
109.76 0.226221485798
109.83 0.230156047594
109.9 0.266916207745
109.97 0.243126799056
110.04 0.265849564989
110.11 0.2794178116
110.18 0.293428150555
110.25 0.354305203341
110.32 0.862966345349
110.39 0.669916030577
110.46 0.630620570798
110.53 0.585875333196
110.6 0.528088333734
110.67 0.535863456687
110.74 0.53639597165
110.81 0.530743812665
110.88 0.626217428606
110.95 0.427016546152
111.02 0.250622993921
111.09 0.18554765808
111.16 0.301127879151
111.23 0.360976810917
111.3 0.321966541479
111.37 0.35995048989
111.44 0.241469505894
111.51 0.334605291351
111.58 0.307297292795
111.65 0.285034495943
111.72 0.41188229414
111.79 0.922541702213
111.86 0.651311903069
111.93 0.585101128494
112.0 0.607070876154
112.07 0.586529311806
112.14 0.427587742321
112.21 0.989182073274
112.28 0.614657885148
112.35 0.610755969572
112.42 0.578520151705
112.49 0.428763196261
112.56 0.19369398998
112.63 0.847837298513
112.7 0.69774857734
112.77 0.486108504438
112.84 0.632305975345
112.91 0.545991217804
112.98 0.531751884543
113.05 0.515839614901
113.12 0.48089752682
113.19 0.616246071033
113.26 0.471114452223
113.33 0.36997231408
113.4 0.331621617073
113.47 0.321332209996
113.54 0.294969769646
113.61 0.240335952138
113.68 0.211550528793
113.75 0.206905972829
113.82 0.269042511008
113.89 0.387691072821
113.96 0.352322357048
114.03 0.510989532324
114.1 0.812102698331
114.17 0.628834806911
114.24 0.535735816728
114.31 0.564131236727
114.38 0.546701258762
114.45 0.419109002042
114.52 0.838842500067
114.59 0.648616387926
114.66 0.596725564287
114.73 0.610916895535
114.8 0.495575774508
114.87 0.42635733372
114.94 0.992661167401
115.01 0.692363311802
115.08 0.658224881448
115.15 0.566661320675
115.22 0.540929974687
115.29 0.541157743853
115.36 0.518183397296
115.43 0.477826107471
115.5 0.614335038212
115.57 0.432241956173
115.64 0.373818610383
115.71 0.301357002369
115.78 0.297356387075
115.85 0.318089689238
115.92 0.38763286576
115.99 0.287347548608
116.06 0.165768468143
116.13 0.357044778658
116.2 0.321116197594
116.27 0.219131679458
116.34 0.47772926504
116.41 0.807041390281
116.48 0.684156454337
116.55 0.621438190274
116.62 0.595351391237
116.69 0.534698230712
116.76 0.537698944276
116.83 0.833436803427
116.9 0.70511851781
116.97 0.588458864969
117.04 0.612846779094
117.11 0.446737401072
117.18 0.286634951375
117.25 0.948107347723
117.32 0.63194954161
117.39 0.622268781038
117.46 0.586708840233
117.53 0.545309905099
117.6 0.528539965558
117.67 0.498821220133
117.74 0.445197609666
117.81 0.622631380581
117.88 0.498261141899
117.95 0.351149895773
118.02 0.215395865419
118.09 0.277947023386
118.16 0.333861931921
118.23 0.340229894703
118.3 0.335218992157
118.37 0.408994797681
118.44 0.387767802132
118.51 0.189335245044
118.58 0.220103126036
118.65 0.512858144539
118.72 0.870279471962
118.79 0.647175715438
118.86 0.566777031987
118.93 0.604006313963
119.0 0.555066263423
119.07 0.52002498194
119.14 0.930040573671
119.21 0.6115750041
119.28 0.611409909985
119.35 0.571149506517
119.42 0.372499601118
119.49 0.297448142738
119.56 0.868941127823
119.63 0.699993131002
119.7 0.659737859181
119.77 0.601565699641
119.84 0.538901209025
119.91 0.514757204788
119.98 0.51760893154
120.05 0.515974326871
120.12 0.623993494163
120.19 0.404495810933
120.26 0.250946684036
120.33 0.218509376887
120.4 0.368250741631
120.47 0.374478467375
120.54 0.371931060534
120.61 0.308866184867
120.68 0.368944524413
120.75 0.426626439677
120.82 0.32894045794
120.89 0.217191422789
120.96 0.514307931575
121.03 0.89722677887
121.1 0.660874204119
121.17 0.595744234464
121.24 0.623131351498
121.31 0.537293511609
121.38 0.510508412144
121.45 0.954325126244
121.52 0.662715636934
121.59 0.611766223403
121.66 0.597669400803
121.73 0.324312438984
121.8 0.1230234236
121.87 0.858304375776
121.94 0.689330410371
122.01 0.487295965328
122.08 0.624244114154
122.15 0.552459565707
122.22 0.566794817053
122.29 0.525099603246
122.36 0.470011261513
122.43 0.63578603297
122.5 0.435950775108
122.57 0.250188265788
122.64 0.254211898061
122.71 0.27506908264
122.78 0.351096125192
122.85 0.341569684565
122.92 0.30365037926
122.99 0.158660734456
123.06 0.422804256581
123.13 0.39288070645
123.2 0.358918771751
123.27 0.58427610004
123.34 0.783637093925
123.41 0.677501252947
123.48 0.586998264613
123.55 0.540557398319
123.62 0.467641674778
123.69 0.478398381725
123.76 0.818672557185
123.83 0.64468653571
123.9 0.555155988963
123.97 0.556347008775
124.04 0.395380505653
124.11 0.359805412449
124.18 1.0
124.25 0.664559655625
124.32 0.623447731832
124.39 0.55967254306
124.46 0.539311246234
124.53 0.53596352478
124.6 0.507772485511
124.67 0.505402780367
124.74 0.620248560801
124.81 0.426607208887
124.88 0.359197276817
124.95 0.279643496213
125.02 0.291212254484
125.09 0.337924912877
125.16 0.368165370448
125.23 0.358685688551
125.3 0.244739876395
125.37 0.317677088115
125.44 0.325561967605
125.51 0.227387604607
125.58 0.627829191044
125.65 0.754135036018
125.72 0.623383282572
125.79 0.609436424606
125.86 0.554409210026
125.93 0.518583700225
126.0 0.513990295544
126.07 0.829252858238
126.14 0.693598186484
126.21 0.624385231613
126.28 0.569605781865
126.35 0.396960440222
126.42 0.271421084335
126.49 0.961663625581
126.56 0.585889316794
126.63 0.594705928451
126.7 0.584345738242
126.77 0.559720161202
126.84 0.551183032431
126.91 0.553345378504
126.98 0.48603714932
127.05 0.609103515858
127.12 0.457599529299
127.19 0.286922008551
127.26 0.204643094581
127.33 0.292214493815
127.4 0.384202773429
127.47 0.357993418336
127.54 0.243964894401
127.61 0.264163005964
127.68 0.342753707804
127.75 0.38607953765
127.82 0.222473163486
127.89 0.634210075571
127.96 0.847322669836
128.03 0.668722934806
128.1 0.621165724015
128.17 0.599418632015
128.24 0.502806674434
128.31 0.518268648161
128.38 0.900480715492
128.45 0.628723360196
128.52 0.595189933392
128.59 0.574583873948
128.66 0.476435499587
128.73 0.476301176263
128.8 0.871725457529
128.87 0.719747966141
128.94 0.553217982045
129.01 0.541188509869
129.08 0.510836345848
129.15 0.488879096912
129.22 0.489831992591
129.29 0.479613791667
129.36 0.632593415437
129.43 0.365241349909
129.5 0.330232813956
129.57 0.285367478219
129.64 0.617003866684
129.71 0.426534188419
129.78 0.6713010857
129.85 0.459835766711
129.92 0.446465839106
129.99 0.424126909756
130.06 0.61623690492
130.13 0.615947259002
130.2 0.731218919439
130.27 0.788475184832
130.34 0.659187694749
130.41 0.600533443892
130.48 0.582400555229
130.55 0.581383149176
130.62 0.496760966548
130.69 0.551087403682
130.76 0.540545102034
130.83 0.51093681691
130.9 0.496255758943
130.97 0.316039215768
131.04 0.440100208196
131.11 0.796849554225
131.18 0.671247550025
131.25 0.583495738123
131.32 0.583265979895
131.39 0.59531660508
131.46 0.517479073341
131.53 0.463172023601
131.6 0.436981190758
131.67 0.667248350852
131.74 0.484231645682
131.81 0.579632446459
131.88 0.424339499786
131.95 0.642250114367
132.02 0.459678645081
132.09 0.555566230521
132.16 0.572961177873
132.23 0.475139325869
132.3 0.477329213251
132.37 0.643370244099
132.44 0.492107385796
132.51 0.78759104598
132.58 0.724843279238
132.65 0.61926450473
132.72 0.592012462529
132.79 0.567520865048
132.86 0.552060512746
132.93 0.707128450878
133.0 0.724594138391
133.07 0.704326804963
133.14 0.626890015409
133.21 0.527951930632
133.28 0.392560245816
133.35 0.480916278248
133.42 0.810763902523
133.49 0.678924883283
133.56 0.589119936597
133.63 0.586708698907
133.7 0.538743529731
133.77 0.500756473111
133.84 0.471881487515
133.91 0.43723555015
133.98 0.650364266995
134.05 0.471240603488
134.12 0.415571274012
134.19 0.363574530636
134.26 0.665078644388
134.33 0.432390278374
134.4 0.58128182443
134.47 0.597828972715
134.54 0.470416968238
134.61 0.457077584156
134.68 0.649089800129
134.75 0.550671950264
134.82 0.750648925264
134.89 0.65152654423
134.96 0.628373675714
135.03 0.577311440407
135.1 0.565859224214
135.17 0.525217617784
135.24 0.512285613416
135.31 0.552031150437
135.38 0.496335942138
135.45 0.496753363611
135.52 0.465578112454
135.59 0.372898726652
135.66 0.533320009828
135.73 0.925191039208
135.8 0.663413102776
135.87 0.595430580378
135.94 0.58232340958
136.01 0.572880781735
136.08 0.631072695351
136.15 0.479438168793
136.22 0.448747410533
136.29 0.638201223003
136.36 0.370038764817
136.43 0.336654426047
136.5 0.24856103106
136.57 0.630612372956
136.64 0.374995856676
136.71 0.67078678933
136.78 0.520775807755
136.85 0.509632394741
136.92 0.548920412007
136.99 0.748281561542
137.06 0.483795272251
137.13 0.825521428158
137.2 0.797541617227
137.27 0.656407605766
137.34 0.643533027348
137.41 0.612023612701
137.48 0.555679303436
137.55 0.712613394909
137.62 0.827641091981
137.69 0.684071058327
137.76 0.618196548982
137.83 0.51788419471
137.9 0.45708708353
137.97 0.610106161978
138.04 0.812803817631
138.11 0.732281929745
138.18 0.596786012505
138.25 0.575899765456
138.32 0.574936056456
138.39 0.518258546243
138.46 0.525089104089
138.53 0.516645150922
138.6 0.618104983345
138.67 0.372301204765
138.74 0.3318499143
138.81 0.263007519998
138.88 0.688259643389
138.95 0.374680847583
139.02 0.722562614013
139.09 0.422226110629
139.16 0.434641397948
139.23 0.451396727474
139.3 0.689665659585
139.37 0.59711053434
139.44 0.821627816417
139.51 0.767133275314
139.58 0.609271504283
139.65 0.592590610391
139.72 0.606599870306
139.79 0.528055089745
139.86 0.52489259176
139.93 0.526839397153
140.0 0.509948585049
140.07 0.493285892561
140.14 0.472607722671
140.21 0.364592229845
140.28 0.586696521031
140.35 0.77969593375
140.42 0.688886179999
140.49 0.600178169409
140.56 0.548869540511
140.63 0.523753659035
140.7 0.522810240767
140.77 0.45913760379
140.84 0.452292865636
140.91 0.675754041355
140.98 0.521416760535
141.05 0.420408884603
141.12 0.437804698052
141.19 0.693848199157
141.26 0.497954508258
141.33 0.61529477959
141.4 0.555607061213
141.47 0.48652235362
141.54 0.433063824853
141.61 0.584514382686
141.68 0.537988324731
141.75 0.820771689641
141.82 0.706378102514
141.89 0.611075411324
141.96 0.618455015411
142.03 0.567866136924
142.1 0.455631479226
142.17 0.705095584862
142.24 0.725732071332
142.31 0.618772349693
142.38 0.596826118426
142.45 0.44084298609
142.52 0.333264770033
142.59 0.595773994968
142.66 0.745772547526
142.73 0.664321613614
142.8 0.57391055951
142.87 0.517951846715
142.94 0.475670715957
143.01 0.475514766947
143.08 0.45342989333
143.15 0.465167492754
143.22 0.616234052625
143.29 0.347118987141
143.36 0.263428989304
143.43 0.19143904602
143.5 0.69403420087
143.57 0.262663551565
143.64 0.569117277422
143.71 0.535547471683
143.78 0.458556849043
143.85 0.420494767613
143.92 0.624766096538
143.99 0.527630439658
144.06 0.755881843686
144.13 0.664443360867
144.2 0.58701869285
144.27 0.589739110906
144.34 0.588742304017
144.41 0.474146678538
144.48 0.533540494994
144.55 0.555089955519
144.62 0.502915860894
144.69 0.481831185981
144.76 0.48787267797
144.83 0.381836723654
144.9 0.568142105767
144.97 0.865915202913
145.04 0.688869379438
145.11 0.596902142064
145.18 0.55284438775
145.25 0.519624782141
145.32 0.478619531504
145.39 0.486477593502
145.46 0.482982728198
145.53 0.644066642359
145.6 0.425338796106
145.67 0.430516226077
145.74 0.443548434133
145.81 0.744583524416
145.88 0.445721992675
145.95 0.708831375029
146.02 0.489086940119
146.09 0.458800211773
146.16 0.409805041374
146.23 0.683341998568
146.3 0.480883778128
146.37 0.866744558986
146.44 0.712588778467
146.51 0.644823481198
146.58 0.628543657977
146.65 0.640774190685
146.72 0.491549405484
146.79 0.767145753985
146.86 0.783235939223
146.93 0.665499239004
147.0 0.619142489149
147.07 0.567089551648
147.14 0.540151905493
147.21 0.680768292746
147.28 0.763961906281
147.35 0.724866450911
147.42 0.567409837535
147.49 0.566597500695
147.56 0.481262076275
147.63 0.471696122721
147.7 0.475318738753
147.77 0.542966973523
147.84 0.588184350442
147.91 0.445817466731
147.98 0.404036196121
148.05 0.316769652497
148.12 0.615624610686
148.19 0.463650285756
148.26 0.667781234407
148.33 0.344020307224
148.4 0.511510314395
148.47 0.455872810877
148.54 0.658506544377
148.61 0.440995287371
148.68 0.827131885243
148.75 0.652773019072
148.82 0.563842079719
148.89 0.527386977618
148.96 0.638879451371
149.03 0.486062526819
149.1 0.5060972841
149.17 0.493684004943
149.24 0.495240221634
149.31 0.458246238233
149.38 0.407753247273
149.45 0.357828931539
149.52 0.587039275782
149.59 0.654261976224
149.66 0.613236867427
149.73 0.541902492666
149.8 0.456811693357
149.87 0.529378922225
149.94 0.49934685693
150.01 0.423802346859
150.08 0.483657347033
150.15 0.578930420001
150.22 0.39967454255
150.29 0.31030336623
150.36 0.248809153025
150.43 0.699440003505
150.5 0.335098814764
150.57 0.562056579386
150.64 0.49411883716
150.71 0.464349331007
150.78 0.432772961434
150.85 0.628940521345
150.92 0.528437898853
150.99 0.794488234084
151.06 0.660923190637
151.13 0.497726154692
151.2 0.546093104987
151.27 0.528584357083
151.34 0.431238778172
151.41 0.753331575001
151.48 0.648402913656
151.55 0.592900905129
151.62 0.574415742288
151.69 0.452965492545
151.76 0.412673184816
151.83 0.680352292169
151.9 0.665704290075
151.97 0.597808953176
152.04 0.567923877036
152.11 0.52392091505
152.18 0.446879208925
152.25 0.436037385754
152.32 0.408724671888
152.39 0.525155506126
152.46 0.601200689923
152.53 0.45106004686
152.6 0.359867110634
152.67 0.367752852402
152.74 0.653078335901
152.81 0.43180192451
152.88 0.527093035592
152.95 0.445555004033
153.02 0.457404500888
153.09 0.427841241345
153.16 0.564049857038
153.23 0.391297722876
153.3 0.747174084273
153.37 0.659155710276
153.44 0.568949735891
153.51 0.542616616789
153.58 0.567841304674
153.65 0.42687724301
153.72 0.482220292673
153.79 0.492602692968
153.86 0.504250151471
153.93 0.464689340413
154.0 0.423113149522
154.07 0.376082048205
154.14 0.655212561993
154.21 0.74563180439
154.28 0.621657583032
154.35 0.547269438393
154.42 0.513858973479
154.49 0.538537605878
154.56 0.503617019346
154.63 0.491092990551
154.7 0.546355647896
154.77 0.574359106997
154.84 0.432778759605
154.91 0.328117229478
154.98 0.303458671047
155.05 0.629754431865
155.12 0.343784174064
155.19 0.671906272592
155.26 0.393805352283
155.33 0.392906483098
155.4 0.38275911687
155.47 0.710564643129
155.54 0.437115495939
155.61 0.86436583765
155.68 0.6131528608
155.75 0.566493024771
155.82 0.510654806396
155.89 0.609880044794
155.96 0.517248625673
156.03 0.80699155008
156.1 0.689135299838
156.17 0.631966003181
156.24 0.556637902751
156.31 0.493854699563
156.38 0.380688023228
156.45 0.725883331768
156.52 0.717626391557
156.59 0.683343003126
156.66 0.519317265216
156.73 0.514565487026
156.8 0.456348801319
156.87 0.449762092248
156.94 0.445559715524
157.01 0.547400250539
157.08 0.563563814334
157.15 0.430373551172
157.22 0.371289511895
157.29 0.387250115856
157.36 0.582140657401
157.43 0.466770543613
157.5 0.637498473683
157.57 0.34679958072
157.64 0.505948645827
157.71 0.451750496076
157.78 0.716750000787
157.85 0.419348195666
157.92 0.887857539131
157.99 0.609805193776
158.06 0.566815108739
158.13 0.509365294081
158.2 0.625261284347
158.27 0.478795762651
158.34 0.520191435837
158.41 0.49165686739
158.48 0.479697943439
158.55 0.455221966259
158.62 0.381567922311
158.69 0.331419621691
158.76 0.67167591564
158.83 0.652830082159
158.9 0.601501669583
158.97 0.597881663301
159.04 0.525180151214
159.11 0.50421520107
159.18 0.486014659448
159.25 0.47891544445
159.32 0.584844272986
159.39 0.537838229276
159.46 0.310882467085
159.53 0.354439557222
159.6 0.45582425884
159.67 0.646382821377
159.74 0.388437401043
159.81 0.511503263392
159.88 0.440069641755
159.95 0.471372759183
160.02 0.409969541539
160.09 0.59736053651
160.16 0.425789417642
160.23 0.854344737275
160.3 0.675462660379
160.37 0.500601052162
160.44 0.573451975994
160.51 0.555662706269
160.58 0.435622533925
160.65 0.779574573233
160.72 0.638154327722
160.79 0.533102178337
160.86 0.549822115343
160.93 0.44208275274
161.0 0.353625108137
161.07 0.724427221366
161.14 0.637990068193
161.21 0.60089364281
161.28 0.551808380188
161.35 0.48629014702
161.42 0.497869716702
161.49 0.489208099152
161.56 0.437125095578
161.63 0.511706385559
161.7 0.555139137792
161.77 0.381199354625
161.84 0.372429080585
161.91 0.477338935117
161.98 0.610796245465
162.05 0.463977046839
162.12 0.572650176507
162.19 0.486708590239
162.26 0.492686033072
162.33 0.434311739689
162.4 0.601073729855
162.47 0.466383911074
162.54 0.795951626575
162.61 0.621430844207
162.68 0.572014970333
162.75 0.519914642912
162.82 0.534060065294
162.89 0.419886198456
162.96 0.521302695475
163.03 0.483616583184
163.1 0.511179595239
163.17 0.492530953024
163.24 0.396729627781
163.31 0.370746870187
163.38 0.709073701689
163.45 0.68774557524
163.52 0.595072045857
163.59 0.537153553403
163.66 0.492874940555
163.73 0.494602463005
163.8 0.522531383342
163.87 0.505709277456
163.94 0.51786231502
164.01 0.547396591351
164.08 0.413800980508
164.15 0.398961485054
164.22 0.491874187053
164.29 0.5695913275
164.36 0.485008336952
164.43 0.619443602496
164.5 0.447175424575
164.57 0.48082624141
164.64 0.476024947686
164.71 0.705466065219
164.78 0.39040364253
164.85 0.892723326996
164.92 0.582971841159
164.99 0.563758212509
165.06 0.51150795674
165.13 0.584658746814
165.2 0.430040962316
165.27 0.835981699829
165.34 0.647356106143
165.41 0.578301551517
165.48 0.533343235931
165.55 0.447533691724
165.62 0.372077259985
165.69 0.536654219406
165.76 0.622924455555
165.83 0.409897567644
165.9 0.531770486051
165.97 0.440827526212
166.04 0.440091256937
166.11 0.36688345916
166.18 0.332933558148
166.25 0.459981760858
166.32 0.544361745738
166.39 0.473329117424
166.46 0.425858918339
166.53 0.312821898718
166.6 0.222924427672
166.67 0.219002940406
166.74 0.41722068827
166.81 0.400696998131
166.88 0.633125298254
166.95 0.381262230205
167.02 0.435632922314
167.09 0.388423177765
167.16 0.401270984526
167.23 0.34983244109
167.3 0.314346386851
167.37 0.320640472616
167.44 0.670617289293
167.51 0.426581849531
167.58 0.429242519314
167.65 0.330336652005
167.72 0.272824469775
167.79 0.268612971818
167.86 0.278277531508
167.93 0.286527263157
168.0 0.602237074671
168.07 0.549029714011
168.14 0.461168083503
168.21 0.397671058897
168.28 0.362994886442
168.35 0.352867014556
168.42 0.343091387247
168.49 0.338405928017
168.56 0.472525330785
168.63 0.608359667518
168.7 0.380531125999
168.77 0.36460639583
168.84 0.256611061004
168.91 0.210679175136
168.98 0.279422671101
169.05 0.429431901383
169.12 0.419095055686
169.19 0.583676317898
169.26 0.427368362932
169.33 0.290647811389
169.4 0.357325564032
169.47 0.401587676158
169.54 0.387154350556
169.61 0.346572416962
169.68 0.329960782177
169.75 0.71179677533
169.82 0.366956888327
169.89 0.367511792898
169.96 0.413819009075
170.03 0.341873005647
170.1 0.319666506049
170.17 0.33143998595
170.24 0.320523233459
170.31 0.633700029474
170.38 0.511753214952
170.45 0.469480094874
170.52 0.390137287648
170.59 0.354110728774
170.66 0.367606541227
170.73 0.344025830383
170.8 0.339468104693
170.87 0.480248126969
170.94 0.602991819408
171.01 0.371935899027
171.08 0.357944166355
171.15 0.255148045699
171.22 0.208963132529
171.29 0.272387601704
171.36 0.407394043365
171.43 0.441266647853
171.5 0.589311698285
171.57 0.437977681574
171.64 0.337130169168
171.71 0.392469411634
171.78 0.414784134195
171.85 0.402905563412
171.92 0.373400676128
171.99 0.369456033422
172.06 0.666833595468
172.13 0.354061807189
172.2 0.431904450523
172.27 0.481267744578
172.34 0.371378680727
172.41 0.338315074737
172.48 0.334318174016
172.55 0.325860905683
172.62 0.549226953977
172.69 0.455723844118
172.76 0.461274610559
172.83 0.471245637736
172.9 0.388034807303
172.97 0.38220008139
173.04 0.53989352787
173.11 0.486548614404
173.18 0.452114373279
173.25 0.432010876359
173.32 0.401322254216
173.39 0.42543910197
173.46 0.515169662676
173.53 0.485833240313
173.6 0.483955985272
173.67 0.437593045737
173.74 0.407570580081
173.81 0.439759063411
173.88 0.439721870899
173.95 0.549294305187
174.02 0.509476371249
174.09 0.414284951073
174.16 0.425877694595
174.23 0.419737585965
174.3 0.367221444172
174.37 0.475717344819
174.44 0.342202892127
174.51 0.327895612751
174.58 0.333919182169
174.65 0.357940039264
174.72 0.29976707856
174.79 0.371417278856
174.86 0.280076755705
174.93 0.872135412616
175.0 0.687156400159
175.07 0.640168510108
175.14 0.601490945068
175.21 0.576014751042
175.28 0.549386281433
175.35 0.568876071817
175.42 0.562411891111
175.49 0.646604609985
175.56 0.536580903872
175.63 0.390049025975
175.7 0.338226904734
175.77 0.385999570263
175.84 0.4407256333
175.91 0.450545370438
175.98 0.432269193823
176.05 0.37062673672
176.12 0.427420753679
176.19 0.41026977351
176.26 0.380884733222
176.33 0.434207069919
176.4 0.914847619959
176.47 0.66223283517
176.54 0.605541053933
176.61 0.583495253033
176.68 0.618251068208
176.75 0.421966820119
176.82 0.951108721125
176.89 0.632119395916
176.96 0.625207446922
177.03 0.598523470718
177.1 0.486281069713
177.17 0.256909168316
177.24 0.827299777223
177.31 0.667254947321
177.38 0.537642369145
177.45 0.611772758758
177.52 0.574254267255
177.59 0.561777757293
177.66 0.531468604963
177.73 0.481340601759
177.8 0.646130090095
177.87 0.494323435607
177.94 0.460765036183
178.01 0.397242277899
178.08 0.416333843223
178.15 0.366939839491
178.22 0.251818002362
178.29 0.232068495581
178.36 0.246349379532
178.43 0.275252961605
178.5 0.347294791446
178.57 0.399595625556
178.64 0.506422351186
178.71 0.783132923345
178.78 0.650532777752
178.85 0.531899217464
178.92 0.561203561774
178.99 0.535663366336
179.06 0.399408657481
179.13 0.82888111359
179.2 0.629111923548
179.27 0.563641630325
179.34 0.538541787398
179.41 0.415544082198
179.48 0.338734948401
179.55 0.913235018162
179.62 0.682034628614
179.69 0.601748113784
179.76 0.558743178097
179.83 0.559425395095
179.9 0.573263925058
179.97 0.529078133546
180.04 0.491575236562
180.11 0.649085292988
180.18 0.483564012916
180.25 0.406942203372
180.32 0.324352570687
180.39 0.327040565016
180.46 0.356222161334
180.53 0.331906462694
180.6 0.339827680059
180.67 0.191945740409
180.74 0.358438444141
180.81 0.338330420981
180.88 0.244559084631
180.95 0.461223550947
181.02 0.800790235994
181.09 0.680289665818
181.16 0.587547870428
181.23 0.629672499287
181.3 0.524880486456
181.37 0.425798516912
181.44 0.851754091476
181.51 0.683895026754
181.58 0.537337679687
181.65 0.585589296811
181.72 0.427843851095
181.79 0.145100760168
181.86 0.921399923878
181.93 0.663651068394
182.0 0.618121885126
182.07 0.590673865341
182.14 0.553986851705
182.21 0.570311348148
182.28 0.519869867515
182.35 0.481789771843
182.42 0.654153273899
182.49 0.559901781821
182.56 0.423399566913
182.63 0.360108128123
182.7 0.386926364627
182.77 0.440924556759
182.84 0.478010684469
182.91 0.41540045048
182.98 0.471431426506
183.05 0.445759355161
183.12 0.33594697383
183.19 0.361370303478
183.26 0.542578419719
183.33 0.86593066088
183.4 0.663293189891
183.47 0.591480870958
183.54 0.583002186063
183.61 0.588732265123
183.68 0.525350115334
183.75 0.923095307161
183.82 0.630870240661
183.89 0.588984094977
183.96 0.585893667332
184.03 0.415342092545
184.1 0.379650936625
184.17 0.87363643974
184.24 0.73240881724
184.31 0.642136499067
184.38 0.6037755168
184.45 0.57033876914
184.52 0.525258059831
184.59 0.554885582429
184.66 0.535960576995
184.73 0.662905853588
184.8 0.42759989346
184.87 0.253221193956
184.94 0.218572410981
185.01 0.361866597065
185.08 0.42027578069
185.15 0.380962732554
185.22 0.34060942181
185.29 0.351482243038
185.36 0.390872186638
185.43 0.364794127827
185.5 0.242257216743
185.57 0.498266980175
185.64 0.881919791611
185.71 0.665914173909
185.78 0.597776413905
185.85 0.612158005733
185.92 0.557610296593
185.99 0.506110917249
186.06 0.972824195335
186.13 0.635185978681
186.2 0.616941484789
186.27 0.583348261967
186.34 0.411133415372
186.41 0.180772473311
186.48 0.859719798721
186.55 0.685979875773
186.62 0.544339707534
186.69 0.633287495194
186.76 0.603449496722
186.83 0.56271951212
186.9 0.54634326758
186.97 0.475807103781
187.04 0.675546622125
187.11 0.522397452483
187.18 0.413109739678
187.25 0.393450841722
187.32 0.346679252452
187.39 0.410822740583
187.46 0.332794378187
187.53 0.310664080795
187.6 0.236993650713
187.67 0.284229114616
187.74 0.289332233089
187.81 0.296670138477
187.88 0.593215528441
187.95 0.759006273513
188.02 0.649157321312
188.09 0.542943740735
188.16 0.558730997356
188.23 0.512854771822
188.3 0.544456837832
188.37 0.816099485419
188.44 0.673855468107
188.51 0.578066968164
188.58 0.561773917628
188.65 0.410260546284
188.72 0.341120042759
188.79 0.96355220959
188.86 0.625044291261
188.93 0.609699744806
189.0 0.563651844921
189.07 0.560914138349
189.14 0.528530665759
189.21 0.505734778138
189.28 0.489420590826
189.35 0.641925965898
189.42 0.447364537362
189.49 0.384345225842
189.56 0.339468552542
189.63 0.318711384491
189.7 0.333886041309
189.77 0.384832959679
189.84 0.343693837387
189.91 0.220491030506
189.98 0.340236428149
190.05 0.350916501275
190.12 0.248040840073
190.19 0.591402840113
190.26 0.730934931321
190.33 0.692230810432
190.4 0.62216320411
190.47 0.582173083039
190.54 0.509728821789
190.61 0.507401591681
190.68 0.784488007886
190.75 0.623950431862
190.82 0.517285882164
190.89 0.569154779323
190.96 0.395648000689
191.03 0.103606258354
191.1 0.965424722584
191.17 0.615310922224
191.24 0.616257595756
191.31 0.579030546343
191.38 0.543530827443
191.45 0.544679044688
191.52 0.523294067141
191.59 0.511285866382
191.66 0.645492179636
191.73 0.482833805363
191.8 0.31792629867
191.87 0.216576832013
191.94 0.245298728534
192.01 0.452950765077
192.08 0.360764574201
192.15 0.230183093308
192.22 0.248132133564
192.29 0.422518938283
192.36 0.486702124592
192.43 0.36772357317
192.5 0.629435709154
192.57 0.855369177144
192.64 0.659592519143
192.71 0.613735771718
192.78 0.586416866262
192.85 0.570186073484
192.92 0.555046475926
192.99 0.909587644363
193.06 0.640120444116
193.13 0.598090687723
193.2 0.579521099053
193.27 0.500323000676
193.34 0.398986147331
193.41 0.919114977824
193.48 0.736587067388
193.55 0.603153865473
193.62 0.588304311072
193.69 0.538649269357
193.76 0.539447068755
193.83 0.541065807713
193.9 0.52349953073
193.97 0.641175379763
194.04 0.448516368915
194.11 0.436164934997
194.18 0.400725508666
194.25 0.60242518481
194.32 0.473503667942
194.39 0.653189128509
194.46 0.550377281557
194.53 0.517319735381
194.6 0.545067542153
194.67 0.685958901331
194.74 0.639523875223
194.81 0.70220369585
194.88 0.847815783596
194.95 0.675740861786
195.02 0.609664018069
195.09 0.598472335669
195.16 0.614653985325
195.23 0.538062684928
195.3 0.55989672752
195.37 0.546392700038
195.44 0.55785520913
195.51 0.523232907521
195.58 0.495173394665
195.65 0.454036584194
195.72 0.870876161173
195.79 0.686196336979
195.86 0.58244278581
195.93 0.608077952069
196.0 0.581591176679
196.07 0.564804801349
196.14 0.509931895257
196.21 0.497746515132
196.28 0.651074123657
196.35 0.532013540347
196.42 0.478209318593
196.49 0.474869783522
196.56 0.666099219765
196.63 0.509607107003
196.7 0.526707968139
196.77 0.55705934341
196.84 0.481577991571
196.91 0.427315816536
196.98 0.626533738277
197.05 0.516765654892
197.12 0.762407152501
197.19 0.741047381525
197.26 0.66601032881
197.33 0.613616366841
197.4 0.579811412448
197.47 0.573691554443
197.54 0.653413637636
197.61 0.765587112796
197.68 0.669761888243
197.75 0.609151780469
197.82 0.577765340125
197.89 0.474268002769
197.96 0.480131119854
198.03 0.870041877801
198.1 0.705205463627
198.17 0.618084803382
198.24 0.607659563279
198.31 0.525231428544
198.38 0.531451358462
198.45 0.527396522827
198.52 0.54058393125
198.59 0.669353481053
198.66 0.507721028659
198.73 0.500312457593
198.8 0.392654874782
198.87 0.677207459886
198.94 0.445116736076
199.01 0.581021897
199.08 0.575822708613
199.15 0.425768185377
199.22 0.472550292902
199.29 0.640345419236
199.36 0.542085225747
199.43 0.674330305026
199.5 0.714736520255
199.57 0.634117309621
199.64 0.594658902349
199.71 0.567235075983
199.78 0.526611310004
199.85 0.504327907303
199.92 0.545296788553
199.99 0.518243635435
200.06 0.494684277174
200.13 0.478952523329
200.2 0.390132112075
200.27 0.490278083113
200.34 0.941161432834
200.41 0.630522927203
200.48 0.591680138182
200.55 0.586081353494
200.62 0.533046189516
200.69 0.492244059137
200.76 0.49976706672
200.83 0.458863550481
200.9 0.673721269875
200.97 0.436183163139
201.04 0.465018757081
201.11 0.413161165973
201.18 0.648460569738
201.25 0.489101657082
201.32 0.631627823369
201.39 0.525930097564
201.46 0.491970054528
201.53 0.507743990254
201.6 0.710177054732
201.67 0.542321619596
201.74 0.770209018463
201.81 0.812808192996
201.88 0.671807498392
201.95 0.593686254503
202.02 0.593087352782
202.09 0.617920823639
202.16 0.708444663233
202.23 0.883595304319
202.3 0.689073154759
202.37 0.578584852105
202.44 0.559428379167
202.51 0.456906414949
202.58 0.565568224244
202.65 0.835966402284
202.72 0.71404119626
202.79 0.616260317229
202.86 0.598454944978
202.93 0.568150279736
203.0 0.543346114849
203.07 0.541944824466
203.14 0.510749730427
203.21 0.635193159551
203.28 0.397507791511
203.35 0.398379361931
203.42 0.315567202498
203.49 0.678532257773
203.56 0.438326113223
203.63 0.701060665637
203.7 0.485374562261
203.77 0.449219189852
203.84 0.491730731992
203.91 0.660986250514
203.98 0.633977319903
204.05 0.780013078961
204.12 0.766084154071
204.19 0.660817034083
204.26 0.614938803253
204.33 0.582674906468
204.4 0.574029649269
204.47 0.495193288157
204.54 0.557086706152
204.61 0.555583668003
204.68 0.509487713585
204.75 0.505680891058
204.82 0.437081149038
204.89 0.513490148924
204.96 0.807977633409
205.03 0.696361315436
205.1 0.590276702133
205.17 0.594737970217
205.24 0.585344147458
205.31 0.558015708252
205.38 0.457023042968
205.45 0.438618537909
205.52 0.664355574735
205.59 0.490361851014
205.66 0.522014009319
205.73 0.427187468039
205.8 0.701997540911
205.87 0.444325982906
205.94 0.567670563264
206.01 0.582816741058
206.08 0.491994395958
206.15 0.441486158064
206.22 0.608437152158
206.29 0.506398581743
206.36 0.803861167388
206.43 0.714822529313
206.5 0.640555057661
206.57 0.597843120556
206.64 0.580029098794
206.71 0.56087160029
206.78 0.7115898431
206.85 0.724383946122
206.92 0.645319319296
206.99 0.588487916934
207.06 0.487801616007
207.13 0.462920210935
207.2 0.586900733697
207.27 0.81128771641
207.34 0.684404864683
207.41 0.641659201363
207.48 0.544417679174
207.55 0.538395198346
207.62 0.58180630484
207.69 0.558238279881
207.76 0.580149869181
207.83 0.692288849429
207.9 0.491430437953
207.97 0.532194948023
208.04 0.358308588808
208.11 0.703119608141
208.18 0.486094710866
208.25 0.581016586785
208.32 0.627494657051
208.39 0.556020819679
208.46 0.522086242948
208.53 0.700472122703
208.6 0.62671621067
208.67 0.755834188302
208.74 0.735019061466
208.81 0.566506107895
208.88 0.579719333072
208.95 0.611598981711
209.02 0.579067454294
209.09 0.602967134214
209.16 0.641122204086
209.23 0.531157540573
209.3 0.515182567233
209.37 0.525536050204
209.44 0.459356311882
209.51 0.578505895005
209.58 0.922701001977
209.65 0.667564953678
209.72 0.635301142834
209.79 0.601775986444
209.86 0.561229877943
209.93 0.580549750043
210.0 0.568741601438
210.07 0.550651636615
210.14 0.702907918585
210.21 0.52955778031
210.28 0.508640651702
210.35 0.511855353274
210.42 0.716668236272
210.49 0.539980376287
210.56 0.695556907155
210.63 0.668107838886
210.7 0.552104980663
210.77 0.464475508055
210.84 0.694629993428
210.91 0.544289641976
210.98 0.842686990649
211.05 0.754823183918
211.12 0.647143552399
211.19 0.630083593574
211.26 0.625247004729
211.33 0.543936918038
211.4 0.744741057609
211.47 0.8307241621
211.54 0.711797913574
211.61 0.616179408308
211.68 0.547043274419
211.75 0.590971727243
211.82 0.725517273567
211.89 0.815187310618
211.96 0.770383862137
212.03 0.58793167168
212.1 0.608089804323
212.17 0.549139688267
212.24 0.541955000866
212.31 0.520785277527
212.38 0.541321240415
212.45 0.660538277878
212.52 0.500527644958
212.59 0.438292358361
212.66 0.390330432035
212.73 0.686806043426
212.8 0.560793145469
212.87 0.695267117047
212.94 0.452813220866
213.01 0.556471801214
213.08 0.500488111024
213.15 0.693996394355
213.22 0.548145104392
213.29 0.892332839514
213.36 0.732604301139
213.43 0.635099993496
213.5 0.587883874016
213.57 0.671927533505
213.64 0.552960572694
213.71 0.54773273722
213.78 0.53270053186
213.85 0.544227987716
213.92 0.505535165238
213.99 0.478816838313
214.06 0.423032654073
214.13 0.595090807789
214.2 0.73863103033
214.27 0.688872178258
214.34 0.596321075064
214.41 0.54961757801
214.48 0.563312491534
214.55 0.54757339544
214.62 0.497918211445
214.69 0.523375708473
214.76 0.658002650719
214.83 0.501435375641
214.9 0.404185922984
214.97 0.360382866097
215.04 0.725870332675
215.11 0.466669616107
215.18 0.614220467054
215.25 0.570626786948
215.32 0.547803225286
215.39 0.508288282034
215.46 0.692790572594
215.53 0.647042241978
215.6 0.843745539649
215.67 0.68892235554
215.74 0.554697895312
215.81 0.605494355363
215.88 0.58341838335
215.95 0.488056115769
216.02 0.782608778106
216.09 0.697304352698
216.16 0.628894715609
216.23 0.608301132926
216.3 0.49952080204
216.37 0.4540732496
216.44 0.709109503863
216.51 0.749657242384
216.58 0.671892913501
216.65 0.620919852755
216.72 0.586384072987
216.79 0.504201642404
216.86 0.506053590609
216.93 0.483767676513
217.0 0.553549425017
217.07 0.665425339069
217.14 0.50413220855
217.21 0.454294512057
217.28 0.359787818363
217.35 0.669431756353
217.42 0.455098050421
217.49 0.563555844715
217.56 0.517000693733
217.63 0.511416626008
217.7 0.547341259503
217.77 0.599763689992
217.84 0.459732755607
217.91 0.800365140922
217.98 0.716626125055
218.05 0.6372055429
218.12 0.597554426676
218.19 0.640679473867
218.26 0.494223038073
218.33 0.524355390133
218.4 0.519222905532
218.47 0.54262515935
218.54 0.487498332167
218.61 0.4623047321
218.68 0.440361172651
218.75 0.638806689681
218.82 0.854383809036
218.89 0.649235898361
218.96 0.598127434296
219.03 0.563978701495
219.1 0.591913873581
219.17 0.572735690925
219.24 0.541977811586
219.31 0.585616057965
219.38 0.630671806112
219.45 0.524127980011
219.52 0.436427837905
219.59 0.389501856117
219.66 0.712604368212
219.73 0.430366206059
219.8 0.708130679705
219.87 0.481145618229
219.94 0.495875008606
220.01 0.526036181545
220.08 0.691007827156
220.15 0.484748161247
220.22 0.917962939058
220.29 0.711016113574
220.36 0.628335108141
220.43 0.577189852623
220.5 0.626567284016
220.57 0.582963405547
220.64 0.838724765316
220.71 0.76474100677
220.78 0.637243578591
220.85 0.585305019358
220.92 0.529422661552
220.99 0.444566433182
221.06 0.732003403671
221.13 0.80824792822
221.2 0.735895783587
221.27 0.564388654672
221.34 0.548755919481
221.41 0.499821767376
221.48 0.522499191656
221.55 0.521631282333
221.62 0.600806342723
221.69 0.60553823888
221.76 0.476491983048
221.83 0.455491646112
221.9 0.421618411388
221.97 0.646490714899
222.04 0.497289218824
222.11 0.677161130863
222.18 0.443208016984
222.25 0.566921577546
222.32 0.502059935603
222.39 0.713512258363
222.46 0.485269426498
222.53 0.922992951121
222.6 0.703265645259
222.67 0.626776690399
222.74 0.560259004306
222.81 0.660567130269
222.88 0.529709365414
222.95 0.557852423678
223.02 0.561940508076
223.09 0.534162426108
223.16 0.484675258231
223.23 0.45250261101
223.3 0.38957827795
223.37 0.705304689496
223.44 0.699118472425
223.51 0.666960103867
223.58 0.637973985718
223.65 0.575491730679
223.72 0.598556889455
223.79 0.561651262262
223.86 0.550628760961
223.93 0.63648539143
224.0 0.587870449036
224.07 0.409469627916
224.14 0.484968528005
224.21 0.492162260246
224.28 0.72465741312
224.35 0.451254392515
224.42 0.580310710159
224.49 0.54060611078
224.56 0.600610190392
224.63 0.485028035643
224.7 0.605420295005
224.77 0.512384063904
224.84 0.873162027754
224.91 0.718267723433
224.98 0.572708877252
225.05 0.614681649816
225.12 0.627151904209
225.19 0.480885228626
225.26 0.818798783888
225.33 0.684337490555
225.4 0.590095059551
225.47 0.601587647129
225.54 0.494417305425
225.61 0.395705058046
225.68 0.752923741708
225.75 0.687220029158
225.82 0.621435909011
225.89 0.598908393026
225.96 0.528963561433
226.03 0.542874546562
226.1 0.544900869583
226.17 0.488944943195
226.24 0.553488277811
226.31 0.621581126823
226.38 0.473019509262
226.45 0.44373720411
226.52 0.507545924297
226.59 0.706455296863
226.66 0.508361551732
226.73 0.67282256016
226.8 0.546966854496
226.87 0.55396458337
226.94 0.457451860252
227.01 0.643513991359
227.08 0.500847553658
227.15 0.836369636765
227.22 0.656993294496
227.29 0.627487262283
227.36 0.579213501916
227.43 0.588872680728
227.5 0.471865955064
227.57 0.549710084227
227.64 0.528527696966
227.71 0.521780364636
227.78 0.537722692711
227.85 0.467382442517
227.92 0.433903475735
227.99 0.715723167932
228.06 0.7793590125
228.13 0.658392976822
228.2 0.605627186174
228.27 0.533948214654
228.34 0.562455575053
228.41 0.583000726016
228.48 0.546150566268
228.55 0.558129917502
228.62 0.613150807759
228.69 0.448646593796
228.76 0.494919459251
228.83 0.466763402849
228.9 0.641643494166
228.97 0.466406122115
229.04 0.649609144116
229.11 0.496405208884
229.18 0.517871462035
229.25 0.496793353989
229.32 0.748090499798
229.39 0.475906267581
229.46 0.966464358777
229.53 0.635415577441
229.6 0.584207893236
229.67 0.534045290081
229.74 0.573693389767
229.81 0.485281246286
229.88 0.859498115152
229.95 0.697420763954
230.02 0.597824805518
230.09 0.576728800682
230.16 0.484935621097
230.23 0.418281411584
230.3 0.341353033334
230.37 0.314094965695
230.44 0.336836809633
230.51 0.356899131141
230.58 0.323358120499
230.65 0.340044767681
230.72 0.21971798028
230.79 0.0743279657045
230.86 0.0237893800422
230.93 0.0085774008451
231.0 0.00633041600062
231.07 0.00380308121799
231.14 0.0
231.21 0.0
231.28 0.0
231.35 0.0
231.42 0.0
231.49 0.0
231.56 0.0
231.63 0.0
231.7 0.0
231.77 0.0
231.84 0.0
231.91 0.0
231.98 0.0
232.05 0.0
232.12 0.0
232.19 0.0
232.26 0.0
232.33 0.0
232.4 0.0
232.47 0.0
232.54 0.0
232.61 0.0
232.68 0.0
232.75 0.0
232.82 0.0
232.89 0.0
232.96 0.0
233.03 0.0
233.1 0.0
233.17 0.0
233.24 0.0
233.31 0.0
233.38 0.0
233.45 0.0
233.52 0.0
233.59 0.0
233.66 0.0
233.73 0.0
233.8 0.0
233.87 0.0
233.94 0.0
234.01 0.0
234.08 0.0
234.15 0.0
234.22 0.0
234.29 0.0
234.36 0.0
234.43 0.0
234.5 0.0
234.57 0.0
234.64 0.0
234.71 0.0
234.78 0.0
234.85 0.0
234.92 0.0
234.99 0.0
235.06 0.0
235.13 0.0
235.2 0.0
235.27 0.0
235.34 0.0
235.41 0.0
235.48 0.0
235.55 0.0
235.62 0.0
235.69 0.0
235.76 0.0
235.83 0.0
235.9 0.0
235.97 0.0
236.04 0.0
236.11 0.0
236.18 0.0
236.25 0.0
236.32 0.0
236.39 0.0
236.46 0.0
236.53 0.0
236.6 0.0
236.67 0.0
236.74 0.0
236.81 0.0
236.88 0.0
236.95 0.0
237.02 0.0
237.09 0.0
237.16 0.0
237.23 0.0
237.3 0.0
237.37 0.0
237.44 0.0
237.51 0.0
237.58 0.0
237.65 0.0
237.72 0.0
237.79 0.0
237.86 0.0
237.93 0.0
238.0 0.0
238.07 0.0
238.14 0.0
238.21 0.0
238.28 0.0
238.35 0.0
238.42 0.0
238.49 0.0
238.56 0.0
238.63 0.0
238.7 0.0
238.77 0.0
238.84 0.0
238.91 0.0
238.98 0.0
239.05 0.0
239.12 0.0
239.19 0.0
239.26 0.0
239.33 0.0
239.4 0.0
239.47 0.0
239.54 0.0
239.61 0.0
239.68 0.0
239.75 0.0
239.82 0.0
239.89 0.0
239.96 0.0
240.03 0.0
240.1 0.0
