0.0 0.0
0.07 0.0
0.14 0.0
0.21 0.0
0.28 0.0
0.35 0.0
0.42 0.0
0.49 0.0
0.56 0.0
0.63 0.0
0.7 0.0
0.77 0.0
0.84 0.0
0.91 0.0
0.98 0.0
1.05 0.0
1.12 0.0
1.19 0.0
1.26 0.0
1.33 0.0
1.4 0.0
1.47 0.0
1.54 0.0
1.61 0.0
1.68 0.0
1.75 0.0
1.82 0.0
1.89 0.0
1.96 0.0
2.03 0.0
2.1 0.0
2.17 0.0
2.24 0.0
2.31 0.0
2.38 0.0
2.45 0.0
2.52 0.0
2.59 0.0
2.66 0.0
2.73 0.0
2.8 0.0
2.87 0.0
2.94 0.0
3.01 0.0
3.08 0.0
3.15 0.0
3.22 0.0
3.29 0.0
3.36 0.0
3.43 0.0
3.5 0.0
3.57 0.0
3.64 0.0
3.71 0.0
3.78 0.0
3.85 0.0
3.92 0.0
3.99 4.17612005667e-05
4.06 4.68631536591e-05
4.13 0.00328197835852
4.2 0.0522468124943
4.27 0.0737990926955
4.34 0.0470654414233
4.41 0.0368017467907
4.48 0.048622953402
4.55 0.252012078594
4.62 0.2490813536
4.69 0.138972260304
4.76 0.0543587415582
4.83 0.251430399831
4.9 0.22394915241
4.97 0.0505682834351
5.04 0.0284362145829
5.11 0.145861645774
5.18 0.131297866094
5.25 0.0861947272703
5.32 0.0544790416635
5.39 0.0966016329989
5.46 0.147602609855
5.53 0.114992344052
5.6 0.0519221412406
5.67 0.0346506688094
5.74 0.176490833582
5.81 0.135443229998
5.88 0.043140108858
5.95 0.0399397773354
6.02 0.144769044335
6.09 0.150376091823
6.16 0.0609468405925
6.23 0.0288824286987
6.3 0.151179025978
6.37 0.17179720611
6.44 0.097375081814
6.51 0.0514772135236
6.58 0.11911163604
6.65 0.146610051377
6.72 0.0858384893704
6.79 0.043541132762
6.86 0.0253544198225
6.93 0.165564155212
7.0 0.142121815444
7.07 0.0619037861903
7.14 0.0473222785218
7.21 0.13977979453
7.28 0.149968455123
7.35 0.0841519998097
7.42 0.0325340284919
7.49 0.103611987751
7.56 0.116995455003
7.63 0.0757119770085
7.7 0.0386554505261
7.77 0.0345355215727
7.84 0.116647740793
7.91 0.0792431852561
7.98 0.049775918947
8.05 0.0335719798043
8.12 0.109435580416
8.19 0.0685409782747
8.26 0.10886489631
8.33 0.138847165817
8.4 0.219937331868
8.47 0.213767197093
8.54 0.19179343426
8.61 0.168059897661
8.68 0.130464876135
8.75 0.248006312855
8.82 0.211042504759
8.89 0.16578540333
8.96 0.097532550323
9.03 0.249158370232
9.1 0.220161647393
9.17 0.187159745903
9.24 0.144922323216
9.31 0.236594338993
9.38 0.274823022054
9.45 0.207013950642
9.52 0.112020083341
9.59 0.10792524228
9.66 0.146057469333
9.73 0.0729046340735
9.8 0.0470038875542
9.87 0.0920512758506
9.94 0.269430742892
10.01 0.18875236784
10.08 0.0635456611974
10.15 0.0523631442984
10.22 0.12899504917
10.29 0.11814723598
10.36 0.0513262861132
10.43 0.0291052198719
10.5 0.18778003949
10.57 0.179053065598
10.64 0.0873780665813
10.71 0.0449401309028
10.78 0.108960222822
10.85 0.108702764345
10.92 0.0752676301452
10.99 0.0499767914648
11.06 0.0616286132334
11.13 0.195487633802
11.2 0.172266444477
11.27 0.0620591214387
11.34 0.0692429332445
11.41 0.145907608033
11.48 0.13422734937
11.55 0.0683210321417
11.62 0.0319451113972
11.69 0.159891519052
11.76 0.124072621441
11.83 0.0965205140229
11.9 0.0472548475353
11.97 0.0786638538065
12.04 0.119915292366
12.11 0.0989559380856
12.18 0.0518274994912
12.25 0.0760303825234
12.32 0.171205799345
12.39 0.107902202442
12.46 0.0556297565302
12.53 0.045921318571
12.6 0.11753496628
12.67 0.101234719719
12.74 0.0764484641997
12.81 0.0415358542606
12.88 0.125012567456
12.95 0.0864630037581
13.02 0.0702316927929
13.09 0.102984662614
13.16 0.170252313931
13.23 0.279967650749
13.3 0.22719464505
13.37 0.206248404139
13.44 0.113369832567
13.51 0.216503109567
13.58 0.198318775115
13.65 0.0972399382463
13.72 0.0716876031685
13.79 0.312822408171
13.86 0.255140683515
13.93 0.233370057386
14.0 0.183554969778
14.07 0.231886720116
14.14 0.222420488807
14.21 0.195199657125
14.28 0.160733875407
14.35 0.185569578308
14.42 0.188975734672
14.49 0.169194289395
14.56 0.143494187832
14.63 0.110117221092
14.7 0.196070003564
14.77 0.185062538728
14.84 0.152709559951
14.91 0.135444015553
14.98 0.261763300223
15.05 0.257449560437
15.12 0.19314837688
15.19 0.111766294945
15.26 0.185810885103
15.33 0.163535559434
15.4 0.14312955405
15.47 0.170451263085
15.54 0.135488403584
15.61 0.202302951591
15.68 0.191380908621
15.75 0.0666607495787
15.82 0.08480224529
15.89 0.186731760619
15.96 0.147477281572
16.03 0.131851614002
16.1 0.0677395445714
16.17 0.284401258378
16.24 0.338664112312
16.31 0.281400526482
16.38 0.186632383717
16.45 0.174071308702
16.52 0.254817501283
16.59 0.188581087689
16.66 0.120090690448
16.73 0.123646269613
16.8 0.161688902836
16.87 0.145590549184
16.94 0.131712083379
17.01 0.156029366539
17.08 0.220201387555
17.15 0.18440490217
17.22 0.148694436129
17.29 0.0793277280478
17.36 0.0801665296609
17.43 0.15278380324
17.5 0.113980411661
17.57 0.270078196326
17.64 0.19179408785
17.71 0.157428667056
17.78 0.153563372321
17.85 0.100254640765
17.92 0.163510458033
17.99 0.162025145444
18.06 0.15859587131
18.13 0.0946727196169
18.2 0.150771990914
18.27 0.18576946992
18.34 0.207058849908
18.41 0.113228622767
18.48 0.110200629193
18.55 0.150784066229
18.62 0.270518829466
18.69 0.206913584522
18.76 0.232528345269
18.83 0.249080772747
18.9 0.271791466464
18.97 0.22388367596
19.04 0.156107058582
19.11 0.0953098600396
19.18 0.157274507023
19.25 0.166050484603
19.32 0.108836932203
19.39 0.0550998838919
19.46 0.170144602454
19.53 0.293311483826
19.6 0.189265534959
19.67 0.0476703730395
19.74 0.0764973068281
19.81 0.157319695157
19.88 0.133797702574
19.95 0.116240178908
20.02 0.0605922361489
20.09 0.182601987286
20.16 0.184388282895
20.23 0.121667831957
20.3 0.100406879512
20.37 0.1078854086
20.44 0.069116627174
20.51 0.0702493761
20.58 0.126858197429
20.65 0.141173903732
20.72 0.143729105236
20.79 0.0935304931117
20.86 0.100549407923
20.93 0.143904126126
21.0 0.330792951046
21.07 0.239994821902
21.14 0.231291548712
21.21 0.166689297968
21.28 0.196402146945
21.35 0.176378827528
21.42 0.11673094731
21.49 0.0437866956872
21.56 0.107046972748
21.63 0.122891747901
21.7 0.0947257601863
21.77 0.051204610247
21.84 0.0944678995799
21.91 0.157097335208
21.98 0.13563545829
22.05 0.0472449854911
22.12 0.0580877227051
22.19 0.135901710622
22.26 0.14175018544
22.33 0.0873590220606
22.4 0.0498884351969
22.47 0.139060849329
22.54 0.103815902737
22.61 0.0743303327819
22.68 0.0378943981061
22.75 0.0946293550938
22.82 0.139253094246
22.89 0.0890428754391
22.96 0.0684115466085
23.03 0.121228229599
23.1 0.201594482539
23.17 0.0881697598144
23.24 0.0503117892377
23.31 0.0403690188847
23.38 0.233865085035
23.45 0.213718068713
23.52 0.168603429194
23.59 0.15500286085
23.66 0.249892835346
23.73 0.240712180406
23.8 0.155643771107
23.87 0.165767571433
23.94 0.158955187007
24.01 0.252496597883
24.08 0.170185052317
24.15 0.134965072045
24.22 0.123903905775
24.29 0.174075020346
24.36 0.138481396305
24.43 0.152692777539
24.5 0.168593769773
24.57 0.190697684365
24.64 0.205884815686
24.71 0.175002896242
24.78 0.0862037653127
24.85 0.174199996376
24.92 0.181929085394
24.99 0.117230557365
25.06 0.0792050037354
25.13 0.0957630942767
25.2 0.21800505286
25.27 0.153437374862
25.34 0.0625770715088
25.41 0.0687714784887
25.48 0.158119899611
25.55 0.123794580584
25.62 0.100963770681
25.69 0.0823968697566
25.76 0.255831521214
25.83 0.304099835883
25.9 0.238112969102
25.97 0.2021702208
26.04 0.121177570633
26.11 0.218268850851
26.18 0.213940521142
26.25 0.139864489029
26.32 0.12761234195
26.39 0.159341064034
26.46 0.137850757496
26.53 0.135915175206
26.6 0.0564589465209
26.67 0.179709267167
26.74 0.176436378805
26.81 0.134974478966
26.88 0.0698900240344
26.95 0.0923236235099
27.02 0.149335523032
27.09 0.118063507838
27.16 0.251498109295
27.23 0.185447037915
27.3 0.181381985611
27.37 0.141421035689
27.44 0.0871147091659
27.51 0.0446625856937
27.58 0.190969324401
27.65 0.21268835638
27.72 0.0793275119162
27.79 0.061208458564
27.86 0.134333788997
27.93 0.284836746962
28.0 0.106258733464
28.07 0.112387029107
28.14 0.174068154011
28.21 0.260936477289
28.28 0.184369788056
28.35 0.197915775892
28.42 0.30736791012
28.49 0.330824896962
28.56 0.238384586278
28.63 0.185131738253
28.7 0.129715939555
28.77 0.180663540214
28.84 0.139724423272
28.91 0.0804882436521
28.98 0.0765637974343
29.05 0.163959535893
29.12 0.179521271106
29.19 0.0918286228769
29.26 0.0736319668438
29.33 0.121667681289
29.4 0.241828833761
29.47 0.22710294082
29.54 0.185291505239
29.61 0.113831089651
29.68 0.202057660908
29.75 0.201009668828
29.82 0.216059668794
29.89 0.183535373499
29.96 0.193904140309
30.03 0.185681376543
30.1 0.114780326208
30.17 0.061992328456
30.24 0.165137338909
30.31 0.180442541479
30.38 0.117720735562
30.45 0.112460765318
30.52 0.190482397531
30.59 0.229944636213
30.66 0.164582193419
30.73 0.120375255778
30.8 0.109459631293
30.87 0.224284702981
30.94 0.150908364769
31.01 0.113014829111
31.08 0.0523148035527
31.15 0.164688795144
31.22 0.23386193554
31.29 0.204863991766
31.36 0.142714985551
31.43 0.142846745828
31.5 0.193481146834
31.57 0.123412316489
31.64 0.07022774943
31.71 0.117936418291
31.78 0.11005002598
31.85 0.0523512830368
31.92 0.0821497731283
31.99 0.0765896365926
32.06 0.306452365157
32.13 0.230387206225
32.2 0.195196672847
32.27 0.172379530151
32.34 0.145006929393
32.41 0.115571781489
32.48 0.108983174337
32.55 0.097362170028
32.62 0.54421758576
32.69 0.317988238548
32.76 0.205422308572
32.83 0.0893810310197
32.9 0.101066774022
32.97 0.179065021417
33.04 0.155372225628
33.11 0.166105548289
33.18 0.196385125541
33.25 0.643758888276
33.32 0.477047890902
33.39 0.437638268839
33.46 0.378914564301
33.53 0.361212381041
33.6 0.261719094034
33.67 0.250699048883
33.74 0.249595692818
33.81 0.550980247444
33.88 0.329040519521
33.95 0.271252692944
34.02 0.225089165644
34.09 0.297964682217
34.16 0.31116846824
34.23 0.314592053333
34.3 0.302640692885
34.37 0.468208524412
34.44 0.283785497321
34.51 0.242370101108
34.58 0.198986974066
34.65 0.186571991555
34.72 0.230568599881
34.79 0.246404478309
34.86 0.212107462132
34.93 0.413129596975
35.0 0.536860407302
35.07 0.402855272407
35.14 0.492501344175
35.21 0.320593928605
35.28 0.354328558882
35.35 0.286717602232
35.42 0.266757228031
35.49 0.250506456908
35.56 0.571525815664
35.63 0.265219875521
35.7 0.22714205233
35.77 0.200425841217
35.84 0.230178814821
35.91 0.248150649291
35.98 0.280432738974
36.05 0.255299848865
36.12 0.485687117436
36.19 0.308454931623
36.26 0.24305342096
36.33 0.249470670029
36.4 0.272977917863
36.47 0.266638791022
36.54 0.285585029952
36.61 0.241269233673
36.68 0.383753350132
36.75 0.342334030299
36.82 0.283549743446
36.89 0.354345262323
36.96 0.215911460694
37.03 0.334101691279
37.1 0.266226516844
37.17 0.263055512719
37.24 0.220195331714
37.31 0.609466602058
37.38 0.34035467824
37.45 0.311080931817
37.52 0.285280679227
37.59 0.348092955969
37.66 0.34550443071
37.73 0.250281822381
37.8 0.170547179804
37.87 0.363683538518
37.94 0.198663243193
38.01 0.17963499894
38.08 0.19420503189
38.15 0.222791731229
38.22 0.384643149455
38.29 0.425403596208
38.36 0.433516707468
38.43 0.492090223392
38.5 0.414671777117
38.57 0.198878439626
38.64 0.246662415808
38.71 0.214210432125
38.78 0.227706752293
38.85 0.175296142166
38.92 0.248129686602
38.99 0.404621444916
39.06 0.560219815914
39.13 0.430189162746
39.2 0.368206118597
39.27 0.247793108366
39.34 0.209823675181
39.41 0.234543346576
39.48 0.203443104064
39.55 0.16123554183
39.62 0.519456060685
39.69 0.205159879068
39.76 0.224781117822
39.83 0.254013904185
39.9 0.27212832006
39.97 0.205989149068
40.04 0.185023811683
40.11 0.137654518299
40.18 0.501685406305
40.25 0.238424164341
40.32 0.193676745948
40.39 0.1763831273
40.46 0.212740198874
40.53 0.210498666693
40.6 0.218482792058
40.67 0.251696076505
40.74 0.501514284097
40.81 0.243151299488
40.88 0.202023856053
40.95 0.238469242331
41.02 0.292101245481
41.09 0.220377900585
41.16 0.154071880141
41.23 0.221490441205
41.3 0.413386260544
41.37 0.287312968985
41.44 0.296559833975
41.51 0.342560350237
41.58 0.228905790241
41.65 0.351899561617
41.72 0.249053014381
41.79 0.207579806078
41.86 0.464047724762
41.93 0.383612858346
42.0 0.307295152736
42.07 0.280533961308
42.14 0.243286447212
42.21 0.409032619537
42.28 0.377806507373
42.35 0.257676847771
42.42 0.384936208343
42.49 0.227734514815
42.56 0.185964804065
42.63 0.168166871382
42.7 0.159473221244
42.77 0.362875275887
42.84 0.296651915396
42.91 0.35093208272
42.98 0.49533641742
43.05 0.471041813532
43.12 0.25521673171
43.19 0.309693819877
43.26 0.414362522905
43.33 0.43994056102
43.4 0.311079818947
43.47 0.237454423336
43.54 0.170827015177
43.61 0.505977179637
43.68 0.30929042372
43.75 0.28584774209
43.82 0.221059410335
43.89 0.237743935794
43.96 0.263487114052
44.03 0.238171953291
44.1 0.206435670756
44.17 0.541130302503
44.24 0.243268166426
44.31 0.207923069846
44.38 0.226080392003
44.45 0.294131091289
44.52 0.269993763678
44.59 0.194924704457
44.66 0.197240297046
44.73 0.445448537099
44.8 0.216502110998
44.87 0.183257737888
44.94 0.160474963237
45.01 0.204573825717
45.08 0.180545672628
45.15 0.147130463062
45.22 0.222545642522
45.29 0.552423006002
45.36 0.288838900809
45.43 0.253158548761
45.5 0.249884657673
45.57 0.232232381074
45.64 0.188339586584
45.71 0.228317263845
45.78 0.295297773918
45.85 0.491538281429
45.92 0.280472317038
45.99 0.182526381745
46.06 0.111719252028
46.13 0.137096234744
46.2 0.281031849584
46.27 0.280219874269
46.34 0.260482515686
46.41 0.463620676741
46.48 0.38665761459
46.55 0.231741402775
46.62 0.229009956328
46.69 0.196928659152
46.76 0.346104864087
46.83 0.287215542463
46.9 0.244989353424
46.97 0.363166467522
47.04 0.571284080762
47.11 0.367012439259
47.18 0.505580546946
47.25 0.274561076767
47.32 0.377605068549
47.39 0.265747364477
47.46 0.223453887847
47.53 0.158434214212
47.6 0.568830610748
47.67 0.248099233865
47.74 0.190698239241
47.81 0.118456486035
47.88 0.353611813443
47.95 0.434135854934
48.02 0.423723745421
48.09 0.347102884044
48.16 0.561889129245
48.23 0.346807420692
48.3 0.276993440697
48.37 0.198810602354
48.44 0.285177378704
48.51 0.317084069589
48.58 0.291025905476
48.65 0.245004597977
48.72 0.50564325317
48.79 0.410091706027
48.86 0.246519598529
48.93 0.164801012134
49.0 0.146271499902
49.07 0.277260592885
49.14 0.209360446935
49.21 0.258753683032
49.28 0.428417528758
49.35 0.582482744148
49.42 0.389080916578
49.49 0.263387268518
49.56 0.133837664064
49.63 0.341552813215
49.7 0.255541400886
49.77 0.289750397461
49.84 0.224253087498
49.91 0.560324481806
49.98 0.26283509172
50.05 0.300588214563
50.12 0.240875216382
50.19 0.30018254279
50.26 0.287673578355
50.33 0.457087927144
50.4 0.403385248955
50.47 0.625252010635
50.54 0.395303743827
50.61 0.312326419359
50.68 0.237899411321
50.75 0.389327714986
50.82 0.484891609687
50.89 0.425325860523
50.96 0.371803811217
51.03 0.562995315803
51.1 0.349246781884
51.17 0.247938763412
51.24 0.298421037893
51.31 0.325758714692
51.38 0.323736809642
51.45 0.245245644998
51.52 0.195426442577
51.59 0.525223132853
51.66 0.470014136785
51.73 0.46016940498
51.8 0.383753632766
51.87 0.293041971855
51.94 0.235074780973
52.01 0.259574285947
52.08 0.330668727321
52.15 0.512048693971
52.22 0.346009844107
52.29 0.258595443515
52.36 0.248596159939
52.43 0.406570420092
52.5 0.427724521429
52.57 0.418451204215
52.64 0.370120542848
52.71 0.442845873924
52.78 0.281724197088
52.85 0.201440759965
52.92 0.181523063446
52.99 0.180876515063
53.06 0.221065547226
53.13 0.231749984655
53.2 0.177024690108
53.27 0.452095790734
53.34 0.333452689595
53.41 0.223876970684
53.48 0.227124002223
53.55 0.282307406438
53.62 0.337765098301
53.69 0.244742823102
53.76 0.243058186247
53.83 0.429692409161
53.9 0.372564791939
53.97 0.239709452313
54.04 0.2682781296
54.11 0.174887790569
54.18 0.259097838343
54.25 0.197587780576
54.32 0.193774440557
54.39 0.24395074956
54.46 0.437687404492
54.53 0.224744258029
54.6 0.228507935574
54.67 0.207493382525
54.74 0.215695769652
54.81 0.179703977138
54.88 0.24998025435
54.95 0.217438666447
55.02 0.488998324478
55.09 0.305799905367
55.16 0.203814999037
55.23 0.251228954772
55.3 0.291657418164
55.37 0.279117112566
55.44 0.256112372822
55.51 0.23666327251
55.58 0.532789033148
55.65 0.35761154724
55.72 0.296562035816
55.79 0.267034762849
55.86 0.332663620075
55.93 0.463406213909
56.0 0.284475986924
56.07 0.165340996199
56.14 0.467583995477
56.21 0.241465744073
56.28 0.198985267874
56.35 0.213620709732
56.42 0.265229943306
56.49 0.326908185762
56.56 0.314401270421
56.63 0.248032106294
56.7 0.525636437813
56.77 0.256275725722
56.84 0.206533272885
56.91 0.283855990518
56.98 0.322283411796
57.05 0.291056365487
57.12 0.274966716328
57.19 0.392089956033
57.26 0.569560475792
57.33 0.403876554569
57.4 0.287642210175
57.47 0.271284646133
57.54 0.209963948758
57.61 0.240421645479
57.68 0.214102507633
57.75 0.195547620717
57.82 0.424141297159
57.89 0.342072372842
57.96 0.193137040361
58.03 0.154001785956
58.1 0.17372171581
58.17 0.229084009463
58.24 0.157852371271
58.31 0.154075697774
58.38 0.30086361716
58.45 0.530843740522
58.52 0.337960528043
58.59 0.281060497415
58.66 0.221991986054
58.73 0.25762779005
58.8 0.16829569206
58.87 0.22964834886
58.94 0.302837813233
59.01 0.47698475761
59.08 0.223309742605
59.15 0.193896270209
59.22 0.171276697789
59.29 0.226164932716
59.36 0.170821386403
59.43 0.341461864407
59.5 0.318229006052
59.57 0.464919343052
59.64 0.380106247539
59.71 0.325266005261
59.78 0.248846367616
59.85 0.367261409374
59.92 0.327854637547
59.99 0.227264268525
60.06 0.185023395006
60.13 0.591041833649
60.2 0.404059759366
60.27 0.30996968487
60.34 0.24454998694
60.41 0.313565846903
60.48 0.278274383177
60.55 0.262281848812
60.62 0.170516228301
60.69 0.407611382699
60.76 0.215596355342
60.83 0.191429221311
60.9 0.203299258081
60.97 0.290244939853
61.04 0.320380228468
61.11 0.341393749696
61.18 0.350093177198
61.25 0.517504902372
61.32 0.349258230625
61.39 0.272683174604
61.46 0.382730667272
61.53 0.360209423308
61.6 0.345704636129
61.67 0.333792643848
61.74 0.218091178192
61.81 0.446210098676
61.88 0.364437116733
61.95 0.310504143032
62.02 0.250073896491
62.09 0.198893995907
62.16 0.24507451136
62.23 0.255497001425
62.3 0.241476592218
62.37 0.490723180518
62.44 0.350339725185
62.51 0.20646247939
62.58 0.211814253616
62.65 0.238248361013
62.72 0.23472007262
62.79 0.238723052548
62.86 0.281247813908
62.93 0.383559673343
63.0 0.351587091409
63.07 0.182694350302
63.14 0.184409482497
63.21 0.223580264576
63.28 0.242213252938
63.35 0.170504983223
63.42 0.181976352755
63.49 0.338414164409
63.56 0.420202099958
63.63 0.245441881077
63.7 0.221409002188
63.77 0.223394826765
63.84 0.234750432878
63.91 0.21863964958
63.98 0.327197888375
64.05 0.347053775408
64.12 0.330878892459
64.19 0.173089399902
64.26 0.175671021418
64.33 0.135675229625
64.4 0.265034732813
64.47 0.26657352343
64.54 0.232687587512
64.61 0.157610371401
64.68 0.524521412719
64.75 0.251861854651
64.82 0.204287193628
64.89 0.164078935103
64.96 0.321783949292
65.03 0.322027472475
65.1 0.282861747669
65.17 0.199933216993
65.24 0.614533681067
65.31 0.396328574495
65.38 0.349989786274
65.45 0.28385115769
65.52 0.372890784921
65.59 0.319614823282
65.66 0.281555043963
65.73 0.209757858947
65.8 0.568457514582
65.87 0.323547142717
65.94 0.228322247342
66.01 0.180414551395
66.08 0.423395130804
66.15 0.432554592376
66.22 0.384325487932
66.29 0.305269834262
66.36 0.565425548551
66.43 0.33305859645
66.5 0.243880092186
66.57 0.20072308142
66.64 0.334323981609
66.71 0.357624147298
66.78 0.254406626765
66.85 0.184079185587
66.92 0.555451569
66.99 0.453923871443
67.06 0.42320934178
67.13 0.303970362653
67.2 0.235449617622
67.27 0.300773269987
67.34 0.278660792219
67.41 0.197022688875
67.48 0.448155909809
67.55 0.422135566652
67.62 0.299709956461
67.69 0.258033252965
67.76 0.253577534449
67.83 0.561647475393
67.9 0.566763444829
67.97 0.544663805071
68.04 0.433102394587
68.11 0.60438582259
68.18 0.292421512013
68.25 0.234464053289
68.32 0.206978098771
68.39 0.323344784295
68.46 0.24725950434
68.53 0.498750418946
68.6 0.559819633676
68.67 0.571112920107
68.74 0.308287804732
68.81 0.254738712996
68.88 0.207911461084
68.95 0.392713565369
69.02 0.358517752823
69.09 0.379014157335
69.16 0.311670976329
69.23 0.576521459017
69.3 0.333844399057
69.37 0.258695263071
69.44 0.309374940535
69.51 0.354704640366
69.58 0.271054669623
69.65 0.263510357552
69.72 0.225091352938
69.79 0.646796384368
69.86 0.464576933419
69.93 0.349447410214
70.0 0.261574143494
70.07 0.28647091085
70.14 0.218536125652
70.21 0.197564645141
70.28 0.155660615865
70.35 0.396645416173
70.42 0.287209596765
70.49 0.164010918067
70.56 0.208649575497
70.63 0.214497362434
70.7 0.206888940322
70.77 0.183520290006
70.84 0.194757950601
70.91 0.40479969635
70.98 0.409593561095
71.05 0.200616686475
71.12 0.229052252663
71.19 0.206599700107
71.26 0.203388682538
71.33 0.221629424226
71.4 0.189291282677
71.47 0.173702008347
71.54 0.41246789548
71.61 0.198178267742
71.68 0.0894530787023
71.75 0.10457567811
71.82 0.1543621262
71.89 0.150112230447
71.96 0.0968080459675
72.03 0.0919528892052
72.1 0.382085509197
72.17 0.198086438821
72.24 0.152109141122
72.31 0.216727403271
72.38 0.185537933729
72.45 0.188780221802
72.52 0.301900978266
72.59 0.329826050925
72.66 0.379017229937
72.73 0.37499961021
72.8 0.254949331179
72.87 0.223058639229
72.94 0.235188856904
73.01 0.295682957868
73.08 0.247792993027
73.15 0.229848406728
73.22 0.247468431917
73.29 0.505338454596
73.36 0.202936823023
73.43 0.184817099455
73.5 0.234097459775
73.57 0.341089563148
73.64 0.292924776564
73.71 0.24040497425
73.78 0.217118797888
73.85 0.438761918416
73.92 0.330439492724
73.99 0.278498339175
74.06 0.181588938908
74.13 0.341390205345
74.2 0.34816129928
74.27 0.326548144777
74.34 0.205208834957
74.41 0.443744808964
74.48 0.413456171849
74.55 0.163790882572
74.62 0.0969088547417
74.69 0.0948814310621
74.76 0.147200997823
74.83 0.11012156035
74.9 0.114004520727
74.97 0.145513988715
75.04 0.199585891405
75.11 0.172801049151
75.18 0.141746404175
75.25 0.106117236874
75.32 0.161745708045
75.39 0.156202415228
75.46 0.105116674253
75.53 0.105029157574
75.6 0.187995171499
75.67 0.143286084257
75.74 0.0844157084389
75.81 0.114710641426
75.88 0.113194843889
75.95 0.138431705776
76.02 0.131685827543
76.09 0.140739729602
76.16 0.253451736496
76.23 0.196974498798
76.3 0.0852756026275
76.37 0.0596704888321
76.44 0.0609068822206
76.51 0.238676987418
76.58 0.211687508008
76.65 0.197896459129
76.72 0.163750375559
76.79 0.190293092211
76.86 0.194410915959
76.93 0.132598068186
77.0 0.0619309886404
77.07 0.101849144501
77.14 0.17889923288
77.21 0.0865986814203
77.28 0.227285473323
77.35 0.187325771354
77.42 0.191214339724
77.49 0.1599272826
77.56 0.130638240709
77.63 0.0900612387845
77.7 0.118999518803
77.77 0.14791793965
77.84 0.246080816016
77.91 0.16692671855
77.98 0.163279501656
78.05 0.131679444387
78.12 0.123008157637
78.19 0.114557444634
78.26 0.130734387067
78.33 0.127456039304
78.4 0.100841789321
78.47 0.0835847041896
78.54 0.181148893895
78.61 0.233534890995
78.68 0.114337266783
78.75 0.10562025261
78.82 0.157091306382
78.89 0.254936649033
78.96 0.180339975596
79.03 0.27456017899
79.1 0.272155423796
79.17 0.301688399312
79.24 0.282777933282
79.31 0.321232685858
79.38 0.253483460045
79.45 0.0969891798496
79.52 0.0843322120151
79.59 0.117337448997
79.66 0.0800585116503
79.73 0.163235595765
79.8 0.142433628944
79.87 0.0956489643133
79.94 0.0996348189271
80.01 0.181551610484
80.08 0.142155376112
80.15 0.10571241508
80.22 0.0938574316691
80.29 0.147538708671
80.36 0.200590134498
80.43 0.147153267026
80.5 0.129625028154
80.57 0.0865982772126
80.64 0.162715094719
80.71 0.0942063647359
80.78 0.257305305051
80.85 0.287288735227
80.92 0.197361037727
80.99 0.0755985889585
81.06 0.0737307857524
81.13 0.120736902164
81.2 0.314230016247
81.27 0.250260007635
81.34 0.307626745397
81.41 0.221228636196
81.48 0.213842369332
81.55 0.193769043501
81.62 0.136253541723
81.69 0.0668634540197
81.76 0.0914780553147
81.83 0.128780177973
81.9 0.0993349498156
81.97 0.0490242983862
82.04 0.123106773923
82.11 0.224536325904
82.18 0.170857016947
82.25 0.105497751703
82.32 0.144747563139
82.39 0.191134270233
82.46 0.151118789681
82.53 0.111500781409
82.6 0.111019500977
82.67 0.167695676399
82.74 0.133230892211
82.81 0.120321507586
82.88 0.0845813452684
82.95 0.149518203086
83.02 0.170803678157
83.09 0.135753773725
83.16 0.0853231380752
83.23 0.174791520559
83.3 0.128923689368
83.37 0.071624613271
83.44 0.0682908880156
83.51 0.115999154747
83.58 0.274209458681
83.65 0.219571622624
83.72 0.213823134657
83.79 0.19003826576
83.86 0.321924606294
83.93 0.25619088471
84.0 0.124440972064
84.07 0.209874412079
84.14 0.201706218429
84.21 0.193065417668
84.28 0.165719859339
84.35 0.134915786762
84.42 0.211565710568
84.49 0.210236073012
84.56 0.1415765746
84.63 0.0897538923504
84.7 0.105017129018
84.77 0.199651620355
84.84 0.166247419992
84.91 0.130754789684
84.98 0.153217478605
85.05 0.209609809828
85.12 0.135120385472
85.19 0.102756814168
85.26 0.126452492405
85.33 0.189020440665
85.4 0.220966429058
85.47 0.128132067832
85.54 0.0650198409293
85.61 0.246548392871
85.68 0.305280142077
85.75 0.200443076674
85.82 0.154148816762
85.89 0.244978256936
85.96 0.231844315716
86.03 0.210477075352
86.1 0.162207361024
86.17 0.186168908166
86.24 0.230485789259
86.31 0.18430186246
86.38 0.1237751038
86.45 0.0584068566251
86.52 0.175753215856
86.59 0.124988741023
86.66 0.176662257128
86.73 0.0710669978536
86.8 0.236960209297
86.87 0.238662791312
86.94 0.135455742772
87.01 0.129033753355
87.08 0.171400678367
87.15 0.153252182277
87.22 0.152627964031
87.29 0.164570552445
87.36 0.202460792096
87.43 0.121162334393
87.5 0.182221466791
87.57 0.0644148656711
87.64 0.187532756864
87.71 0.28640280757
87.78 0.206991441781
87.85 0.25801780475
87.92 0.236824052613
87.99 0.21320405785
88.06 0.186417155072
88.13 0.112968038694
88.2 0.122006125737
88.27 0.27182016521
88.34 0.193022006385
88.41 0.181748941768
88.48 0.291025593748
88.55 0.390833528906
88.62 0.395278378495
88.69 0.181848277107
88.76 0.0601703441138
88.83 0.115671834842
88.9 0.150750340345
88.97 0.151563678952
89.04 0.0743604374224
89.11 0.135440284166
89.18 0.285067970386
89.25 0.199673912045
89.32 0.219666760021
89.39 0.176878032336
89.46 0.222483508838
89.53 0.190372916475
89.6 0.18135875354
89.67 0.12208750137
89.74 0.226100318714
89.81 0.204317945624
89.88 0.21776044798
89.95 0.17827887383
90.02 0.177982237341
90.09 0.142737599361
90.16 0.0967725816785
90.23 0.0806124632212
90.3 0.198758884551
90.37 0.162840179853
90.44 0.116691970882
90.51 0.0947663960477
90.58 0.381008588731
90.65 0.629429203037
90.72 0.394112799384
90.79 0.154587041282
90.86 0.176727037385
90.93 0.228838813338
91.0 0.180128802536
91.07 0.0927973102404
91.14 0.0991517990515
91.21 0.157718366551
91.28 0.135523123882
91.35 0.112742261164
91.42 0.0839921361882
91.49 0.203644547044
91.56 0.284494708286
91.63 0.307246589624
91.7 0.300215935125
91.77 0.366799637938
91.84 0.241189163144
91.91 0.162837387807
91.98 0.0931720034944
92.05 0.229666850973
92.12 0.270470745377
92.19 0.233123225726
92.26 0.206058464972
92.33 0.156719729372
92.4 0.143980965072
92.47 0.123129352403
92.54 0.103795532332
92.61 0.301582474038
92.68 0.432500547003
92.75 0.212104907
92.82 0.0831570514156
92.89 0.0621609163134
92.96 0.18509687456
93.03 0.180946900195
93.1 0.190724150097
93.17 0.198046323546
93.24 0.626972472346
93.31 0.521375125531
93.38 0.454747673729
93.45 0.397318828261
93.52 0.325535652315
93.59 0.237190293874
93.66 0.22633636977
93.73 0.206420199681
93.8 0.564885040782
93.87 0.371918083536
93.94 0.270057039326
94.01 0.240033439842
94.08 0.341129340717
94.15 0.388117669912
94.22 0.313429013768
94.29 0.268596349117
94.36 0.492120177363
94.43 0.310996234201
94.5 0.208922696243
94.57 0.187560245065
94.64 0.177117559163
94.71 0.24618130371
94.78 0.267004784978
94.85 0.20671921154
94.92 0.272846109788
94.99 0.569050164104
95.06 0.320767849094
95.13 0.307054037135
95.2 0.253866315385
95.27 0.392283826094
95.34 0.330930670529
95.41 0.253808225857
95.48 0.183569226152
95.55 0.4775716838
95.62 0.237218498011
95.69 0.205085959976
95.76 0.164853508218
95.83 0.229968917769
95.9 0.231444125165
95.97 0.259122673737
96.04 0.262768827636
96.11 0.504616556289
96.18 0.295458709885
96.25 0.232567804876
96.32 0.27302517795
96.39 0.277191098257
96.46 0.221630623341
96.53 0.217555033581
96.6 0.224954410698
96.67 0.492518175425
96.74 0.28325959714
96.81 0.269108583129
96.88 0.303576891925
96.95 0.303409044942
97.02 0.304447824413
97.09 0.211856540598
97.16 0.244892985739
97.23 0.446022901678
97.3 0.512985318002
97.37 0.384734819395
97.44 0.365083386638
97.51 0.292903736982
97.58 0.432116030151
97.65 0.356627190334
97.72 0.238185403327
97.79 0.173896341844
97.86 0.439577266631
97.93 0.231770965009
98.0 0.199207965528
98.07 0.169974056943
98.14 0.288018662616
98.21 0.43623109926
98.28 0.428035030866
98.35 0.320393934122
98.42 0.52929116528
98.49 0.200359050313
98.56 0.225484548305
98.63 0.189527323342
98.7 0.21026946119
98.77 0.20114234039
98.84 0.215643054319
98.91 0.294831985343
98.98 0.498640118045
99.05 0.293390078842
99.12 0.270401503249
99.19 0.247750823462
99.26 0.225583058603
99.33 0.280409123478
99.4 0.234019343782
99.47 0.121830365012
99.54 0.48838578877
99.61 0.225101850908
99.68 0.222021215777
99.75 0.283315909817
99.82 0.308816724521
99.89 0.264599630772
99.96 0.213717317448
100.03 0.168719914784
100.1 0.510796838859
100.17 0.291266664669
100.24 0.217078437386
100.31 0.190735134363
100.38 0.215895913764
100.45 0.230539225724
100.52 0.231077135757
100.59 0.28961172409
100.66 0.453410354149
100.73 0.300881328522
100.8 0.193246173319
100.87 0.217920893494
100.94 0.247801523991
101.01 0.210804415
101.08 0.140639367638
101.15 0.220253529308
101.22 0.401424785552
101.29 0.315571614818
101.36 0.326560391543
101.43 0.317778644911
101.5 0.24344395209
101.57 0.337164389564
101.64 0.256538899217
101.71 0.221741903068
101.78 0.475274764775
101.85 0.456314699656
101.92 0.3694223494
101.99 0.300591061681
102.06 0.245957295757
102.13 0.454044951908
102.2 0.390275166379
102.27 0.222346159273
102.34 0.18250986638
102.41 0.391198373624
102.48 0.156778822666
102.55 0.131117157201
102.62 0.143676470952
102.69 0.443146640813
102.76 0.322503537693
102.83 0.289890388403
102.9 0.317921278271
102.97 0.540854409454
103.04 0.294334457633
103.11 0.30055930592
103.18 0.33566905595
103.25 0.383150483196
103.32 0.322819402622
103.39 0.228185059876
103.46 0.187267723389
103.53 0.471445416469
103.6 0.299396548989
103.67 0.261773349304
103.74 0.219148644735
103.81 0.267649344535
103.88 0.266859527906
103.95 0.231081888574
104.02 0.192471014155
104.09 0.518849370921
104.16 0.248050642697
104.23 0.21036115399
104.3 0.212753961678
104.37 0.272938303431
104.44 0.224977122183
104.51 0.211549094411
104.58 0.207080652185
104.65 0.455722486554
104.72 0.273848443025
104.79 0.183756786833
104.86 0.176096137763
104.93 0.225260067565
105.0 0.179912076556
105.07 0.203200279152
105.14 0.226717818176
105.21 0.540177867614
105.28 0.251001275699
105.35 0.210810268218
105.42 0.211240850199
105.49 0.215423787754
105.56 0.2215685094
105.63 0.275456870626
105.7 0.275787225725
105.77 0.476166469797
105.84 0.255952157986
105.91 0.173726381343
105.98 0.0840469473743
106.05 0.196398571421
106.12 0.267104973413
106.19 0.248233452638
106.26 0.20694046901
106.33 0.544223523145
106.4 0.346091543937
106.47 0.229327973222
106.54 0.188593119362
106.61 0.284453072816
106.68 0.339435540089
106.75 0.23903303932
106.82 0.243038417477
106.89 0.534088548399
106.96 0.532857078239
107.03 0.39299016812
107.1 0.406488267217
107.17 0.297067272567
107.24 0.336940252764
107.31 0.269330796566
107.38 0.200942092368
107.45 0.394079832039
107.52 0.35934967771
107.59 0.254395003456
107.66 0.236816327986
107.73 0.166196979237
107.8 0.391939210464
107.87 0.395072249199
107.94 0.37123773965
108.01 0.355073547943
108.08 0.544191498258
108.15 0.290723832446
108.22 0.260129347271
108.29 0.202500492772
108.36 0.29546439477
108.43 0.2679888021
108.5 0.268315637787
108.57 0.196168495158
108.64 0.564175663562
108.71 0.240693010155
108.78 0.191620464542
108.85 0.150504761833
108.92 0.249376008537
108.99 0.228374523138
109.06 0.240285048218
109.13 0.231965283959
109.2 0.584392989161
109.27 0.338241338086
109.34 0.239380040711
109.41 0.16013920173
109.48 0.270519506956
109.55 0.295372008894
109.62 0.285054293826
109.69 0.214333458814
109.76 0.534132033457
109.83 0.26894731777
109.9 0.265996168338
109.97 0.206114643606
110.04 0.281549971105
110.11 0.286821796375
110.18 0.380048433371
110.25 0.320879150643
110.32 0.512379909441
110.39 0.32191764748
110.46 0.26036067876
110.53 0.236093576582
110.6 0.460475777783
110.67 0.368583752488
110.74 0.333601128374
110.81 0.314752267129
110.88 0.542920965425
110.95 0.311865665197
111.02 0.281040266248
111.09 0.352923623356
111.16 0.430121414835
111.23 0.339150667187
111.3 0.308199291561
111.37 0.231830176759
111.44 0.573479913575
111.51 0.483269790239
111.58 0.403117866088
111.65 0.407402649433
111.72 0.322025467023
111.79 0.221802085333
111.86 0.268782478965
111.93 0.227393355212
112.0 0.612733553034
112.07 0.313497278109
112.14 0.256524201228
112.21 0.244778071259
112.28 0.396849265696
112.35 0.328473186494
112.42 0.307712620308
112.49 0.264531715568
112.56 0.463890653187
112.63 0.225360364065
112.7 0.216791302376
112.77 0.287986965044
112.84 0.227355572704
112.91 0.304301437845
112.98 0.278988806239
113.05 0.211162934751
113.12 0.503234512011
113.19 0.29321415394
113.26 0.207635715586
113.33 0.238234804988
113.4 0.334948362992
113.47 0.295041628856
113.54 0.200981929166
113.61 0.185711733684
113.68 0.473863627934
113.75 0.270557121131
113.82 0.167804446714
113.89 0.149880794009
113.96 0.231289265822
114.03 0.247032183755
114.1 0.233455636154
114.17 0.269593475453
114.24 0.502847131415
114.31 0.302743489446
114.38 0.291435720118
114.45 0.29449127463
114.52 0.257995629438
114.59 0.217370542385
114.66 0.249620739147
114.73 0.303812813094
114.8 0.471236721649
114.87 0.33065258603
114.94 0.192516318667
115.01 0.202536086948
115.08 0.359121688987
115.15 0.376029812996
115.22 0.289449247146
115.29 0.271965761028
115.36 0.553840245444
115.43 0.418696054321
115.5 0.384053867639
115.57 0.343550681935
115.64 0.338289129151
115.71 0.474528526722
115.78 0.343841385195
115.85 0.258214653895
115.92 0.433785234378
115.99 0.273988918186
116.06 0.218185302473
116.13 0.227136569029
116.2 0.342929091559
116.27 0.400351125764
116.34 0.354701405665
116.41 0.331778910236
116.48 0.531720162545
116.55 0.376269223444
116.62 0.282845720678
116.69 0.361708157878
116.76 0.326123789049
116.83 0.239969512682
116.9 0.187307842821
116.97 0.296758093171
117.04 0.507249033158
117.11 0.405078116477
117.18 0.304030979259
117.25 0.239693132297
117.32 0.217406525182
117.39 0.290781272541
117.46 0.265202071679
117.53 0.230572110981
117.6 0.416141016994
117.67 0.440766501763
117.74 0.222531976353
117.81 0.17633564069
117.88 0.203597825208
117.95 0.340883365272
118.02 0.251995360606
118.09 0.176410619657
118.16 0.342574001858
118.23 0.448530214442
118.3 0.290442433236
118.37 0.219772971047
118.44 0.195525608543
118.51 0.224004055036
118.58 0.229481372638
118.65 0.30848944514
118.72 0.316578615667
118.79 0.533798596403
118.86 0.247369101774
118.93 0.22662978195
119.0 0.207828563179
119.07 0.206321065927
119.14 0.167581456035
119.21 0.380036620946
119.28 0.409735690494
119.35 0.510602633171
119.42 0.353451351304
119.49 0.302502992106
119.56 0.387694931015
119.63 0.331960345455
119.7 0.26969672506
119.77 0.260647087444
119.84 0.373121077316
119.91 0.568775819305
119.98 0.32122773977
120.05 0.286406166962
120.12 0.26089801937
120.19 0.3965181957
120.26 0.319571371475
120.33 0.233133046207
120.4 0.168476631632
120.47 0.474420047354
120.54 0.181413563687
120.61 0.177764024418
120.68 0.171239296628
120.75 0.31542675468
120.82 0.257333754415
120.89 0.215110111157
120.96 0.145874578342
121.03 0.533148304164
121.1 0.220674407187
121.17 0.291813315563
121.24 0.292905135603
121.31 0.272885695125
121.38 0.258022661477
121.45 0.224769697136
121.52 0.179367536063
121.59 0.465447087625
121.66 0.318104167183
121.73 0.307522881686
121.8 0.229922396478
121.87 0.236244095628
121.94 0.276928640698
122.01 0.302136916061
122.08 0.186186901124
122.15 0.547143801084
122.22 0.234266010225
122.29 0.202357932149
122.36 0.164802413873
122.43 0.379742507378
122.5 0.298555779332
122.57 0.224383380573
122.64 0.21858018429
122.71 0.474483995296
122.78 0.239840035295
122.85 0.241708088923
122.92 0.218837848508
122.99 0.336437392421
123.06 0.307518732582
123.13 0.312238839295
123.2 0.248295407598
123.27 0.502196855801
123.34 0.248252724721
123.41 0.315081561313
123.48 0.266989654726
123.55 0.241600421088
123.62 0.20612039915
123.69 0.300006533721
123.76 0.299748952631
123.83 0.555371138944
123.9 0.367948405542
123.97 0.228302342451
124.04 0.135639630254
124.11 0.219127424351
124.18 0.267200198095
124.25 0.282299817932
124.32 0.231912614346
124.39 0.574803730125
124.46 0.352931941306
124.53 0.250309717907
124.6 0.1942535046
124.67 0.353957003692
124.74 0.297581681404
124.81 0.297837756846
124.88 0.238656240861
124.95 0.564135735324
125.02 0.402448101221
125.09 0.3543067618
125.16 0.282352968645
125.23 0.327817698783
125.3 0.306952312918
125.37 0.270768840754
125.44 0.159210448839
125.51 0.565482499232
125.58 0.385670872962
125.65 0.342066568461
125.72 0.221307855708
125.79 0.430863398836
125.86 0.586489837849
125.93 0.403884378949
126.0 0.339488439342
126.07 0.526502228862
126.14 0.335458974979
126.21 0.221150417332
126.28 0.199694090218
126.35 0.238761742185
126.42 0.252060880698
126.49 0.235752190457
126.56 0.218661592135
126.63 0.538291650617
126.7 0.454439270536
126.77 0.433816396816
126.84 0.295520539114
126.91 0.235568984621
126.98 0.289969993419
127.05 0.234056056023
127.12 0.231036851109
127.19 0.546991399199
127.26 0.472915754669
127.33 0.359343514841
127.4 0.300385301264
127.47 0.242106524443
127.54 0.269303972346
127.61 0.316150551412
127.68 0.397805484967
127.75 0.547898534772
127.82 0.356463820808
127.89 0.313154620132
127.96 0.34145979557
128.03 0.353352680985
128.1 0.316614696139
128.17 0.426325735263
128.24 0.443679550724
128.31 0.449931911111
128.38 0.406730308651
128.45 0.358132334037
128.52 0.306546891567
128.59 0.545069115239
128.66 0.503245626163
128.73 0.519737399627
128.8 0.436562462281
128.87 0.463506937477
128.94 0.362265829406
129.01 0.283873452498
129.08 0.280317547057
129.15 0.426318729689
129.22 0.334869250508
129.29 0.330580840724
129.36 0.276105223915
129.43 0.533927135487
129.5 0.547664266802
129.57 0.459364776062
129.64 0.419685069487
129.71 0.395900534139
129.78 0.304203415921
129.85 0.253465150164
129.92 0.293512405181
129.99 0.518528550551
130.06 0.31102362057
130.13 0.25776007507
130.2 0.280062603188
130.27 0.357767641027
130.34 0.401567332667
130.41 0.352083670426
130.48 0.305164744419
130.55 0.441230421007
130.62 0.234545916257
130.69 0.194377202544
130.76 0.186543759363
130.83 0.248310833992
130.9 0.349769042117
130.97 0.319388297604
131.04 0.221345433515
131.11 0.512749180701
131.18 0.303849832907
131.25 0.273327897298
131.32 0.315465924379
131.39 0.303847999945
131.46 0.291169734834
131.53 0.260254749329
131.6 0.22412971479
131.67 0.42873015483
131.74 0.314383312793
131.81 0.236067613772
131.88 0.207651427732
131.95 0.219855891812
132.02 0.313321003031
132.09 0.280304340168
132.16 0.221705424623
132.23 0.496958091395
132.3 0.33276036599
132.37 0.260826045463
132.44 0.299968216079
132.51 0.271615737951
132.58 0.309465890382
132.65 0.282566124297
132.72 0.268604374042
132.79 0.436380332947
132.86 0.354799158463
132.93 0.327559499432
133.0 0.247213722884
133.07 0.336383706574
133.14 0.290596196335
133.21 0.290573261445
133.28 0.302780604856
133.35 0.560479373361
133.42 0.514462088196
133.49 0.384203123146
133.56 0.3781377031
133.63 0.289841887637
133.7 0.482378875968
133.77 0.326300832017
133.84 0.263222169939
133.91 0.401040266622
133.98 0.328001633024
134.05 0.197201826657
134.12 0.189310160943
134.19 0.22501447035
134.26 0.34729172385
134.33 0.425324651017
134.4 0.397929016655
134.47 0.495614536209
134.54 0.275275267073
134.61 0.222343645704
134.68 0.243274922617
134.75 0.214122616186
134.82 0.275292387191
134.89 0.187569043076
134.96 0.281000420099
135.03 0.484280017476
135.1 0.35131172622
135.17 0.285702752064
135.24 0.345064049031
135.31 0.255135876664
135.38 0.269661639001
135.45 0.277601908352
135.52 0.266354513521
135.59 0.417922331185
135.66 0.349296824666
135.73 0.229669940201
135.8 0.296859196009
135.87 0.312186444003
135.94 0.323993678952
136.01 0.238538606033
136.08 0.294099979766
136.15 0.353431609551
136.22 0.432736290487
136.29 0.199967379296
136.36 0.225170257604
136.43 0.246057503935
136.5 0.310580676484
136.57 0.25682922113
136.64 0.312822286597
136.71 0.396578404981
136.78 0.442276057461
136.85 0.222772449795
136.92 0.337346320431
136.99 0.307054314573
137.06 0.249576194213
137.13 0.129873174268
137.2 0.284769589257
137.27 0.439549918708
137.34 0.401559409573
137.41 0.373246806689
137.48 0.37488310176
137.55 0.278487832892
137.62 0.396944468556
137.69 0.297013626206
137.76 0.260039624594
137.83 0.465406129645
137.9 0.393830407839
137.97 0.377229811067
138.04 0.243276073934
138.11 0.270141723435
138.18 0.495299151341
138.25 0.375110649907
138.32 0.213768252813
138.39 0.422671260296
138.46 0.232591252039
138.53 0.187628944786
138.6 0.167697250627
138.67 0.310089017579
138.74 0.365523679995
138.81 0.284796748065
138.88 0.280859620741
138.95 0.485101866266
139.02 0.367911360791
139.09 0.239378969405
139.16 0.332945768472
139.23 0.329137794336
139.3 0.377537993972
139.37 0.278623737077
139.44 0.200351966807
139.51 0.419916436305
139.58 0.373942956239
139.65 0.2811085867
139.72 0.237121671046
139.79 0.220473335163
139.86 0.296322275194
139.93 0.267402406888
140.0 0.246873019444
140.07 0.490027296977
140.14 0.349417701469
140.21 0.227017941866
140.28 0.244371643026
140.35 0.309045182914
140.42 0.298668751744
140.49 0.235133669566
140.56 0.192987491828
140.63 0.43037315102
140.7 0.313602637077
140.77 0.234401783484
140.84 0.179393167402
140.91 0.208060238608
140.98 0.256307712162
141.05 0.194881276549
141.12 0.308385868219
141.19 0.536905157977
141.26 0.297622087626
141.33 0.24907813033
141.4 0.272853419816
141.47 0.231526855777
141.54 0.245181917344
141.61 0.327184175447
141.68 0.33900954571
141.75 0.513734163141
141.82 0.314931825744
141.89 0.227640738631
141.96 0.154112187649
142.03 0.178281883048
142.1 0.30031966895
142.17 0.295005364465
142.24 0.272179877842
142.31 0.531143357133
142.38 0.419470299082
142.45 0.288001273373
142.52 0.249645940302
142.59 0.328538840629
142.66 0.404100241441
142.73 0.309083389373
142.8 0.258274791478
142.87 0.533959315199
142.94 0.44813121885
143.01 0.376894020465
143.08 0.350853559402
143.15 0.350460927224
143.22 0.348779528186
143.29 0.274012044269
143.36 0.201517231072
143.43 0.497456721584
143.5 0.335459731439
143.57 0.251989130196
143.64 0.215443406893
143.71 0.274675357399
143.78 0.413846562701
143.85 0.358593439414
143.92 0.289458178162
143.99 0.537181716046
144.06 0.417767099846
144.13 0.332275671094
144.2 0.25874138639
144.27 0.245571070634
144.34 0.335942354381
144.41 0.277684177605
144.48 0.374649515435
144.55 0.461750430624
144.62 0.362775069788
144.69 0.253623614126
144.76 0.320875324698
144.83 0.258401008187
144.9 0.365421267898
144.97 0.296280819487
145.04 0.322818403013
145.11 0.468309443331
145.18 0.45553355323
145.25 0.388558096273
145.32 0.321715708851
145.39 0.379143815524
145.46 0.359217617135
145.53 0.301967087525
145.6 0.337171339027
145.67 0.444467466849
145.74 0.288770014051
145.81 0.275233407158
145.88 0.344206884543
145.95 0.351377800149
146.02 0.502567423851
146.09 0.378930038494
146.16 0.391402596182
146.23 0.527164942435
146.3 0.558856596907
146.37 0.33954065487
146.44 0.304175869531
146.51 0.466621974943
146.58 0.569075655166
146.65 0.447768508432
146.72 0.35738560865
146.79 0.501386111813
146.86 0.461398524709
146.93 0.326891617403
147.0 0.303383434385
147.07 0.474774584256
147.14 0.421241421836
147.21 0.300443672387
147.28 0.271537844324
147.35 0.516485940508
147.42 0.490325551335
147.49 0.451548326229
147.56 0.436207090986
147.63 0.378784830258
147.7 0.280173870447
147.77 0.255738788281
147.84 0.266037851606
147.91 0.540695572458
147.98 0.533217543174
148.05 0.279445401946
148.12 0.262807378036
148.19 0.381612401242
148.26 0.429729596268
148.33 0.333539451892
148.4 0.386821100494
148.47 0.475910219786
148.54 0.251633585372
148.61 0.182669711298
148.68 0.206676133806
148.75 0.301133431507
148.82 0.357122907942
148.89 0.331516415269
148.96 0.282015693178
149.03 0.508301080824
149.1 0.352827475959
149.17 0.232852867933
149.24 0.305054711604
149.31 0.262035009879
149.38 0.27240228455
149.45 0.200127563998
149.52 0.210547907294
149.59 0.414710969676
149.66 0.370823288569
149.73 0.229430776018
149.8 0.196637609873
149.87 0.196910794003
149.94 0.322838883562
150.01 0.225513434088
150.08 0.332391116551
150.15 0.428749884114
150.22 0.39352373266
150.29 0.239229922755
150.36 0.291339283853
150.43 0.265374117643
150.5 0.286251302423
150.57 0.32188907966
150.64 0.382890756377
150.71 0.497678297017
150.78 0.272046555806
150.85 0.24894287454
150.92 0.273393987852
150.99 0.291112393453
151.06 0.328596190323
151.13 0.319966401883
151.2 0.288899925779
151.27 0.507048363264
151.34 0.428144836119
151.41 0.387422186422
151.48 0.3441670997
151.55 0.361650828966
151.62 0.482484964381
151.69 0.359893551105
151.76 0.245599329843
151.83 0.452535904327
151.9 0.302983197075
151.97 0.231879499449
152.04 0.192429013963
152.11 0.31118376163
152.18 0.420968075607
152.25 0.462146678851
152.32 0.436898120918
152.39 0.508854814185
152.46 0.347423545433
152.53 0.268222420636
152.6 0.283685147826
152.67 0.338540433072
152.74 0.277544334214
152.81 0.23185414347
152.88 0.341935665438
152.95 0.562872039732
153.02 0.392358882993
153.09 0.258483481103
153.16 0.208816198427
153.23 0.197980911519
153.3 0.325719170918
153.37 0.291431294616
153.44 0.175495372915
153.51 0.410909594828
153.58 0.31959292333
153.65 0.192687087583
153.72 0.173651314053
153.79 0.178457117991
153.86 0.26609559096
153.93 0.209861706033
154.0 0.182584560636
154.07 0.297081442696
154.14 0.430466708994
154.21 0.271104550307
154.28 0.276455957732
154.35 0.255788278265
154.42 0.234676057624
154.49 0.185666077958
154.56 0.227926599712
154.63 0.386528364765
154.7 0.496958990211
154.77 0.250369964596
154.84 0.227904806787
154.91 0.206876605234
154.98 0.24223351216
155.05 0.273046124014
155.12 0.353811785066
155.19 0.432205804783
155.26 0.420705778068
155.33 0.305457306619
155.4 0.392661645983
155.47 0.321004443596
155.54 0.338533032643
155.61 0.288997097723
155.68 0.225196645404
155.75 0.433474526473
155.82 0.566790890427
155.89 0.317934550622
155.96 0.296997283331
156.03 0.374704421179
156.1 0.569109984764
156.17 0.398918264578
156.24 0.354302973262
156.31 0.462109306785
156.38 0.27076561021
156.45 0.255627722607
156.52 0.235012255551
156.59 0.267447967017
156.66 0.448343419574
156.73 0.333200074336
156.8 0.297563011996
156.87 0.415511679131
156.94 0.355638126331
157.01 0.24139863001
157.08 0.364329931037
157.15 0.375296560505
157.22 0.317499444425
157.29 0.234589400276
157.36 0.196481090057
157.43 0.402350770296
157.5 0.424173342828
157.57 0.324294116448
157.64 0.257896662978
157.71 0.221599276982
157.78 0.258323100012
157.85 0.256325248957
157.92 0.302461387809
157.99 0.500043883551
158.06 0.351213212805
158.13 0.22560410338
158.2 0.261866135231
158.27 0.298397526306
158.34 0.361318268908
158.41 0.228587419016
158.48 0.182723823173
158.55 0.42716214592
158.62 0.320689792329
158.69 0.225600838546
158.76 0.199250570473
158.83 0.219135240419
158.9 0.28725215599
158.97 0.238699486928
159.04 0.30750465701
159.11 0.450887180649
159.18 0.293578891631
159.25 0.304416921748
159.32 0.323466760459
159.39 0.2540760254
159.46 0.214025416187
159.53 0.273942466514
159.6 0.265538961643
159.67 0.5099511148
159.74 0.322730730469
159.81 0.21766036865
159.88 0.138000125225
159.95 0.251657837834
160.02 0.311671422101
160.09 0.302907590494
160.16 0.232906215035
160.23 0.548270039045
160.3 0.361930503279
160.37 0.292946644303
160.44 0.209509971568
160.51 0.327697902638
160.58 0.325198508812
160.65 0.287573273541
160.72 0.236775837597
160.79 0.56324561492
160.86 0.474921244106
160.93 0.369809616734
161.0 0.414513578124
161.07 0.34466525814
161.14 0.339832006525
161.21 0.318895837556
161.28 0.189291620383
161.35 0.522506273212
161.42 0.491962584163
161.49 0.384633844366
161.56 0.217258659983
161.63 0.363505456456
161.7 0.549680283304
161.77 0.3893444496
161.84 0.385879399449
161.91 0.546837657921
161.98 0.341910556763
162.05 0.279370105016
162.12 0.253278955893
162.19 0.297627115803
162.26 0.289628988642
162.33 0.269935656485
162.4 0.250091717998
162.47 0.526933322077
162.54 0.413795550444
162.61 0.350793440522
162.68 0.346625631142
162.75 0.292807210315
162.82 0.307962675238
162.89 0.273621407152
162.96 0.222473598996
163.03 0.65229770297
163.1 0.538966401059
163.17 0.359038688211
163.24 0.35461867921
163.31 0.291261772613
163.38 0.332601789807
163.45 0.31953804772
163.52 0.357390539152
163.59 0.466960293661
163.66 0.327496926211
163.73 0.236387297372
163.8 0.268236174089
163.87 0.241123417568
163.94 0.231609404546
164.01 0.242229811945
164.08 0.283807237252
164.15 0.357195026283
164.22 0.293994674831
164.29 0.212292106075
164.36 0.160599299185
164.43 0.322189756147
164.5 0.267921769087
164.57 0.185642734704
164.64 0.139530990669
164.71 0.230837049897
164.78 0.139244751358
164.85 0.114470908859
164.92 0.117800871554
164.99 0.388220503881
165.06 0.53775374578
165.13 0.688272068833
165.2 0.439068293297
165.27 0.250507061661
165.34 0.208046619199
165.41 0.412962671668
165.48 0.374386822001
165.55 0.505125684448
165.62 0.199158580493
165.69 0.118654511434
165.76 0.619965302417
165.83 0.593482771147
165.9 0.220488179665
165.97 0.134551464709
166.04 0.726901237546
166.11 0.295834057768
166.18 0.153888733533
166.25 0.113451454465
166.32 0.0923953262132
166.39 0.117763258418
166.46 0.153617417695
166.53 0.634812860833
166.6 0.299659604028
166.67 0.132650226565
166.74 0.315179310994
166.81 0.402157753331
166.88 0.242042899659
166.95 0.232933598287
167.02 0.221679535588
167.09 0.227800070236
167.16 0.141762152689
167.23 0.68888445699
167.3 0.483295462104
167.37 0.264565541205
167.44 0.127839730076
167.51 0.0891460782865
167.58 0.0660413153231
167.65 0.0613181557509
167.72 0.584362838801
167.79 0.2712424641
167.86 0.0978652226029
167.93 0.351394404876
168.0 0.166557399492
168.07 0.169477394798
168.14 0.355144039062
168.21 0.473109853331
168.28 0.158391748505
168.35 0.102565390135
168.42 0.652616094976
168.49 0.46266028135
168.56 0.578274005881
168.63 0.219811829018
168.7 0.260685516269
168.77 0.275247320631
168.84 0.401827718273
168.91 0.795694103713
168.98 0.435369174681
169.05 0.133791599973
169.12 0.456690738537
169.19 0.562750264113
169.26 0.259990343468
169.33 0.188901598409
169.4 0.364755142978
169.47 0.338116947066
169.54 0.328603909754
169.61 0.708943877661
169.68 0.473234322282
169.75 0.241521510187
169.82 0.482303119758
169.89 0.630919699667
169.96 0.198068517561
170.03 0.089205036498
170.1 0.344684097959
170.17 0.449273336251
170.24 0.454149644817
170.31 0.694681033203
170.38 0.659780717827
170.45 0.496794404945
170.52 0.461751603762
170.59 0.466833274772
170.66 0.448842633735
170.73 0.39320053692
170.8 0.672591742824
170.87 0.554789314707
170.94 0.421201467621
171.01 0.411075118396
171.08 0.745233376931
171.15 0.458821620681
171.22 0.26127687004
171.29 0.400576118778
171.36 0.310620841636
171.43 0.194626258904
171.5 0.19023984694
171.57 0.545593108682
171.64 0.210112285706
171.71 0.111293464428
171.78 0.341263828617
171.85 0.123166565488
171.92 0.315347077967
171.99 0.42973699358
172.06 0.675468092013
172.13 0.396901478107
172.2 0.347877759536
172.27 0.646619542984
172.34 0.485419087213
172.41 0.536014567903
172.48 0.252267003759
172.55 0.203768611788
172.62 0.437948507072
172.69 0.544720102162
172.76 0.727581152287
172.83 0.447127529595
172.9 0.541856146251
172.97 0.719461945699
173.04 0.612645248721
173.11 0.494714551684
173.18 0.668869387982
173.25 0.62231437982
173.32 0.529516791103
173.39 0.437905025131
173.46 0.555712459605
173.53 0.338843354004
173.6 0.172878453365
173.67 0.736001614137
173.74 0.638520208037
173.81 0.475856703312
173.88 0.379165546103
173.95 0.351699137988
174.02 0.320057681123
174.09 0.293858259412
174.16 0.643841745657
174.23 0.519610634277
174.3 0.242011619803
174.37 0.199098519802
174.44 0.201469913834
174.51 0.188684357039
174.58 0.189894766835
174.65 0.519328807999
174.72 0.283982883677
174.79 0.170359076716
174.86 0.1786437518
174.93 0.797837528765
175.0 0.546359410606
175.07 0.481257241195
175.14 0.744961308788
175.21 0.739022698773
175.28 0.556896565768
175.35 0.388501154943
175.42 0.75076305969
175.49 0.719855568134
175.56 0.639211875973
175.63 0.697658156875
175.7 0.48111116116
175.77 0.316880919377
175.84 0.388744097273
175.91 0.556617044202
175.98 0.18574595106
176.05 0.216929279554
176.12 0.642269263447
176.19 0.405830626502
176.26 0.182607225361
176.33 0.161495087847
176.4 0.426091270905
176.47 0.41013006939
176.54 0.284842016209
176.61 0.690207823612
176.68 0.594574503903
176.75 0.425983798419
176.82 0.345780315447
176.89 0.743791647076
176.96 0.68778601688
177.03 0.525485183088
177.1 0.767793133887
177.17 0.563401917566
177.24 0.405818093986
177.31 0.314687721707
177.38 0.171230206631
177.45 0.103097437598
177.52 0.150098302427
177.59 0.750326214049
177.66 0.529635079522
177.73 0.336718880993
177.8 0.316740283157
177.87 0.437955864899
177.94 0.378295739994
178.01 0.345171733492
178.08 0.638957001723
178.15 0.448179156427
178.22 0.302092014717
178.29 0.246079630409
178.36 0.337651610498
178.43 0.334295407554
178.5 0.37453542184
178.57 0.669773555901
178.64 0.364274268833
178.71 0.317200581157
178.78 0.459776055827
178.85 0.693674865707
178.92 0.457485078343
178.99 0.443756727376
179.06 0.79173133258
179.13 0.659312938348
179.2 0.352074008927
179.27 0.423996209459
179.34 0.791127086766
179.41 0.55667825413
179.48 0.501868550834
179.55 0.575479303529
179.62 0.372978297444
179.69 0.322587494435
179.76 0.445939049884
179.83 0.3096490027
179.9 0.254531169492
179.97 0.451512180294
180.04 0.574109127786
180.11 0.487068031179
180.18 0.456568912002
180.25 0.248007303112
180.32 0.418557606433
180.39 0.40961521686
180.46 0.60655092211
180.53 0.702497692933
180.6 0.522043355655
180.67 0.435514036898
180.74 0.664935853845
180.81 0.732703436299
180.88 0.660749661847
180.95 0.804281511652
181.02 0.626626662796
181.09 0.655500506498
181.16 0.546776887529
181.23 0.55631935511
181.3 0.246159319591
181.37 0.142127206265
181.44 0.879677972867
181.51 0.500460490752
181.58 0.41168878464
181.65 0.356541700927
181.72 0.30666954626
181.79 0.285802897896
181.86 0.266136730782
181.93 0.692602911072
182.0 0.356182486022
182.07 0.219751236311
182.14 0.175397692853
182.21 0.193539728894
182.28 0.215971746868
182.35 0.1859978296
182.42 0.620115234375
182.49 0.184702245243
182.56 0.101998779278
182.63 0.385846018544
182.7 0.548585502884
182.77 0.353653824027
182.84 0.305796846273
182.91 0.787361475466
182.98 0.607546791142
183.05 0.351287663913
183.12 0.595711192035
183.19 0.824739231722
183.26 0.65507018429
183.33 0.562450922861
183.4 0.571856964632
183.47 0.377671091563
183.54 0.32296148734
183.61 0.435024096654
183.68 0.337191521356
183.75 0.271575917778
183.82 0.43041723044
183.89 0.630939156708
183.96 0.222929862192
184.03 0.171144879323
184.1 0.313540847333
184.17 0.455876289138
184.24 0.356792213059
184.31 0.434770491139
184.38 0.607640623437
184.45 0.504323463111
184.52 0.364296515842
184.59 0.55340562866
184.66 0.698635522754
184.73 0.589120444349
184.8 0.685564909137
184.87 0.716119937823
184.94 0.468454631823
185.01 0.232019614044
185.08 0.519595003181
185.15 0.368663125786
185.22 0.277136660106
185.29 0.556615001342
185.36 0.794859164414
185.43 0.482777055871
185.5 0.373426523246
185.57 0.375257876063
185.64 0.365303215354
185.71 0.329397841197
185.78 0.632697815526
185.85 0.511066084822
185.92 0.294939023488
185.99 0.237965304448
186.06 0.310126787618
186.13 0.330015209733
186.2 0.33982094121
186.27 0.583436543368
186.34 0.392055085066
186.41 0.137817122013
186.48 0.190976604296
186.55 0.548648562401
186.62 0.318900601804
186.69 0.201730790931
186.76 0.578811196861
186.83 0.646604356621
186.9 0.380813682693
186.97 0.353090639064
187.04 0.747390512832
187.11 0.629863120511
187.18 0.519882670208
187.25 0.61745795848
187.32 0.477203703095
187.39 0.374761772951
187.46 0.444003407327
187.53 0.583765035371
187.6 0.403041339909
187.67 0.319293215278
187.74 0.652964133383
187.81 0.395866273121
187.88 0.1570282531
187.95 0.264564928139
188.02 0.517315932679
188.09 0.547300399871
188.16 0.467139502102
188.23 0.685177512955
188.3 0.654774167102
188.37 0.467607816715
188.44 0.567836755482
188.51 0.729167186365
188.58 0.667610960598
188.65 0.648405602719
188.72 0.664162963024
188.79 0.493195178623
188.86 0.375892524738
188.93 0.650142016605
189.0 0.374281632406
189.07 0.562983311147
189.14 0.593601464812
189.21 0.835042457659
189.28 0.606338142611
189.35 0.522304848936
189.42 0.443172588037
189.49 0.425506216124
189.56 0.265914491368
189.63 0.434785922729
189.7 0.651744173271
189.77 0.478128265318
189.84 0.426726629281
189.91 0.268944558974
189.98 0.20640281875
190.05 0.216040906907
190.12 0.422644069276
190.19 0.543161929319
190.26 0.329148659106
190.33 0.327294503364
190.4 0.59392218439
190.47 0.430540610421
190.54 0.282768591824
190.61 0.471594401812
190.68 0.743440769863
190.75 0.508964901033
190.82 0.247446402079
190.89 0.758187441573
190.96 0.682527322645
191.03 0.584253372293
191.1 0.539011628678
191.17 0.437921944704
191.24 0.322152319657
191.31 0.279190447687
191.38 0.622855731334
191.45 0.386507955913
191.52 0.346987069709
191.59 0.512167049931
191.66 0.498981601845
191.73 0.262937352109
191.8 0.333248553282
191.87 0.366275000257
191.94 0.349750576372
192.01 0.278072822778
192.08 0.565266800917
192.15 0.460855039935
192.22 0.390389297382
192.29 0.284186006873
192.36 0.787216913548
192.43 0.603859859025
192.5 0.485978747568
192.57 0.65556483267
192.64 0.520128026353
192.71 0.300028977119
192.78 0.300331625808
192.85 0.422912874663
192.92 0.229884776068
192.99 0.0982927236692
193.06 0.744197887233
193.13 0.613412874452
193.2 0.526887193563
193.27 0.366533326378
193.34 0.368512987048
193.41 0.377005644133
193.48 0.267920619849
193.55 0.623794319252
193.62 0.6177289522
193.69 0.411179313579
193.76 0.148246757929
193.83 0.188272228334
193.9 0.21866431664
193.97 0.203959700194
194.04 0.526844924246
194.11 0.354176575751
194.18 0.240457890128
194.25 0.296530414098
194.32 0.543958524999
194.39 0.419954247908
194.46 0.277329578357
194.53 0.597208442778
194.6 0.558209921755
194.67 0.34544984189
194.74 0.305918490967
194.81 0.917625926934
194.88 0.606697782505
194.95 0.524380940676
195.02 0.462616899163
195.09 0.383762096189
195.16 0.321815163686
195.23 0.481230082387
195.3 0.466555392897
195.37 0.221468596325
195.44 0.273478461025
195.51 0.541477420272
195.58 0.443600733342
195.65 0.433424642673
195.72 0.217696251694
195.79 0.363096814952
195.86 0.355390902933
195.93 0.437313323264
196.0 0.674397475732
196.07 0.449980853492
196.14 0.291266446459
196.21 0.718535790544
196.28 0.76930454125
196.35 0.552847650598
196.42 0.691678441328
196.49 0.678538025512
196.56 0.611943197115
196.63 0.463450112526
196.7 0.580378728826
196.77 0.355203351605
196.84 0.173486342244
196.91 0.743892204389
196.98 0.70040483021
197.05 0.453715258712
197.12 0.301508736788
197.19 0.382269367585
197.26 0.336934993907
197.33 0.211657026176
197.4 0.604537318385
197.47 0.527423349605
197.54 0.291869122201
197.61 0.158375235219
197.68 0.281094240963
197.75 0.354128752475
197.82 0.267903518434
197.89 0.560170011084
197.96 0.485074631604
198.03 0.389518654802
198.1 0.425151128501
198.17 0.51248510631
198.24 0.27255146836
198.31 0.195200878061
198.38 0.622739520064
198.45 0.528190595027
198.52 0.292776277517
198.59 0.447607367764
198.66 0.6206953971
198.73 0.62958020838
198.8 0.515280446667
198.87 0.451041097534
198.94 0.361809417619
199.01 0.293330735126
199.08 0.439727348219
199.15 0.610387799694
199.22 0.326075678983
199.29 0.261363205269
199.36 0.608487373082
199.43 0.317595378808
199.5 0.206728485456
199.57 0.211001975924
199.64 0.41425696547
199.71 0.426395097926
199.78 0.230465081149
199.85 0.64290864
199.92 0.442348056306
199.99 0.37386774867
200.06 0.476742163377
200.13 0.644115624942
200.2 0.596079532266
200.27 0.521787772744
200.34 0.700193763138
200.41 0.40567541075
200.48 0.261830060994
200.55 0.211665252686
200.62 0.268418363691
200.69 0.160324553296
200.76 0.257661425533
200.83 0.728243379564
200.9 0.662652472141
200.97 0.547474753663
201.04 0.494474032522
201.11 0.484889976231
201.18 0.424351267987
201.25 0.346608395684
201.32 0.684613896768
201.39 0.431045342172
201.46 0.28007103336
201.53 0.246600041054
201.6 0.300478876903
201.67 0.204488736362
201.74 0.341035664287
201.81 0.520078362841
201.88 0.286597425779
201.95 0.278642918758
202.02 0.544550851362
202.09 0.37915755339
202.16 0.23892967853
202.23 0.451137763439
202.3 0.729313109497
202.37 0.517779007139
202.44 0.308957753518
202.51 0.729971870356
202.58 0.760589912838
202.65 0.643562553484
202.72 0.538630490961
202.79 0.480026771683
202.86 0.335391470216
202.93 0.304621703338
203.0 0.529779927191
203.07 0.292744025068
203.14 0.228994060264
203.21 0.496394666401
203.28 0.364783178782
203.35 0.479725155854
203.42 0.309756752624
203.49 0.31678769703
203.56 0.400123040405
203.63 0.429736875124
203.7 0.568749726608
203.77 0.479820611214
203.84 0.355383014129
203.91 0.49487740374
203.98 0.77534588652
204.05 0.769149235097
204.12 0.638087146777
204.19 0.803830373269
204.26 0.565416323472
204.33 0.496704819429
204.4 0.663513864704
204.47 0.71426844528
204.54 0.519648637073
204.61 0.421581548579
204.68 0.892600181995
204.75 0.63895742983
204.82 0.438442867623
204.89 0.425402319161
204.96 0.461117896507
205.03 0.362072608779
205.1 0.455597511563
205.17 0.669892737941
205.24 0.410879321854
205.31 0.306500504319
205.38 0.196511437846
205.45 0.295263891131
205.52 0.231695475846
205.59 0.461645391697
205.66 0.58562103031
205.73 0.338249975038
205.8 0.232052808951
205.87 0.576491515436
205.94 0.490146240025
206.01 0.299782823989
206.08 0.447458435414
206.15 0.739814971821
206.22 0.5850400467
206.29 0.349094853825
206.36 0.67743464243
206.43 0.689451414904
206.5 0.580498309878
206.57 0.504176867685
206.64 0.616565776514
206.71 0.566793886136
206.78 0.462497039633
206.85 0.639090806938
206.92 0.394536188754
206.99 0.238846157168
207.06 0.513072372284
207.13 0.466654576527
207.2 0.302200754898
207.27 0.193276870244
207.34 0.361053923314
207.41 0.375700355674
207.48 0.275662023173
207.55 0.509997002244
207.62 0.542700937204
207.69 0.342773781248
207.76 0.286593783753
207.83 0.698833287341
207.9 0.702085941419
207.97 0.566807553343
208.04 0.68414963878
208.11 0.567943630488
208.18 0.407045819249
208.25 0.264730882932
208.32 0.321205302606
208.39 0.257479933164
208.46 0.166729895383
208.53 0.708117518163
208.6 0.638387416978
208.67 0.48710257483
208.74 0.357977060096
208.81 0.284367803697
208.88 0.242837442089
208.95 0.230357499558
209.02 0.593622693509
209.09 0.369192632663
209.16 0.191897202374
209.23 0.168614192133
209.3 0.339092046681
209.37 0.315490815883
209.44 0.159123340523
209.51 0.521377629748
209.58 0.374501055874
209.65 0.109052740663
209.72 0.358861438464
209.79 0.635121880209
209.86 0.491825355133
209.93 0.235720306887
210.0 0.695353523614
210.07 0.562980635479
210.14 0.362220645429
210.21 0.566661102351
210.28 0.776494143929
210.35 0.685317163075
210.42 0.554595888339
210.49 0.529946256057
210.56 0.454480604669
210.63 0.377868507014
210.7 0.596261144132
210.77 0.532770323215
210.84 0.209917130285
210.91 0.321979744795
210.98 0.455010350538
211.05 0.447388570869
211.12 0.33966508018
211.19 0.307574283603
211.26 0.324126400391
211.33 0.350682706319
211.4 0.45575233246
211.47 0.528245844711
211.54 0.366071461424
211.61 0.278914327076
211.68 0.681678213216
211.75 0.742682065796
211.82 0.615652611077
211.89 0.668868656459
211.96 0.562778839206
212.03 0.622384599736
212.1 0.559766339568
212.17 0.569221910808
212.24 0.520034158729
212.31 0.335177978937
212.38 0.65080345417
212.45 0.662423810085
212.52 0.378180264403
212.59 0.27974413221
212.66 0.5270063569
212.73 0.52113493888
212.8 0.373793815032
212.87 0.588244234302
212.94 0.297095127569
213.01 0.176758338023
213.08 0.225808036031
213.15 0.420716058867
213.22 0.16767994659
213.29 0.15165597027
213.36 0.612343815773
213.43 0.472506143689
213.5 0.358123390553
213.57 0.494489017301
213.64 0.54175485222
213.71 0.307769270691
213.78 0.186348806565
213.85 0.692375190436
213.92 0.511150604754
213.99 0.32299143196
214.06 0.531129697199
214.13 0.838632165877
214.2 0.609995657968
214.27 0.422956813805
214.34 0.487403441472
214.41 0.401981146783
214.48 0.273116378219
214.55 0.589193614254
214.62 0.577578449654
214.69 0.459450237413
214.76 0.334706307011
214.83 0.608074324779
214.9 0.237859814553
214.97 0.13376926568
215.04 0.400530507733
215.11 0.478911185478
215.18 0.386442521027
215.25 0.481932473776
215.32 0.588234733862
215.39 0.490048960015
215.46 0.335235714135
215.53 0.528034123009
215.6 0.694056078239
215.67 0.473738877388
215.74 0.554101865494
215.81 0.616820956257
215.88 0.397616367723
215.95 0.28773887712
216.02 0.403945481851
216.09 0.279583610842
216.16 0.13379045697
216.23 0.432010898744
216.3 0.662241156008
216.37 0.473221814704
216.44 0.306619344497
216.51 0.366063530017
216.58 0.311999452746
216.65 0.244068839512
216.72 0.476732892577
216.79 0.568897465038
216.86 0.364403052104
216.93 0.195668755215
217.0 0.202426799164
217.07 0.183093423826
217.14 0.162416238724
217.21 0.434334481969
217.28 0.467488918347
217.35 0.379325961484
217.42 0.275628793976
217.49 0.562332925389
217.56 0.451082380751
217.63 0.277627685164
217.7 0.456270716871
217.77 0.692946620612
217.84 0.453072257797
217.91 0.251199269926
217.98 0.71879532721
218.05 0.658312048413
218.12 0.511943542822
218.19 0.463516148009
218.26 0.36673247296
218.33 0.299851278483
218.4 0.365863313167
218.47 0.533180040182
218.54 0.344019254243
218.61 0.194093946473
218.68 0.646359410918
218.75 0.534122548604
218.82 0.448448693337
218.89 0.270356951041
218.96 0.587252540351
219.03 0.422548611838
219.1 0.266310453844
219.17 0.737939609204
219.24 0.543311577604
219.31 0.363860858924
219.38 0.477422810679
219.45 0.780384863223
219.52 0.764194389704
219.59 0.679105510247
219.66 0.536188415656
219.73 0.428900619292
219.8 0.282824708113
219.87 0.633230017813
219.94 0.432688743609
220.01 0.222920955076
220.08 0.541902086689
220.15 0.8547438615
220.22 0.703344515315
220.29 0.696702253489
220.36 0.631693198359
220.43 0.5318866878
220.5 0.272678118371
220.57 0.45092142712
220.64 0.696786626909
220.71 0.494216657173
220.78 0.432558592889
220.85 0.379476958513
220.92 0.281405309433
220.99 0.242036464548
221.06 0.397827496102
221.13 0.452714984959
221.2 0.14050330655
221.27 0.0843991577446
221.34 0.599849109789
221.41 0.42475314187
221.48 0.284773419359
221.55 0.456620168446
221.62 0.678887976891
221.69 0.429758210847
221.76 0.245416148945
221.83 0.839450837116
221.9 0.633502753055
221.97 0.611785117619
222.04 0.586718319103
222.11 0.453678360472
222.18 0.352416159826
222.25 0.365284391121
222.32 0.63998166198
222.39 0.249412777928
222.46 0.233956332063
222.53 0.54845753738
222.6 0.416057335612
222.67 0.168784521512
222.74 0.236535312201
222.81 0.655505794449
222.88 0.504779090382
222.95 0.343920804213
223.02 0.540721336801
223.09 0.614875564918
223.16 0.377596632142
223.23 0.377020568644
223.3 0.771666349637
223.37 0.651555506994
223.44 0.57163816462
223.51 0.780972395205
223.58 0.629827210451
223.65 0.295751491334
223.72 0.338174463015
223.79 0.455506475471
223.86 0.299619009731
223.93 0.270308349482
224.0 0.83063434317
224.07 0.802912420724
224.14 0.717630186597
224.21 0.690609855437
224.28 0.663260455577
224.35 0.435957262579
224.42 0.245013903066
224.49 0.67393912915
224.56 0.594067007121
224.63 0.518877028494
224.7 0.479046458932
224.77 0.380527735367
224.84 0.349259771602
224.91 0.299314734859
224.98 0.516399793354
225.05 0.183330504624
225.12 0.0867595934879
225.19 0.489631711692
225.26 0.639198264876
225.33 0.285998354654
225.4 0.337061030852
225.47 0.888120787715
225.54 0.640097511645
225.61 0.438881249046
225.68 0.567324745914
225.75 0.89770198338
225.82 0.734800642435
225.89 0.651965140834
225.96 0.63492873128
226.03 0.607231792817
226.1 0.556673393247
226.17 0.644064269783
226.24 0.518406064191
226.31 0.412541465435
226.38 0.520397271277
226.45 0.601552045096
226.52 0.567893506657
226.59 0.461093473634
226.66 0.443662582314
226.73 0.753136589061
226.8 0.71545272705
226.87 0.799135782556
226.94 0.899563808676
227.01 0.671721418207
227.08 0.490276419839
227.15 0.666872683048
227.22 0.842429252383
227.29 0.799578052269
227.36 0.784425114425
227.43 0.622531177498
227.5 0.652907675232
227.57 0.613705329625
227.64 0.486349698004
227.71 0.357316781121
227.78 0.394020881101
227.85 0.604927953424
227.92 0.324725558799
227.99 0.161093783388
228.06 0.740601226435
228.13 0.576997531508
228.2 0.15584048413
228.27 0.44529899688
228.34 0.773001449712
228.41 0.649393776218
228.48 0.571780043597
228.55 0.621465396122
228.62 0.523765084022
228.69 0.250561083135
228.76 0.391223628811
228.83 0.38999559078
228.9 0.202822139222
228.97 0.248742112166
229.04 0.826786786815
229.11 0.604896133239
229.18 0.553824473031
229.25 0.603101399145
229.32 0.440086971488
229.39 0.217881494155
229.46 0.410471915833
229.53 0.769495320006
229.6 0.613679109119
229.67 0.540581681486
229.74 0.377010069635
229.81 0.361755065712
229.88 0.542440945415
229.95 0.643171415523
230.02 0.663955759304
230.09 0.555723584149
230.16 0.583543127428
230.23 0.65268098226
230.3 0.634479585879
230.37 0.385119865146
230.44 0.452112729011
230.51 0.487836974481
230.58 0.530035003025
230.65 0.620699817407
230.72 0.693844148719
230.79 0.500893843998
230.86 0.344772318106
230.93 0.596568839702
231.0 0.371519956627
231.07 0.532340302345
231.14 0.498383488766
231.21 0.356713056932
231.28 0.347550322213
231.35 0.518942538195
231.42 0.55018885347
231.49 0.330297858973
231.56 0.33703868409
231.63 0.645833613607
231.7 0.391761024492
231.77 0.241689674094
231.84 0.731252036631
231.91 0.706479285181
231.98 0.58051358976
232.05 0.557734239964
232.12 0.751536464864
232.19 0.574591810995
232.26 0.450157143117
232.33 0.567590527536
232.4 0.513280755376
232.47 0.427432948447
232.54 0.491997317969
232.61 0.511663644064
232.68 0.373383732303
232.75 0.26690110103
232.82 0.735658907324
232.89 0.540292123308
232.96 0.44329404985
233.03 0.567695480218
233.1 0.445847777918
233.17 0.146935172559
233.24 0.440369528249
233.31 0.641503626543
233.38 0.492580804756
233.45 0.472478522484
233.52 0.423559151842
233.59 0.380336870366
233.66 0.187031529978
233.73 0.619285478078
233.8 0.613491732358
233.87 0.532537444514
233.94 0.680465947598
234.01 0.587616113218
234.08 0.749234654822
234.15 0.679152357814
234.22 0.697277638458
234.29 0.730914365269
234.36 0.697950798047
234.43 0.822387231346
234.5 0.89986723149
234.57 0.651231643117
234.64 0.441223236709
234.71 0.503322078567
234.78 1.0
234.85 0.930082770398
234.92 0.864720482429
234.99 0.864257284316
235.06 0.69263931782
235.13 0.738973257627
235.2 0.770368765024
235.27 0.618123704131
235.34 0.481755024523
235.41 0.407534872107
235.48 0.82713910629
235.55 0.655259378427
235.62 0.549558664588
235.69 0.420160804272
235.76 0.636823361823
235.83 0.551548979092
235.9 0.302500254092
235.97 0.728164094589
236.04 0.487274801596
236.11 0.185287674098
236.18 0.294068950332
236.25 0.519914509097
236.32 0.472243182169
236.39 0.481351118171
236.46 0.65572088905
236.53 0.217362701379
236.6 0.137914704399
236.67 0.675677883077
236.74 0.565086282178
236.81 0.374544212578
236.88 0.402304042224
236.95 0.267978778997
237.02 0.114261420172
237.09 0.254631174008
237.16 0.670090491098
237.23 0.433780199966
237.3 0.425514031152
237.37 0.417999061027
237.44 0.237842221648
237.51 0.379056594986
237.58 0.494411218232
237.65 0.687707882183
237.72 0.582010722046
237.79 0.510485634268
237.86 0.669605753599
237.93 0.606370087487
238.0 0.654419186506
238.07 0.488453836978
238.14 0.355038877522
238.21 0.320763497367
238.28 0.488370342633
238.35 0.731139594157
238.42 0.384373410962
238.49 0.179933836231
238.56 0.760462711068
238.63 0.630982481746
238.7 0.267547188055
238.77 0.524140971195
238.84 0.825364517118
238.91 0.735078247912
238.98 0.583391973495
239.05 0.638266951657
239.12 0.410654888912
239.19 0.256834148515
239.26 0.599496586652
239.33 0.407213149803
239.4 0.171171209973
239.47 0.448825124995
239.54 0.61852499716
239.61 0.39735494718
239.68 0.337372800711
239.75 0.588672675748
239.82 0.375333375617
239.89 0.317936666218
239.96 0.277523196957
240.03 0.2780077921
240.1 0.264764054979
240.17 0.196449388329
240.24 0.504004742751
240.31 0.358255307732
240.38 0.316224292818
240.45 0.719328908376
240.52 0.47465722271
240.59 0.292912035189
240.66 0.341989141388
240.73 0.459970530641
240.8 0.302235216461
240.87 0.122732099372
240.94 0.770953804218
241.01 0.713839861478
241.08 0.712968751305
241.15 0.62703883826
241.22 0.624995625543
241.29 0.676334421313
241.36 0.355852267044
241.43 0.558104630328
241.5 0.628416286624
241.57 0.501923030549
241.64 0.70637636185
241.71 0.5458646313
241.78 0.544100714665
241.85 0.535903803566
241.92 0.681356941879
241.99 0.642989917958
242.06 0.563310309972
242.13 0.529155569707
242.2 0.463596089691
242.27 0.525359784147
242.34 0.635780232703
242.41 0.772065230929
242.48 0.383686753538
242.55 0.323513187193
242.62 0.674840935208
242.69 0.69287933406
242.76 0.619877934328
242.83 0.393060999023
242.9 0.534031042841
242.97 0.414123272478
243.04 0.557815426481
243.11 0.740762469973
243.18 0.617443066181
243.25 0.463793616326
243.32 0.549849943507
243.39 0.616366789953
243.46 0.496468937745
243.53 0.47896838762
243.6 0.654910499393
243.67 0.523198566683
243.74 0.472598365388
243.81 0.350374738507
243.88 0.271551460616
243.95 0.395876053077
244.02 0.43664637746
244.09 0.718669825398
244.16 0.417134074237
244.23 0.33945550213
244.3 0.637126997651
244.37 0.4710548843
244.44 0.391603990325
244.51 0.318306112046
244.58 0.285743447154
244.65 0.148568912497
244.72 0.434597159816
244.79 0.846428110223
244.86 0.691104640978
244.93 0.543388306407
245.0 0.435448519923
245.07 0.223698492727
245.14 0.280732563405
245.21 0.309844127987
245.28 0.765388937725
245.35 0.622159559963
245.42 0.364064906914
245.49 0.52585917911
245.56 0.432544404056
245.63 0.682402151265
245.7 0.54555252997
245.77 0.31797733637
245.84 0.313777546784
245.91 0.396629671816
245.98 0.701111887133
246.05 0.570150499522
246.12 0.350033462526
246.19 0.344785496939
246.26 0.609263440415
246.33 0.471732597199
246.4 0.32821588492
246.47 0.55854031634
246.54 0.425312058233
246.61 0.491678576826
246.68 0.622704501547
246.75 0.732179067743
246.82 0.638951860285
246.89 0.581882003199
246.96 0.652938446972
247.03 0.327686929802
247.1 0.188778379488
247.17 0.692188070331
247.24 0.719083226994
247.31 0.516913442613
247.38 0.451296136999
247.45 0.600519895047
247.52 0.432535892835
247.59 0.469827466608
247.66 0.374270758284
247.73 0.237436345173
247.8 0.267376820229
247.87 0.387403386089
247.94 0.504755292005
248.01 0.371407013309
248.08 0.418650133626
248.15 0.590986623451
248.22 0.330146263425
248.29 0.350626078796
248.36 0.318494859372
248.43 0.299343420097
248.5 0.150832048487
248.57 0.424337348279
248.64 0.579565431783
248.71 0.402960291592
248.78 0.39980807637
248.85 0.494757289633
248.92 0.215161493332
248.99 0.317249423785
249.06 0.545337800091
249.13 0.866907175368
249.2 0.581312133742
249.27 0.581206021431
249.34 0.749832247315
249.41 0.65817672716
249.48 0.77965340421
249.55 0.555674050523
249.62 0.527639676572
249.69 0.600256758959
249.76 0.660471409015
249.83 0.899887711
249.9 0.689058015875
249.97 0.494703483251
250.04 0.738039809069
250.11 0.701611881654
250.18 0.474867306799
250.25 0.636457807403
250.32 0.810935179616
250.39 0.71624753341
250.46 0.684551015976
250.53 0.822613542971
250.6 0.546653820316
250.67 0.380990730856
250.74 0.799468313519
250.81 0.937730208423
250.88 0.806337480292
250.95 0.749787159973
251.02 0.72402096266
251.09 0.421369343698
251.16 0.284512900749
251.23 0.685738147981
251.3 0.703540291075
251.37 0.63867545704
251.44 0.636749770046
251.51 0.623979050479
251.58 0.537994110116
251.65 0.173581327933
251.72 0.683873320741
251.79 0.695155544974
251.86 0.516195401424
251.93 0.5323403543
252.0 0.825703039499
252.07 0.5818131632
252.14 0.301905113862
252.21 0.745978382617
252.28 0.850574375022
252.35 0.662030710314
252.42 0.477720866571
252.49 0.97125034989
252.56 0.86022955628
252.63 0.777713881675
252.7 0.708157147142
252.77 0.604638533445
252.84 0.448485109436
252.91 0.365206297988
252.98 0.807398407019
253.05 0.565195680106
253.12 0.59615969008
253.19 0.693107529562
253.26 0.500765942917
253.33 0.590206674062
253.4 0.457993650587
253.47 0.647727471064
253.54 0.655473965951
253.61 0.475882706647
253.68 0.812788067663
253.75 0.921384138843
253.82 0.703676755331
253.89 0.471670533135
253.96 0.936975247174
254.03 0.742315719587
254.1 0.682150566788
254.17 0.716635599807
254.24 0.560750210177
254.31 0.592168059141
254.38 0.645910753891
254.45 0.70424397198
254.52 0.448260127852
254.59 0.329955035781
254.66 0.833560153248
254.73 0.590071201101
254.8 0.517229362615
254.87 0.643869712881
254.94 0.656232917322
255.01 0.306622525164
255.08 0.366979769094
255.15 0.719524423323
255.22 0.511768433609
255.29 0.382843788274
255.36 0.348761703562
255.43 0.390593911678
255.5 0.33582899023
255.57 0.438915806206
255.64 0.661243827048
255.71 0.372511780464
255.78 0.470275625908
255.85 0.731623774701
255.92 0.442540553724
255.99 0.387246503629
256.06 0.518288372212
256.13 0.783864211313
256.2 0.64319995217
256.27 0.389297808813
256.34 0.761310487339
256.41 0.692916421414
256.48 0.706714299221
256.55 0.678266094529
256.62 0.62935864022
256.69 0.508886222889
256.76 0.464405813289
256.83 0.603033102593
256.9 0.33390280551
256.97 0.287108539647
257.04 0.585757714854
257.11 0.384449270042
257.18 0.530438741043
257.25 0.412093450569
257.32 0.705395954542
257.39 0.801000813458
257.46 0.469731042812
257.53 0.528527820618
257.6 0.792367757067
257.67 0.520722617942
257.74 0.359969305237
257.81 0.825461177827
257.88 0.849380372525
257.95 0.831375640329
258.02 0.858123231052
258.09 0.797629369079
258.16 0.671423171122
258.23 0.536310241151
258.3 0.781898212655
258.37 0.551736385987
258.44 0.334660641933
258.51 0.855837619451
258.58 0.79184850709
258.65 0.666708659932
258.72 0.545596278958
258.79 0.780905895247
258.86 0.716785825829
258.93 0.676121247996
259.0 0.800592733065
259.07 0.492902818007
259.14 0.444443132299
259.21 0.413412973581
259.28 0.702264626156
259.35 0.6140072603
259.42 0.606296657809
259.49 0.772894493656
259.56 0.440157144644
259.63 0.298211263455
259.7 0.39271317467
259.77 0.639031026802
259.84 0.399540729872
259.91 0.241505619318
259.98 0.760869652614
260.05 0.721319318477
260.12 0.495712688019
260.19 0.571018463317
260.26 0.895956266482
260.33 0.695318666156
260.4 0.572138716094
260.47 0.576307078273
260.54 0.475524937122
260.61 0.396911234164
260.68 0.553424974518
260.75 0.626398761357
260.82 0.436753986067
260.89 0.418278654291
260.96 0.688703518458
261.03 0.551057530083
261.1 0.452061609727
261.17 0.378509753937
261.24 0.584513832713
261.31 0.621156387137
261.38 0.460878953651
261.45 0.771231835723
261.52 0.638142064989
261.59 0.45367498965
261.66 0.597824740008
261.73 0.831876913975
261.8 0.662057185398
261.87 0.641242822182
261.94 0.790150939744
262.01 0.611723036929
262.08 0.413086141011
262.15 0.696751398494
262.22 0.574558516335
262.29 0.449689548596
262.36 0.516663736819
262.43 0.825642477965
262.5 0.632665017553
262.57 0.502637847429
262.64 0.686837599129
262.71 0.476577541743
262.78 0.262928821145
262.85 0.561076922212
262.92 0.687805350269
262.99 0.465294581831
263.06 0.327704717019
263.13 0.453787573441
263.2 0.427103352925
263.27 0.469007037222
263.34 0.597596316943
263.41 0.402551783091
263.48 0.238987727534
263.55 0.36248081802
263.62 0.732596736899
263.69 0.482360123433
263.76 0.290058268637
263.83 0.564771717156
263.9 0.669811263595
263.97 0.452648926616
264.04 0.465733398634
264.11 0.705410849959
264.18 0.687683831306
264.25 0.610041785443
264.32 0.522384714764
264.39 0.483124508228
264.46 0.451168577781
264.53 0.644543682962
264.6 0.660829253355
264.67 0.305967548688
264.74 0.362649479653
264.81 0.792132468706
264.88 0.504227761486
264.95 0.419058145439
265.02 0.536361141186
265.09 0.71876924906
265.16 0.501866226381
265.23 0.353202259614
265.3 0.894925608573
265.37 0.485132270165
265.44 0.266207253074
265.51 0.791740903678
265.58 0.910672687039
265.65 0.882346729715
265.72 0.817791321342
265.79 0.765922065846
265.86 0.593865406198
265.93 0.445105804308
266.0 0.703248211014
266.07 0.458160172725
266.14 0.327030691865
266.21 0.697739092971
266.28 0.931548989628
266.35 0.834012568679
266.42 0.720466228278
266.49 0.645527201319
266.56 0.459582873646
266.63 0.280161721356
266.7 0.665249653055
266.77 0.799198933513
266.84 0.617039510004
266.91 0.55574485441
266.98 0.407364554157
267.05 0.349215215237
267.12 0.305820994825
267.19 0.562953126496
267.26 0.30470045214
267.33 0.128762339841
267.4 0.379007294117
267.47 0.704860792914
267.54 0.432629111025
267.61 0.262780506017
267.68 0.734980900361
267.75 0.645828217591
267.82 0.415942397233
267.89 0.357356107723
267.96 0.903332222413
268.03 0.72069335767
268.1 0.597314231931
268.17 0.594593323979
268.24 0.44813497102
268.31 0.395250215922
268.38 0.522050557618
268.45 0.615685023546
268.52 0.30850039096
268.59 0.269248044134
268.66 0.695309521087
268.73 0.465307182927
268.8 0.556985264937
268.87 0.624150415835
268.94 0.869253853502
269.01 0.837932149857
269.08 0.669098327476
269.15 0.743964444304
269.22 0.539988082232
269.29 0.363034714519
269.36 0.666301284044
269.43 0.957056944988
269.5 0.705395387197
269.57 0.580997466889
269.64 0.850539065558
269.71 0.651861215816
269.78 0.36615435829
269.85 0.75328279171
269.92 0.756853905335
269.99 0.503457081857
270.06 0.428980796848
270.13 0.907316098592
270.2 0.867597702378
270.27 0.842487575708
270.34 0.850999083002
270.41 0.849902712768
270.48 0.493857788286
270.55 0.525532142878
270.62 0.869121248442
270.69 0.75681522401
270.76 0.679150935294
270.83 0.647741629764
270.9 0.543623226928
270.97 0.493054234831
271.04 0.392750015759
271.11 0.623246296753
271.18 0.209498566469
271.25 0.138496998306
271.32 0.585699201375
271.39 0.711619866605
271.46 0.304906560654
271.53 0.487746728101
271.6 0.873660903958
271.67 0.586979573391
271.74 0.294459661224
271.81 0.906703224138
271.88 0.905180028249
271.95 0.813785092167
272.02 0.643322487367
272.09 0.64925656797
272.16 0.529336787755
272.23 0.449248545538
272.3 0.775333435053
272.37 0.705448564926
272.44 0.421686369296
272.51 0.504577137207
272.58 0.787009053121
272.65 0.615759676238
272.72 0.453086424809
272.79 0.609308182777
272.86 0.769650977374
272.93 0.665348862663
273.0 0.700370103678
273.07 0.819663010761
273.14 0.620280241513
273.21 0.274455873663
273.28 0.748081991653
273.35 0.892121858826
273.42 0.723741816206
273.49 0.752206406377
273.56 0.723623542335
273.63 0.594783013764
273.7 0.531670423178
273.77 0.706387798122
273.84 0.483664850781
273.91 0.305763676305
273.98 0.633689110464
274.05 0.677932440305
274.12 0.452869178243
274.19 0.414712117875
274.26 0.704218759396
274.33 0.429363335264
274.4 0.214161931359
274.47 0.733777738247
274.54 0.799342582067
274.61 0.69407703885
274.68 0.671709331462
274.75 0.673409324053
274.82 0.532154648403
274.89 0.225649906658
274.96 0.717009519975
275.03 0.583221327192
275.1 0.246553734855
275.17 0.629488133193
275.24 0.865615096915
275.31 0.733810262939
275.38 0.723444982289
275.45 0.683889385139
275.52 0.466071209235
275.59 0.252585776075
275.66 0.605803055797
275.73 0.730802918247
275.8 0.64593491699
275.87 0.516686001493
275.94 0.430174192514
276.01 0.381989328549
276.08 0.323254966021
276.15 0.802420236037
276.22 0.679166827202
276.29 0.661950560813
276.36 0.569442498062
276.43 0.580574439123
276.5 0.290528848476
276.57 0.308649043793
276.64 0.77912100865
276.71 0.638055870038
276.78 0.612137122248
276.85 0.576189550471
276.92 0.553238336553
276.99 0.565357160558
277.06 0.587231143321
277.13 0.708352676637
277.2 0.624909490859
277.27 0.370476137549
277.34 0.594528433578
277.41 0.344289859341
277.48 0.444639265508
277.55 0.695996352039
277.62 0.594683926769
277.69 0.42899897892
277.76 0.533094471804
277.83 0.594070735392
277.9 0.225983468402
277.97 0.280205720766
278.04 0.76418284121
278.11 0.670030102053
278.18 0.521247160027
278.25 0.676105252178
278.32 0.713667544311
278.39 0.566016024287
278.46 0.492491284703
278.53 0.511040667536
278.6 0.413229970368
278.67 0.324925914887
278.74 0.728687014647
278.81 0.501043596192
278.88 0.232790885957
278.95 0.551559814768
279.02 0.698104438532
279.09 0.502460872002
279.16 0.49963463002
279.23 0.575936634915
279.3 0.398274904137
279.37 0.172502575543
279.44 0.594360463982
279.51 0.620439656246
279.58 0.461602785713
279.65 0.431673130746
279.72 0.385151219817
279.79 0.617889106768
279.86 0.672136702641
279.93 0.927185937543
280.0 0.739566082755
280.07 0.617873831042
280.14 0.76552229509
280.21 0.748657282065
280.28 0.750141970158
280.35 0.489007748024
280.42 0.779007836732
280.49 0.881757566355
280.56 0.759374180801
280.63 0.840880055237
280.7 0.622240977159
280.77 0.651523942426
280.84 0.698859567075
280.91 0.733955366225
280.98 0.563665685423
281.05 0.434663527809
281.12 0.717976833656
281.19 0.481013111181
281.26 0.547928603044
281.33 0.783673685057
281.4 0.646578878028
281.47 0.417818766733
281.54 0.523693368849
281.61 0.854467707638
281.68 0.738608600985
281.75 0.68601389244
281.82 0.608369401587
281.89 0.451122197806
281.96 0.340780459605
282.03 0.593278998517
282.1 0.645496161494
282.17 0.492406143393
282.24 0.409325197323
282.31 0.565154176601
282.38 0.570217673852
282.45 0.598516909827
282.52 0.733481022787
282.59 0.68713898428
282.66 0.584666739598
282.73 0.516572509534
282.8 0.57907214046
282.87 0.534199454052
282.94 0.336892567686
283.01 0.640430078976
283.08 0.781483459197
283.15 0.590656239257
283.22 0.435561379074
283.29 0.94940629824
283.36 0.813900930402
283.43 0.689979621875
283.5 0.610269245267
283.57 0.500899675395
283.64 0.400445609571
283.71 0.464250194368
283.78 0.722171126433
283.85 0.325995987722
283.92 0.283020929644
283.99 0.633401361349
284.06 0.417208501445
284.13 0.560673387856
284.2 0.262850403814
284.27 0.669623255065
284.34 0.652064279783
284.41 0.431307633477
284.48 0.838102886562
284.55 0.634429634537
284.62 0.460979851788
284.69 0.602540928296
284.76 0.935316381936
284.83 0.789119327946
284.9 0.712592135727
284.97 0.836017722489
285.04 0.736682131552
285.11 0.4160431686
285.18 0.702933511949
285.25 0.563697162707
285.32 0.323599392536
285.39 0.522328723167
285.46 0.975139497035
285.53 0.837747487211
285.6 0.815535444465
285.67 0.75433756492
285.74 0.68127025024
285.81 0.339526104432
285.88 0.574224193973
285.95 0.762007452578
286.02 0.675094314201
286.09 0.67769153564
286.16 0.574366793043
286.23 0.524152310831
286.3 0.454177401104
286.37 0.646189360016
286.44 0.532279476881
286.51 0.247213284386
286.58 0.228968196167
286.65 0.613174768067
286.72 0.42641347327
286.79 0.293486063101
286.86 0.727743643778
286.93 0.700350123973
287.0 0.52731440784
287.07 0.420543863274
287.14 0.8979052853
287.21 0.723142847952
287.28 0.610292896092
287.35 0.618001793429
287.42 0.463115305947
287.49 0.439986094133
287.56 0.615082939048
287.63 0.736438710201
287.7 0.445876673052
287.77 0.322987500027
287.84 0.691865305816
287.91 0.647376282124
287.98 0.465086709974
288.05 0.557068792534
288.12 0.684567074139
288.19 0.63296421437
288.26 0.584909811814
288.33 0.931576746955
288.4 0.733879737824
288.47 0.517232777078
288.54 0.761503759921
288.61 0.772730863318
288.68 0.649180156091
288.75 0.693097158362
288.82 0.785599028111
288.89 0.675532987609
288.96 0.613742316187
289.03 0.666480443647
289.1 0.523125861254
289.17 0.341276435948
289.24 0.705221839742
289.31 0.373459523843
289.38 0.189453404251
289.45 0.433038215966
289.52 0.765550303877
289.59 0.44883611134
289.66 0.325273161504
289.73 0.777168887097
289.8 0.734971766722
289.87 0.602214602805
289.94 0.601631750903
290.01 0.562898348561
290.08 0.515047530559
290.15 0.284956284372
290.22 0.601618941988
290.29 0.529980861015
290.36 0.310523939857
290.43 0.772988232432
290.5 0.711322769797
290.57 0.604595204251
290.64 0.592240642996
290.71 0.647057563841
290.78 0.428539172412
290.85 0.313218625225
290.92 0.67850212792
290.99 0.553920474955
291.06 0.480016328785
291.13 0.532599894083
291.2 0.587999002848
291.27 0.440447281598
291.34 0.411409027199
291.41 0.669577703248
291.48 0.498667505454
291.55 0.428428470421
291.62 0.759436713497
291.69 0.525786186891
291.76 0.633450047074
291.83 0.350091911581
291.9 0.449178536559
291.97 0.496249802106
292.04 0.43805619569
292.11 0.699836820732
292.18 0.349218967407
292.25 0.172369145442
292.32 0.474529842216
292.39 0.473205798104
292.46 0.376104831449
292.53 0.354797553062
292.6 0.45272587155
292.67 0.362817478344
292.74 0.299234850327
292.81 0.6001810121
292.88 0.417462584944
292.95 0.208256212836
293.02 0.534654524369
293.09 0.513688276736
293.16 0.171087307264
293.23 0.166324960328
293.3 0.448010590391
293.37 0.338025940069
293.44 0.135135156198
293.51 0.640489089142
293.58 0.609288657156
293.65 0.507914886874
293.72 0.466509038899
293.79 0.419287294831
293.86 0.332040801489
293.93 0.183645608936
294.0 0.618150168824
294.07 0.488121072219
294.14 0.22463312897
294.21 0.484009257553
294.28 0.603526247403
294.35 0.418650855796
294.42 0.456924518133
294.49 0.459031586313
294.56 0.243862980381
294.63 0.139666829391
294.7 0.494862889671
294.77 0.482045713236
294.84 0.417273499912
294.91 0.405276135641
294.98 0.346691533621
295.05 0.350121878022
295.12 0.691569140036
295.19 0.908508386583
295.26 0.742709033411
295.33 0.716698559571
295.4 0.740904199321
295.47 0.795079258098
295.54 0.808416285107
295.61 0.622452544035
295.68 0.792112756048
295.75 0.766580379894
295.82 0.782656795147
295.89 0.789134836429
295.96 0.763221628052
296.03 0.682727351418
296.1 0.748900546513
296.17 0.742439965134
296.24 0.675773746801
296.31 0.562326396759
296.38 0.778015756238
296.45 0.659830976741
296.52 0.728981568791
296.59 0.826946183883
296.66 0.797478320095
296.73 0.685430630096
296.8 0.602108735719
296.87 0.879690975054
296.94 0.782777819501
297.01 0.738993934564
297.08 0.662414931024
297.15 0.5763597084
297.22 0.413099384268
297.29 0.405529515673
297.36 0.730680309274
297.43 0.506241679017
297.5 0.465033082316
297.57 0.671150402629
297.64 0.614157183945
297.71 0.611179394213
297.78 0.60150691723
297.85 0.75760944536
297.92 0.604257529771
297.99 0.57218441858
298.06 0.72886338636
298.13 0.669973402833
298.2 0.499826134063
298.27 0.428222476207
298.34 0.885724779617
298.41 0.730919419423
298.48 0.467276187685
298.55 0.759883089711
298.62 0.962122971394
298.69 0.837563159153
298.76 0.785961686575
298.83 0.744640749231
298.9 0.600348179516
298.97 0.486887768058
299.04 0.650618174302
299.11 0.564204842369
299.18 0.447807596043
299.25 0.498169898772
299.32 0.63262318985
299.39 0.50628522746
299.46 0.276427361857
299.53 0.406575744411
299.6 0.45865584773
299.67 0.470930225194
299.74 0.385183826596
299.81 0.833480042194
299.88 0.652980361958
299.95 0.421235891776
300.02 0.717259997817
300.09 0.913534997024
300.16 0.696271127023
300.23 0.719583869909
300.3 0.730027732066
300.37 0.535124161749
300.44 0.232083134919
300.51 0.674969106453
300.58 0.53961457978
300.65 0.289480538432
300.72 0.62497460986
300.79 0.897115553877
300.86 0.812278499966
300.93 0.777464053267
301.0 0.754383611345
301.07 0.627863179837
301.14 0.374756577479
301.21 0.645225783957
301.28 0.761794575403
301.35 0.625793193815
301.42 0.585792066273
301.49 0.528426410208
301.56 0.505835440938
301.63 0.312238704213
301.7 0.541817195801
301.77 0.31328279969
301.84 0.133108327919
301.91 0.292637126162
301.98 0.692476053243
302.05 0.486079445159
302.12 0.247720051723
302.19 0.695555424835
302.26 0.679082580553
302.33 0.394210614528
302.4 0.528640658987
302.47 0.888453693791
302.54 0.682613241197
302.61 0.604107309984
302.68 0.63945740253
302.75 0.581294014015
302.82 0.399269275834
302.89 0.518254775176
302.96 0.490783703606
303.03 0.364227145905
303.1 0.310675823234
303.17 0.560221152189
303.24 0.479660107511
303.31 0.430668250688
303.38 0.392526288361
303.45 0.441057998892
303.52 0.321707194513
303.59 0.287290871605
303.66 0.734339988025
303.73 0.368011217755
303.8 0.223984151185
303.87 0.443927726971
303.94 0.549852347971
304.01 0.408325888889
304.08 0.39009928408
304.15 0.572666455472
304.22 0.445780665933
304.29 0.379510495282
304.36 0.458698085875
304.43 0.355646323746
304.5 0.202700974591
304.57 0.303762890847
304.64 0.272017085013
304.71 0.124284189357
304.78 0.337130534832
304.85 0.835689480908
304.92 0.60498542677
304.99 0.244898836879
305.06 0.717485859514
305.13 0.93014683368
305.2 0.784961363985
305.27 0.697042488297
305.34 0.752678003488
305.41 0.590839821245
305.48 0.241293751104
305.55 0.642757515162
305.62 0.650497540647
305.69 0.282515468449
305.76 0.509268781048
305.83 0.888885683745
305.9 0.757499161085
305.97 0.71747769431
306.04 0.688551498959
306.11 0.512458563685
306.18 0.283928929744
306.25 0.509822888483
306.32 0.750025327664
306.39 0.677573299176
306.46 0.53098360989
306.53 0.420742061163
306.6 0.392474869818
306.67 0.346918261922
306.74 0.765595747628
306.81 0.680795940053
306.88 0.661992665954
306.95 0.562321242851
307.02 0.620485618505
307.09 0.329104866476
307.16 0.212161924183
307.23 0.756326103612
307.3 0.650246922528
307.37 0.61625955438
307.44 0.59148589684
307.51 0.545340333403
307.58 0.583996502982
307.65 0.52847332116
307.72 0.725455071797
307.79 0.63894547505
307.86 0.431007751896
307.93 0.577636529831
308.0 0.326510419419
308.07 0.475809567915
308.14 0.616692793325
308.21 0.668760209303
308.28 0.433675431203
308.35 0.480383474058
308.42 0.638655590596
308.49 0.260487915859
308.56 0.116348645807
308.63 0.741648648053
308.7 0.700901954752
308.77 0.548828862929
308.84 0.618206864927
308.91 0.731442494307
308.98 0.59715495332
309.05 0.496361657492
309.12 0.505926421958
309.19 0.439869318636
309.26 0.332028365608
309.33 0.675710290351
309.4 0.569496685792
309.47 0.263704326327
309.54 0.444207557149
309.61 0.741454117127
309.68 0.504247464792
309.75 0.504656467901
309.82 0.56453126034
309.89 0.448024385407
309.96 0.195987355041
310.03 0.500598322457
310.1 0.672550367128
310.17 0.463261243626
310.24 0.424137282099
310.31 0.41854590831
310.38 0.535022858366
310.45 0.708251036587
310.52 0.870795146258
310.59 0.800034588748
310.66 0.629618823203
310.73 0.714319960459
310.8 0.792019792436
310.87 0.734701497251
310.94 0.542179278606
311.01 0.701650279306
311.08 0.869045739536
311.15 0.825026305426
311.22 0.804260836793
311.29 0.680142185551
311.36 0.64098026383
311.43 0.675373242445
311.5 0.740151048174
311.57 0.610614862584
311.64 0.381801214031
311.71 0.788171360124
311.78 0.572456921064
311.85 0.686496610978
311.92 0.78085363192
311.99 0.757497435149
312.06 0.490606064198
312.13 0.344509989394
312.2 0.6827303544
312.27 0.493270114988
312.34 0.387044938035
312.41 0.605928081703
312.48 0.618062153379
312.55 0.25143393483
312.62 0.383974500576
312.69 0.895699455361
312.76 0.693963757826
312.83 0.659658893371
312.9 0.698192951703
312.97 0.659978950007
313.04 0.327570061825
313.11 0.466357011088
313.18 0.740981736539
313.25 0.392158959169
313.32 0.241044718643
313.39 0.872648788687
313.46 0.789422942993
313.53 0.714189330717
313.6 0.728703475979
313.67 0.582878683763
313.74 0.365854503726
313.81 0.196854288054
313.88 0.801206174863
313.95 0.685533609538
314.02 0.594989536876
314.09 0.429969183362
314.16 0.402582619254
314.23 0.388246139377
314.3 0.560403128777
314.37 0.784412752319
314.44 0.65164157102
314.51 0.615671585978
314.58 0.613897016549
314.65 0.444290057081
314.72 0.168425617296
314.79 0.633236902852
314.86 0.698131761517
314.93 0.637210945042
315.0 0.5872797667
315.07 0.557929150158
315.14 0.579120806443
315.21 0.483196115335
315.28 0.734484060531
315.35 0.641978447964
315.42 0.536772865684
315.49 0.368464363669
315.56 0.196053792653
315.63 0.0764063528244
315.7 0.0359003075332
315.77 0.0339165226976
315.84 0.0198583112396
315.91 0.0126566477934
315.98 0.0299693452526
316.05 0.0138877397227
316.12 0.0
316.19 0.0
316.26 0.0
316.33 0.0
316.4 0.0
316.47 0.0
316.54 0.0
316.61 0.0
316.68 0.0
316.75 0.0
316.82 0.0
316.89 0.0
316.96 0.0
317.03 0.0
317.1 0.0
317.17 0.0
317.24 0.0
317.31 0.0
317.38 0.0
317.45 0.0
317.52 0.0
317.59 0.0
317.66 0.0
317.73 0.0
317.8 0.0
317.87 0.0
317.94 0.0
318.01 0.0
318.08 0.0
318.15 0.0
318.22 0.0
318.29 0.0
318.36 0.0
318.43 0.0
318.5 0.0
318.57 0.0
318.64 0.0
318.71 0.0
318.78 0.0
318.85 0.0
318.92 0.0
318.99 0.0
319.06 0.0
319.13 0.0
319.2 0.0
319.27 0.0
319.34 0.0
319.41 0.0
319.48 0.0
319.55 0.0
319.62 0.0
319.69 0.0
319.76 0.0
319.83 0.0
319.9 0.0
319.97 0.0
320.04 0.0
320.11 0.0
320.18 0.0
320.25 0.0
320.32 0.0
320.39 0.0
320.46 0.0
320.53 0.0
320.6 0.0
320.67 0.0
320.74 0.0
320.81 0.0
320.88 0.0
320.95 0.0
321.02 0.0
321.09 0.0
321.16 0.0
321.23 0.0
321.3 0.0
321.37 0.0
321.44 0.0
321.51 0.0
321.58 0.0
321.65 0.0
321.72 0.0
321.79 0.0
321.86 0.0
321.93 0.0
322.0 0.0
322.07 0.0
322.14 0.0
322.21 0.0
322.28 0.0
322.35 0.0
322.42 0.0
322.49 0.0
322.56 0.0
322.63 0.0
322.7 0.0
322.77 0.0
322.84 0.0
322.91 0.0
322.98 0.0
323.05 0.0
323.12 0.0
323.19 0.0
323.26 0.0
323.33 0.0
323.4 0.0
323.47 0.0
323.54 0.0
323.61 0.0
323.68 0.0
323.75 0.0
323.82 0.0
323.89 0.0
323.96 0.0
324.03 0.0
324.1 0.0
324.17 0.0
324.24 0.0
324.31 0.0
324.38 0.0
324.45 0.0
324.52 0.0
324.59 0.0
324.66 0.0
324.73 0.0
324.8 0.0
324.87 0.0
324.94 0.0
325.01 0.0
325.08 0.0
