0.0 0.0
0.07 0.0
0.14 0.0
0.21 0.0
0.28 0.0
0.35 0.0
0.42 0.0
0.49 0.0
0.56 0.0
0.63 0.0
0.7 0.0
0.77 0.0
0.84 0.0
0.91 0.0
0.98 0.0
1.05 0.0
1.12 0.0
1.19 0.0
1.26 0.0
1.33 0.0
1.4 0.0
1.47 0.0
1.54 0.0
1.61 0.0
1.68 0.0
1.75 0.0
1.82 0.0
1.89 0.0
1.96 0.0
2.03 0.0
2.1 0.0
2.17 0.0
2.24 0.0
2.31 0.0
2.38 0.0
2.45 0.0
2.52 0.0
2.59 0.0
2.66 0.0
2.73 0.0
2.8 0.0
2.87 0.0
2.94 0.0
3.01 0.0
3.08 0.0
3.15 0.0
3.22 0.0
3.29 0.0
3.36 0.0
3.43 0.0
3.5 0.0
3.57 0.0
3.64 0.0
3.71 0.0
3.78 0.0
3.85 0.0
3.92 0.0
3.99 3.70319687676e-05
4.06 4.04702735489e-05
4.13 3.95606880941e-05
4.2 3.89184167079e-05
4.27 3.79873026033e-05
4.34 5.15315144198e-05
4.41 0.236839802784
4.48 0.223349297772
4.55 0.201980752935
4.62 0.104146346013
4.69 0.07459914874
4.76 0.0590800519808
4.83 0.125454730833
4.9 0.664757129847
4.97 0.480300243968
5.04 0.308966575365
5.11 0.12259293728
5.18 0.39004854506
5.25 0.515399683618
5.32 0.30348619921
5.39 0.125339644053
5.46 0.0593735412994
5.53 0.309339377126
5.6 0.511245021087
5.67 0.183068735582
5.74 0.215753601704
5.81 0.0611263752627
5.88 0.24198838477
5.95 0.510873740683
6.02 0.175409227699
6.09 0.0302819853411
6.16 0.018485445994
6.23 0.350191464868
6.3 0.363271197859
6.37 0.235177096719
6.44 0.128489423663
6.51 0.0478401861083
6.58 0.349761063204
6.65 0.31452986732
6.72 0.072293380111
6.79 0.0254033457129
6.86 0.115855819015
6.93 0.515432434076
7.0 0.271257624748
7.07 0.0345247054317
7.14 0.292903214603
7.21 0.411138712794
7.28 0.49588225731
7.35 0.411085273303
7.42 0.19958200117
7.49 0.130361855555
7.56 0.364015123941
7.63 0.867020126073
7.7 0.745523922801
7.77 0.335355734996
7.84 0.237179285371
7.91 0.298026548865
7.98 0.369368087267
8.05 0.0687530923214
8.12 0.128200279544
8.19 0.250562383949
8.26 0.332015159521
8.33 0.335228000135
8.4 0.118897874644
8.47 0.187728704229
8.54 0.0531720773713
8.61 0.378889782097
8.68 0.410310486798
8.75 0.136443684777
8.82 0.0447454355208
8.89 0.24404910713
8.96 0.485942687799
9.03 0.541156400589
9.1 0.201329902382
9.17 0.0520481006514
9.24 0.251504428328
9.31 0.36615557048
9.38 0.222951786503
9.45 0.0321606497774
9.52 0.0809842699915
9.59 0.515742152409
9.66 0.412700218955
9.73 0.0984718496111
9.8 0.228658765152
9.87 0.352400929567
9.94 0.444483451767
10.01 0.509756263822
10.08 0.184431354694
10.15 0.125639299536
10.22 0.27981731814
10.29 0.68373967416
10.36 0.617484289145
10.43 0.339279623856
10.5 0.136454770237
10.57 0.209836460375
10.64 0.438362992971
10.71 0.369132831152
10.78 0.156372466173
10.85 0.186103624862
10.92 0.403051044917
10.99 0.476744241162
11.06 0.122356418151
11.13 0.151032199368
11.2 0.0728392829814
11.27 0.342502564995
11.34 0.336405436977
11.41 0.0792954496744
11.48 0.0564323698205
11.55 0.156080077507
11.62 0.912479764684
11.69 0.607925374868
11.76 0.417150386424
11.83 0.115389198089
11.9 0.125154813418
11.97 0.43009194854
12.04 0.294609765558
12.11 0.0646187949964
12.18 0.0508522523281
12.25 0.432224188179
12.32 0.386080055117
12.39 0.0891335833632
12.46 0.13506426345
12.53 0.118561696704
12.6 0.446520114964
12.67 0.248783425866
12.74 0.186566469304
12.81 0.178102619668
12.88 0.42618130877
12.95 0.533943351154
13.02 0.227961286235
13.09 0.0550467303026
13.16 0.0527708335722
13.23 0.505783472634
13.3 0.635824952278
13.37 0.335213211746
13.44 0.255516020423
13.51 0.293409511934
13.58 0.449661668836
13.65 0.355818022349
13.72 0.161369658694
13.79 0.0764824122341
13.86 0.0486158633612
13.93 0.536863385984
14.0 0.509255193467
14.07 0.279673327353
14.14 0.223696519013
14.21 0.116866337957
14.28 0.291919940168
14.35 0.532660563864
14.42 0.217279912111
14.49 0.0519373169105
14.56 0.108039612163
14.63 0.517831929476
14.7 0.327029371802
14.77 0.233541778684
14.84 0.417040287115
14.91 0.347828557408
14.98 0.150579159432
15.05 0.0537501664703
15.12 0.0618601954382
15.19 0.538599840233
15.26 0.388738092558
15.33 0.343985689828
15.4 0.228078568937
15.47 0.184457680645
15.54 0.300916550332
15.61 0.461833396934
15.68 0.606503567218
15.75 0.360474232452
15.82 0.306898911809
15.89 0.381259242339
15.96 0.621322508331
16.03 0.450478747477
16.1 0.2825746798
16.17 0.295317362044
16.24 0.321454799731
16.31 0.64940386469
16.38 0.495455638409
16.45 0.241965856832
16.52 0.312350251197
16.59 0.325366254899
16.66 0.291304979669
16.73 0.168118783665
16.8 0.120250682074
16.87 0.275700676999
16.94 0.394341414346
17.01 0.480236495842
17.08 0.40091818633
17.15 0.250604166573
17.22 0.268639216169
17.29 0.412467569601
17.36 0.333184177764
17.43 0.224747716338
17.5 0.451255236539
17.57 0.497015117289
17.64 0.443184959326
17.71 0.268809017116
17.78 0.428054240307
17.85 0.448933686513
17.92 0.554059198577
17.99 0.417088039454
18.06 0.281076782726
18.13 0.345628045039
18.2 0.27467875774
18.27 0.570272231894
18.34 0.451462844485
18.41 0.275945155449
18.48 0.423671139964
18.55 0.429248955685
18.62 0.43062716423
18.69 0.297580063506
18.76 0.164819074052
18.83 0.273690393573
18.9 0.445199635493
18.97 0.551215661319
19.04 0.34506707929
19.11 0.307425787838
19.18 0.22542796785
19.25 0.504568308626
19.32 0.429521949729
19.39 0.160515757989
19.46 0.223888069277
19.53 0.222957853097
19.6 0.528690888948
19.67 0.448233044678
19.74 0.316586250761
19.81 0.272444989886
19.88 0.323787067437
19.95 0.407906581613
20.02 0.328666710839
20.09 0.228090364843
20.16 0.433501555632
20.23 0.44049397139
20.3 0.412167677303
20.37 0.263675297074
20.44 0.476166614929
20.51 0.466643584426
20.58 0.476083552912
20.65 0.336856406575
20.72 0.246985618553
20.79 0.345186403626
20.86 0.387893647415
20.93 0.712493125364
21.0 0.490016015091
21.07 0.392420256841
21.14 0.41508342524
21.21 0.493073027749
21.28 0.389745697058
21.35 0.189931134442
21.42 0.40505741551
21.49 0.397570561119
21.56 0.645891605408
21.63 0.472745535758
21.7 0.237737534025
21.77 0.319829947312
21.84 0.493890691252
21.91 0.695781581808
21.98 0.29887859721
22.05 0.266807689609
22.12 0.285805378429
22.19 0.57292082364
22.26 0.63513620861
22.33 0.399451681615
22.4 0.23249030956
22.47 0.237707915986
22.54 0.446499694142
22.61 0.41084263914
22.68 0.371588359349
22.75 0.54832127967
22.82 0.452109214388
22.89 0.47750861677
22.96 0.364361074991
23.03 0.455919964812
23.1 0.519399233124
23.17 0.645356095493
23.24 0.615207143753
23.31 0.391361997221
23.38 0.302202165949
23.45 0.278226245069
23.52 0.599964914401
23.59 0.495974636746
23.66 0.206461510822
23.73 0.370327066621
23.8 0.445092891962
23.87 0.46452675661
23.94 0.381806139116
24.01 0.250263810281
24.08 0.250638444669
24.15 0.445493381361
24.22 0.490703665283
24.29 0.305030843056
24.36 0.26485490831
24.43 0.213108935348
24.5 0.339837058907
24.57 0.238369709372
24.64 0.135553767537
24.71 0.237373577848
24.78 0.365589593938
24.85 0.612627419467
24.92 0.540435194408
24.99 0.329206276213
25.06 0.272886825058
25.13 0.406825505212
25.2 0.42899813615
25.27 0.382603369238
25.34 0.332958076708
25.41 0.469418264091
25.48 0.425354243527
25.55 0.272621398334
25.62 0.173849292232
25.69 0.450587317355
25.76 0.548108667209
25.83 0.571373032125
25.9 0.38389751917
25.97 0.279260510111
26.04 0.271647030481
26.11 0.469371390838
26.18 0.487875701312
26.25 0.380135842408
26.32 0.337902678325
26.39 0.364227946306
26.46 0.647660115817
26.53 0.47504777638
26.6 0.353317635623
26.67 0.276459793338
26.74 0.385153747283
26.81 0.701613122534
26.88 0.479284278279
26.95 0.241797574552
27.02 0.274891172855
27.09 0.68649680977
27.16 0.578464710209
27.23 0.292544591252
27.3 0.276893349846
27.37 0.314413816236
27.44 0.552741626371
27.51 0.565673721263
27.58 0.487944900672
27.65 0.448801056574
27.72 0.287071080045
27.79 0.61406484974
27.86 0.454549511065
27.93 0.173762876232
28.0 0.360807708547
28.07 0.510053421084
28.14 0.554919432293
28.21 0.315661822199
28.28 0.383028481134
28.35 0.38335384003
28.42 0.54328185332
28.49 0.500429492079
28.56 0.3065072357
28.63 0.393100091236
28.7 0.311310078335
28.77 0.503693316124
28.84 0.325875847908
28.91 0.2598731312
28.98 0.388002444241
29.05 0.453119064148
29.12 0.345166962358
29.19 0.24873794749
29.26 0.240987396741
29.33 0.238700597543
29.4 0.467910623509
29.47 0.339574412967
29.54 0.219164990291
29.61 0.26620160878
29.68 0.262567535016
29.75 0.403982403013
29.82 0.264031261638
29.89 0.15572748128
29.96 0.25728461874
30.03 0.336260820066
30.1 0.485858019207
30.17 0.332999513079
30.24 0.271546704282
30.31 0.275088751141
30.38 0.542520950103
30.45 0.657751025456
30.52 0.224526718468
30.59 0.383571317965
30.66 0.373507538013
30.73 0.455715877696
30.8 0.316469143876
30.87 0.222200200706
30.94 0.289752500291
31.01 0.505701077108
31.08 0.454865560615
31.15 0.36359979592
31.22 0.319798544188
31.29 0.246884852811
31.36 0.417802033537
31.43 0.401015823242
31.5 0.240600383379
31.57 0.354270874003
31.64 0.307974065139
31.71 0.466165920199
31.78 0.41994097038
31.85 0.212518869144
31.92 0.250322185215
31.99 0.306926041495
32.06 0.431352154071
32.13 0.363010797178
32.2 0.275274346043
32.27 0.301714578808
32.34 0.39032847402
32.41 0.280729449357
32.48 0.156974903278
32.55 0.169095383322
32.62 0.238397317174
32.69 0.617058309824
32.76 0.464837668885
32.83 0.26242055085
32.9 0.366682923728
32.97 0.272056349318
33.04 0.357527482362
33.11 0.230132388674
33.18 0.51197702568
33.25 0.916121133072
33.32 0.904185280038
33.39 0.82975330844
33.46 0.730590425051
33.53 0.515186870223
33.6 0.591835989557
33.67 0.673300555653
33.74 0.383213572803
33.81 0.239208748132
33.88 0.232085018375
33.95 0.1823304518
34.02 0.400873306271
34.09 0.278842450642
34.16 0.215840415984
34.23 0.379841978132
34.3 0.356596684908
34.37 0.547664549104
34.44 0.479480402484
34.51 0.317924190864
34.58 0.242518866848
34.65 0.480983435039
34.72 0.511312565432
34.79 0.468060724844
34.86 0.350270057895
34.93 0.253897858928
35.0 0.412412598884
35.07 0.313181451735
35.14 0.219281097887
35.21 0.24738007096
35.28 0.301512041756
35.35 0.664462326384
35.42 0.496217138149
35.49 0.456139613552
35.56 0.272381665157
35.63 0.314746542416
35.7 0.494523888312
35.77 0.439810313865
35.84 0.177776108091
35.91 0.414645496622
35.98 0.477768580599
36.05 0.330261682389
36.12 0.191966548978
36.19 0.297395734309
36.26 0.198518329787
36.33 0.575713860964
36.4 0.363748986772
36.47 0.245573285304
36.54 0.261991965666
36.61 0.360229850881
36.68 0.554518776047
36.75 0.447484178667
36.82 0.295836054495
36.89 0.400161834628
36.96 0.436270091559
37.03 0.421320961318
37.1 0.279057689598
37.17 0.234296460122
37.24 0.356090699742
37.31 0.565292917123
37.38 0.475155478833
37.45 0.297284510128
37.52 0.226413849046
37.59 0.236967447942
37.66 0.614702457482
37.73 0.361509909415
37.8 0.178677592495
37.87 0.182266908196
37.94 0.357523537237
38.01 0.642924607623
38.08 0.430869987666
38.15 0.253370597178
38.22 0.195863005853
38.29 0.388836225526
38.36 0.497165121744
38.43 0.368859704348
38.5 0.432134768035
38.57 0.4937685655
38.64 0.505611350181
38.71 0.342802961422
38.78 0.340481345913
38.85 0.331105204491
38.92 0.467020145628
38.99 0.704441988915
39.06 0.444216762926
39.13 0.291787833197
39.2 0.28203325758
39.27 0.352790480618
39.34 0.661291771627
39.41 0.363822592329
39.48 0.239955575201
39.55 0.343123210853
39.62 0.508173952014
39.69 0.471404658788
39.76 0.270786664902
39.83 0.201047894113
39.9 0.302765277387
39.97 0.476514566349
40.04 0.399241006733
40.11 0.229664389017
40.18 0.28454932434
40.25 0.37752521823
40.32 0.324212783929
40.39 0.199633993757
40.46 0.138004502918
40.53 0.252561955974
40.6 0.412709237665
40.67 0.606890534832
40.74 0.478923691335
40.81 0.283455684179
40.88 0.224927462623
40.95 0.459936990199
41.02 0.476160307931
41.09 0.347079289529
41.16 0.371678169699
41.23 0.411861513889
41.3 0.370348606932
41.37 0.233566714243
41.44 0.178137185709
41.51 0.297474587474
41.58 0.491481959164
41.65 0.540615018735
41.72 0.36652019584
41.79 0.293717124944
41.86 0.282318491559
41.93 0.541787347905
42.0 0.458498537315
42.07 0.332572541647
42.14 0.308578264902
42.21 0.299799653847
42.28 0.66572879137
42.35 0.488471855639
42.42 0.323521679286
42.49 0.346346849878
42.56 0.398109326345
42.63 0.67681126846
42.7 0.51013915355
42.77 0.255638548042
42.84 0.319996614943
42.91 0.669881309109
42.98 0.509676961246
43.05 0.292866073197
43.12 0.27224538701
43.19 0.30701658382
43.26 0.515898767057
43.33 0.51081261367
43.4 0.430708922866
43.47 0.409541309403
43.54 0.330918184213
43.61 0.559768533717
43.68 0.372708920189
43.75 0.16351508463
43.82 0.364077444897
43.89 0.507887462198
43.96 0.43285006191
44.03 0.396476763081
44.1 0.278659575527
44.17 0.249250921394
44.24 0.507960261327
44.31 0.55169514382
44.38 0.280961778473
44.45 0.327752292202
44.52 0.308277622689
44.59 0.502540921586
44.66 0.317491239849
44.73 0.251941934447
44.8 0.460702504135
44.87 0.472721335762
44.94 0.413457444361
45.01 0.213993479395
45.08 0.19194972972
45.15 0.251717661532
45.22 0.402714035432
45.29 0.655837730393
45.36 0.527986430262
45.43 0.235708012061
45.5 0.390558967819
45.57 0.40863024475
45.64 0.318330558482
45.71 0.156434071301
45.78 0.21848947239
45.85 0.177667722104
45.92 0.773914401866
45.99 0.648602573726
46.06 0.277308384539
46.13 0.350982781788
46.2 0.376328787736
46.27 0.646099338938
46.34 0.334410055863
46.41 0.435828691445
46.48 0.657359517092
46.55 0.551917002835
46.62 0.43843111859
46.69 0.375686564789
46.76 0.384178666294
46.83 0.370650720269
46.9 0.413926968067
46.97 0.406220461347
47.04 0.34411973348
47.11 0.368461850414
47.18 0.464336091711
47.25 0.670712657656
47.32 0.530161432975
47.39 0.479149987046
47.46 0.412364984687
47.53 0.548048151969
47.6 0.440783630403
47.67 0.251495373737
47.74 0.398384569235
47.81 0.340542661302
47.88 0.494075459992
47.95 0.29498300776
48.02 0.275111006383
48.09 0.349294946406
48.16 0.295456300773
48.23 0.482032544982
48.3 0.335162085688
48.37 0.324255120019
48.44 0.314071242493
48.51 0.419416768388
48.58 0.450239370419
48.65 0.367944539385
48.72 0.318448606348
48.79 0.362049826424
48.86 0.402121780482
48.93 0.34290484486
49.0 0.331508595773
49.07 0.359929174581
49.14 0.33867651129
49.21 0.455063224119
49.28 0.289957218016
49.35 0.336045410675
49.42 0.346675038895
49.49 0.508649134167
49.56 0.547365594199
49.63 0.381395746537
49.7 0.286856325484
49.77 0.375880966703
49.84 0.512037282577
49.91 0.469575732709
49.98 0.361803875952
50.05 0.415166318615
50.12 0.355818942699
50.19 0.441857496499
50.26 0.30424304607
50.33 0.33972184744
50.4 0.384861268914
50.47 0.378902484
50.54 0.388988881593
50.61 0.235531339887
50.68 0.309382907159
50.75 0.303881997157
50.82 0.414764946541
50.89 0.347991933846
50.96 0.310097495971
51.03 0.308469377476
51.1 0.371410799118
51.17 0.53041791006
51.24 0.394525288751
51.31 0.321800661976
51.38 0.307627394673
51.45 0.39654364811
51.52 0.450199480522
51.59 0.22448446939
51.66 0.218875618326
51.73 0.252293405802
51.8 0.383067090973
51.87 0.3061355319
51.94 0.272894044332
52.01 0.269041582149
52.08 0.290157399475
52.15 0.604498041625
52.22 0.357809141688
52.29 0.297293283053
52.36 0.339053377481
52.43 0.392016327342
52.5 0.5071427261
52.57 0.437512608613
52.64 0.450178802254
52.71 0.487206717356
52.78 0.406094019998
52.85 0.571435278628
52.92 0.386128649765
52.99 0.241266035776
53.06 0.245247890526
53.13 0.437170065368
53.2 0.652511209537
53.27 0.454619850546
53.34 0.363151760497
53.41 0.511195212762
53.48 0.591822643588
53.55 0.695640353865
53.62 0.287595111601
53.69 0.348903653329
53.76 0.224007442052
53.83 0.653975129917
53.9 0.510526233291
53.97 0.390831654182
54.04 0.457387576458
54.11 0.540136494259
54.18 0.586760371754
54.25 0.467127809509
54.32 0.407067177762
54.39 0.420610235105
54.46 0.350418349926
54.53 0.627585594431
54.6 0.500801827386
54.67 0.430820445757
54.74 0.518016943105
54.81 0.727308634451
54.88 0.613256886689
54.95 0.359462646946
55.02 0.307127664477
55.09 0.335006093577
55.16 0.462888689188
55.23 0.282939192135
55.3 0.263335126467
55.37 0.426105114393
55.44 0.391859103613
55.51 0.323025937272
55.58 0.217078867711
55.65 0.331278578296
55.72 0.432235924881
55.79 0.433296079021
55.86 0.298221288958
55.93 0.211779320554
56.0 0.257608818677
56.07 0.251726235316
56.14 0.448970542664
56.21 0.328391392598
56.28 0.251101197614
56.35 0.389170917092
56.42 0.378720513984
56.49 0.509405020312
56.56 0.403435319655
56.63 0.291755854182
56.7 0.504303242507
56.77 0.503089607034
56.84 0.46724129061
56.91 0.369109124521
56.98 0.26644456049
57.05 0.333886997581
57.12 0.433309713833
57.19 0.374870598462
57.26 0.286659674723
57.33 0.470073244557
57.4 0.393337003262
57.47 0.403468894481
57.54 0.230457020082
57.61 0.188395653727
57.68 0.246902390587
57.75 0.205477370755
57.82 0.585682133547
57.89 0.397980382291
57.96 0.33117319107
58.03 0.412606987343
58.1 0.398020765552
58.17 0.671332170569
58.24 0.411417788681
58.31 0.416789208339
58.38 0.431134103833
58.45 0.552864319043
58.52 0.543495962919
58.59 0.305765512716
58.66 0.369853760152
58.73 0.368598437139
58.8 0.506835114884
58.87 0.390147978717
58.94 0.280210540723
59.01 0.20583649106
59.08 0.281900823194
59.15 0.42903507124
59.22 0.355095013144
59.29 0.307532714362
59.36 0.34268703951
59.43 0.367557578948
59.5 0.325736147602
59.57 0.217886726708
59.64 0.300570331071
59.71 0.239676836595
59.78 0.531852402569
59.85 0.2758833754
59.92 0.377641622742
59.99 0.517491840498
60.06 0.462091991002
60.13 0.584721390638
60.2 0.329749305906
60.27 0.285353705562
60.34 0.337013624026
60.41 0.362850815987
60.48 0.452467486105
60.55 0.329263450925
60.62 0.271466209557
60.69 0.301497594238
60.76 0.477210026059
60.83 0.422405869818
60.9 0.305233786462
60.97 0.227945541615
61.04 0.270556914739
61.11 0.408152386766
61.18 0.309904213547
61.25 0.238540106841
61.32 0.290925983038
61.39 0.295843764443
61.46 0.528923928509
61.53 0.386732983185
61.6 0.235057234167
61.67 0.242429399161
61.74 0.258677004798
61.81 0.50183533444
61.88 0.319926099644
61.95 0.232465921188
62.02 0.252279153836
62.09 0.365176337152
62.16 0.807552083868
62.23 0.55676054
62.3 0.262668344712
62.37 0.300456483085
62.44 0.438468457342
62.51 0.514381971416
62.58 0.358463486161
62.65 0.487443753173
62.72 0.700570451452
62.79 0.75390634929
62.86 0.669475614262
62.93 0.474628975967
63.0 0.398626754885
63.07 0.369839131434
63.14 0.741316965386
63.21 0.694942341217
63.28 0.584751894941
63.35 0.454780501816
63.42 0.454119274454
63.49 0.767252895808
63.56 0.586154700866
63.63 0.320246963538
63.7 0.243445267972
63.77 0.381268711357
63.84 0.819695415676
63.91 0.725570563759
63.98 0.496820220216
64.05 0.279120006069
64.12 0.359115923555
64.19 0.291049171766
64.26 0.164256953829
64.33 0.12660349869
64.4 0.294000852814
64.47 0.429305231575
64.54 0.506978303728
64.61 0.308205754674
64.68 0.365672287276
64.75 0.4222411595
64.82 0.457771894253
64.89 0.296128109467
64.96 0.263311540037
65.03 0.479875942088
65.1 0.612860267064
65.17 0.641750469149
65.24 0.369643159723
65.31 0.271094763203
65.38 0.257305819078
65.45 0.483401886415
65.52 0.526838457171
65.59 0.370680824498
65.66 0.395515263978
65.73 0.588883760426
65.8 0.525982526494
65.87 0.504706710934
65.94 0.382956124239
66.01 0.313345848093
66.08 0.434303988511
66.15 0.488113173084
66.22 0.333751985139
66.29 0.23675369536
66.36 0.251177649438
66.43 0.300193385941
66.5 0.721550967492
66.57 0.590034555564
66.64 0.531560713584
66.71 0.541123777508
66.78 0.379457818213
66.85 0.365733961475
66.92 0.214043442906
66.99 0.13833374056
67.06 0.284506103781
67.13 0.494023814555
67.2 0.636927305263
67.27 0.579543500984
67.34 0.254473521569
67.41 0.331772235618
67.48 0.342588889499
67.55 0.221640547307
67.62 0.212223010777
67.69 0.534433728946
67.76 0.382906592197
67.83 0.442065384318
67.9 0.260777905002
67.97 0.238574530255
68.04 0.286016102648
68.11 0.357102123784
68.18 0.492613507689
68.25 0.302179808446
68.32 0.247893936509
68.39 0.428743106867
68.46 0.528733342548
68.53 0.619069462469
68.6 0.396897850016
68.67 0.296146120874
68.74 0.341804102039
68.81 0.514577926084
68.88 0.372019648172
68.95 0.257039694467
69.02 0.33793144688
69.09 0.337312386967
69.16 0.610564958668
69.23 0.471521421215
69.3 0.250747085412
69.37 0.300599435114
69.44 0.272255568267
69.51 0.66972864138
69.58 0.340615735818
69.65 0.155360076033
69.72 0.306802039164
69.79 0.452011670767
69.86 0.72586702762
69.93 0.35755327817
70.0 0.301801742929
70.07 0.252157689193
70.14 0.383825476235
70.21 0.444939067068
70.28 0.349443918384
70.35 0.449815538581
70.42 0.378651413298
70.49 0.432844499445
70.56 0.42524756817
70.63 0.295851014215
70.7 0.364178860984
70.77 0.453322798731
70.84 0.677892762875
70.91 0.433328462596
70.98 0.317773958563
71.05 0.394914897211
71.12 0.528328498979
71.19 0.656072206991
71.26 0.363866459644
71.33 0.305590929719
71.4 0.336256404002
71.47 0.587217515589
71.54 0.512678283772
71.61 0.263162716966
71.68 0.322163818005
71.75 0.335800422714
71.82 0.475337692839
71.89 0.428264080056
71.96 0.21231987804
72.03 0.275721383075
72.1 0.354730659583
72.17 0.284658052992
72.24 0.208289126344
72.31 0.141012493944
72.38 0.293962241181
72.45 0.584928028898
72.52 0.710569703762
72.59 0.563387305993
72.66 0.273281311552
72.73 0.201157082939
72.8 0.599163235024
72.87 0.590381717601
72.94 0.329358756463
73.01 0.430180067098
73.08 0.461619642558
73.15 0.358375509334
73.22 0.22673420612
73.29 0.163210530482
73.36 0.320634937616
73.43 0.551077286819
73.5 0.709400002881
73.57 0.436132215806
73.64 0.343307096918
73.71 0.387565843223
73.78 0.546361288964
73.85 0.520424219318
73.92 0.355779675338
73.99 0.360530270631
74.06 0.363083914752
74.13 0.791267048879
74.2 0.500830003904
74.27 0.323627555392
74.34 0.354030175625
74.41 0.476223021785
74.48 0.695381306798
74.55 0.447931612184
74.62 0.25898044753
74.69 0.356346754327
74.76 0.615050318303
74.83 0.480318511925
74.9 0.308964248476
74.97 0.327070144374
75.04 0.263269273018
75.11 0.51619973489
75.18 0.428279128583
75.25 0.360937428529
75.32 0.433401164846
75.39 0.284050619446
75.46 0.361944206868
75.53 0.194334380219
75.6 0.138050201065
75.67 0.406022489265
75.74 0.477660561496
75.81 0.340555755206
75.88 0.213169580658
75.95 0.162706924232
76.02 0.222933652203
76.09 0.435725683135
76.16 0.308578154568
76.23 0.214731849292
76.3 0.388830372424
76.37 0.301094738481
76.44 0.441300379893
76.51 0.273743045475
76.58 0.262594503238
76.65 0.325042445168
76.72 0.376744770587
76.79 0.390840060223
76.86 0.232865578146
76.93 0.186759598337
77.0 0.235299068181
77.07 0.417272943645
77.14 0.361433401079
77.21 0.281027417532
77.28 0.367979506397
77.35 0.28156954033
77.42 0.408207970152
77.49 0.255035175338
77.56 0.152146864947
77.63 0.224891900882
77.7 0.265425886676
77.77 0.457492290016
77.84 0.305357423704
77.91 0.253053473887
77.98 0.278090974283
78.05 0.462924886921
78.12 0.739672619671
78.19 0.260360927348
78.26 0.442761281777
78.33 0.385836849548
78.4 0.535465687731
78.47 0.412264804703
78.54 0.275980739616
78.61 0.422711267171
78.68 0.534109852835
78.75 0.562589054157
78.82 0.496621521542
78.89 0.344052329969
78.96 0.263030064602
79.03 0.376474596796
79.1 0.517039616856
79.17 0.325122600817
79.24 0.263939722716
79.31 0.255179236989
79.38 0.514629464775
79.45 0.527170719588
79.52 0.362171607717
79.59 0.269249620669
79.66 0.152999451507
79.73 0.472343080973
79.8 0.476592323347
79.87 0.359045617264
79.94 0.254407212431
80.01 0.328057512841
80.08 0.397738588642
80.15 0.233007047389
80.22 0.118770759629
80.29 0.263313892042
80.36 0.365182985917
80.43 0.437673346894
80.5 0.30232100589
80.57 0.276188418427
80.64 0.388423279111
80.71 0.433139373773
80.78 0.286418543081
80.85 0.17044004754
80.92 0.349057289847
80.99 0.367083215781
81.06 0.440772025563
81.13 0.298053849884
81.2 0.216695267538
81.27 0.31138970384
81.34 0.406933875053
81.41 0.674278030808
81.48 0.392134584216
81.55 0.227827282051
81.62 0.238098419679
81.69 0.291498147273
81.76 0.549037895763
81.83 0.346697958834
81.9 0.396768849449
81.97 0.397942823767
82.04 0.533338131471
82.11 0.349986551591
82.18 0.2277276654
82.25 0.252665359873
82.32 0.236146307563
82.39 0.527603225678
82.46 0.481006903061
82.53 0.394946892373
82.6 0.362671609712
82.67 0.292916615291
82.74 0.506241873204
82.81 0.281588965452
82.88 0.152769376621
82.95 0.306856083251
83.02 0.381485255487
83.09 0.669450407801
83.16 0.704425529365
83.23 0.690017320803
83.3 0.355906620816
83.37 0.43975073243
83.44 0.333649172381
83.51 0.161371251814
83.58 0.319165802818
83.65 0.355778293917
83.72 0.374495744303
83.79 0.248502944337
83.86 0.172991295701
83.93 0.243604355724
84.0 0.361668911949
84.07 0.585060796082
84.14 0.350537480504
84.21 0.262341920148
84.28 0.266070359366
84.35 0.428339343319
84.42 0.492953579624
84.49 0.258683019365
84.56 0.261265431144
84.63 0.278029891224
84.7 0.465136906353
84.77 0.264982572307
84.84 0.155833406722
84.91 0.283917737443
84.98 0.318398019403
85.05 0.503618395525
85.12 0.352060906969
85.19 0.211352931291
85.26 0.203168458046
85.33 0.352779549446
85.4 0.394839516438
85.47 0.245175333594
85.54 0.173150077567
85.61 0.256633096313
85.68 0.362527459255
85.75 0.495582051052
85.82 0.303313138467
85.89 0.222802012583
85.96 0.158826381515
86.03 0.451766496224
86.1 0.353213118513
86.17 0.193853153001
86.24 0.380097827297
86.31 0.360375598943
86.38 0.369302083118
86.45 0.245454417555
86.52 0.213621687686
86.59 0.317171598603
86.66 0.476697767983
86.73 0.681021918936
86.8 0.491985660498
86.87 0.240996347277
86.94 0.228540636554
87.01 0.452568018621
87.08 0.646816390987
87.15 0.369382083581
87.22 0.220169104459
87.29 0.283445750501
87.36 0.665703289787
87.43 0.478522869138
87.5 0.273165296349
87.57 0.200344383585
87.64 0.237317132419
87.71 0.520157011995
87.78 0.46039969919
87.85 0.184482213439
87.92 0.223971831872
87.99 0.372800933639
88.06 0.441443542723
88.13 0.241140734549
88.2 0.147564849747
88.27 0.239924736307
88.34 0.379226860652
88.41 0.624867653522
88.48 0.539639409396
88.55 0.344440740899
88.62 0.186009384991
88.69 0.564783443419
88.76 0.551298741276
88.83 0.325780029269
88.9 0.398021554039
88.97 0.43754337395
89.04 0.417947064875
89.11 0.234804992844
89.18 0.163745817934
89.25 0.249106089196
89.32 0.464142754568
89.39 0.791552214683
89.46 0.561691465542
89.53 0.317656078441
89.6 0.260896518892
89.67 0.467939859415
89.74 0.531529429765
89.81 0.473007053238
89.88 0.276118741849
89.95 0.31548106317
90.02 0.678117740853
90.09 0.528354173688
90.16 0.357839828984
90.23 0.260866938527
90.3 0.280396427158
90.37 0.741944686096
90.44 0.546076060368
90.51 0.252409424593
90.58 0.324367517511
90.65 0.613604702658
90.72 0.54530571325
90.79 0.354496785787
90.86 0.329127208658
90.93 0.262248815913
91.0 0.477068308339
91.07 0.457346717771
91.14 0.384562371419
91.21 0.350174307431
91.28 0.230989674759
91.35 0.547676769304
91.42 0.464328368308
91.49 0.151768986909
91.56 0.302184393151
91.63 0.420408260488
91.7 0.543188706029
91.77 0.299054205509
91.84 0.352267616094
91.91 0.280072519652
91.98 0.430958748495
92.05 0.628478443155
92.12 0.349989075825
92.19 0.334492947444
92.26 0.351283830354
92.33 0.422134244637
92.4 0.502361259621
92.47 0.196507622068
92.54 0.271357426186
92.61 0.356656465483
92.68 0.449941404039
92.75 0.30672833314
92.82 0.200422735312
92.89 0.211914670278
92.96 0.230089787961
93.03 0.472871716969
93.1 0.326564977297
93.17 0.260326729985
93.24 0.221356284809
93.31 0.349800124248
93.38 0.430703935396
93.45 0.207244122991
93.52 0.127248962595
93.59 0.211572453551
93.66 0.374565510583
93.73 0.454343156265
93.8 0.346027439168
93.87 0.159377643225
93.94 0.137782993743
94.01 0.587133239895
94.08 0.390223215069
94.15 0.319967656218
94.22 0.526838301088
94.29 0.491194628833
94.36 0.630188541851
94.43 0.388408592984
94.5 0.220482046706
94.57 0.221350821017
94.64 0.344604407077
94.71 0.507850137798
94.78 0.226433693079
94.85 0.231805582779
94.92 0.232460801854
94.99 0.554879892237
95.06 0.76793936013
95.13 0.663165950928
95.2 0.31556133005
95.27 0.294095499935
95.34 0.697919697871
95.41 0.672551085943
95.48 0.551957298189
95.55 0.257665273974
95.62 0.230414649008
95.69 0.733382455911
95.76 0.69853105591
95.83 0.681659861269
95.9 0.573436354967
95.97 0.409135159763
96.04 0.315413431814
96.11 0.201745190037
96.18 0.296014921694
96.25 0.661593654428
96.32 0.639141980793
96.39 0.512487087833
96.46 0.351466062301
96.53 0.596008970278
96.6 0.564333866904
96.67 0.399643472283
96.74 0.179939355265
96.81 0.24326151377
96.88 0.683123872249
96.95 0.654478623142
97.02 0.621470965415
97.09 0.486906083217
97.16 0.46835393429
97.23 0.551268463921
97.3 0.658988302078
97.37 0.488632910571
97.44 0.23823541814
97.51 0.281927133895
97.58 0.461287027609
97.65 0.665274426524
97.72 0.480190615598
97.79 0.27732848871
97.86 0.288691429389
97.93 0.638888172364
98.0 0.670817590987
98.07 0.453179702281
98.14 0.236647504398
98.21 0.217340499113
98.28 0.652866710338
98.35 0.596482174486
98.42 0.39530164595
98.49 0.445736764541
98.56 0.350305224944
98.63 0.288233112242
98.7 0.171929803196
98.77 0.259020737501
98.84 0.604114476435
98.91 0.545248731399
98.98 0.385965900348
99.05 0.177407427272
99.12 0.525918820528
99.19 0.54219401513
99.26 0.368327665928
99.33 0.195179264008
99.4 0.340494074727
99.47 0.548704207073
99.54 0.554182664487
99.61 0.502869904472
99.68 0.425640962983
99.75 0.480670173449
99.82 0.496329836145
99.89 0.598069276418
99.96 0.433050263104
100.03 0.174275138793
100.1 0.269611055303
100.17 0.466544823539
100.24 0.587703551769
100.31 0.501434131905
100.38 0.298006502104
100.45 0.202965987374
100.52 0.625593016527
100.59 0.660891510072
100.66 0.39388866415
100.73 0.244340361057
100.8 0.217604111151
100.87 0.750308092919
100.94 0.614429879659
101.01 0.433034625231
101.08 0.356340228455
101.15 0.351773191813
101.22 0.670967538033
101.29 0.371924583037
101.36 0.266379786165
101.43 0.450476273476
101.5 0.60574135793
101.57 0.397245617546
101.64 0.373761443321
101.71 0.656275100163
101.78 0.493998337192
101.85 0.371928390917
101.92 0.430093566777
101.99 0.554409742406
102.06 0.556257563463
102.13 0.606682104311
102.2 0.599690441159
102.27 0.447563404995
102.34 0.519218531504
102.41 0.48910104568
102.48 0.737962390906
102.55 0.421561146597
102.62 0.134933625809
102.69 0.13975058137
102.76 0.582292634215
102.83 0.567119539637
102.9 0.461504092015
102.97 0.171687836422
103.04 0.19407546053
103.11 0.693329837272
103.18 0.570264386495
103.25 0.346200068441
103.32 0.199745492428
103.39 0.39347601196
103.46 0.730200922439
103.53 0.614557478172
103.6 0.499398803484
103.67 0.384264519858
103.74 0.269869643092
103.81 0.237323243865
103.88 0.14820406855
103.95 0.374815438473
104.02 0.483849275081
104.09 0.510002315657
104.16 0.229317331035
104.23 0.296611691382
104.3 0.648639082728
104.37 0.539033176073
104.44 0.369852404744
104.51 0.186159096119
104.58 0.445534959463
104.65 0.544442212561
104.72 0.6466426799
104.79 0.549399264017
104.86 0.422312532357
104.93 0.461304154547
105.0 0.508137920231
105.07 0.616784690552
105.14 0.384336857018
105.21 0.203319856482
105.28 0.163230446277
105.35 0.540270133353
105.42 0.635187179482
105.49 0.452222577979
105.56 0.284628432261
105.63 0.278353011141
105.7 0.664530856562
105.77 0.640628395023
105.84 0.329790574533
105.91 0.258662379669
105.98 0.410747871818
106.05 0.735773322808
106.12 0.596960000178
106.19 0.357855973677
106.26 0.355504031476
106.33 0.418376650245
106.4 0.330616087919
106.47 0.158751855608
106.54 0.34053724864
106.61 0.578753218336
106.68 0.525823515886
106.75 0.417020834186
106.82 0.420862138248
106.89 0.616161662191
106.96 0.511481249579
107.03 0.48050965763
107.1 0.349142191666
107.17 0.397255340422
107.24 0.524443700765
107.31 0.60027402724
107.38 0.611271860855
107.45 0.416826943577
107.52 0.420833562554
107.59 0.486155726347
107.66 0.648506587343
107.73 0.385151696679
107.8 0.160716447165
107.87 0.248409408633
107.94 0.499874085206
108.01 0.602866141264
108.08 0.458369252391
108.15 0.290120719141
108.22 0.218679505782
108.29 0.630187577547
108.36 0.515056517837
108.43 0.250592621835
108.5 0.205346184134
108.57 0.387799050528
108.64 0.640991030777
108.71 0.494021307364
108.78 0.412167583115
108.85 0.340872856071
108.92 0.420185442551
108.99 0.387024788783
109.06 0.228568749382
109.13 0.485787487763
109.2 0.421465338723
109.27 0.629279059555
109.34 0.424942934187
109.41 0.353147930658
109.48 0.570662753528
109.55 0.46726721828
109.62 0.58131966393
109.69 0.285726807828
109.76 0.372602151542
109.83 0.381454062267
109.9 0.562748792254
109.97 0.528995967856
110.04 0.364563834506
110.11 0.4605152596
110.18 0.595496524723
110.25 0.676954669002
110.32 0.52368132463
110.39 0.325608714142
110.46 0.28907488245
110.53 0.460269330657
110.6 0.675015947706
110.67 0.479941582045
110.74 0.378926461534
110.81 0.328297549213
110.88 0.576874565561
110.95 0.698562148662
111.02 0.396554833141
111.09 0.340106581456
111.16 0.228218870251
111.23 0.927783526505
111.3 0.756214444807
111.37 0.784747345758
111.44 0.236366464021
111.51 0.285600884961
111.58 0.454124264615
111.65 0.341058552337
111.72 0.168755923159
111.79 0.288437300721
111.86 0.405384178254
111.93 0.519785360222
112.0 0.390662603151
112.07 0.489755957074
112.14 0.575534695952
112.21 0.574340863249
112.28 0.363573765988
112.35 0.249941752444
112.42 0.529219105135
112.49 0.482564934139
112.56 0.448726936124
112.63 0.292447737444
112.7 0.248513493375
112.77 0.44526004309
112.84 0.746675830253
112.91 0.661673851339
112.98 0.488652815602
113.05 0.383391868596
113.12 0.363543313713
113.19 0.417065887371
113.26 0.48513078052
113.33 0.321547322692
113.4 0.244323932903
113.47 0.289292949732
113.54 0.485388182439
113.61 0.47429279085
113.68 0.319363098541
113.75 0.263900714596
113.82 0.285507074766
113.89 0.566606833047
113.96 0.464908204815
114.03 0.300255065523
114.1 0.263688702247
114.17 0.314187772589
114.24 0.33492307103
114.31 0.213045961357
114.38 0.144301849173
114.45 0.284454185648
114.52 0.389080713843
114.59 0.614752486477
114.66 0.520240500099
114.73 0.261049811849
114.8 0.286348350712
114.87 0.425502436885
114.94 0.297374368918
115.01 0.22741999498
115.08 0.388351725953
115.15 0.368850501747
115.22 0.427105105825
115.29 0.278046446756
115.36 0.16063354482
115.43 0.297741795693
115.5 0.417315893302
115.57 0.689650124564
115.64 0.485046683334
115.71 0.345036088799
115.78 0.341708614404
115.85 0.32613161365
115.92 0.66886940157
115.99 0.493821547507
116.06 0.381989113801
116.13 0.317762127673
116.2 0.414596286614
116.27 0.494652495084
116.34 0.326486909928
116.41 0.283876744203
116.48 0.326662907537
116.55 0.552826113763
116.62 0.576174056486
116.69 0.366495419055
116.76 0.189461741702
116.83 0.182098272488
116.9 0.649108065526
116.97 0.371130476363
117.04 0.225929960348
117.11 0.318480475926
117.18 0.323753262972
117.25 0.618142239667
117.32 0.383370521146
117.39 0.206592795219
117.46 0.388040640551
117.53 0.384260911118
117.6 0.532355088469
117.67 0.528687101699
117.74 0.578599506467
117.81 0.451994805761
117.88 0.420896902532
117.95 0.346807697539
118.02 0.29645721704
118.09 0.255004964363
118.16 0.39192699421
118.23 0.788092799267
118.3 0.547500086366
118.37 0.328491000278
118.44 0.281403714111
118.51 0.356184875924
118.58 0.829377576091
118.65 0.445023105049
118.72 0.206019634387
118.79 0.331282299164
118.86 0.520541405141
118.93 0.576298392512
119.0 0.333085572063
119.07 0.157022078829
119.14 0.221374137442
119.21 0.507725751539
119.28 0.498127151887
119.35 0.292264426373
119.42 0.181321716149
119.49 0.22952106831
119.56 0.453075450691
119.63 0.271296980914
119.7 0.158324708358
119.77 0.313115081599
119.84 0.346272955479
119.91 0.805459161823
119.98 0.671500822423
120.05 0.409630201198
120.12 0.286633975795
120.19 0.484205282702
120.26 0.758471036618
120.33 0.648564067044
120.4 0.476443862675
120.47 0.571404233418
120.54 0.437012926856
120.61 0.285842326975
120.68 0.194606743653
120.75 0.250951382431
120.82 0.344879677776
120.89 0.753868356605
120.96 0.529711660908
121.03 0.364510037101
121.1 0.378011920004
121.17 0.33217706035
121.24 0.604282394522
121.31 0.543838280112
121.38 0.299961842621
121.45 0.293040268679
121.52 0.440203526581
121.59 0.690881251168
121.66 0.378878763913
121.73 0.282711273701
121.8 0.297223598401
121.87 0.484722169437
121.94 0.695171597117
122.01 0.312182282877
122.08 0.202833849007
122.15 0.416243097359
122.22 0.649746693189
122.29 0.423925716248
122.36 0.332665333716
122.43 0.350705106159
122.5 0.295207830553
122.57 0.519438864677
122.64 0.409158557817
122.71 0.341287749931
122.78 0.266135391138
122.85 0.325550738385
122.92 0.585292199465
122.99 0.297167665175
123.06 0.266563090957
123.13 0.52862295619
123.2 0.568904890831
123.27 0.44061383125
123.34 0.301566977488
123.41 0.348482062264
123.48 0.247159961148
123.55 0.687665473688
123.62 0.430870376975
123.69 0.307831950933
123.76 0.401110116037
123.83 0.419211641619
123.9 0.579017306695
123.97 0.366981925278
124.04 0.401183561026
124.11 0.30039419801
124.18 0.452768784045
124.25 0.512024052324
124.32 0.362454190083
124.39 0.253350262471
124.46 0.345021961519
124.53 0.4514144122
124.6 0.459801709546
124.67 0.373224107956
124.74 0.309523588812
124.81 0.340619548183
124.88 0.66171946696
124.95 0.456659553768
125.02 0.339140238407
125.09 0.29470760161
125.16 0.311163639561
125.23 0.466595140479
125.3 0.308386914674
125.37 0.239531792699
125.44 0.265992871477
125.51 0.422618961291
125.58 0.547211962166
125.65 0.453581570411
125.72 0.371482250913
125.79 0.324985485743
125.86 0.423972342818
125.93 0.396747852736
126.0 0.261849952824
126.07 0.42746815152
126.14 0.406136429645
126.21 0.715196597226
126.28 0.54105170228
126.35 0.389399179984
126.42 0.427714807952
126.49 0.433526972894
126.56 0.604243491355
126.63 0.408757890806
126.7 0.197064113446
126.77 0.0984537206939
126.84 0.0782387822781
126.91 0.0620651158915
126.98 0.0375058421579
127.05 0.0273808042263
127.12 0.0268815530429
127.19 0.0161125052865
127.26 0.0160212238113
127.33 0.0138638082112
127.4 0.0139959151827
127.47 0.00955036202075
127.54 0.0113203336863
127.61 0.0114517634024
127.68 0.00630940229909
127.75 0.0101093623835
127.82 0.0177886281854
127.89 0.439689060024
127.96 0.447341997184
128.03 0.454382486418
128.1 0.302126500818
128.17 0.300539576497
128.24 0.358150604911
128.31 0.501776468833
128.38 0.351904844889
128.45 0.377133119622
128.52 0.374295460582
128.59 0.217391037619
128.66 0.0742152319159
128.73 0.0641819508838
128.8 0.0395154967671
128.87 0.503207562507
128.94 0.710884519002
129.01 0.714952059572
129.08 0.645579009413
129.15 0.571691555676
129.22 0.506148960933
129.29 0.483841842314
129.36 0.453099526898
129.43 0.441862733343
129.5 0.659080273367
129.57 0.426579946706
129.64 0.331762439186
129.71 0.258722951422
129.78 0.632516933503
129.85 0.391629202749
129.92 0.283105877706
129.99 0.434617002521
130.06 0.347455608534
130.13 0.230461976156
130.2 0.174863992217
130.27 0.171846315092
130.34 0.545407663068
130.41 0.372653272218
130.48 0.574947531631
130.55 0.334504458992
130.62 0.225044883467
130.69 0.159528546502
130.76 0.157142483185
130.83 0.318971013388
130.9 0.353611806682
130.97 0.205748218214
131.04 0.672691900356
131.11 0.588901761965
131.18 0.547219676599
131.25 0.479268113851
131.32 0.410368071451
131.39 0.351278524438
131.46 0.299894226514
131.53 0.274937307854
131.6 0.235712020875
131.67 0.201534434422
131.74 0.166544682347
131.81 0.118216708164
131.88 0.0595440724257
131.95 0.0377652668734
132.02 0.0219797423084
132.09 0.0209647714216
132.16 0.0157252120525
132.23 0.158057092889
132.3 0.195555906839
132.37 0.165150913969
132.44 0.12956664195
132.51 0.102196678296
132.58 0.411639938334
132.65 0.309030972041
132.72 0.197310655955
132.79 0.128039666846
132.86 0.0836025978378
132.93 0.307994537988
133.0 0.252803663507
133.07 0.167511019116
133.14 0.119774381329
133.21 0.0849903543396
133.28 0.198170259959
133.35 0.155406560873
133.42 0.129657987114
133.49 0.101480266725
133.56 0.130134989335
133.63 0.30893738431
133.7 0.218870088154
133.77 0.169447906889
133.84 0.155569649366
133.91 0.284439180179
133.98 0.771211372238
134.05 0.593189556769
134.12 0.726904114709
134.19 0.535619633724
134.26 0.273042531017
134.33 0.68562936575
134.4 0.581963780501
134.47 0.618985763563
134.54 0.5029332597
134.61 0.308186464107
134.68 0.554893682234
134.75 0.576986580023
134.82 0.605318384547
134.89 0.493555013852
134.96 0.389834517091
135.03 0.302596566328
135.1 0.635260717762
135.17 0.813759634125
135.24 0.610237351821
135.31 0.532829208542
135.38 0.504666425448
135.45 0.563424865414
135.52 0.359070153646
135.59 0.248634116606
135.66 0.317243716889
135.73 0.425576481985
135.8 0.63850041447
135.87 0.489762509857
135.94 0.541836898784
136.01 0.404556932708
136.08 0.424325973317
136.15 0.373879266033
136.22 0.260868211409
136.29 0.199978792127
136.36 0.171643460492
136.43 0.322963819044
136.5 0.744816758682
136.57 0.521420788591
136.64 0.295387297863
136.71 0.571286423264
136.78 0.509505243353
136.85 0.609008291071
136.92 0.335286621751
136.99 0.526135242662
137.06 0.589081453532
137.13 0.553576135144
137.2 0.562328923481
137.27 0.410929304514
137.34 0.419103295998
137.41 0.334179032819
137.48 0.506721544977
137.55 0.729213976473
137.62 0.575477613634
137.69 0.600536101773
137.76 0.590836562356
137.83 0.683974546347
137.9 0.705661559119
137.97 0.586213840067
138.04 0.496284533587
138.11 0.386406451874
138.18 0.530143787556
138.25 0.402438452568
138.32 0.325926015941
138.39 0.262121362718
138.46 0.184118430387
138.53 0.537901651767
138.6 0.397000997365
138.67 0.402443764763
138.74 0.373629313026
138.81 0.396622997331
138.88 0.506652225416
138.95 0.340831444816
139.02 0.3155417022
139.09 0.257793879848
139.16 0.389296445267
139.23 0.447875182902
139.3 0.278544617919
139.37 0.402455461996
139.44 0.435381840099
139.51 0.399393474425
139.58 0.666776525274
139.65 0.387490865214
139.72 0.378539729839
139.79 0.417069282618
139.86 0.564108607259
139.93 0.62637480971
140.0 0.549074080041
140.07 0.622928970798
140.14 0.542816464012
140.21 0.581310764524
140.28 0.384542105784
140.35 0.268428370852
140.42 0.477372702816
140.49 0.528524554114
140.56 0.716080076502
140.63 0.54908013318
140.7 0.315554647198
140.77 0.436343001919
140.84 0.379662683948
140.91 0.431271983173
140.98 0.327185768473
141.05 0.307647873801
141.12 0.276955708477
141.19 0.347192474612
141.26 0.571495775928
141.33 0.46289446963
141.4 0.481199483113
141.47 0.349822789431
141.54 0.402770475479
141.61 0.342534405868
141.68 0.251995384702
141.75 0.222498620085
141.82 0.196428550925
141.89 0.497250714274
141.96 0.724187763332
142.03 0.469904610643
142.1 0.340753042856
142.17 0.337866364875
142.24 0.550698878639
142.31 0.593500419708
142.38 0.350872593673
142.45 0.340556192955
142.52 0.193699543393
142.59 0.61454098005
142.66 0.465324007364
142.73 0.427309131942
142.8 0.541899156051
142.87 0.666525922819
142.94 0.751498893671
143.01 0.587440399906
143.08 0.274350179413
143.15 0.436742571866
143.22 0.52624026121
143.29 0.691015549577
143.36 0.592213215456
143.43 0.495262223225
143.5 0.427240575751
143.57 0.445181411491
143.64 0.404913769182
143.71 0.378336783742
143.78 0.388545078345
143.85 0.375156189457
143.92 0.502937415627
143.99 0.50386971291
144.06 0.41632998071
144.13 0.402572736625
144.2 0.357751351615
144.27 0.475635453801
144.34 0.358899744515
144.41 0.288046526125
144.48 0.227594372559
144.55 0.163233864847
144.62 0.389426361698
144.69 0.231267980997
144.76 0.221160788522
144.83 0.586822791383
144.9 0.686193239661
144.97 0.554818107703
145.04 0.383476806296
145.11 0.286573064965
145.18 0.755806317222
145.25 0.697393580726
145.32 0.450127070703
145.39 0.287173593196
145.46 0.23900244536
145.53 0.184403911945
145.6 0.675441801443
145.67 0.681180222686
145.74 0.489413982545
145.81 0.256841204801
145.88 0.228000052157
145.95 0.595251445265
146.02 0.467203060213
146.09 0.483382116835
146.16 0.381677297323
146.23 0.360439049256
146.3 0.476619297848
146.37 0.370501306954
146.44 0.312810629712
146.51 0.329636310096
146.58 0.455546468751
146.65 0.574098510753
146.72 0.387921155647
146.79 0.319939324514
146.86 0.308458598799
146.93 0.282965706461
147.0 0.386499024171
147.07 0.24462193068
147.14 0.196216327774
147.21 0.251367827251
147.28 0.307002739104
147.35 0.400598615052
147.42 0.287730926883
147.49 0.317469121852
147.56 0.79137059989
147.63 0.668531294124
147.7 0.54594272447
147.77 0.520841937916
147.84 0.387081833426
147.91 0.359104817463
147.98 0.508490924605
148.05 0.409853432665
148.12 0.329650104578
148.19 0.489616855983
148.26 0.528924062166
148.33 0.676630047462
148.4 0.659706879072
148.47 0.405735596684
148.54 0.395060409356
148.61 0.296633835392
148.68 0.490223421206
148.75 0.56501097344
148.82 0.343608966264
148.89 0.319733935813
148.96 0.320949699932
149.03 0.457512403157
149.1 0.364781292707
149.17 0.27750168311
149.24 0.273446740388
149.31 0.404736211643
149.38 0.472579222453
149.45 0.406220348321
149.52 0.419084480855
149.59 0.384493506651
149.66 0.412433795634
149.73 0.402770162417
149.8 0.265705742977
149.87 0.312844819002
149.94 0.204571588695
150.01 0.383669021257
150.08 0.247501062869
150.15 0.212433453329
150.22 0.690990300956
150.29 0.753818157176
150.36 0.704834806938
150.43 0.53285617497
150.5 0.309267711839
150.57 0.315046750468
150.64 0.247660717542
150.71 0.552380612442
150.78 0.536410207008
150.85 0.387221256551
150.92 0.232330767912
150.99 0.395333862677
151.06 0.552952961465
151.13 0.530408366589
151.2 0.40633451206
151.27 0.38586231525
151.34 0.394970285045
151.41 0.762107182514
151.48 0.573008280191
151.55 0.419532530629
151.62 0.381540081782
151.69 0.501490383576
151.76 0.3805361228
151.83 0.230528921287
151.9 0.292827039064
151.97 0.309740395772
152.04 0.537094915849
152.11 0.495795506718
152.18 0.508900369025
152.25 0.433821086543
152.32 0.356249859256
152.39 0.400430246658
152.46 0.250437784197
152.53 0.175952888002
152.6 0.661387805551
152.67 0.544007422641
152.74 0.632019994856
152.81 0.574443919999
152.88 0.387427959397
152.95 0.417016820887
153.02 0.396392161766
153.09 0.3271672942
153.16 0.353606604822
153.23 0.438405290489
153.3 0.691855068247
153.37 0.393317074012
153.44 0.498198028688
153.51 0.349417334987
153.58 0.459245579669
153.65 0.489680911789
153.72 0.533669838629
153.79 0.668838270245
153.86 0.440936547505
153.93 0.325267420456
154.0 0.340526339894
154.07 0.454932272518
154.14 0.535661548211
154.21 0.348127162472
154.28 0.320126359145
154.35 0.201198494194
154.42 0.4335120957
154.49 0.280204831145
154.56 0.221851305613
154.63 0.186598677959
154.7 0.189401808632
154.77 0.497127880768
154.84 0.419219779448
154.91 0.392715028011
154.98 0.258968126863
155.05 0.337253930403
155.12 0.729019593396
155.19 0.53797395484
155.26 0.31054583728
155.33 0.224916400485
155.4 0.413924747925
155.47 0.369817141712
155.54 0.244466010331
155.61 0.141987680783
155.68 0.0825579676478
155.75 0.157516939962
155.82 0.438570425998
155.89 0.324145985014
155.96 0.172665681152
156.03 0.162534703107
156.1 0.111042499105
156.17 0.345365376674
156.24 0.315998136487
156.31 0.223924092988
156.38 0.166185090206
156.45 0.0953281294185
156.52 0.269632199128
156.59 0.283706812291
156.66 0.11818525391
156.73 0.120402543376
156.8 0.138391315346
156.87 0.617923563304
156.94 0.628065512887
157.01 0.389306542204
157.08 0.302903256297
157.15 0.256183187001
157.22 0.527781519676
157.29 0.282833576167
157.36 0.238063728951
157.43 0.531614259821
157.5 0.42642469823
157.57 0.585531687754
157.64 0.39054907361
157.71 0.271024303521
157.78 0.189830506842
157.85 0.518387566885
157.92 0.533278213651
157.99 0.484206427308
158.06 0.421628748351
158.13 0.198139052387
158.2 0.623814767095
158.27 0.674718666654
158.34 0.375394226356
158.41 0.210781900899
158.48 0.335146072858
158.55 0.358496906699
158.62 0.698496579571
158.69 0.236762483535
158.76 0.39628562186
158.83 0.135720200147
158.9 0.505112527777
158.97 0.697847549983
159.04 0.568191860155
159.11 0.623660708974
159.18 0.629302103283
159.25 0.598097844039
159.32 0.196809796403
159.39 0.201534608446
159.46 0.417884661392
159.53 0.386309281416
159.6 0.457545070193
159.67 0.66606661984
159.74 0.582250480222
159.81 0.544029733498
159.88 0.411180976224
159.95 0.455967561068
160.02 0.352777697982
160.09 0.307399411654
160.16 0.386938569232
160.23 0.405270099732
160.3 0.446327961
160.37 0.421185271621
160.44 0.354126648196
160.51 0.379579303487
160.58 0.32691615353
160.65 0.58540134972
160.72 0.571537934407
160.79 0.361477543781
160.86 0.253813323994
160.93 0.239850904699
161.0 0.548049658077
161.07 0.427660621238
161.14 0.262259143386
161.21 0.188471849898
161.28 0.0822216704031
161.35 0.241684828116
161.42 0.202827990523
161.49 0.0962822755903
161.56 0.0817993437766
161.63 0.0530745256768
161.7 0.422562502407
161.77 0.491977751411
161.84 0.156334815256
161.91 0.198647269356
161.98 0.195812563329
162.05 0.376261196746
162.12 0.364864632802
162.19 0.317999814732
162.26 0.308258899043
162.33 0.165269151108
162.4 0.643544160901
162.47 0.772887658396
162.54 0.507185713432
162.61 0.412482709624
162.68 0.386193066176
162.75 0.465005712555
162.82 0.309253884167
162.89 0.204085094134
162.96 0.579257726098
163.03 0.525844598714
163.1 0.567161692733
163.17 0.495538634045
163.24 0.362408102626
163.31 0.281925470807
163.38 0.331581632614
163.45 0.590826480668
163.52 0.389762702
163.59 0.444872981289
163.66 0.221459640269
163.73 0.450944194195
163.8 0.698155136979
163.87 0.49697117552
163.94 0.172365148377
164.01 0.255803751725
164.08 0.0956399880576
164.15 0.466561664325
164.22 0.499984805258
164.29 0.0901691562708
164.36 0.335566519315
164.43 0.400701060029
164.5 0.443846380446
164.57 0.288613292948
164.64 0.468574447765
164.71 0.407770168911
164.78 0.25808240771
164.85 0.193961026786
164.92 0.228932526154
164.99 0.255392747374
165.06 0.354675990268
165.13 0.302741890097
165.2 0.44999879314
165.27 0.407367834327
165.34 0.288747563549
165.41 0.23771970023
165.48 0.395239021799
165.55 0.369399012276
165.62 0.284020371693
165.69 0.216981152758
165.76 0.330474374685
165.83 0.353966640094
165.9 0.435784202491
165.97 0.343265908126
166.04 0.332635890596
166.11 0.283321984984
166.18 0.566813385193
166.25 0.623473209684
166.32 0.424097101344
166.39 0.234966402102
166.46 0.170769752533
166.53 0.545600009893
166.6 0.363613598475
166.67 0.195781693936
166.74 0.733454569712
166.81 0.68987367627
166.88 0.362310219929
166.95 0.348750501205
167.02 0.151034597122
167.09 0.28936767119
167.16 0.26676793606
167.23 0.45807485528
167.3 0.541234773844
167.37 0.513215245077
167.44 0.478989167135
167.51 0.431059159015
167.58 0.395692800886
167.65 0.29924774538
167.72 0.209441653642
167.79 0.382734328912
167.86 0.431772417535
167.93 0.592149705939
168.0 0.559983473963
168.07 0.493144275919
168.14 0.442323261662
168.21 0.383949817643
168.28 0.470772510353
168.35 0.322921926086
168.42 0.212210307976
168.49 0.368145579299
168.56 0.56166731847
168.63 0.420603607869
168.7 0.366320644991
168.77 0.266117115109
168.84 0.295247416357
168.91 0.252181591377
168.98 0.616929990101
169.05 0.500096446557
169.12 0.327403427608
169.19 0.381735769135
169.26 0.341322593154
169.33 0.53580090047
169.4 0.415412087888
169.47 0.37639992288
169.54 0.546563673522
169.61 0.257598132394
169.68 0.432602102098
169.75 0.0893240545044
169.82 0.228216835793
169.89 0.0731777967801
169.96 0.233780942249
170.03 0.686215585502
170.1 0.407308777652
170.17 0.35552237568
170.24 0.310072204293
170.31 0.233345528895
170.38 0.341336515911
170.45 0.0887774393944
170.52 0.324746468394
170.59 0.347845006194
170.66 0.29991903021
170.73 0.517086373496
170.8 0.500949156907
170.87 0.337228963448
170.94 0.294504061681
171.01 0.386737357089
171.08 0.380614801044
171.15 0.266045996111
171.22 0.324318359531
171.29 0.304109468871
171.36 0.333970763763
171.43 0.295558612991
171.5 0.214974201788
171.57 0.230821951328
171.64 0.21465074728
171.71 0.59399344373
171.78 0.639828709738
171.85 0.44749866386
171.92 0.310360846077
171.99 0.230241753318
172.06 0.630916203039
172.13 0.479523261541
172.2 0.395131835136
172.27 0.562763385987
172.34 0.340001967467
172.41 0.5377718968
172.48 0.390066815708
172.55 0.22469333138
172.62 0.159166372717
172.69 0.174611911462
172.76 0.420514419158
172.83 0.459390123921
172.9 0.321781409981
172.97 0.135221767949
173.04 0.0843897274354
173.11 0.366588627344
173.18 0.412481726482
173.25 0.238540898019
173.32 0.120961906138
173.39 0.0795143359423
173.46 0.613215106755
173.53 0.769962807428
173.6 0.55340987297
173.67 0.406134211297
173.74 0.271160869614
173.81 0.480648126318
173.88 0.33943591109
173.95 0.313010378804
174.02 0.483522984173
174.09 0.462322997003
174.16 0.570899363257
174.23 0.480775154322
174.3 0.367163070028
174.37 0.225846619357
174.44 0.252105730694
174.51 0.619621836492
174.58 0.422084822033
174.65 0.463255487147
174.72 0.247333535887
174.79 0.418845779259
174.86 0.798290410277
174.93 0.520946196682
175.0 0.269007522928
175.07 0.343235687284
175.14 0.170898489373
175.21 0.519573242024
175.28 0.195035592563
175.35 0.29120680454
175.42 0.193310903721
175.49 0.125000444028
175.56 0.410444756501
175.63 0.362556243956
175.7 0.302835630323
175.77 0.207703005265
175.84 0.137673585145
175.91 0.136533640446
175.98 0.0492913947174
176.05 0.181006577081
176.12 0.247454633645
176.19 0.275505940494
176.26 0.707398830559
176.33 0.651544034047
176.4 0.581999842783
176.47 0.451637700179
176.54 0.362779099569
176.61 0.43388307829
176.68 0.277793591867
176.75 0.246410834999
176.82 0.389250909481
176.89 0.354185844807
176.96 0.409179794933
177.03 0.349259591878
177.1 0.336724322926
177.17 0.250374238799
177.24 0.531559179668
177.31 0.649748809275
177.38 0.412004844463
177.45 0.285328038029
177.52 0.288589402426
177.59 0.450864278052
177.66 0.600965124707
177.73 0.434544708418
177.8 0.707768046007
177.87 0.607515281
177.94 0.636197669719
178.01 0.653965938978
178.08 0.44735689501
178.15 0.685679371421
178.22 0.831575709544
178.29 0.533957202149
178.36 0.528190816985
178.43 0.456326991744
178.5 0.751236286304
178.57 0.890279769935
178.64 0.788134211419
178.71 0.513447027903
178.78 0.511421843961
178.85 0.310117539144
178.92 0.836466771204
178.99 0.675362955454
179.06 0.49621440401
179.13 0.453198152334
179.2 0.45959704026
179.27 0.641088667689
179.34 0.393283406792
179.41 0.250272749156
179.48 0.256242910167
179.55 0.327415148164
179.62 0.614882853215
179.69 0.462449655432
179.76 0.522258969794
179.83 0.521070001668
179.9 0.43701569867
179.97 0.45379003143
180.04 0.290407211648
180.11 0.221000034094
180.18 0.211138322946
180.25 0.43979057299
180.32 0.728443969328
180.39 0.472697783419
180.46 0.342591667592
180.53 0.290377307457
180.6 0.416951166578
180.67 0.744217550874
180.74 0.509236844779
180.81 0.302320576214
180.88 0.29555550838
180.95 0.517889923174
181.02 0.657233511699
181.09 0.635651163149
181.16 0.567075844551
181.23 0.311274582076
181.3 0.665488913772
181.37 0.696307715099
181.44 0.454699547814
181.51 0.474395318354
181.58 0.554398432688
181.65 0.663199070064
181.72 0.662227069466
181.79 0.544804101092
181.86 0.467055997109
181.93 0.389107287373
182.0 0.442005647697
182.07 0.328339619783
182.14 0.287859466378
182.21 0.277997190102
182.28 0.358452314586
182.35 0.508801130023
182.42 0.390609948558
182.49 0.393415991879
182.56 0.366055277471
182.63 0.430126223048
182.7 0.412037387708
182.77 0.309745068386
182.84 0.242188138347
182.91 0.182943509706
182.98 0.359513138806
183.05 0.276757121932
183.12 0.198195898786
183.19 0.367451936069
183.26 0.412956047489
183.33 0.465282954023
183.4 0.539732722638
183.47 0.345969660757
183.54 0.426918300834
183.61 0.476952972186
183.68 0.541874452822
183.75 0.575991677426
183.82 0.607424237237
183.89 0.571054605454
183.96 0.495326391159
184.03 0.534837546315
184.1 0.322924509524
184.17 0.24691435334
184.24 0.342806616808
184.31 0.44473494766
184.38 0.676000705824
184.45 0.502936987745
184.52 0.304689638176
184.59 0.295781884824
184.66 0.395689871195
184.73 0.419268402801
184.8 0.301707859179
184.87 0.2838161572
184.94 0.236111547764
185.01 0.434635728858
185.08 0.599804843507
185.15 0.515267175675
185.22 0.516563385182
185.29 0.388723244068
185.36 0.462169861923
185.43 0.373987033969
185.5 0.273062687216
185.57 0.274788470431
185.64 0.224623211671
185.71 0.600019920998
185.78 0.749462797395
185.85 0.447530626729
185.92 0.346605487004
185.99 0.331849050738
186.06 0.521883253591
186.13 0.564926152354
186.2 0.342624759817
186.27 0.367404081469
186.34 0.248154600019
186.41 0.630687268274
186.48 0.496858127683
186.55 0.457184590892
186.62 0.482201099958
186.69 0.693765254215
186.76 0.761375819296
186.83 0.51912786539
186.9 0.248371118135
186.97 0.442611968032
187.04 0.53351607832
187.11 0.687806344614
187.18 0.554779691621
187.25 0.524209544405
187.32 0.416817580409
187.39 0.461243927252
187.46 0.441806018806
187.53 0.329499300871
187.6 0.295734525382
187.67 0.311535061695
187.74 0.426145804439
187.81 0.389063478365
187.88 0.393105266185
187.95 0.392452382968
188.02 0.372020790088
188.09 0.468461268064
188.16 0.393449961397
188.23 0.292866588988
188.3 0.292557622364
188.37 0.258882387221
188.44 0.440291624507
188.51 0.263267614415
188.58 0.234710639051
188.65 0.679490931429
188.72 1.0
188.79 0.88673605012
188.86 0.750901786701
188.93 0.697524438139
189.0 0.637818817416
189.07 0.58147234332
189.14 0.401721720759
189.21 0.272110981855
189.28 0.209696203015
189.35 0.27689417242
189.42 0.585085049003
189.49 0.621418213047
189.56 0.418950179755
189.63 0.256302050265
189.7 0.287430264936
189.77 0.484659478009
189.84 0.468676338379
189.91 0.450269941102
189.98 0.421163828188
190.05 0.367641712912
190.12 0.434036422378
190.19 0.438260026822
190.26 0.332180526462
190.33 0.401009999742
190.4 0.548454124894
190.47 0.597799535891
190.54 0.432063650831
190.61 0.338823584261
190.68 0.306014709529
190.75 0.292485875448
190.82 0.43230672364
190.89 0.324554886733
190.96 0.285432486068
191.03 0.375741108521
191.1 0.277878617475
191.17 0.543845258983
191.24 0.371959402937
191.31 0.334822254157
191.38 0.980435239367
191.45 0.806715445552
191.52 0.765495879904
191.59 0.5969701016
191.66 0.424596616253
191.73 0.450392272272
191.8 0.322822832402
191.87 0.381142750815
191.94 0.286326526044
192.01 0.330054759771
192.08 0.372018003025
192.15 0.563441011901
192.22 0.77050606945
192.29 0.579097319716
192.36 0.309363610313
192.43 0.352483754768
192.5 0.433723262152
192.57 0.687483888497
192.64 0.48577746797
192.71 0.433758898347
192.78 0.335094488419
192.85 0.441571688423
192.92 0.349785399548
192.99 0.250253666699
193.06 0.343112414235
193.13 0.252326324901
193.2 0.448570949395
193.27 0.339615669036
193.34 0.348314006933
193.41 0.405992571618
193.48 0.324693045946
193.55 0.517632921329
193.62 0.355398380525
193.69 0.299260038239
193.76 0.273811502096
193.83 0.314830688938
193.9 0.408219130962
193.97 0.206051069804
194.04 0.38209911982
194.11 0.619412212926
194.18 0.699584887804
194.25 0.685208144261
194.32 0.469742568084
194.39 0.408090507147
194.46 0.253055798981
194.53 0.464368024081
194.6 0.521173731188
194.67 0.442202118155
194.74 0.313880354234
194.81 0.234130773839
194.88 0.528740147395
194.95 0.491544293575
195.02 0.392935186263
195.09 0.348434498301
195.16 0.347087126855
195.23 0.754085755602
195.3 0.647038840246
195.37 0.440984584202
195.44 0.395232919324
195.51 0.331774014423
195.58 0.469143868891
195.65 0.315718655143
195.72 0.224028556276
195.79 0.335258838131
195.86 0.419002452214
195.93 0.575836343732
196.0 0.46508042325
196.07 0.490674061595
196.14 0.401500145204
196.21 0.412840723894
196.28 0.428785662729
196.35 0.287099853983
196.42 0.248270894197
196.49 0.401947908827
196.56 0.466269063063
196.63 0.772245711733
196.7 0.507764399951
196.77 0.364909731735
196.84 0.386930565059
196.91 0.531920008809
196.98 0.427130219892
197.05 0.33211186801
197.12 0.402729458916
197.19 0.542274039813
197.26 0.535690846909
197.33 0.471539141088
197.4 0.439315189903
197.47 0.439342071114
197.54 0.48091237076
197.61 0.669175779373
197.68 0.633019048894
197.75 0.338241397543
197.82 0.36462269832
197.89 0.31905378387
197.96 0.621301562749
198.03 0.487849576295
198.1 0.395685355561
198.17 0.404224969898
198.24 0.285337371596
198.31 0.35985666878
198.38 0.339841413973
198.45 0.224237152746
198.52 0.334755145767
198.59 0.234424188704
198.66 0.537839302106
198.73 0.402761864916
198.8 0.368708394718
198.87 0.351414459921
198.94 0.256603119463
199.01 0.667890472334
199.08 0.534953225133
199.15 0.337037124341
199.22 0.344197073361
199.29 0.258914377
199.36 0.510476671648
199.43 0.325054226722
199.5 0.324517293225
199.57 0.381956955381
199.64 0.270533237709
199.71 0.538957018474
199.78 0.429250625052
199.85 0.402439785551
199.92 0.61310879918
199.99 0.429976914685
200.06 0.394029074901
200.13 0.314623237074
200.2 0.251027625248
200.27 0.209965655596
200.34 0.276014867011
200.41 0.63619916596
200.48 0.609465788335
200.55 0.469599203423
200.62 0.29618845517
200.69 0.141366188132
200.76 0.122825966076
200.83 0.129102079701
200.9 0.111162961768
200.97 0.0916985721855
201.04 0.0871325572576
201.11 0.0959844060885
201.18 0.0871412602142
201.25 0.0705086092927
201.32 0.060568006407
201.39 0.0521332123744
201.46 0.139362003594
201.53 0.168723506395
201.6 0.0864695851775
201.67 0.0576496221069
201.74 0.036226386426
201.81 0.0292921984895
201.88 0.0264303950692
201.95 0.0223436823395
202.02 0.0211752651042
202.09 0.0206171877822
202.16 0.021407238997
202.23 0.0211647887249
202.3 0.0208949719508
202.37 0.0204278029409
202.44 0.0194596496913
202.51 0.0178824213364
202.58 0.0142682606761
202.65 0.0100335393759
202.72 0.0
202.79 0.0
202.86 0.0
202.93 0.0
203.0 0.0
203.07 0.0
203.14 0.0
203.21 0.0
203.28 0.0
203.35 0.0
203.42 0.0
203.49 0.0
203.56 0.0
203.63 0.0
203.7 0.0
203.77 0.0
203.84 0.0
203.91 0.0
203.98 0.0
204.05 0.0
204.12 0.0
204.19 0.0
204.26 0.0
204.33 0.0
204.4 0.0
204.47 0.0
204.54 0.0
204.61 0.0
204.68 0.0
204.75 0.0
204.82 0.0
204.89 0.0
204.96 0.0
205.03 0.0
205.1 0.0
205.17 0.0
205.24 0.0
205.31 0.0
205.38 0.0
205.45 0.0
205.52 0.0
205.59 0.0
205.66 0.0
205.73 0.0
205.8 0.0
205.87 0.0
205.94 0.0
206.01 0.0
206.08 0.0
206.15 0.0
206.22 0.0
206.29 0.0
206.36 0.0
206.43 0.0
206.5 0.0
206.57 0.0
206.64 0.0
206.71 0.0
206.78 0.0
206.85 0.0
206.92 0.0
206.99 0.0
207.06 0.0
207.13 0.0
207.2 0.0
207.27 0.0
207.34 0.0
207.41 0.0
207.48 0.0
207.55 0.0
207.62 0.0
207.69 0.0
207.76 0.0
207.83 0.0
207.9 0.0
207.97 0.0
208.04 0.0
208.11 0.0
208.18 0.0
208.25 0.0
208.32 0.0
208.39 0.0
208.46 0.0
208.53 0.0
208.6 0.0
208.67 0.0
208.74 0.0
208.81 0.0
208.88 0.0
208.95 0.0
209.02 0.0
209.09 0.0
209.16 0.0
209.23 0.0
209.3 0.0
209.37 0.0
209.44 0.0
209.51 0.0
209.58 0.0
209.65 0.0
209.72 0.0
209.79 0.0
209.86 0.0
209.93 0.0
210.0 0.0
210.07 0.0
210.14 0.0
210.21 0.0
210.28 0.0
210.35 0.0
210.42 0.0
210.49 0.0
210.56 0.0
210.63 0.0
210.7 0.0
210.77 0.0
210.84 0.0
210.91 0.0
210.98 0.0
211.05 0.0
211.12 0.0
211.19 0.0
211.26 0.0
211.33 0.0
211.4 0.0
211.47 0.0
211.54 0.0
211.61 0.0
211.68 0.0
