0.0 0.0
0.07 0.0
0.14 0.0
0.21 0.0
0.28 0.0
0.35 0.0
0.42 0.0
0.49 0.0
0.56 0.0
0.63 0.0
0.7 0.0
0.77 0.0
0.84 0.0
0.91 0.0
0.98 0.0
1.05 0.0
1.12 0.0
1.19 0.0
1.26 0.0
1.33 0.0
1.4 0.0
1.47 0.0
1.54 0.0
1.61 0.0
1.68 0.0
1.75 0.0
1.82 0.0
1.89 0.0
1.96 0.0
2.03 0.0
2.1 0.0
2.17 0.0
2.24 0.0
2.31 0.0
2.38 0.0
2.45 0.0
2.52 0.0
2.59 0.0
2.66 0.0
2.73 0.0
2.8 0.0
2.87 0.0
2.94 0.0
3.01 0.0
3.08 0.0
3.15 0.0
3.22 0.0
3.29 0.0
3.36 0.0
3.43 0.0
3.5 0.0
3.57 0.0
3.64 0.0
3.71 0.0
3.78 0.0
3.85 0.0
3.92 0.0
3.99 0.00904008700298
4.06 0.393227146972
4.13 0.91521242321
4.2 0.648462737255
4.27 0.527323058011
4.34 0.513042043432
4.41 0.442616156888
4.48 0.291396098235
4.55 0.187312532896
4.62 0.164239052853
4.69 0.148134484787
4.76 0.106604588491
4.83 0.238874548064
4.9 0.260505172814
4.97 0.904129309474
5.04 0.848007740632
5.11 0.803549313494
5.18 0.590167776173
5.25 0.542818605378
5.32 0.454807723035
5.39 0.189758215437
5.46 0.151197688327
5.53 0.109945390545
5.6 0.0498149733205
5.67 0.0234232516884
5.74 0.0180315355188
5.81 0.503937216586
5.88 0.916011113541
5.95 0.707959462781
6.02 0.635423531357
6.09 0.542525166108
6.16 0.501704030335
6.23 0.339911700191
6.3 0.25296117199
6.37 0.218293399309
6.44 0.196619136708
6.51 0.149948053778
6.58 0.296873824009
6.65 0.338686807105
6.72 0.856097188867
6.79 0.683375216767
6.86 0.555922551118
6.93 0.519620146333
7.0 0.578600290793
7.07 0.490672878032
7.14 0.337778210145
7.21 0.290995576449
7.28 0.243647696357
7.35 0.187414165155
7.42 0.17044986119
7.49 0.210708605997
7.56 0.533106448945
7.63 0.669438418441
7.7 0.546048280562
7.77 0.499308610285
7.84 0.411185112403
7.91 0.368277338889
7.98 0.274783793888
8.05 0.267336334091
8.12 0.251733045434
8.19 0.20271115784
8.26 0.117316565751
8.33 0.150587984248
8.4 0.217583459929
8.47 0.923700037753
8.54 0.858146681419
8.61 0.65365468745
8.68 0.521019634442
8.75 0.506083855253
8.82 0.360802395164
8.89 0.259468253774
8.96 0.166870281263
9.03 0.115634730144
9.1 0.0630274846565
9.17 0.245598196217
9.24 0.28283149447
9.31 0.64825288836
9.38 0.763845995001
9.45 0.684286965549
9.52 0.387888459246
9.59 0.199311756291
9.66 0.183467362245
9.73 0.629788309583
9.8 0.647451982359
9.87 0.623029131299
9.94 0.506699179595
10.01 0.161971224528
10.08 0.151263789336
10.15 0.562833036961
10.22 0.823586024809
10.29 0.767680315467
10.36 0.624323602688
10.43 0.244941000073
10.5 0.0606965930609
10.57 0.0352063012949
10.64 0.0189761480223
10.71 0.0130474791493
10.78 0.0110612053337
10.85 0.0094909730605
10.92 0.0106970827229
10.99 0.0166436458437
11.06 0.905640895277
11.13 0.860366608322
11.2 0.799966915047
11.27 0.626984670503
11.34 0.532190643507
11.41 0.433933797139
11.48 0.415098922968
11.55 0.341316445065
11.62 0.206540286413
11.69 0.205841700524
11.76 0.204029490463
11.83 0.182205539834
11.9 0.535503305097
11.97 0.759836531466
12.04 0.660036149356
12.11 0.57889077509
12.18 0.440065842377
12.25 0.398925886112
12.32 0.405119634573
12.39 0.207267618971
12.46 0.175090978588
12.53 0.174520400492
12.6 0.15147623977
12.67 0.176329567222
12.74 0.216283304524
12.81 0.854948522212
12.88 0.743784042271
12.95 0.653286673716
13.02 0.557141221091
13.09 0.445162297305
13.16 0.39399146366
13.23 0.332377849395
13.3 0.265077282325
13.37 0.203795949222
13.44 0.160892855346
13.51 0.163901073135
13.58 0.159281206484
13.65 0.524961009464
13.72 0.656138121385
13.79 0.463517697571
13.86 0.42802719549
13.93 0.468466089594
14.0 0.474111256718
14.07 0.435039937693
14.14 0.147111108066
14.21 0.0621786302582
14.28 0.0231235781209
14.35 0.017540948591
14.42 0.015924029544
14.49 0.0636485265678
14.56 0.738618097399
14.63 0.829474759053
14.7 0.648063250045
14.77 0.553916450355
14.84 0.403075652675
14.91 0.286359187901
14.98 0.251494918506
15.05 0.237320143124
15.12 0.226242950517
15.19 0.218152208224
15.26 0.199432330795
15.33 0.188806888816
15.4 0.362396675454
15.47 0.609008086062
15.54 0.532684956026
15.61 0.473091311433
15.68 0.467886441902
15.75 0.214743532401
15.82 0.215424461156
15.89 0.180108127964
15.96 0.164307178276
16.03 0.18519121058
16.1 0.179696531183
16.17 0.185550800071
16.24 0.194990376521
16.31 0.583044734761
16.38 0.837302811909
16.45 0.707354304126
16.52 0.569000337189
16.59 0.371533522703
16.66 0.190664446854
16.73 0.19429164635
16.8 0.185731488466
16.87 0.185862870653
16.94 0.189657703875
17.01 0.201858365343
17.08 0.197963935459
17.15 0.409698943613
17.22 0.584938146165
17.29 0.687626744212
17.36 0.577812568085
17.43 0.454130452765
17.5 0.209515413433
17.57 0.200424550565
17.64 0.164807336987
17.71 0.18055652321
17.78 0.177877374364
17.85 0.186764014194
17.92 0.187337139025
17.99 0.201523349545
18.06 0.614480823502
18.13 0.68105964696
18.2 0.548136610533
18.27 0.459425219669
18.34 0.322855920706
18.41 0.224633490483
18.48 0.193257445169
18.55 0.163420170956
18.62 0.16920730314
18.69 0.18380894005
18.76 0.19975101036
18.83 0.197523447728
18.9 0.422990358974
18.97 0.723103115664
19.04 0.651693346354
19.11 0.54334284566
19.18 0.413408221325
19.25 0.197899238118
19.32 0.203262310517
19.39 0.193389489485
19.46 0.197010649295
19.53 0.198578316939
19.6 0.190492253165
19.67 0.196825585483
19.74 0.178951170162
19.81 0.619400710443
19.88 0.657728309229
19.95 0.60511305221
20.02 0.392662209271
20.09 0.106227061132
20.16 0.0548248952051
20.23 0.103563440991
20.3 0.200121944395
20.37 0.218954073864
20.44 0.170445910788
20.51 0.273171647312
20.58 0.541169297954
20.65 0.72500111723
20.72 0.703117400551
20.79 0.52769145314
20.86 0.385762144123
20.93 0.214729492368
21.0 0.473743502467
21.07 0.343471191451
21.14 0.243417276739
21.21 0.173886684187
21.28 0.106631069159
21.35 0.071324114258
21.42 0.0768400063745
21.49 0.262617965751
21.56 0.684220773944
21.63 0.741881855427
21.7 0.683582607286
21.77 0.533567517466
21.84 0.239200341037
21.91 0.234205530671
21.98 0.250667922179
22.05 0.22075633522
22.12 0.204796754294
22.19 0.197422234892
22.26 0.168787571797
22.33 0.165717093791
22.4 0.666257310162
22.47 0.573197676346
22.54 0.381310605762
22.61 0.193045971152
22.68 0.17479095718
22.75 0.141082083097
22.82 0.205250373869
22.89 0.236795910671
22.96 0.213044719684
23.03 0.182634464921
23.1 0.164954291499
23.17 0.167629142101
23.24 0.575847666929
23.31 0.654689655895
23.38 0.605732303466
23.45 0.359913998717
23.52 0.19835001904
23.59 0.184137426276
23.66 0.234722351088
23.73 0.252135771706
23.8 0.214179002938
23.87 0.19871238455
23.94 0.18886643341
24.01 0.183320171739
24.08 0.453500843447
24.15 0.704820673688
24.22 0.50794540955
24.29 0.387746757025
24.36 0.207043386676
24.43 0.200769773432
24.5 0.145159459547
24.57 0.237493248358
24.64 0.217396801192
24.71 0.196542857709
24.78 0.178260611463
24.85 0.184740888226
24.92 0.5251441965
24.99 0.722912778311
25.06 0.574890356545
25.13 0.220482504799
25.2 0.147287106757
25.27 0.0462819000955
25.34 0.0383324048099
25.41 0.715008743967
25.48 0.568661500731
25.55 0.178031790125
25.62 0.122762851603
25.69 0.0956527775315
25.76 0.0595985479234
25.83 0.547795165825
25.9 0.596510824556
25.97 0.182606435185
26.04 0.0490349668702
26.11 0.0391272990865
26.18 0.0243887816382
26.25 0.307318768849
26.32 0.699607537616
26.39 0.424701194022
26.46 0.104237406211
26.53 0.0449606024339
26.6 0.0277265593753
26.67 0.243173066504
26.74 0.734546869125
26.81 0.564191252764
26.88 0.0960520499972
26.95 0.0418053865133
27.02 0.04465217244
27.09 0.0404743627202
27.16 0.0420384468166
27.23 0.0360246552783
27.3 0.0239571834302
27.37 0.0304412417078
27.44 0.03434051788
27.51 0.0301027206554
27.58 0.0299568230891
27.65 0.0302425035986
27.72 0.034523586359
27.79 0.0338240732664
27.86 0.0235027093518
27.93 0.011815710887
28.0 0.0136997316979
28.07 0.0102852152747
28.14 0.00865478858148
28.21 0.00722138539761
28.28 0.00695739295364
28.35 0.0125805935158
28.42 0.795577893029
28.49 0.731499510815
28.56 0.548764873225
28.63 0.311708833272
28.7 0.281939788499
28.77 0.254104264238
28.84 0.258578577809
28.91 0.246445311409
28.98 0.258944526865
29.05 0.248224506757
29.12 0.23605771227
29.19 0.234910130522
29.26 0.495166901112
29.33 0.649112973219
29.4 0.572234681946
29.47 0.336692747687
29.54 0.241692057172
29.61 0.241009252759
29.68 0.263599045656
29.75 0.232731299209
29.82 0.231335551231
29.89 0.238403244512
29.96 0.233782204596
30.03 0.231715691314
30.1 0.442818807371
30.17 0.867295760151
30.24 0.765389366329
30.31 0.442312054217
30.38 0.228065287119
30.45 0.233901294904
30.52 0.247206788326
30.59 0.238639444334
30.66 0.233866469402
30.73 0.216577832055
30.8 0.227932573964
30.87 0.224279636457
30.94 0.240726415376
31.01 0.675358616095
31.08 0.614486446003
31.15 0.502319517972
31.22 0.268268582015
31.29 0.254143345481
31.36 0.243540551207
31.43 0.241972091693
31.5 0.233068460214
31.57 0.215082598144
31.64 0.220036953797
31.71 0.206159377949
31.78 0.242982588225
31.85 0.612583442682
31.92 0.747778208624
31.99 0.685031743852
32.06 0.497652878426
32.13 0.266489252452
32.2 0.236903989736
32.27 0.225820910672
32.34 0.194837071391
32.41 0.178452030368
32.48 0.193820104566
32.55 0.207528139714
32.62 0.212918409714
32.69 0.478279778743
32.76 0.6419522341
32.83 0.540566003773
32.9 0.416615217488
32.97 0.174784909664
33.04 0.181938548797
33.11 0.207323035328
33.18 0.215478505162
33.25 0.202183119266
33.32 0.205722256783
33.39 0.202027346813
33.46 0.176145517853
33.53 0.41326761184
33.6 0.648063169516
33.67 0.530825663256
33.74 0.413877333814
33.81 0.341010303441
33.88 0.203613030617
33.95 0.225540702789
34.02 0.205428532307
34.09 0.172052324136
34.16 0.165538662449
34.23 0.157918022481
34.3 0.150765505164
34.37 0.142113745373
34.44 0.594742081221
34.51 0.645731218738
34.58 0.595716454837
34.65 0.53069430232
34.72 0.252098151172
34.79 0.118128230223
34.86 0.140765446959
34.93 0.0407802784151
35.0 0.0121028957257
35.07 0.012899509076
35.14 0.0130943169153
35.21 0.0163327440523
35.28 0.415251848939
35.35 0.6668761241
35.42 0.572527457968
35.49 0.466380810783
35.56 0.371726715485
35.63 0.226834682056
35.7 0.256919733274
35.77 0.404225715168
35.84 0.395483393639
35.91 0.251105507505
35.98 0.17022463682
36.05 0.171386635523
36.12 0.178432655278
36.19 0.628532833315
36.26 0.464523300838
36.33 0.366934878838
36.4 0.253573977559
36.47 0.195285815597
36.54 0.176993948355
36.61 0.284376686652
36.68 0.257206005449
36.75 0.190182266274
36.82 0.162219044035
36.89 0.1604772377
36.96 0.139164363074
37.03 0.737945755065
37.1 0.699318340667
37.17 0.605024551794
37.24 0.491612622996
37.31 0.198841800483
37.38 0.126233149002
37.45 0.351251703029
37.52 0.35547461802
37.59 0.242501550712
37.66 0.174616193269
37.73 0.185801339673
37.8 0.154376161513
37.87 0.702705880944
37.94 0.790428569596
38.01 0.730578003466
38.08 0.688477605128
38.15 0.263792487855
38.22 0.199449604297
38.29 0.414962039074
38.36 0.438268800875
38.43 0.306264506963
38.5 0.238051273974
38.57 0.213437386522
38.64 0.199436707331
38.71 0.618260884099
38.78 0.62904626256
38.85 0.526517718433
38.92 0.397157298243
38.99 0.333888455426
39.06 0.290534967615
39.13 0.297118710912
39.2 0.422697589663
39.27 0.283517988684
39.34 0.215855069526
39.41 0.172737126119
39.48 0.155974548789
39.55 0.456466809158
39.62 0.722472102679
39.69 0.637321125803
39.76 0.531726576394
39.83 0.332949526938
39.9 0.164507426306
39.97 0.197048443191
40.04 0.34173295636
40.11 0.268338622242
40.18 0.195368721474
40.25 0.167003839974
40.32 0.155684799321
40.39 0.304566171828
40.46 0.863975841989
40.53 0.688543193882
40.6 0.482792892823
40.67 0.168292848803
40.74 0.146194631552
40.81 0.19671574708
40.88 0.672711792991
40.95 0.581774495935
41.02 0.347505369605
41.09 0.095852804107
41.16 0.0666171284899
41.23 0.0889967794559
41.3 0.738395624442
41.37 0.54365108216
41.44 0.585137549758
41.51 0.356218769985
41.58 0.203980916847
41.65 0.232674344969
41.72 0.184869401563
41.79 0.097030601063
41.86 0.107284601227
41.93 0.22193006881
42.0 0.182923012045
42.07 0.30877973649
42.14 0.930561801225
42.21 0.937093634538
42.28 0.63057370813
42.35 0.48797973501
42.42 0.447148828366
42.49 0.434518350399
42.56 0.908115585088
42.63 0.841891066396
42.7 0.555096150931
42.77 0.417492228009
42.84 0.393796167053
42.91 0.370832709959
42.98 0.694333266499
43.05 0.814350710544
43.12 0.651589520794
43.19 0.477744354975
43.26 0.438989231414
43.33 0.435992346984
43.4 0.774183442376
43.47 0.832481627979
43.54 0.630183721123
43.61 0.435397985945
43.68 0.392695764201
43.75 0.393304174221
43.82 0.777992634392
43.89 0.893299028185
43.96 0.678134792498
44.03 0.472522206349
44.1 0.427236121874
44.17 0.386334513994
44.24 0.701390753828
44.31 0.815912410083
44.38 0.613813720036
44.45 0.441353865841
44.52 0.326382339092
44.59 0.357737676111
44.66 0.560918048219
44.73 0.797741828686
44.8 0.620059017218
44.87 0.415111277481
44.94 0.371777244171
45.01 0.383644124621
45.08 0.606485910895
45.15 0.873097522915
45.22 0.5953935419
45.29 0.473127757584
45.36 0.397320358584
45.43 0.352591654373
45.5 0.489681485922
45.57 0.841816153037
45.64 0.753032650557
45.71 0.424770107959
45.78 0.341217934428
45.85 0.323190533858
45.92 0.419998276095
45.99 0.858291895606
46.06 0.54853057143
46.13 0.294844627039
46.2 0.238971987215
46.27 0.231769391952
46.34 0.395731817114
46.41 0.754134372073
46.48 0.648234767065
46.55 0.347265186946
46.62 0.349221075548
46.69 0.28868186776
46.76 0.51664227573
46.83 0.767850816925
46.9 0.63518750266
46.97 0.335747100607
47.04 0.383590101865
47.11 0.333365428673
47.18 0.458409010041
47.25 0.833407426861
47.32 0.61353292608
47.39 0.407173001472
47.46 0.406968172228
47.53 0.335916993623
47.6 0.515476144316
47.67 0.771218944085
47.74 0.589854084941
47.81 0.373313488669
47.88 0.38496343366
47.95 0.299892071032
48.02 0.369669109621
48.09 0.792416421559
48.16 0.57212355955
48.23 0.307812027779
48.3 0.267851897358
48.37 0.240362577972
48.44 0.39500568802
48.51 0.773600619375
48.58 0.313815950023
48.65 0.254310895322
48.72 0.168475200349
48.79 0.387399385596
48.86 0.262285267404
48.93 0.798435097414
49.0 0.667021700668
49.07 0.491678946579
49.14 0.351220392849
49.21 0.307829575304
49.28 0.446315170489
49.35 0.761669998985
49.42 0.730457812593
49.49 0.523017936181
49.56 0.414680289953
49.63 0.338473904814
49.7 0.301073725558
49.77 0.799911739159
49.84 0.741430677451
49.91 0.439223267015
49.98 0.32759692221
50.05 0.264604163512
50.12 0.250571339768
50.19 0.761533467406
50.26 0.64023685251
50.33 0.37359733043
50.4 0.335561020114
50.47 0.307925671184
50.54 0.282839787854
50.61 0.783175801318
50.68 0.737521748966
50.75 0.532791009559
50.82 0.462069978094
50.89 0.453479779482
50.96 0.41825075219
51.03 0.908273291359
51.1 0.751333766258
51.17 0.538309024514
51.24 0.483344337418
51.31 0.469981701854
51.38 0.433843549688
51.45 0.792524176271
51.52 0.762263597234
51.59 0.601123610234
51.66 0.490965674187
51.73 0.487159503131
51.8 0.401465897366
51.87 0.682473971447
51.94 0.635589788258
52.01 0.402841403448
52.08 0.38807548372
52.15 0.365725931642
52.22 0.361241469161
52.29 0.679748557487
52.36 0.632177704486
52.43 0.588273373812
52.5 0.533368637312
52.57 0.48575399435
52.64 0.510525154109
52.71 0.53250649896
52.78 0.498040962932
52.85 0.494589197304
52.92 0.491563516992
52.99 0.477958141969
53.06 0.448202450494
53.13 0.466567363266
53.2 0.447625181767
53.27 0.444737011687
53.34 0.401046455704
53.41 0.398779253718
53.48 0.453945460534
53.55 0.346045398513
53.62 0.410701669082
53.69 0.356330501942
53.76 0.347384632924
53.83 0.310014620783
53.9 0.280513394706
53.97 0.590331799508
54.04 0.816978157439
54.11 0.676045153928
54.18 0.606069002546
54.25 0.589983687658
54.32 0.576802999875
54.39 0.492193523364
54.46 0.508528292948
54.53 0.598497895834
54.6 0.542104932576
54.67 0.504810785603
54.74 0.581946663899
54.81 0.540296247902
54.88 0.479084387967
54.95 0.743096174589
55.02 0.729858355849
55.09 0.701576467466
55.16 0.645645620727
55.23 0.562984608477
55.3 0.525954915873
55.37 0.801418378011
55.44 0.720975510956
55.51 0.529834136931
55.58 0.221600105098
55.65 0.208571327725
55.72 0.340612012983
55.79 1.0
55.86 0.963709038183
55.93 0.887889601195
56.0 0.769818712199
56.07 0.751095313857
56.14 0.687206422321
56.21 0.944572228917
56.28 0.905167864822
56.35 0.700818925293
56.42 0.738445452971
56.49 0.650468772029
56.56 0.659099317981
56.63 0.799587477358
56.7 0.710666800184
56.77 0.526675900049
56.84 0.423491678648
56.91 0.448496277869
56.98 0.487225370383
57.05 0.884528963246
57.12 0.838161049072
57.19 0.455210878795
57.26 0.376008388793
57.33 0.356325699273
57.4 0.309679478599
57.47 0.784457571471
57.54 0.643342454646
57.61 0.316774764298
57.68 0.309714279494
57.75 0.29983405761
57.82 0.326299188272
57.89 0.777176365219
57.96 0.696586153311
58.03 0.429763246227
58.1 0.333340489243
58.17 0.322807665851
58.24 0.294155747149
58.31 0.809187428725
58.38 0.707996799226
58.45 0.34113058379
58.52 0.295957102552
58.59 0.280362609468
58.66 0.268266871889
58.73 0.855635997315
58.8 0.714815314071
58.87 0.476424758492
58.94 0.377266277579
59.01 0.317329033005
59.08 0.277462200076
59.15 0.661679179979
59.22 0.473510108862
59.29 0.380329624282
59.36 0.261366183759
59.43 0.245369458763
59.5 0.236976292608
59.57 0.698872033586
59.64 0.54135249953
59.71 0.352663891256
59.78 0.189946878455
59.85 0.192590687308
59.92 0.170909810132
59.99 0.664708694373
60.06 0.578017640035
60.13 0.342461872658
60.2 0.187476016015
60.27 0.175006615358
60.34 0.183368428831
60.41 0.721375724047
60.48 0.61412870309
60.55 0.4207728088
60.62 0.1823132979
60.69 0.176138248979
60.76 0.182406457822
60.83 0.747261601833
60.9 0.517265837532
60.97 0.38972143017
61.04 0.200929997358
61.11 0.225444851852
61.18 0.24053075527
61.25 0.699603961898
61.32 0.571485328021
61.39 0.399504248693
61.46 0.2061121353
61.53 0.215115644174
61.6 0.166008040012
61.67 0.725228246338
61.74 0.516488506439
61.81 0.35194425818
61.88 0.178956100336
61.95 0.153433141697
62.02 0.162960454654
62.09 0.677129556086
62.16 0.517568633841
62.23 0.257248232921
62.3 0.134657071699
62.37 0.0550307098131
62.44 0.0507441644922
62.51 0.649615141805
62.58 0.535645028569
62.65 0.457709105488
62.72 0.326871927234
62.79 0.308506964132
62.86 0.313273426268
62.93 0.638435292429
63.0 0.613520681176
63.07 0.525434297165
63.14 0.313377880403
63.21 0.249348303326
63.28 0.275489605031
63.35 0.523858625819
63.42 0.634530335596
63.49 0.441512914265
63.56 0.278515493376
63.63 0.262454275717
63.7 0.245858256154
63.77 0.587332226299
63.84 0.679982800003
63.91 0.505168644836
63.98 0.248800155953
64.05 0.270442959618
64.12 0.258007305148
64.19 0.499663395989
64.26 0.882322178252
64.33 0.792808673449
64.4 0.451873524955
64.47 0.25701100076
64.54 0.251043815467
64.61 0.589575062626
64.68 0.65802038845
64.75 0.625143406196
64.82 0.222631557103
64.89 0.185577327714
64.96 0.17485643968
65.03 0.462394798007
65.1 0.787891127446
65.17 0.628191305841
65.24 0.194993136881
65.31 0.216691917252
65.38 0.16586201606
65.45 0.440668370413
65.52 0.770462802224
65.59 0.686249251744
65.66 0.179608849481
65.73 0.182803067234
65.8 0.153167284779
65.87 0.263377105086
65.94 0.716033151909
66.01 0.650577287293
66.08 0.397637274337
66.15 0.109489995973
66.22 0.187367449301
66.29 0.443148881811
66.36 0.711350832666
66.43 0.582894557965
66.5 0.315754791051
66.57 0.124696781472
66.64 0.179033750567
66.71 0.237836235423
66.78 0.698317348812
66.85 0.632663172221
66.92 0.375091369826
66.99 0.16995958855
67.06 0.206907696179
67.13 0.255646836986
67.2 0.770255654411
67.27 0.759407332355
67.34 0.449399209827
67.41 0.21163760703
67.48 0.24671816206
67.55 0.306842747631
67.62 0.709680446738
67.69 0.73994498177
67.76 0.59388263724
67.83 0.460081626179
67.9 0.155847930125
67.97 0.10031801341
68.04 0.0343715831175
68.11 0.0249607153089
68.18 0.0274893316886
68.25 0.0243099648527
68.32 0.0179139707912
68.39 0.0170431397646
68.46 0.605983574541
68.53 0.865141250878
68.6 0.755995961043
68.67 0.241252529079
68.74 0.116820697453
68.81 0.0459106909196
68.88 0.613853624466
68.95 0.646308372263
69.02 0.688828090351
69.09 0.551467486251
69.16 0.129995244888
69.23 0.0891058472398
69.3 0.0278618640031
69.37 0.0288625538739
69.44 0.0224664580326
69.51 0.0250327273815
69.58 0.0263105683828
69.65 0.0259808943522
69.72 0.0820291872619
69.79 0.776008776451
69.86 0.767778016338
69.93 0.507651384207
70.0 0.116852550087
70.07 0.590248950673
70.14 0.798651169423
70.21 0.493140795566
70.28 0.393691506003
70.35 0.358478667307
70.42 0.294825976712
70.49 0.514772035469
70.56 0.49877077288
70.63 0.38623658272
70.7 0.332376182889
70.77 0.262910097541
70.84 0.281234611523
70.91 0.273012199598
70.98 0.2632868252
71.05 0.522811314045
71.12 0.847216557407
71.19 0.787524942394
71.26 0.561642785949
71.33 0.34690079255
71.4 0.264111925737
71.47 0.276051143731
71.54 0.246714859246
71.61 0.22520118407
71.68 0.220498772805
71.75 0.21182987932
71.82 0.20415247525
71.89 0.355944302041
71.96 0.683961782137
72.03 0.598952442612
72.1 0.51613192337
72.17 0.328044266103
72.24 0.230024081481
72.31 0.254399051252
72.38 0.22564306764
72.45 0.235723583412
72.52 0.226194361243
72.59 0.205479284684
72.66 0.203207886234
72.73 0.209060820798
72.8 0.819933182371
72.87 0.710202462403
72.94 0.60028992104
73.01 0.375875312138
73.08 0.212917849366
73.15 0.249293056975
73.22 0.213137189515
73.29 0.209345978987
73.36 0.204786588608
73.43 0.201112586017
73.5 0.226229758277
73.57 0.227273798554
73.64 0.657310944548
73.71 0.699388854003
73.78 0.585465975587
73.85 0.371258500003
73.92 0.250483554049
73.99 0.239112805853
74.06 0.252089219147
74.13 0.237713227148
74.2 0.224802803017
74.27 0.234840349778
74.34 0.228194535284
74.41 0.225750087523
74.48 0.641650254267
74.55 0.87638875816
74.62 0.747428133875
74.69 0.438192669513
74.76 0.223567693914
74.83 0.223771438252
74.9 0.281606000771
74.97 0.229501048018
75.04 0.217304666898
75.11 0.219213997349
75.18 0.209226700778
75.25 0.228802898328
75.32 0.515071354485
75.39 0.596723421508
75.46 0.54341090062
75.53 0.29159616843
75.6 0.238992366682
75.67 0.232759268548
75.74 0.248216942609
75.81 0.229888054328
75.88 0.228159345165
75.95 0.204487397097
76.02 0.234438214053
76.09 0.22541621591
76.16 0.408401355075
76.23 0.729208475555
76.3 0.562179050799
76.37 0.512256395467
76.44 0.360488884005
76.51 0.0778186525094
76.58 0.153918068096
76.65 0.214602968772
76.72 0.185559535246
76.79 0.150891174255
76.86 0.0743192359946
76.93 0.417881890663
77.0 0.513506163113
77.07 0.728321658374
77.14 0.588929094707
77.21 0.521705391591
77.28 0.374291550968
77.35 0.30777550781
77.42 0.364909607664
77.49 0.22301903093
77.56 0.1870858892
77.63 0.104914458382
77.7 0.120223492411
77.77 0.0900018604023
77.84 0.166288052164
77.91 0.892182674969
77.98 0.785577428823
78.05 0.705052794485
78.12 0.524656186505
78.19 0.264243564051
78.26 0.321723495214
78.33 0.36928304841
78.4 0.387361456367
78.47 0.352993582064
78.54 0.293640509354
78.61 0.265306453742
78.68 0.233166437344
78.75 0.677463231968
78.82 0.635862068493
78.89 0.513859945557
78.96 0.395143716099
79.03 0.278323591297
79.1 0.270867315795
79.17 0.408648065069
79.24 0.369323091529
79.31 0.287335248155
79.38 0.24590434567
79.45 0.271377338209
79.52 0.261510082636
79.59 0.701903527655
79.66 0.859821215716
79.73 0.795599675045
79.8 0.712178309931
79.87 0.346677944908
79.94 0.260356524954
80.01 0.343696283842
80.08 0.387893372643
80.15 0.312335334389
80.22 0.257399842464
80.29 0.256296631158
80.36 0.246307069704
80.43 0.549513842399
80.5 0.718847910722
80.57 0.547939642947
80.64 0.43209804796
80.71 0.321370979985
80.78 0.233847022732
80.85 0.360334134943
80.92 0.419769102441
80.99 0.334828746198
81.06 0.248716148392
81.13 0.188478953991
81.2 0.204134378561
81.27 0.546815012006
81.34 0.743773605918
81.41 0.678085208912
81.48 0.267975159523
81.55 0.117512080457
81.62 0.0591254548348
81.69 0.0704967846299
81.76 0.654100490105
81.83 0.541194946488
81.9 0.303078858853
81.97 0.123394732514
82.04 0.069339940911
82.11 0.250994860455
82.18 0.645306466626
82.25 0.494392696115
82.32 0.138722793792
82.39 0.0480328845162
82.46 0.049367602584
82.53 0.45340036432
82.6 0.638279628467
82.67 0.329833290481
82.74 0.0631200406096
82.81 0.0449556733789
82.88 0.0266983307726
82.95 0.50444612725
83.02 0.724233073832
83.09 0.645891271539
83.16 0.196950507443
83.23 0.135419104491
83.3 0.318506341194
83.37 0.194541985748
83.44 0.417225530009
83.51 0.246269830566
83.58 0.205699017413
83.65 0.167246884774
83.72 0.330597309658
83.79 0.209220289763
83.86 0.159754087066
83.93 0.1124029187
84.0 0.0918596063416
84.07 0.0777940038792
84.14 0.068653008261
84.21 0.0724111414421
84.28 0.0467523927637
84.35 0.019166411557
84.42 0.0169886707433
84.49 0.0127352128362
84.56 0.0124823356517
84.63 0.598791997232
84.7 0.561972424189
84.77 0.585083133305
84.84 0.449846826625
84.91 0.301073897801
84.98 0.283536543942
85.05 0.235846106274
85.12 0.224828169699
85.19 0.20986139238
85.26 0.208352940503
85.33 0.214000705811
85.4 0.217939425608
85.47 0.482946531254
85.54 0.601499141141
85.61 0.534326130005
85.68 0.483799530666
85.75 0.244534743941
85.82 0.219996267563
85.89 0.211352162516
85.96 0.199622482484
86.03 0.19302383011
86.1 0.1830492303
86.17 0.175843832176
86.24 0.175622934011
86.31 0.195588872507
86.38 0.704248765742
86.45 0.547928435974
86.52 0.388212280374
86.59 0.226309904912
86.66 0.194345976683
86.73 0.202763670674
86.8 0.169766375635
86.87 0.172106720458
86.94 0.175363945559
87.01 0.185151921303
87.08 0.194093637477
87.15 0.197975406389
87.22 0.669367735099
87.29 0.548753304989
87.36 0.450153008514
87.43 0.371050666574
87.5 0.196187138091
87.57 0.205575517016
87.64 0.183349705804
87.71 0.177654021179
87.78 0.175037034125
87.85 0.16898138868
87.92 0.181916392097
87.99 0.174863158272
88.06 0.759801291016
88.13 0.706660299451
88.2 0.60350879749
88.27 0.397509785511
88.34 0.205816332724
88.41 0.209436424405
88.48 0.20180705038
88.55 0.187084402766
88.62 0.150094047532
88.69 0.179138530174
88.76 0.192862749443
88.83 0.198872965264
88.9 0.481530629738
88.97 0.575638581943
89.04 0.578457767622
89.11 0.527257596761
89.18 0.338738519121
89.25 0.188554727446
89.32 0.177263469349
89.39 0.163647371646
89.46 0.172260977397
89.53 0.192972171779
89.6 0.147243709375
89.67 0.175399926429
89.74 0.476457170355
89.81 0.504056546244
89.88 0.397393313519
89.95 0.35571636876
90.02 0.306946096727
90.09 0.211350705162
90.16 0.202739086915
90.23 0.149680269753
90.3 0.139827613444
90.37 0.136014072853
90.44 0.138244238143
90.51 0.140449477424
90.58 0.472682270334
90.65 0.611829512017
90.72 0.572361214489
90.79 0.507181549194
90.86 0.364502301297
90.93 0.162322732024
91.0 0.0944615713539
91.07 0.0197083089738
91.14 0.0134328525077
91.21 0.0135032204434
91.28 0.0210450805349
91.35 0.0335051744832
91.42 0.398671119848
91.49 0.532777768107
91.56 0.491493591967
91.63 0.379768462503
91.7 0.326009960006
91.77 0.186365164506
91.84 0.224372008982
91.91 0.274184003843
91.98 0.222228748066
92.05 0.182068405405
92.12 0.166539345609
92.19 0.183672558345
92.26 0.204065783384
92.33 0.693870992277
92.4 0.447492083862
92.47 0.343088152319
92.54 0.290709234929
92.61 0.23096317662
92.68 0.16658810489
92.75 0.281990703053
92.82 0.192511841442
92.89 0.128491280275
92.96 0.11463085378
93.03 0.129569617022
93.1 0.137948929926
93.17 0.768262871156
93.24 0.634818663502
93.31 0.568968808909
93.38 0.348139424803
93.45 0.127341253572
93.52 0.177263066703
93.59 0.244494714243
93.66 0.185650366534
93.73 0.133696653113
93.8 0.123653110287
93.87 0.12468317652
93.94 0.131447344256
94.01 0.897835397293
94.08 0.889263400506
94.15 0.783627872944
94.22 0.229170485929
94.29 0.176728709946
94.36 0.21779740127
94.43 0.381676950753
94.5 0.275577566349
94.57 0.173100179482
94.64 0.137138453259
94.71 0.146189557097
94.78 0.126345649341
94.85 0.692722061666
94.92 0.555663522402
94.99 0.370458288565
95.06 0.327593756967
95.13 0.261249443337
95.2 0.223982391067
95.27 0.331350726949
95.34 0.268719151548
95.41 0.173207324632
95.48 0.137563545383
95.55 0.117993450153
95.62 0.0394696195489
95.69 0.609221980427
95.76 0.62730857887
95.83 0.509070628801
95.9 0.428793076904
95.97 0.317028904224
96.04 0.128840433412
96.11 0.204218588562
96.18 0.225355187119
96.25 0.16885647455
96.32 0.109170948435
96.39 0.118033831047
96.46 0.110759479839
96.53 0.481787420416
96.6 0.638895806194
96.67 0.571026461748
96.74 0.225206207076
96.81 0.126770026768
96.88 0.0951856659691
96.95 0.21199608589
97.02 0.642541122512
97.09 0.493691158609
97.16 0.241135028104
97.23 0.0797138389104
97.3 0.0460963352129
97.37 0.427171002873
97.44 0.816120892219
97.51 0.651079219883
97.58 0.467332560182
97.65 0.277064160154
97.72 0.199442620631
97.79 0.2069115023
97.86 0.0872119616082
97.93 0.0894023410244
98.0 0.159324169904
98.07 0.177260033439
98.14 0.19127799508
98.21 0.405626514113
98.28 0.901483296136
98.35 0.785658058633
98.42 0.588796721564
98.49 0.519757251682
98.56 0.444956676191
98.63 0.432476839179
98.7 0.726510822901
98.77 0.664466780337
98.84 0.402599488294
98.91 0.375624596938
98.98 0.362065672693
99.05 0.418121367573
99.12 0.800140043768
99.19 0.759105995637
99.26 0.503384228516
99.33 0.424478747908
99.4 0.42144540838
99.47 0.483486160433
99.54 0.747506354522
99.61 0.578828197231
99.68 0.36497923406
99.75 0.358755784884
99.82 0.355830140789
99.89 0.361890003948
99.96 0.791239162583
100.03 0.660841604135
100.1 0.471759383924
100.17 0.418836533519
100.24 0.366457233616
100.31 0.348616901138
100.38 0.696922668964
100.45 0.593243776017
100.52 0.377034856939
100.59 0.354087317774
100.66 0.333799181036
100.73 0.325725347626
100.8 0.693329114993
100.87 0.762359941412
100.94 0.502219105953
101.01 0.398807629058
101.08 0.36490687191
101.15 0.326831012834
101.22 0.750413088807
101.29 0.633520300989
101.36 0.414678714042
101.43 0.393524586974
101.5 0.332526454754
101.57 0.257761939543
101.64 0.643488366753
101.71 0.705974305189
101.78 0.467317316685
101.85 0.279019668479
101.92 0.222827548274
101.99 0.185404058067
102.06 0.554339999004
102.13 0.64599311295
102.2 0.424118182001
102.27 0.241872673985
102.34 0.213687699077
102.41 0.201091511987
102.48 0.598481432097
102.55 0.659317064325
102.62 0.405900269598
102.69 0.312187450437
102.76 0.254896643097
102.83 0.239433867739
102.9 0.596628908249
102.97 0.72709687266
103.04 0.442177696925
103.11 0.19136575172
103.18 0.209007379642
103.25 0.196322731282
103.32 0.800651569393
103.39 0.76234300904
103.46 0.566621377521
103.53 0.412789852535
103.6 0.328010119508
103.67 0.284688720326
103.74 0.654313197785
103.81 0.616586333025
103.88 0.424269895562
103.95 0.263468830023
104.02 0.217088210139
104.09 0.179999490787
104.16 0.683021965591
104.23 0.607256155423
104.3 0.407041367631
104.37 0.292515155888
104.44 0.250128345567
104.51 0.208761978247
104.58 0.702242597871
104.65 0.530832517182
104.72 0.239923056591
104.79 0.145820704517
104.86 0.319614739919
104.93 0.3095234489
105.0 0.62876940894
105.07 0.685571978118
105.14 0.658306619242
105.21 0.635848650324
105.28 0.423101442224
105.35 0.311101329206
105.42 0.581911067778
105.49 0.648064144813
105.56 0.602177082488
105.63 0.400340764237
105.7 0.352821478971
105.77 0.274558346945
105.84 0.680797172267
105.91 0.743978704711
105.98 0.650431695067
106.05 0.354006079521
106.12 0.283542522113
106.19 0.238821344022
106.26 0.603555810854
106.33 0.667132258241
106.4 0.594239785131
106.47 0.393822777463
106.54 0.339304633443
106.61 0.295596391245
106.68 0.3746428001
106.75 0.63813224223
106.82 0.511122514859
106.89 0.307124080685
106.96 0.334920231785
107.03 0.433918949577
107.1 0.562596180604
107.17 0.794714654111
107.24 0.696775372204
107.31 0.492059317064
107.38 0.376154600647
107.45 0.348614751457
107.52 0.531286070767
107.59 0.616212162166
107.66 0.431230576789
107.73 0.366602862751
107.8 0.316893572753
107.87 0.30543734063
107.94 0.504652335556
108.01 0.822987929231
108.08 0.551172738383
108.15 0.378799788561
108.22 0.524925715328
108.29 0.627266388307
108.36 0.603980024986
108.43 0.518608407192
108.5 0.444573325009
108.57 0.361078116902
108.64 0.37982324693
108.71 0.3387569726
108.78 0.295955081494
108.85 0.300772721023
108.92 0.333734539617
108.99 0.334570788967
109.06 0.332402274333
109.13 0.333959591744
109.2 0.347265604132
109.27 0.344606685998
109.34 0.354301309446
109.41 0.333184421516
109.48 0.365107159086
109.55 0.370021961507
109.62 0.326650923934
109.69 0.319291909748
109.76 0.277073727464
109.83 0.257368196746
109.9 0.235611704937
109.97 0.262668922807
110.04 0.689739008117
110.11 0.670463806154
110.18 0.499766986672
110.25 0.514762326115
110.32 0.488615259865
110.39 0.459944958148
110.46 0.455008998931
110.53 0.465940802871
110.6 0.460791564441
110.67 0.60843748224
110.74 0.6346092262
110.81 0.582643982572
110.88 0.518622478542
110.95 0.583412209397
111.02 0.582906309628
111.09 0.518925111556
111.16 0.482351427557
111.23 0.439970503694
111.3 0.602159748589
111.37 0.640444109932
111.44 0.614725339077
111.51 0.559016105199
111.58 0.485342988116
111.65 0.439401216301
111.72 0.569963446791
111.79 0.995117201206
111.86 0.924644661442
111.93 0.781490119326
112.0 0.744177386897
112.07 0.659605670727
112.14 0.748524601984
112.21 0.748409515764
112.28 0.645258142426
112.35 0.553056937029
112.42 0.509832955748
112.49 0.492551091797
112.56 0.679764432914
112.63 0.815929349165
112.7 0.592866899603
112.77 0.414791637159
112.84 0.379268809335
112.91 0.481872830525
112.98 0.530616757224
113.05 0.696453539699
113.12 0.484677433718
113.19 0.351250633781
113.26 0.348375178359
113.33 0.326864300453
113.4 0.475885462614
113.47 0.748462896524
113.54 0.537000858696
113.61 0.363326187624
113.68 0.331918174475
113.75 0.29237305885
113.82 0.520304168749
113.89 0.612724842919
113.96 0.505214298153
114.03 0.285791639713
114.1 0.309470394731
114.17 0.312998359948
114.24 0.577367921918
114.31 0.645219488435
114.38 0.392870077372
114.45 0.306993846039
114.52 0.292666059683
114.59 0.2655651033
114.66 0.527737289884
114.73 0.698684606467
114.8 0.542494179163
114.87 0.375464464726
114.94 0.355102584539
115.01 0.328817274347
115.08 0.536119487298
115.15 0.53717531503
115.22 0.362607013116
115.29 0.246594514026
115.36 0.185515608833
115.43 0.170319000205
115.5 0.427385948591
115.57 0.494248531044
115.64 0.348111341381
115.71 0.257871373064
115.78 0.169542217158
115.85 0.163611549596
115.92 0.447472731141
115.99 0.587293344142
116.06 0.424609917588
116.13 0.206401855689
116.2 0.148536885587
116.27 0.178281639637
116.34 0.456196168585
116.41 0.5805608691
116.48 0.446860396444
116.55 0.234729675885
116.62 0.169483832407
116.69 0.145175849466
116.76 0.460046423757
116.83 0.606782633964
116.9 0.455690224078
116.97 0.281210176519
117.04 0.216440536568
117.11 0.187580617786
117.18 0.503105565227
117.25 0.521547447088
117.32 0.377684495646
117.39 0.209081444089
117.46 0.197303780988
117.53 0.206097971118
117.6 0.609849238742
117.67 0.459583066866
117.74 0.385178541555
117.81 0.33944463113
117.88 0.197616614361
117.95 0.194966422454
118.02 0.497008043506
118.09 0.503305495615
118.16 0.405204342289
118.23 0.361067468041
118.3 0.207698256422
118.37 0.0746399276698
118.44 0.417890590048
118.51 0.500747227731
118.58 0.397131308579
118.65 0.347984166842
118.72 0.272019475402
118.79 0.258907625501
118.86 0.420665821352
118.93 0.581393215023
119.0 0.458427240946
119.07 0.428392164775
119.14 0.357151829911
119.21 0.305792272852
119.28 0.355233587568
119.35 0.653128603945
119.42 0.507436391513
119.49 0.395763358816
119.56 0.312964954891
119.63 0.278013168207
119.7 0.222107361559
119.77 0.61224707131
119.84 0.460154668354
119.91 0.400000014093
119.98 0.310140556068
120.05 0.198877688522
120.12 0.226523015237
120.19 0.634877264116
120.26 0.69650468913
120.33 0.530825055932
120.4 0.283369765839
120.47 0.231741064706
120.54 0.19698539446
120.61 0.587495517043
120.68 0.515843877317
120.75 0.409255411432
120.82 0.251483480011
120.89 0.208202688771
120.96 0.180430958135
121.03 0.603388377333
121.1 0.598063045143
121.17 0.547556961723
121.24 0.309079502889
121.31 0.161516186746
121.38 0.158577356002
121.45 0.64950884221
121.52 0.650507262725
121.59 0.500192514996
121.66 0.310932484187
121.73 0.0867517587756
121.8 0.0644680918438
121.87 0.549534439966
121.94 0.590641304342
122.01 0.505637550409
122.08 0.328566742574
122.15 0.209801662121
122.22 0.258259752844
122.29 0.56630821644
122.36 0.609788468315
122.43 0.54556900015
122.5 0.376514512254
122.57 0.191505398211
122.64 0.229914726253
122.71 0.569620077212
122.78 0.590746522386
122.85 0.507803174941
122.92 0.226235126887
122.99 0.182569679221
123.06 0.312248786805
123.13 0.545947482674
123.2 0.650488866288
123.27 0.526716786488
123.34 0.231909252069
123.41 0.184769599105
123.48 0.374010041197
123.55 0.612178230073
123.62 0.585724713504
123.69 0.444257646273
123.76 0.399165956925
123.83 0.218097286226
123.9 0.0476628486053
123.97 0.0382643308364
124.04 0.0145333627318
124.11 0.015054592119
124.18 0.0192532432298
124.25 0.018488824762
124.32 0.0194269692091
124.39 0.316966008722
124.46 0.518107239629
124.53 0.408322177026
124.6 0.29037031906
124.67 0.0603398466964
124.74 0.0696439720002
124.81 0.119180311112
124.88 0.661809381072
124.95 0.47270129982
125.02 0.427576452595
125.09 0.225752506753
125.16 0.0683550526486
125.23 0.038972441534
125.3 0.0260435560958
125.37 0.016215471243
125.44 0.0223140957653
125.51 0.0245095798347
125.58 0.0279726866513
125.65 0.0411696950078
125.72 0.383905934949
125.79 0.50766974709
125.86 0.551737273438
125.93 0.568123156663
126.0 0.599788038781
126.07 0.847681775416
126.14 0.572722677401
126.21 0.51532782752
126.28 0.415686112438
126.35 0.364514301259
126.42 0.378701728664
126.49 0.463940269804
126.56 0.376840059166
126.63 0.347182296728
126.7 0.33445330365
126.77 0.319645738049
126.84 0.279778088644
126.91 0.273109073926
126.98 0.49271054734
127.05 0.679920851837
127.12 0.761918122713
127.19 0.647921093729
127.26 0.531984021371
127.33 0.184777606163
127.4 0.232213473297
127.47 0.321373291843
127.54 0.28094938399
127.61 0.223642728066
127.68 0.163288266448
127.75 0.323255138367
127.82 0.293257803524
127.89 0.653512601597
127.96 0.611694717407
128.03 0.531671637619
128.1 0.397759125005
128.17 0.231932485847
128.24 0.226701740735
128.31 0.33393288962
128.38 0.297904102749
128.45 0.245507666914
128.52 0.171882717447
128.59 0.169089359255
128.66 0.141717219846
128.73 0.567794433323
128.8 0.630555615915
128.87 0.515334758619
128.94 0.412660382915
129.01 0.251775440676
129.08 0.227795312031
129.15 0.249609282638
129.22 0.259900315025
129.29 0.25455803145
129.36 0.2055015756
129.43 0.267937419313
129.5 0.290107961806
129.57 0.493040336572
129.64 0.580632797288
129.71 0.654913769634
129.78 0.531851142683
129.85 0.238920447442
129.92 0.195584476958
129.99 0.199012915976
130.06 0.179298232897
130.13 0.157046953222
130.2 0.136354571344
130.27 0.145351287808
130.34 0.12102129804
130.41 0.163604823175
130.48 0.751182089607
130.55 0.648987221362
130.62 0.539180427074
130.69 0.286429779529
130.76 0.218641277401
130.83 0.243378503072
130.9 0.250834435207
130.97 0.193704464709
131.04 0.172003398205
131.11 0.172511914053
131.18 0.186461233543
131.25 0.201287325322
131.32 0.728535900581
131.39 0.588389154596
131.46 0.504832687295
131.53 0.388304258083
131.6 0.211114946014
131.67 0.183350148714
131.74 0.213155174359
131.81 0.247014725189
131.88 0.249763737545
131.95 0.239513035721
132.02 0.209760946807
132.09 0.246637827523
132.16 0.548831222532
132.23 0.747626827246
132.3 0.593075455557
132.37 0.329695091277
132.44 0.207021924539
132.51 0.191605950038
132.58 0.195654483631
132.65 0.170128093556
132.72 0.149104010996
132.79 0.153397636172
132.86 0.151553439261
132.93 0.146098523369
133.0 0.442616144585
133.07 0.535465380342
133.14 0.414430708871
133.21 0.151631993209
133.28 0.144230823132
133.35 0.0801115276362
133.42 0.09981159132
133.49 0.0189020656796
133.56 0.0136281636541
133.63 0.0119342911766
133.7 0.0270993010611
133.77 0.0664540893997
133.84 0.505562817122
133.91 0.812907549911
133.98 0.684845164526
134.05 0.317942865321
134.12 0.32212675611
134.19 0.421670952629
134.26 0.430177403164
134.33 0.492760633115
134.4 0.425095324925
134.47 0.313963965953
134.54 0.389182700233
134.61 0.393844599744
134.68 0.580795349848
134.75 0.638823543586
134.82 0.499982954664
134.89 0.317773783189
134.96 0.298218015436
135.03 0.420411524841
135.1 0.452160113654
135.17 0.582501098138
135.24 0.506301542318
135.31 0.41642861803
135.38 0.37815544129
135.45 0.434116827591
135.52 0.570841924731
135.59 0.709766898135
135.66 0.646211569516
135.73 0.354801496119
135.8 0.218281491061
135.87 0.224574540909
135.94 0.312800295152
136.01 0.394939978472
136.08 0.321918449572
136.15 0.265243922858
136.22 0.218860532548
136.29 0.290075853044
136.36 0.481943130235
136.43 0.599351433226
136.5 0.479035890405
136.57 0.420158021319
136.64 0.395425830956
136.71 0.334949302807
136.78 0.337579482102
136.85 0.395235017139
136.92 0.330697222844
136.99 0.259243501395
137.06 0.208223013433
137.13 0.182302577458
137.2 0.346529356326
137.27 0.733395745213
137.34 0.585178168884
137.41 0.263290414339
137.48 0.246464778213
137.55 0.244292072707
137.62 0.235766389128
137.69 0.768180830968
137.76 0.714290517913
137.83 0.471662458146
137.9 0.378136918468
137.97 0.363971748424
138.04 0.342311356969
138.11 0.577792831733
138.18 0.459970858335
138.25 0.45722814403
138.32 0.43199647498
138.39 0.432537278542
138.46 0.620831573604
138.53 0.648850940318
138.6 0.494202090332
138.67 0.357417980984
138.74 0.329386961031
138.81 0.320040108303
138.88 0.538519702188
138.95 0.654363850619
139.02 0.525805802733
139.09 0.231076694758
139.16 0.176465105608
139.23 0.216006413995
139.3 0.205097251048
139.37 0.235333540481
139.44 0.230938022445
139.51 0.225283141493
139.58 0.218303337948
139.65 0.331096714528
139.72 0.322969511544
139.79 0.271007635599
139.86 0.227920436432
139.93 0.214708414982
140.0 0.198170346207
140.07 0.177301042908
140.14 0.403032048378
140.21 0.686736122028
140.28 0.512193325486
140.35 0.115166570584
140.42 0.0697265199697
140.49 0.0169480583279
140.56 0.430699927728
140.63 0.66380236565
140.7 0.547856083889
140.77 0.453240094538
140.84 0.426468316708
140.91 0.370543423534
140.98 0.350121880195
141.05 0.378520323336
141.12 0.357482626876
141.19 0.301579576115
141.26 0.213684203889
141.33 0.292704613013
141.4 0.515475474358
141.47 0.732127704162
141.54 0.659861096882
141.61 0.400104823898
141.68 0.299689539106
141.75 0.309613398841
141.82 0.35927835195
141.89 0.382942900284
141.96 0.362664054596
142.03 0.321012910482
142.1 0.26165373769
142.17 0.209172946453
142.24 0.288784089448
142.31 0.825539721228
142.38 0.642116325661
142.45 0.518057474852
142.52 0.225787730426
142.59 0.261044159997
142.66 0.247334709997
142.73 0.3408983422
142.8 0.335869674919
142.87 0.311890490254
142.94 0.253611780402
143.01 0.329870736535
143.08 0.314343689968
143.15 0.630382498378
143.22 0.593649351007
143.29 0.549280320172
143.36 0.292843037026
143.43 0.227463968138
143.5 0.238917215091
143.57 0.231079657559
143.64 0.198368381923
143.71 0.171301440158
143.78 0.174737720702
143.85 0.162364845414
143.92 0.226665916448
143.99 0.686458936225
144.06 0.53959700324
144.13 0.432792067176
144.2 0.359778171768
144.27 0.400182947238
144.34 0.307517682557
144.41 0.352338871139
144.48 0.338687453575
144.55 0.303872425517
144.62 0.292080931535
144.69 0.228185097715
144.76 0.257194845451
144.83 0.714517366288
144.9 0.648404896076
144.97 0.605856082359
145.04 0.531250315825
145.11 0.333003592195
145.18 0.27350802092
145.25 0.316291672173
145.32 0.29816453066
145.39 0.301803487412
145.46 0.302604718886
145.53 0.334121752843
145.6 0.28641870006
145.67 0.610972455949
145.74 0.607523768324
145.81 0.509966819799
145.88 0.423442754953
145.95 0.302514074381
146.02 0.300228387599
146.09 0.247673591194
146.16 0.173860030158
146.23 0.149650012044
146.3 0.139917202122
146.37 0.15506013919
146.44 0.197445383666
146.51 0.615295278533
146.58 0.635834026454
146.65 0.583718947161
146.72 0.510114408477
146.79 0.303186450269
146.86 0.191344051351
146.93 0.19460185917
147.0 0.175976424537
147.07 0.17100372837
147.14 0.167965365836
147.21 0.142015024466
147.28 0.178868349288
147.35 0.624027775505
147.42 0.692196331594
147.49 0.564783989798
147.56 0.487186576584
147.63 0.333892138516
147.7 0.260704557394
147.77 0.329656943949
147.84 0.348037223248
147.91 0.288119912993
147.98 0.272781331477
148.05 0.29502435915
148.12 0.278115482727
148.19 0.591679208746
148.26 0.611586656238
148.33 0.518327336976
148.4 0.473112629288
148.47 0.369000774731
148.54 0.257074408517
148.61 0.240630046591
148.68 0.230254053715
148.75 0.215610142358
148.82 0.218046887282
148.89 0.212973647118
148.96 0.191654826757
149.03 0.612061981773
149.1 0.583737336886
149.17 0.567839424511
149.24 0.472659714344
149.31 0.428264215143
149.38 0.194927557074
149.45 0.248385450971
149.52 0.199764226088
149.59 0.231889151099
149.66 0.173760783574
149.73 0.221608707177
149.8 0.314624723274
149.87 0.566429832231
149.94 0.744108162028
150.01 0.77508237472
150.08 0.742225364813
150.15 0.592251519338
150.22 0.214413300259
150.29 0.243698523671
150.36 0.15272303231
150.43 0.170265669777
150.5 0.107841171725
150.57 0.131712083831
150.64 0.117469451458
150.71 0.41540158618
150.78 0.549333535399
150.85 0.448120789464
150.92 0.386562382404
150.99 0.308301872049
151.06 0.260167094672
151.13 0.212990709231
151.2 0.205492357249
151.27 0.194005024097
151.34 0.165524592217
151.41 0.161399980948
151.48 0.167948045358
151.55 0.415510760218
151.62 0.69212307132
151.69 0.623222196577
151.76 0.567330169361
151.83 0.461474346485
151.9 0.409323450734
151.97 0.289668234627
152.04 0.22392972053
152.11 0.226389374879
152.18 0.173588382971
152.25 0.203041027601
152.32 0.177949644801
152.39 0.254075444869
152.46 0.784874692328
152.53 0.583410519404
152.6 0.531101148999
152.67 0.22497255287
152.74 0.199062236724
152.81 0.338237716177
152.88 0.619552251761
152.95 0.586730736194
153.02 0.518712812115
153.09 0.198198970964
153.16 0.160039653492
153.23 0.423496585334
153.3 0.760953783924
153.37 0.747917593395
153.44 0.673461179351
153.51 0.55868622649
153.58 0.330513208147
153.65 0.0374905374336
153.72 0.028701891512
153.79 0.0208081168049
153.86 0.0154129311711
153.93 0.0116389404585
154.0 0.0104459671134
154.07 0.0914764072702
154.14 0.727804824536
154.21 0.718193127098
154.28 0.595830087058
154.35 0.450182901605
154.42 0.359759937508
154.49 0.317439474258
154.56 0.29021203119
154.63 0.209863357515
154.7 0.190808940752
154.77 0.124902485353
154.84 0.266940802875
154.91 0.267054711356
154.98 0.587773381751
155.05 0.69539391815
155.12 0.572214067602
155.19 0.43412643181
155.26 0.449951342275
155.33 0.251809833333
155.4 0.23363036465
155.47 0.238143787425
155.54 0.184396406899
155.61 0.0902012438631
155.68 0.0280911427918
155.75 0.024816446221
155.82 0.437417006044
155.89 0.77825004246
155.96 0.569755781131
156.03 0.40450460886
156.1 0.375058191817
156.17 0.449422830592
156.24 0.364492776488
156.31 0.340461169585
156.38 0.329544322816
156.45 0.2850746339
156.52 0.228352152078
156.59 0.408526564479
156.66 0.400268424455
156.73 0.795723978497
156.8 0.797169901726
156.87 0.596051912427
156.94 0.446531519876
157.01 0.394198574563
157.08 0.243531561022
157.15 0.34422498119
157.22 0.334929596654
157.29 0.29648844394
157.36 0.204610406489
157.43 0.22217161599
157.5 0.219280822003
157.57 0.705151566841
157.64 0.624432593298
157.71 0.457586977442
157.78 0.394557270404
157.85 0.382984669187
157.92 0.336877691824
157.99 0.315029132829
158.06 0.298075467659
158.13 0.275200434925
158.2 0.246460383782
158.27 0.0912823700501
158.34 0.187431506883
158.41 0.693541752209
158.48 0.834396730805
158.55 0.739765879352
158.62 0.627283461605
158.69 0.49961666895
158.76 0.482184350825
158.83 0.433103664649
158.9 0.174885503992
158.97 0.137842904355
159.04 0.122043856049
159.11 0.291373137361
159.18 0.360960102554
159.25 0.57328573497
159.32 0.715234495131
159.39 0.639876326868
159.46 0.430074565204
159.53 0.221687347245
159.6 0.276541718356
159.67 0.54307404831
159.74 0.604211400888
159.81 0.575028638514
159.88 0.325669298221
159.95 0.198898853148
160.02 0.20322775792
160.09 0.666564847625
160.16 0.813821673185
160.23 0.864660763647
160.3 0.822002557794
160.37 0.616025585077
160.44 0.227486524129
160.51 0.0819393055477
160.58 0.0278394612414
160.65 0.0118672506605
160.72 0.00716536171642
160.79 0.00551700498461
160.86 0.00439439957532
160.93 0.00378047107216
161.0 0.00286399120292
161.07 0.000332076483597
161.14 0.0
161.21 0.0
161.28 0.0
161.35 0.0
161.42 0.0
161.49 0.0
161.56 0.0
161.63 0.0
161.7 0.0
161.77 0.0
161.84 0.0
161.91 0.0
161.98 0.0
162.05 0.0
162.12 0.0
162.19 0.0
162.26 0.0
162.33 0.0
162.4 0.0
162.47 0.0
162.54 0.0
162.61 0.0
162.68 0.0
162.75 0.0
162.82 0.0
162.89 0.0
162.96 0.0
163.03 0.0
163.1 0.0
163.17 0.0
163.24 0.0
163.31 0.0
163.38 0.0
163.45 0.0
163.52 0.0
163.59 0.0
163.66 0.0
163.73 0.0
163.8 0.0
163.87 0.0
163.94 0.0
164.01 0.0
164.08 0.0
164.15 0.0
164.22 0.0
164.29 0.0
164.36 0.0
164.43 0.0
164.5 0.0
164.57 0.0
164.64 0.0
164.71 0.0
164.78 0.0
164.85 0.0
164.92 0.0
164.99 0.0
165.06 0.0
165.13 0.0
165.2 0.0
165.27 0.0
165.34 0.0
165.41 0.0
165.48 0.0
165.55 0.0
165.62 0.0
165.69 0.0
165.76 0.0
165.83 0.0
165.9 0.0
165.97 0.0
166.04 0.0
166.11 0.0
166.18 0.0
166.25 0.0
166.32 0.0
166.39 0.0
166.46 0.0
166.53 0.0
166.6 0.0
166.67 0.0
166.74 0.0
166.81 0.0
166.88 0.0
166.95 0.0
167.02 0.0
167.09 0.0
167.16 0.0
167.23 0.0
167.3 0.0
167.37 0.0
167.44 0.0
167.51 0.0
167.58 0.0
167.65 0.0
167.72 0.0
167.79 0.0
167.86 0.0
167.93 0.0
168.0 0.0
168.07 0.0
168.14 0.0
168.21 0.0
168.28 0.0
168.35 0.0
168.42 0.0
168.49 0.0
168.56 0.0
168.63 0.0
168.7 0.0
168.77 0.0
168.84 0.0
168.91 0.0
168.98 0.0
169.05 0.0
169.12 0.0
169.19 0.0
169.26 0.0
169.33 0.0
169.4 0.0
169.47 0.0
169.54 0.0
169.61 0.0
169.68 0.0
169.75 0.0
169.82 0.0
169.89 0.0
169.96 0.0
170.03 0.0
