0.0 0.0
0.07 0.0
0.14 0.0
0.21 0.0
0.28 0.0
0.35 0.0
0.42 0.0
0.49 0.0
0.56 0.0
0.63 0.0
0.7 0.0
0.77 0.0
0.84 0.0
0.91 0.0
0.98 0.0
1.05 0.0
1.12 0.0
1.19 0.0
1.26 0.0
1.33 0.0
1.4 0.0
1.47 0.0
1.54 0.0
1.61 0.0
1.68 0.0
1.75 0.0
1.82 0.0
1.89 0.0
1.96 0.0
2.03 0.0
2.1 0.0
2.17 0.0
2.24 0.0
2.31 0.0
2.38 0.0
2.45 0.0
2.52 0.0
2.59 0.0
2.66 0.0
2.73 0.0
2.8 0.0
2.87 0.0
2.94 0.0
3.01 0.0
3.08 0.0
3.15 0.0
3.22 0.0
3.29 0.0
3.36 0.0
3.43 0.0
3.5 0.0
3.57 0.0
3.64 0.0
3.71 0.0
3.78 0.0
3.85 0.0
3.92 0.0
3.99 0.102286658351
4.06 0.576562320557
4.13 0.728539953979
4.2 0.837310221539
4.27 0.744849392867
4.34 0.599886284008
4.41 0.6065875279
4.48 0.221157461814
4.55 0.230319343803
4.62 0.231595445497
4.69 0.372107668973
4.76 0.613403841545
4.83 0.517692001782
4.9 0.519853677244
4.97 0.561416767382
5.04 0.350446712599
5.11 0.4003470613
5.18 0.270215426407
5.25 0.146843966754
5.32 0.168618368626
5.39 0.209937285949
5.46 0.491365403705
5.53 0.417580458151
5.6 0.463427077132
5.67 0.499418849858
5.74 0.40300761093
5.81 0.515582729584
5.88 0.580325568713
5.95 0.468815119009
6.02 0.479404193381
6.09 0.460763804447
6.16 0.528008557172
6.23 0.486004337409
6.3 0.387855662978
6.37 0.444994212377
6.44 0.468114777646
6.51 0.479193245971
6.58 0.516331397396
6.65 0.439294626682
6.72 0.537209572714
6.79 0.3815730641
6.86 0.433997972787
6.93 0.477970432794
7.0 0.309640324837
7.07 0.271508033382
7.14 0.227881759778
7.21 0.20177585076
7.28 0.176002888198
7.35 0.157444843185
7.42 0.166905001868
7.49 0.120737353676
7.56 0.102058779859
7.63 0.521164488822
7.7 0.467544213637
7.77 0.482561581359
7.84 0.424621501432
7.91 0.505652073962
7.98 0.43341532846
8.05 0.189371597941
8.12 0.148344381343
8.19 0.450872226726
8.26 0.455849598616
8.33 0.393490864745
8.4 0.553114349419
8.47 0.471022721423
8.54 0.287017263149
8.61 0.345707385356
8.68 0.396411104975
8.75 0.501685216665
8.82 0.484050885007
8.89 0.455213800372
8.96 0.49929929949
9.03 0.485695486877
9.1 0.387373317387
9.17 0.492277611378
9.24 0.460102339086
9.31 0.437717144736
9.38 0.467821424193
9.45 0.373281120319
9.52 0.436736468554
9.59 0.436716068942
9.66 0.357611147517
9.73 0.453445022565
9.8 0.403594554681
9.87 0.36197486151
9.94 0.426127422959
10.01 0.369070367173
10.08 0.359511389055
10.15 0.39009837778
10.22 0.313450267421
10.29 0.368557533469
10.36 0.385341947322
10.43 0.383263071348
10.5 0.429147903687
10.57 0.357775106708
10.64 0.350125764925
10.71 0.409489305977
10.78 0.297943979434
10.85 0.34249653414
10.92 0.388299098917
10.99 0.299562307195
11.06 0.391305785769
11.13 0.319759448434
11.2 0.244195728461
11.27 0.374539284022
11.34 0.222370922905
11.41 0.525789881349
11.48 0.376665108093
11.55 0.271993674076
11.62 0.377410359145
11.69 0.588647583867
11.76 0.464219065321
11.83 0.498985338054
11.9 0.437110317771
11.97 0.164286422737
12.04 0.615861180657
12.11 0.728694694389
12.18 0.703222358839
12.25 0.565545892315
12.32 0.55519384921
12.39 0.679279556699
12.46 0.470237379091
12.53 0.580501296314
12.6 0.45899318366
12.67 0.399405201584
12.74 0.379494510389
12.81 0.377949083867
12.88 0.330976510388
12.95 0.400107515348
13.02 0.386196547642
13.09 0.212707965267
13.16 0.165940260213
13.23 0.361176485015
13.3 0.297461703732
13.37 0.246180059833
13.44 0.520688421528
13.51 0.586937623516
13.58 0.26568070486
13.65 0.127711783076
13.72 0.0979171151569
13.79 0.183492434319
13.86 0.15986492408
13.93 0.141390915838
14.0 0.0927888764783
14.07 0.110173503795
14.14 0.146805741749
14.21 0.217440114725
14.28 0.187928298899
14.35 0.176763654446
14.42 0.130993261573
14.49 0.110572916591
14.56 0.0948609448164
14.63 0.187092897148
14.7 0.229469580011
14.77 0.274374451874
14.84 0.312072390277
14.91 0.191394322568
14.98 0.545074053909
15.05 0.23338169408
15.12 0.502898160065
15.19 0.550503522709
15.26 0.471920398806
15.33 0.297231323499
15.4 0.171878760276
15.47 0.287637882695
15.54 0.548674040462
15.61 0.578446124114
15.68 0.665726979958
15.75 0.56564628553
15.82 0.583586566062
15.89 0.6290003773
15.96 0.464472974608
16.03 0.593001284424
16.1 0.429872148134
16.17 0.446687107046
16.24 0.553618102824
16.31 0.443239862616
16.38 0.455264222175
16.45 0.402178438295
16.52 0.375973718902
16.59 0.25262121062
16.66 0.339260903647
16.73 0.363020344833
16.8 0.341350916447
16.87 0.258705852247
16.94 0.24553306911
17.01 0.18877878487
17.08 0.180956196519
17.15 0.170511233068
17.22 0.174350788869
17.29 0.169975474715
17.36 0.118519775357
17.43 0.0901689642923
17.5 0.246542724338
17.57 0.232367630714
17.64 0.182443813789
17.71 0.0807701183354
17.78 0.0800061566395
17.85 0.131383071202
17.92 0.212584234544
17.99 0.177538498006
18.06 0.341922502896
18.13 0.499854156756
18.2 0.0528923719567
18.27 0.283737627631
18.34 0.5799355986
18.41 0.620449136364
18.48 0.324652298219
18.55 0.353236672023
18.62 0.429873479894
18.69 0.404012016772
18.76 0.728484214196
18.83 0.786060371629
18.9 0.735879456441
18.97 0.657216791914
19.04 0.538724885154
19.11 0.380066208141
19.18 0.339225538885
19.25 0.422952364895
19.32 0.43610281355
19.39 0.546037184252
19.46 0.533676935164
19.53 0.551464432157
19.6 0.486286300367
19.67 0.197974274061
19.74 0.212966740849
19.81 0.412501422113
19.88 0.687805056747
19.95 0.452824459965
20.02 0.715598086886
20.09 0.652287191249
20.16 0.562181079813
20.23 0.436271811169
20.3 0.678413572355
20.37 0.621331312786
20.44 0.323462408892
20.51 0.162443639715
20.58 0.183673492842
20.65 0.359728636763
20.72 0.448619792276
20.79 0.438843686812
20.86 0.449988330276
20.93 0.422998669761
21.0 0.324896477505
21.07 0.266148913605
21.14 0.451987048279
21.21 0.417354712545
21.28 0.273860004269
21.35 0.1641088871
21.42 0.112310068658
21.49 0.424626752113
21.56 0.754523034351
21.63 0.711149138962
21.7 0.511175864757
21.77 0.524828806239
21.84 0.554932679308
21.91 0.552668745649
21.98 0.612650080949
22.05 0.669374931871
22.12 0.513254114324
22.19 0.632549039973
22.26 0.610511235657
22.33 0.523054248413
22.4 0.513077906565
22.47 0.459043544635
22.54 0.489945465466
22.61 0.509280668116
22.68 0.496283884368
22.75 0.476806254587
22.82 0.361972019387
22.89 0.400412083282
22.96 0.359245163901
23.03 0.380334702076
23.1 0.393447998641
23.17 0.292951321424
23.24 0.24556823715
23.31 0.241835363216
23.38 0.233656462428
23.45 0.202674485871
23.52 0.302220628166
23.59 0.380390256785
23.66 0.301547690773
23.73 0.271504456138
23.8 0.234516734052
23.87 0.217332948818
23.94 0.2099172759
24.01 0.185029208932
24.08 0.203364923805
24.15 0.165642445558
24.22 0.151387505872
24.29 0.126801418383
24.36 0.136626254094
24.43 0.175063826601
24.5 0.432171828353
24.57 0.61107197648
24.64 0.556174248428
24.71 0.475851536722
24.78 0.353928314883
24.85 0.221149304299
24.92 0.461681432345
24.99 0.409232202538
25.06 0.296840531551
25.13 0.345705031157
25.2 0.3136861753
25.27 0.295094757341
25.34 0.285507964982
25.41 0.26408721591
25.48 0.217172379208
25.55 0.230563772875
25.62 0.173177791796
25.69 0.163596669448
25.76 0.162971398449
25.83 0.107263324888
25.9 0.227727908502
25.97 0.252504957942
26.04 0.21538689422
26.11 0.192313526834
26.18 0.188378186562
26.25 0.231397802745
26.32 0.5179616204
26.39 0.429583188582
26.46 0.448259701989
26.53 0.387958811603
26.6 0.303517810235
26.67 0.198316413414
26.74 0.408196005296
26.81 0.421490036828
26.88 0.485978341558
26.95 0.464588397685
27.02 0.418553898308
27.09 0.269701531437
27.16 0.448676557087
27.23 0.444355021963
27.3 0.419587023054
27.37 0.431113076611
27.44 0.41625481214
27.51 0.433613803401
27.58 0.40694615571
27.65 0.379980789136
27.72 0.390012624864
27.79 0.282452036662
27.86 0.335737730781
27.93 0.337135643859
28.0 0.473350517437
28.07 0.284028734306
28.14 0.217537493685
28.21 0.34729415856
28.28 0.192810552845
28.35 0.18430190752
28.42 0.275011266087
28.49 0.61820841726
28.56 0.586017805786
28.63 0.556153723277
28.7 0.487086521137
28.77 0.265027052749
28.84 0.509603550661
28.91 0.504105492989
28.98 0.573968844259
29.05 0.722900900591
29.12 0.755233770947
29.19 0.662598748333
29.26 0.615602982301
29.33 0.648123916833
29.4 0.478940123575
29.47 0.651471974267
29.54 0.553112122054
29.61 0.586822082664
29.68 0.610170804684
29.75 0.528203755129
29.82 0.676282859987
29.89 0.513483118794
29.96 0.505817720826
30.03 0.549713092769
30.1 0.408139085177
30.17 0.429194273264
30.24 0.303170000871
30.31 0.279183855057
30.38 0.25626611851
30.45 0.218122377026
30.52 0.236187868877
30.59 0.217367785536
30.66 0.219448706389
30.73 0.191422192459
30.8 0.192217563759
30.87 0.166923454962
30.94 0.383967717311
31.01 0.438071976577
31.08 0.346829216445
31.15 0.302794702119
31.22 0.239021369991
31.29 0.158289982703
31.36 0.665410467601
31.43 0.803286722706
31.5 0.455031746588
31.57 0.450896731626
31.64 0.232588947473
31.71 0.267850536543
31.78 0.343971834248
31.85 0.697938878884
31.92 0.725260610957
31.99 0.577064412174
32.06 0.340755750471
32.13 0.361850337426
32.2 0.316093695718
32.27 0.319742477231
32.34 0.415749228697
32.41 0.358680163775
32.48 0.334179716604
32.55 0.350285428576
32.62 0.332241446783
32.69 0.284282224263
32.76 0.24486212224
32.83 0.290072191031
32.9 0.326344901687
32.97 0.286888425405
33.04 0.288792495267
33.11 0.242913621552
33.18 0.198635454692
33.25 0.180193223613
33.32 0.430225504555
33.39 0.660925412028
33.46 0.771957944988
33.53 0.563752834803
33.6 0.608216806118
33.67 0.725775402827
33.74 0.709482954557
33.81 0.769008494046
33.88 0.770851772757
33.95 0.768861034959
34.02 0.707586911492
34.09 0.672773156146
34.16 0.498391392534
34.23 0.607025415487
34.3 0.625851770653
34.37 0.599455681627
34.44 0.135644960565
34.51 0.384773856582
34.58 0.624156798749
34.65 0.536081636755
34.72 0.379777939707
34.79 0.434601395934
34.86 0.457837113788
34.93 0.411030704864
35.0 0.441539519669
35.07 0.460811935468
35.14 0.551451554595
35.21 0.564542846707
35.28 0.382666213817
35.35 0.104022943286
35.42 0.0875186623539
35.49 0.101829185221
35.56 0.128408395769
35.63 0.117638455714
35.7 0.279516079335
35.77 0.279608721423
35.84 0.205609948803
35.91 0.150915006763
35.98 0.128830127516
36.05 0.375365886322
36.12 0.115963011112
36.19 0.0631794163753
36.26 0.648362981332
36.33 0.745091432794
36.4 0.413332261713
36.47 0.54243654282
36.54 0.630577978314
36.61 0.538254173374
36.68 0.68429589001
36.75 0.768730751563
36.82 0.698311005485
36.89 0.519537224421
36.96 0.658583159494
37.03 0.621254571575
37.1 0.810412650477
37.17 0.622216115195
37.24 0.734660538888
37.31 0.731714166913
37.38 0.692267292503
37.45 0.848406371598
37.52 0.531246352908
37.59 0.757216874097
37.66 0.742867325098
37.73 0.650587658487
37.8 0.798163658348
37.87 0.485142828503
37.94 0.768188321468
38.01 0.467162276793
38.08 0.416998778023
38.15 0.436279175322
38.22 0.417750302194
38.29 0.448109769634
38.36 0.339191262568
38.43 0.423675629612
38.5 0.44432020207
38.57 0.417205794864
38.64 0.364457359108
38.71 0.257841109067
38.78 0.236838548147
38.85 0.378147609282
38.92 0.266122909989
38.99 0.408279369068
39.06 0.461074483722
39.13 0.201244789158
39.2 0.186786613069
39.27 0.189810403135
39.34 0.151246173657
39.41 0.345530547308
39.48 0.286324656089
39.55 0.323415076409
39.62 0.294689476518
39.69 0.291636874362
39.76 0.686658115059
39.83 0.59382486082
39.9 0.578871258385
39.97 0.435678882911
40.04 0.301283932417
40.11 0.80567086679
40.18 0.559309199682
40.25 0.213121526557
40.32 0.440121619838
40.39 0.371798234745
40.46 0.700162626785
40.53 0.3089311219
40.6 0.178697799564
40.67 0.721302001772
40.74 0.477047217717
40.81 0.235917401246
40.88 0.0941766363426
40.95 0.104490950131
41.02 0.103201295289
41.09 0.0905521837158
41.16 0.46940293248
41.23 0.666785805471
41.3 0.679471383194
41.37 0.405039941312
41.44 0.282778118537
41.51 0.203293708945
41.58 0.127659627008
41.65 0.101241741899
41.72 0.505541941686
41.79 0.682498575784
41.86 0.533209765683
41.93 0.277194020631
42.0 0.10894911166
42.07 0.0969081497528
42.14 0.0958177800371
42.21 0.0957016360749
42.28 0.636052892613
42.35 0.621362712035
42.42 0.555860563958
42.49 0.366545721768
42.56 0.234033434616
42.63 0.238960336817
42.7 0.240957528927
42.77 0.19314099756
42.84 0.665052449372
42.91 0.568320223943
42.98 0.28366879415
43.05 0.20491144395
43.12 0.201073540878
43.19 0.677695669622
43.26 0.580872818511
43.33 0.512290604773
43.4 0.738603925372
43.47 0.721067437301
43.54 0.630760051512
43.61 0.50013026463
43.68 0.400864668114
43.75 0.75501532349
43.82 0.672410958857
43.89 0.722032974907
43.96 0.688787971943
44.03 0.637015998365
44.1 0.240550865869
44.17 0.225427411625
44.24 0.275244268425
44.31 0.616201624572
44.38 0.604165088923
44.45 0.493890106056
44.52 0.551809949444
44.59 0.411857626838
44.66 0.220752486429
44.73 0.186064051117
44.8 0.213601345815
44.87 0.341574768598
44.94 0.406347352954
45.01 0.606005438796
45.08 0.645775911459
45.15 0.583935889672
45.22 0.605815368568
45.29 0.561633197139
45.36 0.322403186051
45.43 0.468888935265
45.5 0.363438604168
45.57 0.548613510743
45.64 0.399151285826
45.71 0.112765776462
45.78 0.0949289202252
45.85 0.0845693175387
45.92 0.287598481237
45.99 0.296418482718
46.06 0.256294137237
46.13 0.484069427402
46.2 0.594345775679
46.27 0.591874842003
46.34 0.508128215609
46.41 0.579136839013
46.48 0.423110243806
46.55 0.709158572003
46.62 0.655614570813
46.69 0.675856277477
46.76 0.331745356498
46.83 0.191102427708
46.9 0.183333257297
46.97 0.335330654865
47.04 0.69709874932
47.11 0.74721172922
47.18 0.635885948933
47.25 0.699327931681
47.32 0.706190731384
47.39 0.662300321509
47.46 0.679628480392
47.53 0.536973048783
47.6 0.492599963289
47.67 0.572657970559
47.74 0.434350638091
47.81 0.58300900546
47.88 0.396686124404
47.95 0.372873080204
48.02 0.327895446879
48.09 0.34728044881
48.16 0.318785878854
48.23 0.344610584625
48.3 0.328107700164
48.37 0.490365585899
48.44 0.555299220024
48.51 0.473709942491
48.58 0.37427587899
48.65 0.377262793931
48.72 0.301513639652
48.79 0.474419061303
48.86 0.274918954027
48.93 0.614739160611
49.0 0.254895991199
49.07 0.201004702219
49.14 0.217567968857
49.21 0.170001391618
49.28 0.294774929173
49.35 0.306232395151
49.42 0.307185066842
49.49 0.459053924338
49.56 0.465657719382
49.63 0.268216357668
49.7 0.252377894584
49.77 0.275328587337
49.84 0.519920622448
49.91 0.543509659191
49.98 0.501827461311
50.05 0.513911269908
50.12 0.293133600404
50.19 0.19972396978
50.26 0.148576651149
50.33 0.161949543835
50.4 0.335440309571
50.47 0.335724545193
50.54 0.395838542679
50.61 0.384395939608
50.68 0.376286793792
50.75 0.359495044258
50.82 0.359427067555
50.89 0.306184011756
50.96 0.456316311235
51.03 0.454927319266
51.1 0.579768947416
51.17 0.332964781388
51.24 0.224480002262
51.31 0.205801446564
51.38 0.182360200231
51.45 0.266992093662
51.52 0.417101834758
51.59 0.303592611398
51.66 0.561579319748
51.73 0.728045313229
51.8 0.475998311163
51.87 0.436617227506
51.94 0.268181769442
52.01 0.463600867275
52.08 0.544345361203
52.15 0.402810756362
52.22 0.630537040609
52.29 0.388272211344
52.36 0.274115752653
52.43 0.197201837764
52.5 0.223950062755
52.57 0.632071169821
52.64 0.613060366549
52.71 0.392697331248
52.78 0.267821008746
52.85 0.258705400562
52.92 0.350317256215
52.99 0.46972243062
53.06 0.325463030703
53.13 0.420364029268
53.2 0.399169711741
53.27 0.56913706518
53.34 0.42142830736
53.41 0.265156881871
53.48 0.354601151325
53.55 0.366783658995
53.62 0.449494599367
53.69 0.646333960289
53.76 0.361178566133
53.83 0.753959950976
53.9 0.794539583636
53.97 0.596091582245
54.04 0.635123098978
54.11 0.607190332406
54.18 0.573979208432
54.25 0.430041416246
54.32 0.230161322527
54.39 0.797588379469
54.46 0.703082920078
54.53 0.588176956211
54.6 0.52191328735
54.67 0.567827723845
54.74 0.277626129492
54.81 0.194021771039
54.88 0.175690926344
54.95 0.731761732357
55.02 0.940036273957
55.09 0.791110273315
55.16 0.802159914019
55.23 0.477231984202
55.3 0.402308953358
55.37 0.689645857012
55.44 0.285876295615
55.51 0.712045335749
55.58 0.707759909567
55.65 0.654187903886
55.72 0.486436156364
55.79 0.242350298745
55.86 0.218318206566
55.93 0.221620985456
56.0 0.252806760112
56.07 0.631015467279
56.14 0.883602166032
56.21 0.805966533028
56.28 0.756611551024
56.35 0.800750968948
56.42 0.705637415543
56.49 0.660644879191
56.56 0.605580668204
56.63 0.742154511267
56.7 0.591567708911
56.77 0.468665502444
56.84 0.284805858294
56.91 0.179821807543
56.98 0.604854121326
57.05 0.793261587193
57.12 0.676757952728
57.19 0.690686533574
57.26 0.600486452174
57.33 0.596532164413
57.4 0.569110537402
57.47 0.355166627727
57.54 0.506742404851
57.61 0.454212389373
57.68 0.437831532432
57.75 0.573958841176
57.82 0.484382468642
57.89 0.420747013142
57.96 0.282003500173
58.03 0.524387177041
58.1 0.430381268699
58.17 0.172290482469
58.24 0.371982386472
58.31 0.740750233179
58.38 0.542511092903
58.45 0.306727338751
58.52 0.112789270571
58.59 0.126722442041
58.66 0.0921257195621
58.73 0.465330816967
58.8 0.501125209669
58.87 0.569783064524
58.94 0.335159454472
59.01 0.272651761503
59.08 0.141337768392
59.15 0.111723469173
59.22 0.104353221046
59.29 0.0747129039741
59.36 0.764636354633
59.43 0.589978018519
59.5 0.349289241078
59.57 0.146797994504
59.64 0.106717828768
59.71 0.0891084536957
59.78 0.0951817061223
59.85 0.681377409928
59.92 0.723200563403
59.99 0.487937814706
60.06 0.321015318766
60.13 0.26626145832
60.2 0.298915589554
60.27 0.364971452095
60.34 0.41948847023
60.41 0.791144004762
60.48 0.602426489909
60.55 0.330487147497
60.62 0.242055788252
60.69 0.260814916074
60.76 0.713107003385
60.83 0.60797712945
60.9 0.691931211428
60.97 0.730599967884
61.04 0.498559891875
61.11 0.53749910302
61.18 0.396899272
61.25 0.510319739837
61.32 0.748148902539
61.39 0.65682015653
61.46 0.744672497873
61.53 0.649690135118
61.6 0.38896637277
61.67 0.25448241179
61.74 0.243948758821
61.81 0.537349688355
61.88 0.683866851055
61.95 0.525856086255
62.02 0.600031044631
62.09 0.502100419035
62.16 0.282437330357
62.23 0.204745495531
62.3 0.180253331414
62.37 0.401882599925
62.44 0.548207270898
62.51 0.275750153423
62.58 0.650545778585
62.65 0.657411064498
62.72 0.588263706976
62.79 0.392446926729
62.86 0.300415350559
62.93 0.31128497977
63.0 0.337429684547
63.07 0.255013734826
63.14 0.708101894907
63.21 0.481699127668
63.28 0.482296851038
63.35 0.446409829191
63.42 0.258171856632
63.49 0.472074172428
63.56 0.211615559732
63.63 0.100999150631
63.7 0.578473600561
63.77 0.519008401833
63.84 0.379272868779
63.91 0.189178381446
63.98 0.184493466109
64.05 0.479770371713
64.12 0.47227562668
64.19 0.392321982021
64.26 0.584388316609
64.33 0.316098231985
64.4 0.25122093946
64.47 0.186742945838
64.54 0.159900759941
64.61 0.314366128698
64.68 0.553272214094
64.75 0.440773383671
64.82 0.556785493886
64.89 0.621780121063
64.96 0.499758993513
65.03 0.544394569021
65.1 0.521968772171
65.17 0.50660448422
65.24 0.535389423141
65.31 0.48380761427
65.38 0.733328676703
65.45 0.596968341031
65.52 0.444154709219
65.59 0.347114456387
65.66 0.291781116
65.73 0.332869510725
65.8 0.340024957233
65.87 0.326079922874
65.94 0.604779716196
66.01 0.60697168305
66.08 0.472767279059
66.15 0.374379604841
66.22 0.38522295606
66.29 0.45543057957
66.36 0.302882366609
66.43 0.230445292832
66.5 0.625333805338
66.57 0.197055320874
66.64 0.170271806186
66.71 0.195837936981
66.78 0.236884714531
66.85 0.597958964645
66.92 0.359096537421
66.99 0.370488036632
67.06 0.754509096817
67.13 0.763040379473
67.2 0.647550043484
67.27 0.49094194287
67.34 0.271662349286
67.41 0.46385433523
67.48 0.36892824548
67.55 0.311588155115
67.62 0.854785669965
67.69 0.687632122089
67.76 0.670153682703
67.83 0.339418308871
67.9 0.204435388304
67.97 0.41148784926
68.04 0.346798354299
68.11 0.330475011528
68.18 0.573724358242
68.25 0.730112717172
68.32 0.551767157111
68.39 0.5900339382
68.46 0.400239155095
68.53 0.590208533352
68.6 0.57578233115
68.67 0.57725770244
68.74 0.702091787833
68.81 0.635040525979
68.88 0.566654136605
68.95 0.265985595055
69.02 0.513878753741
69.09 0.377120060068
69.16 0.201545405815
69.23 0.421747454764
69.3 0.786392779687
69.37 0.533470116339
69.44 0.352993546238
69.51 0.287255808662
69.58 0.392790811995
69.65 0.827330192438
69.72 0.509518113537
69.79 0.737669627826
69.86 0.480704073914
69.93 0.359697382467
70.0 0.309285415342
70.07 0.178903074376
70.14 0.559500367415
70.21 0.537681627902
70.28 0.452685317583
70.35 0.499980756781
70.42 0.393843514518
70.49 0.369712479953
70.56 0.401922733915
70.63 0.358841868423
70.7 0.427286195179
70.77 0.356467057012
70.84 0.564366158789
70.91 0.511207427079
70.98 0.471696010845
71.05 0.357735960214
71.12 0.228850868156
71.19 0.655472472415
71.26 0.647686176788
71.33 0.729499579554
71.4 0.780964409686
71.47 0.757808567662
71.54 0.738028641316
71.61 0.692326139727
71.68 0.566518627119
71.75 0.694235690642
71.82 0.53587362077
71.89 0.295217751648
71.96 0.712669245221
72.03 0.639481528642
72.1 0.499682124174
72.17 0.493923810324
72.24 0.304269533717
72.31 0.716153565381
72.38 0.442318979737
72.45 0.452690058338
72.52 0.714942946414
72.59 0.420510793355
72.66 0.380376501736
72.73 0.424600789912
72.8 0.502345320499
72.87 0.771332056643
72.94 0.53297966112
73.01 0.651286477838
73.08 0.745843932813
73.15 0.571954441515
73.22 0.571663583332
73.29 0.434743887777
73.36 0.552601277577
73.43 0.276282430304
73.5 0.24786580519
73.57 0.526574781055
73.64 0.849255457215
73.71 0.799666190294
73.78 0.51798788545
73.85 0.348976026412
73.92 0.469705955106
73.99 0.556839667654
74.06 0.405855547856
74.13 0.660182930623
74.2 0.745600163797
74.27 0.56522808573
74.34 0.379037859094
74.41 0.294135831943
74.48 0.408879071312
74.55 0.736249425565
74.62 0.527920578186
74.69 0.523622094545
74.76 0.440728353619
74.83 0.416017562147
74.9 0.404620514584
74.97 0.430187141068
75.04 0.442664311949
75.11 0.464189335625
75.18 0.334900396749
75.25 0.646723533075
75.32 0.436357208172
75.39 0.328546922099
75.46 0.22024784389
75.53 0.357559928469
75.6 0.8964347188
75.67 0.577120124779
75.74 0.189439926674
75.81 0.73829798944
75.88 0.598379358161
75.95 0.428027661909
76.02 0.38298461704
76.09 0.597774762444
76.16 0.769771393182
76.23 0.682798400374
76.3 0.268906918554
76.37 0.784742313673
76.44 0.671865909246
76.51 0.669493837714
76.58 0.629862159287
76.65 0.535061393454
76.72 0.761095239893
76.79 0.412825195086
76.86 0.285672862489
76.93 0.867106898099
77.0 0.649122722552
77.07 0.571066155046
77.14 0.537522472883
77.21 0.44924491185
77.28 0.589497461551
77.35 0.360345770955
77.42 0.343449198066
77.49 0.813864416937
77.56 0.580964200021
77.63 0.505707076036
77.7 0.416853528182
77.77 0.43626546816
77.84 0.655771555413
77.91 0.528302993894
77.98 0.545109879417
78.05 0.820325128676
78.12 0.566481709283
78.19 0.555075303162
78.26 0.549291493034
78.33 0.425353235573
78.4 0.538841126184
78.47 0.435715213167
78.54 0.568203541582
78.61 0.725578201406
78.68 0.67491599413
78.75 0.521902237237
78.82 0.271833017752
78.89 0.388148597101
78.96 0.650042973848
79.03 0.606778227123
79.1 0.580983608255
79.17 0.467412690372
79.24 0.405907082695
79.31 0.406610114756
79.38 0.408293722049
79.45 0.362975026168
79.52 0.367097418531
79.59 0.272642852042
79.66 0.74227495077
79.73 0.836012009265
79.8 0.651685426007
79.87 0.42248715358
79.94 0.288198575632
80.01 0.591852567056
80.08 0.706813561471
80.15 0.202217741391
80.22 0.648700830321
80.29 0.640435183946
80.36 0.497079518396
80.43 0.257659976773
80.5 0.225428494894
80.57 0.324204137056
80.64 0.331526479358
80.71 0.364530885458
80.78 0.876351703823
80.85 0.614748649886
80.92 0.433558697789
80.99 0.258618410365
81.06 0.179357201927
81.13 0.295352421181
81.2 0.255655460632
81.27 0.431886094016
81.34 0.716159767319
81.41 0.485714794161
81.48 0.354206307152
81.55 0.198143569352
81.62 0.472900295864
81.69 0.67808666994
81.76 0.725378196689
81.83 0.647868207276
81.9 0.597098847034
81.97 0.550638212949
82.04 0.378098809146
82.11 0.189338130516
82.18 0.740469504914
82.25 0.757274020706
82.32 0.663581429274
82.39 0.510450618578
82.46 0.474946536601
82.53 0.439875448737
82.6 0.359098601714
82.67 0.317040319485
82.74 0.441416381702
82.81 0.41722857456
82.88 0.334306065549
82.95 0.551237551515
83.02 0.269049437576
83.09 0.134634341138
83.16 0.108395077523
83.23 0.120636335349
83.3 0.256764947379
83.37 0.294065743061
83.44 0.200120788944
83.51 0.472624022329
83.58 0.351327997299
83.65 0.394403332558
83.72 0.411936704129
83.79 0.377918615166
83.86 0.434800969674
83.93 0.380159707008
84.0 0.218969356935
84.07 0.564438502215
84.14 0.261539159227
84.21 0.0862885290268
84.28 0.0455937722557
84.35 0.0443493661894
84.42 0.424715810485
84.49 0.48001803247
84.56 0.294942048867
84.63 0.524192894103
84.7 0.528348599877
84.77 0.437010352945
84.84 0.39086129374
84.91 0.399760143434
84.98 0.502841437963
85.05 0.471253942904
85.12 0.302893432252
85.19 0.557499687363
85.26 0.332806197123
85.33 0.312522925053
85.4 0.375621859901
85.47 0.343881372933
85.54 0.481069319108
85.61 0.441138301426
85.68 0.386511147132
85.75 0.567303763668
85.82 0.360107714659
85.89 0.449809994807
85.96 0.55532555108
86.03 0.45190842785
86.1 0.522586486176
86.17 0.495165882899
86.24 0.597080912926
86.31 0.740407099859
86.38 0.56790736283
86.45 0.664078271505
86.52 0.758618078395
86.59 0.601697934391
86.66 0.766381054634
86.73 0.672868092899
86.8 0.695524896388
86.87 0.865700607488
86.94 0.835690524486
87.01 0.755111091137
87.08 0.566518612882
87.15 0.529955230411
87.22 0.578512561981
87.29 0.578259717844
87.36 0.685321169149
87.43 0.536817019323
87.5 0.584244336405
87.57 0.535254471467
87.64 0.39356116588
87.71 0.425218501329
87.78 0.631887674267
87.85 0.469560011559
87.92 0.590159784985
87.99 0.750837230171
88.06 0.764854820209
88.13 0.652608506484
88.2 0.508345390841
88.27 0.484710189009
88.34 0.611864637668
88.41 0.576620730332
88.48 0.694500402844
88.55 0.475318338351
88.62 0.495311029202
88.69 0.429305653175
88.76 0.406530776031
88.83 0.484162864146
88.9 0.446592884707
88.97 0.524604345802
89.04 0.704879712731
89.11 0.758971252331
89.18 0.688044503043
89.25 0.610949040413
89.32 0.623134628344
89.39 0.61673174786
89.46 0.69054406891
89.53 0.748853501909
89.6 0.408810746461
89.67 0.318987078143
89.74 0.339973673474
89.81 0.453999109766
89.88 0.798423246705
89.95 0.910706839354
90.02 0.848028995611
90.09 0.71832116064
90.16 0.521334112846
90.23 0.536443109276
90.3 0.553045993507
90.37 0.490131775964
90.44 0.4299679339
90.51 0.470366601221
90.58 0.316813280947
90.65 0.703282931267
90.72 0.251658555259
90.79 0.296913070405
90.86 0.298120035769
90.93 0.273103248831
91.0 0.619553186774
91.07 0.548287501346
91.14 0.544716093921
91.21 0.767893295873
91.28 0.673355606339
91.35 0.57453917013
91.42 0.561112862093
91.49 0.50561559487
91.56 0.555336249163
91.63 0.535882556116
91.7 0.560017456538
91.77 0.641422933081
91.84 0.449387556412
91.91 0.418482955236
91.98 0.358662584285
92.05 0.300786751098
92.12 0.468893238571
92.19 0.511588117582
92.26 0.577937689489
92.33 0.688192574299
92.4 0.650042844426
92.47 0.493855101089
92.54 0.480314653847
92.61 0.428616200148
92.68 0.501595047846
92.75 0.423758066717
92.82 0.649300615395
92.89 0.426141775941
92.96 0.319837608118
93.03 0.36940590985
93.1 0.34228502633
93.17 0.379935275043
93.24 0.454372773909
93.31 0.445986508133
93.38 0.683397609517
93.45 0.80827926553
93.52 0.723620199796
93.59 0.738208303368
93.66 0.640267612566
93.73 0.586325024297
93.8 0.643058767855
93.87 0.669084483958
93.94 0.752868984621
94.01 0.43767376353
94.08 0.392618181481
94.15 0.401764801941
94.22 0.418666277363
94.29 0.699626574642
94.36 0.867827114911
94.43 0.61244339543
94.5 0.696061292795
94.57 0.805659302869
94.64 0.671400631926
94.71 0.759143050658
94.78 0.629722411206
94.85 0.7430718622
94.92 0.676125008255
94.99 0.579132740195
95.06 0.824462923638
95.13 0.473815551442
95.2 0.563556334853
95.27 0.54183070335
95.34 0.519935077674
95.41 0.638473684039
95.48 0.547052034508
95.55 0.496953970578
95.62 0.603012191201
95.69 0.688066959181
95.76 0.681673204294
95.83 0.559115059108
95.9 0.476942192462
95.97 0.501263987079
96.04 0.614096444722
96.11 0.656702271832
96.18 0.63179156365
96.25 0.523391459348
96.32 0.351687542716
96.39 0.3471816462
96.46 0.410677044299
96.53 0.437553752416
96.6 0.485728045755
96.67 0.5676802777
96.74 0.682741816754
96.81 0.640594996433
96.88 0.55532196607
96.95 0.493998199924
97.02 0.526790804424
97.09 0.564849286093
97.16 0.441266615008
97.23 0.67434265918
97.3 0.437495098033
97.37 0.428507210674
97.44 0.374611824171
97.51 0.423467239595
97.58 0.44120595716
97.65 0.528759577889
97.72 0.383123111015
97.79 0.715544728481
97.86 0.747973520497
97.93 0.717673839889
98.0 0.570765317076
98.07 0.545293009998
98.14 0.554931491208
98.21 0.735436474776
98.28 0.57619484541
98.35 0.657016395046
98.42 0.299440268027
98.49 0.262663622773
98.56 0.300004816467
98.63 0.384618412112
98.7 0.752450431497
98.77 0.756215490277
98.84 0.662194366998
98.91 0.658055816208
98.98 0.666917754538
99.05 0.5191080211
99.12 0.541207848674
99.19 0.588292432352
99.26 0.530225646273
99.33 0.502534884685
99.4 0.567156017263
99.47 0.45969960142
99.54 0.224739478021
99.61 0.256572618724
99.68 0.255892546257
99.75 0.22576724596
99.82 0.301813522482
99.89 0.285498972691
99.96 0.5414174022
100.03 0.814925415457
100.1 0.762161367437
100.17 0.44016538543
100.24 0.331703784622
100.31 0.337207630079
100.38 0.353444295856
100.45 0.385332128019
100.52 0.6144231983
100.59 0.697670058804
100.66 0.576598987312
100.73 0.437232928988
100.8 0.272131786253
100.87 0.18916122258
100.94 0.350608641148
101.01 0.369098366488
101.08 0.409726867878
101.15 0.761011209594
101.22 0.656009457696
101.29 0.522448753208
101.36 0.504549860772
101.43 0.454802707174
101.5 0.563753666991
101.57 0.783482061087
101.64 0.641645074263
101.71 0.386337116263
101.78 0.31760681962
101.85 0.299953870502
101.92 0.284857332304
101.99 0.412340943099
102.06 0.794095746486
102.13 0.865436424624
102.2 0.715948369518
102.27 0.705575071318
102.34 0.637251704344
102.41 0.558866826303
102.48 0.521230661372
102.55 0.623398698609
102.62 0.816991991095
102.69 0.637900299908
102.76 0.686892929316
102.83 0.685262308984
102.9 0.557404447761
102.97 0.588484858074
103.04 0.680657332893
103.11 0.719559155104
103.18 0.765679548467
103.25 0.620121098912
103.32 0.83096023095
103.39 0.705249985998
103.46 0.638229722183
103.53 0.762825319008
103.6 0.607846456491
103.67 0.786899604293
103.74 0.536797661564
103.81 0.523386728947
103.88 0.829617560672
103.95 0.614909625884
104.02 0.565811140327
104.09 0.471295196401
104.16 0.524299816695
104.23 0.79023357924
104.3 0.528327691635
104.37 0.536945207365
104.44 0.864250188901
104.51 0.646668204856
104.58 0.433868952557
104.65 0.321196157271
104.72 0.183361726416
104.79 0.296343743677
104.86 0.198525337946
104.93 0.506742117533
105.0 0.657168440874
105.07 0.540821484278
105.14 0.44030975002
105.21 0.299664820354
105.28 0.222673952002
105.35 0.279967866923
105.42 0.264581898076
105.49 0.579424750241
105.56 0.6469251504
105.63 0.425360056151
105.7 0.384385387772
105.77 0.327593985091
105.84 0.259584565316
105.91 0.143324670099
105.98 0.0734892133107
106.05 0.721769119483
106.12 0.641713863741
106.19 0.589738455743
106.26 0.356317666938
106.33 0.241988172639
106.4 0.270795633704
106.47 0.331155652161
106.54 0.313709484334
106.61 0.662628270953
106.68 0.64169099992
106.75 0.37161860246
106.82 0.226120263294
106.89 0.343839626336
106.96 0.80751696821
107.03 0.653152413292
107.1 0.473047274792
107.17 0.83561162321
107.24 0.641924320638
107.31 0.463966306603
107.38 0.400001379646
107.45 0.471759167845
107.52 0.770153722177
107.59 0.782504079485
107.66 0.779138999079
107.73 0.607428923218
107.8 0.585867360916
107.87 0.572841699073
107.94 0.566128957266
108.01 0.58981304983
108.08 0.737542105017
108.15 0.542329915311
108.22 0.712448991022
108.29 0.486047231986
108.36 0.419130200921
108.43 0.221924875215
108.5 0.163874828673
108.57 0.298599931387
108.64 0.29159504364
108.71 0.238331662
108.78 0.53064404409
108.85 0.462003674247
108.92 0.316991398986
108.99 0.310090211205
109.06 0.337967860517
109.13 0.371955434187
109.2 0.426134142588
109.27 0.227658532739
109.34 0.745557560422
109.41 0.35136094315
109.48 0.29390142278
109.55 0.301305870864
109.62 0.312273025283
109.69 0.461269690739
109.76 0.329764680024
109.83 0.406757208871
109.9 0.539535549044
109.97 0.504587909762
110.04 0.487157271369
110.11 0.308008762307
110.18 0.320680232952
110.25 0.923369029094
110.32 0.771886401395
110.39 0.902031742155
110.46 0.827116538799
110.53 0.861022057161
110.6 0.438463394931
110.67 0.281422748006
110.74 0.375954834831
110.81 0.642167958936
110.88 0.690795282321
110.95 0.64917643687
111.02 0.479432392006
111.09 0.427268994898
111.16 0.491629649985
111.23 0.513568113293
111.3 0.459074977535
111.37 0.546812953184
111.44 0.459635223963
111.51 0.575318367471
111.58 0.527476904109
111.65 0.491470775813
111.72 0.467044883901
111.79 0.475442645005
111.86 0.525813060961
111.93 0.711279968522
112.0 0.697277399286
112.07 0.624675462948
112.14 0.535054519812
112.21 0.507968985524
112.28 0.505846319368
112.35 0.507204966882
112.42 0.498250940394
112.49 0.501409900859
112.56 0.459176372482
112.63 0.693558836918
112.7 0.483688331806
112.77 0.358238425862
112.84 0.352476868679
112.91 0.316404592423
112.98 0.483238955363
113.05 0.336974485376
113.12 0.224677567361
113.19 0.613022111777
113.26 0.466976217375
113.33 0.28004704387
113.4 0.292478637241
113.47 0.222857125293
113.54 0.355579694621
113.61 0.662501779643
113.68 0.47899294617
113.75 0.715371484502
113.82 0.408415699094
113.89 0.278303843878
113.96 0.367173863363
114.03 0.275571399918
114.1 0.422265596095
114.17 0.763249131873
114.24 0.489870668185
114.31 0.387418475568
114.38 0.335878072912
114.45 0.310321773068
114.52 0.346679188316
114.59 0.236314976239
114.66 0.162433371316
114.73 0.128350222838
114.8 0.477168350926
114.87 0.532569033844
114.94 0.262171803439
115.01 0.263321252045
115.08 0.222242785338
115.15 0.216313190852
115.22 0.543923683814
115.29 0.303863073853
115.36 0.551240083023
115.43 0.774446618639
115.5 0.682281959658
115.57 0.222148814078
115.64 0.261718686679
115.71 0.293018454291
115.78 0.583147333774
115.85 0.466442226937
115.92 0.635007414467
115.99 0.407260275041
116.06 0.295274412921
116.13 0.417307442186
116.2 0.404231990123
116.27 0.710882371527
116.34 0.709914460308
116.41 0.474389973543
116.48 0.418010668381
116.55 0.297192549741
116.62 0.321994023841
116.69 0.347454774762
116.76 0.418407206698
116.83 0.36557814446
116.9 0.506451899992
116.97 0.313922294137
117.04 0.684200418741
117.11 0.336080333468
117.18 0.244745700019
117.25 0.393212401377
117.32 0.255871481412
117.39 0.593798512939
117.46 0.510984958457
117.53 0.417639405029
117.6 0.8973908189
117.67 0.834409767456
117.74 0.598732081705
117.81 0.403674610408
117.88 0.355609742698
117.95 0.616573084646
118.02 0.734248371482
118.09 0.741821465155
118.16 0.840512595566
118.23 0.77253125923
118.3 0.805270475558
118.37 0.738290919076
118.44 0.676267073002
118.51 0.845870471592
118.58 0.420722650606
118.65 0.546447838707
118.72 0.849608082398
118.79 0.646920163742
118.86 0.665004190223
118.93 0.697117745989
119.0 0.654854336492
119.07 0.755627896825
119.14 0.731486204297
119.21 0.738904245651
119.28 0.802145554567
119.35 0.653469769486
119.42 0.570180771528
119.49 0.295976269824
119.56 0.288115702372
119.63 0.327575221383
119.7 0.265907969888
119.77 0.670362929498
119.84 0.840400613839
119.91 0.843311753063
119.98 0.660542530398
120.05 0.745509976859
120.12 0.708906301208
120.19 0.726749204074
120.26 0.736946642663
120.33 0.850805857453
120.4 0.678748880776
120.47 0.584858888613
120.54 0.493706281769
120.61 0.393380207012
120.68 0.712055615796
120.75 0.725132276668
120.82 0.58103899342
120.89 0.688269992391
120.96 0.694179796846
121.03 0.39520592694
121.1 0.342081748512
121.17 0.277540168206
121.24 0.506452777478
121.31 0.736486108686
121.38 0.632220562484
121.45 0.785700973754
121.52 0.528729729124
121.59 0.545215421068
121.66 0.524643214038
121.73 0.327605507597
121.8 0.692655369162
121.87 0.239719549993
121.94 0.243524055529
122.01 0.779845577323
122.08 0.494326879313
122.15 0.234893351622
122.22 0.147568872551
122.29 0.162851274738
122.36 0.20805242242
122.43 0.127974170846
122.5 0.725865236442
122.57 0.671390050323
122.64 0.491346954494
122.71 0.300850511208
122.78 0.224432395404
122.85 0.148337861026
122.92 0.096222372331
122.99 0.0948704327971
123.06 0.565875490605
123.13 0.378082641658
123.2 0.223303782564
123.27 0.0741941388261
123.34 0.0787089771589
123.41 0.177375921049
123.48 0.161314923338
123.55 0.455517926974
123.62 0.663409263387
123.69 0.608086156456
123.76 0.409248969253
123.83 0.270430203435
123.9 0.273246684165
123.97 0.303180683424
124.04 0.315674252166
124.11 0.441029333954
124.18 0.689941800214
124.25 0.633512830371
124.32 0.633002719722
124.39 0.65895294225
124.46 0.58985741465
124.53 0.71384407233
124.6 0.532860416189
124.67 0.563911466955
124.74 0.785028371567
124.81 0.661215611449
124.88 0.58979791643
124.95 0.536470763032
125.02 0.40073124104
125.09 0.848730306349
125.16 0.717190962372
125.23 0.836897463965
125.3 0.655419585109
125.37 0.658783019258
125.44 0.616199178483
125.51 0.481044467354
125.58 0.52642296301
125.65 0.714485135492
125.72 0.612962475075
125.79 0.710967265075
125.86 0.516597860687
125.93 0.317446941128
126.0 0.162881769323
126.07 0.102345998675
126.14 0.371686422562
126.21 0.307574541267
126.28 0.343598956995
126.35 0.70893179231
126.42 0.551617600081
126.49 0.320363901786
126.56 0.261609583313
126.63 0.256118847085
126.7 0.279865739443
126.77 0.2979487849
126.84 0.245369366176
126.91 0.723377084365
126.98 0.414619519647
127.05 0.394050937747
127.12 0.210436701104
127.19 0.169592265646
127.26 0.431560012141
127.33 0.405756912201
127.4 0.428036388884
127.47 0.510397260172
127.54 0.530003008108
127.61 0.382475338579
127.68 0.46212254644
127.75 0.346111515611
127.82 0.429664169681
127.89 0.413303615285
127.96 0.273647445546
128.03 0.62715838764
128.1 0.300739940189
128.17 0.38298836124
128.24 0.297091812262
128.31 0.352561417963
128.38 0.607047669726
128.45 0.551488736453
128.52 0.511493259777
128.59 0.663338779766
128.66 0.704465672577
128.73 0.632066300937
128.8 0.593504973117
128.87 0.608185034131
128.94 0.59732796669
129.01 0.558181655874
129.08 0.758931616618
129.15 0.737128050627
129.22 0.506338017045
129.29 0.34140967178
129.36 0.378158242654
129.43 0.352936314211
129.5 0.461658406746
129.57 0.45448172585
129.64 0.476679679152
129.71 0.654700173307
129.78 0.682576406734
129.85 0.509180615283
129.92 0.438997548442
129.99 0.423366792022
130.06 0.455939351989
130.13 0.428061464539
130.2 0.611162330374
130.27 0.429184526438
130.34 0.205725639786
130.41 0.228018128631
130.48 0.270870056953
130.55 0.277816704469
130.62 0.397931772929
130.69 0.379971044899
130.76 0.681661061853
130.83 0.897281342797
130.9 0.861692762011
130.97 0.487416326503
131.04 0.444978912021
131.11 0.409185805782
131.18 0.449697741292
131.25 0.436184043141
131.32 0.633795264429
131.39 0.687340747509
131.46 0.542115676681
131.53 0.694145798788
131.6 0.481500169981
131.67 0.604190591673
131.74 0.630991304054
131.81 0.540238311906
131.88 0.712079596535
131.95 0.911818888672
132.02 0.722545403518
132.09 0.743820338466
132.16 0.659518607608
132.23 0.565688636532
132.3 0.722234385155
132.37 0.490343268243
132.44 0.77050898629
132.51 0.79099794344
132.58 0.683089393157
132.65 0.623715311916
132.72 0.56472437374
132.79 0.60513273353
132.86 0.529691548414
132.93 0.34259077201
133.0 0.62971823344
133.07 0.789334739641
133.14 0.595254916034
133.21 0.608167508998
133.28 0.588658012751
133.35 0.630962353483
133.42 0.751178974785
133.49 0.691259671801
133.56 0.714247422166
133.63 0.315323469962
133.7 0.216890119872
133.77 0.205694870825
133.84 0.39694165924
133.91 0.910791459821
133.98 0.76970088497
134.05 0.711292249445
134.12 0.620541241347
134.19 0.497129216726
134.26 0.41361308834
134.33 0.417457166171
134.4 0.472848482766
134.47 0.487456518734
134.54 0.449148903477
134.61 0.462087634657
134.68 0.580609277585
134.75 0.253283635003
134.82 0.23119384934
134.89 0.210314370735
134.96 0.643792192256
135.03 0.530712616138
135.1 0.168216974368
135.17 0.808136268939
135.24 0.768203967383
135.31 0.753684002292
135.38 0.638920484969
135.45 0.433166189695
135.52 0.613074157836
135.59 0.516642502471
135.66 0.362770874747
135.73 0.691272361701
135.8 0.644985569527
135.87 0.457948836669
135.94 0.34439709147
136.01 0.310992672052
136.08 0.52252621142
136.15 0.649446675423
136.22 0.543779838209
136.29 0.85600885588
136.36 0.729558091572
136.43 0.722724681184
136.5 0.662628290367
136.57 0.539705030704
136.64 0.748666621951
136.71 0.380955110663
136.78 0.388736348449
136.85 0.830697975191
136.92 0.753950701133
136.99 0.728303823494
137.06 0.710457032768
137.13 0.552073984765
137.2 0.659513105848
137.27 0.487923154992
137.34 0.420095430501
137.41 0.94534025059
137.48 0.808323840014
137.55 0.616660530411
137.62 0.678808058028
137.69 0.560095600692
137.76 0.675492650067
137.83 0.82858380952
137.9 0.748205389091
137.97 0.743126373762
138.04 0.279732837825
138.11 0.565789515082
138.18 0.758170896962
138.25 0.761838066857
138.32 0.836146958351
138.39 0.683592152595
138.46 0.768427868714
138.53 0.741658111662
138.6 0.53141907143
138.67 0.581414522544
138.74 0.5271644388
138.81 0.354532623281
138.88 0.39848233336
138.95 0.360331201838
139.02 0.672150288527
139.09 0.35775457638
139.16 0.256429734731
139.23 0.187570285847
139.3 0.183234581522
139.37 0.594640233108
139.44 0.758805636528
139.51 0.217141115852
139.58 0.833003360364
139.65 0.96377279826
139.72 0.952157870111
139.79 0.462046210323
139.86 0.346135883324
139.93 0.493677239307
140.0 0.480076011266
140.07 0.37720820601
140.14 0.81817986531
140.21 0.741322046118
140.28 0.58999722097
140.35 0.409264374441
140.42 0.419274688462
140.49 0.595547349291
140.56 0.359249698874
140.63 0.465434927203
140.7 0.814831700455
140.77 0.713248745869
140.84 0.704228616719
140.91 0.505420733412
140.98 0.565507411053
141.05 0.60521439151
141.12 0.54131520742
141.19 0.741675472428
141.26 0.835829774289
141.33 0.597131254487
141.4 0.463740285327
141.47 0.516852837712
141.54 0.687285346813
141.61 0.619719348741
141.68 0.330775717486
141.75 0.782911768865
141.82 0.915976311886
141.89 0.735856283301
141.96 0.765792731237
142.03 0.735969308175
142.1 0.781495538588
142.17 0.508745173786
142.24 0.704987110305
142.31 0.764057869952
142.38 0.723587272064
142.45 0.406201761437
142.52 0.266219767375
142.59 0.236016315159
142.66 0.84901574172
142.73 0.924394018327
142.8 0.673990582749
142.87 0.829014990421
142.94 0.747065517768
143.01 0.423131549377
143.08 0.413726649024
143.15 0.418211571292
143.22 0.639889966085
143.29 0.678077304911
143.36 0.476049523739
143.43 0.825015954749
143.5 0.718086743711
143.57 0.422300397868
143.64 0.304718665551
143.71 0.302895162634
143.78 0.473165794956
143.85 0.307838581765
143.92 0.451731914653
143.99 0.724884335064
144.06 0.668082500911
144.13 0.338115551271
144.2 0.2416339905
144.27 0.266317156689
144.34 0.34007744074
144.41 0.314548508628
144.48 0.684212685428
144.55 0.768591924973
144.62 0.62115018308
144.69 0.448964494199
144.76 0.161470639595
144.83 0.263197562737
144.9 0.380946588176
144.97 0.224292994176
145.04 0.680115470964
145.11 0.727146856721
145.18 0.64303074395
145.25 0.290567586316
145.32 0.279835872559
145.39 0.516419037295
145.46 0.58234093048
145.53 0.65684010575
145.6 0.754200247579
145.67 0.590161483011
145.74 0.508493002647
145.81 0.216112788807
145.88 0.119953504883
145.95 0.727952945517
146.02 0.76682888577
146.09 0.624487119218
146.16 0.673334981532
146.23 0.725324532846
146.3 0.691202663675
146.37 0.611054856441
146.44 0.574934155375
146.51 0.51529654615
146.58 0.53281580029
146.65 0.543621690098
146.72 1.0
146.79 0.716929587982
146.86 0.652591430448
146.93 0.588609453341
147.0 0.659817544358
147.07 0.809334314487
147.14 0.774749518313
147.21 0.733281016781
147.28 0.827333013853
147.35 0.914903427182
147.42 0.858233291015
147.49 0.805218283252
147.56 0.788597836356
147.63 0.812037008043
147.7 0.839050888728
147.77 0.785767872366
147.84 0.617609833229
147.91 0.369040888557
147.98 0.304323829142
148.05 0.260327027308
148.12 0.284521282291
148.19 0.70344604274
148.26 0.326849330679
148.33 0.233759159368
148.4 0.609079517361
148.47 0.629754853603
148.54 0.678321898349
148.61 0.612181190146
148.68 0.746190106273
148.75 0.752520933238
148.82 0.549083558586
148.89 0.369194100485
148.96 0.79942773667
149.03 0.706858079009
149.1 0.459382485953
149.17 0.181726617704
149.24 0.20713794726
149.31 0.327133792791
149.38 0.373948722907
149.45 0.323973265016
149.52 0.746890292327
149.59 0.66351297759
149.66 0.681697412817
149.73 0.748923605028
149.8 0.830635386356
149.87 0.829882227576
149.94 0.835380230891
150.01 0.787036574962
150.08 0.892927841551
150.15 0.901882032407
150.22 0.43214810646
150.29 0.161730775409
150.36 0.170535414412
150.43 0.521642707121
150.5 0.741490818541
150.57 0.692828697265
150.64 0.738513381227
150.71 0.782475588365
150.78 0.595523006169
150.85 0.733544494291
150.92 0.755397202094
150.99 0.732079796493
151.06 0.188370390136
151.13 0.708461238425
151.2 0.791072542705
151.27 0.554399263507
151.34 0.266043335714
151.41 0.255681272702
151.48 0.663963072329
151.55 0.108190174155
151.62 0.0825222109635
151.69 0.540431717358
151.76 0.717233110179
151.83 0.646050849351
151.9 0.246594656504
151.97 0.11551747723
152.04 0.611728292111
152.11 0.422524490745
152.18 0.449523838551
152.25 0.49698623696
152.32 0.584361374678
152.39 0.644613968382
152.46 0.53843526037
152.53 0.292771696905
152.6 0.196256606586
152.67 0.096994384121
152.74 0.629927032433
152.81 0.702691800691
152.88 0.55840178065
152.95 0.328402346551
153.02 0.175548064352
153.09 0.161112323694
153.16 0.096394610695
153.23 0.100492512393
153.3 0.623525409938
153.37 0.846287208915
153.44 0.637185023162
153.51 0.13102871952
153.58 0.157430913416
153.65 0.136076224296
153.72 0.126550857262
153.79 0.0805963333698
153.86 0.743018005517
153.93 0.649285651539
154.0 0.512378085482
154.07 0.216382674036
154.14 0.18026564987
154.21 0.122320618229
154.28 0.0868191441203
154.35 0.0750924892072
154.42 0.68180681256
154.49 0.779387814287
154.56 0.563485396958
154.63 0.121179397027
154.7 0.124599130066
154.77 0.105878118534
154.84 0.133967912415
154.91 0.102914894425
154.98 0.667547510034
155.05 0.697768254422
155.12 0.518893847182
155.19 0.10677863804
155.26 0.185038263346
155.33 0.675971718673
155.4 0.81464433775
155.47 0.529034806983
155.54 0.176599859622
155.61 0.14869879256
155.68 0.105528697857
155.75 0.11118886527
155.82 0.614665819336
155.89 0.75805249069
155.96 0.670277954413
156.03 0.678125869498
156.1 0.75971674152
156.17 0.622595946331
156.24 0.245019707362
156.31 0.213035277952
156.38 0.205828833709
156.45 0.124157528046
156.52 0.134602389254
156.59 0.786565028405
156.66 0.966964821056
156.73 0.760679392998
156.8 0.33486063679
156.87 0.165102144467
156.94 0.122072842286
157.01 0.155818708645
157.08 0.174683343174
157.15 0.0739098760256
157.22 0.0
157.29 0.0
157.36 0.0
157.43 0.0
157.5 0.0
157.57 0.0
157.64 0.0
157.71 0.0
157.78 0.0
157.85 0.0
157.92 0.0
157.99 0.0
158.06 0.0
158.13 0.0
158.2 0.0
158.27 0.0
158.34 0.0
158.41 0.0
158.48 0.0
158.55 0.0
158.62 0.0
158.69 0.0
158.76 0.0
158.83 0.0
158.9 0.0
158.97 0.0
159.04 0.0
159.11 0.0
159.18 0.0
159.25 0.0
159.32 0.0
159.39 0.0
159.46 0.0
159.53 0.0
159.6 0.0
159.67 0.0
159.74 0.0
159.81 0.0
159.88 0.0
159.95 0.0
160.02 0.0
160.09 0.0
160.16 0.0
160.23 0.0
160.3 0.0
160.37 0.0
160.44 0.0
160.51 0.0
160.58 0.0
160.65 0.0
160.72 0.0
160.79 0.0
160.86 0.0
160.93 0.0
161.0 0.0
161.07 0.0
161.14 0.0
161.21 0.0
161.28 0.0
161.35 0.0
161.42 0.0
161.49 0.0
161.56 0.0
161.63 0.0
161.7 0.0
161.77 0.0
161.84 0.0
161.91 0.0
161.98 0.0
162.05 0.0
162.12 0.0
162.19 0.0
162.26 0.0
162.33 0.0
162.4 0.0
162.47 0.0
162.54 0.0
162.61 0.0
162.68 0.0
162.75 0.0
162.82 0.0
162.89 0.0
162.96 0.0
163.03 0.0
163.1 0.0
163.17 0.0
163.24 0.0
163.31 0.0
163.38 0.0
163.45 0.0
163.52 0.0
163.59 0.0
163.66 0.0
163.73 0.0
163.8 0.0
163.87 0.0
163.94 0.0
164.01 0.0
164.08 0.0
164.15 0.0
164.22 0.0
164.29 0.0
164.36 0.0
164.43 0.0
164.5 0.0
164.57 0.0
164.64 0.0
164.71 0.0
164.78 0.0
164.85 0.0
164.92 0.0
164.99 0.0
165.06 0.0
165.13 0.0
165.2 0.0
165.27 0.0
165.34 0.0
165.41 0.0
165.48 0.0
165.55 0.0
165.62 0.0
165.69 0.0
165.76 0.0
165.83 0.0
165.9 0.0
165.97 0.0
166.04 0.0
166.11 0.0
166.18 0.0
