0.0 0.0
0.07 0.0
0.14 0.0
0.21 0.0
0.28 0.0
0.35 0.0
0.42 0.0
0.49 0.0
0.56 0.0
0.63 0.0
0.7 0.0
0.77 0.0
0.84 0.0
0.91 0.0
0.98 0.0
1.05 0.0
1.12 0.0
1.19 0.0
1.26 0.0
1.33 0.0
1.4 0.0
1.47 0.0
1.54 0.0
1.61 0.0
1.68 0.0
1.75 0.0
1.82 0.0
1.89 0.0
1.96 0.0
2.03 0.0
2.1 0.0
2.17 0.0
2.24 0.0
2.31 0.0
2.38 0.0
2.45 0.0
2.52 0.0
2.59 0.0
2.66 0.0
2.73 0.0
2.8 0.0
2.87 0.0
2.94 0.0
3.01 0.0
3.08 0.0
3.15 0.0
3.22 0.0
3.29 0.0
3.36 0.0
3.43 0.0
3.5 0.0
3.57 0.0
3.64 0.0
3.71 0.0
3.78 0.0
3.85 0.0
3.92 0.0
3.99 6.08793483606e-05
4.06 0.0276342310839
4.13 0.119363619687
4.2 0.140227489471
4.27 0.0879695206509
4.34 0.0931247162533
4.41 0.0770966688104
4.48 0.0580431339768
4.55 0.212584131742
4.62 0.112742540988
4.69 0.0732125820221
4.76 0.0517163256814
4.83 0.0513378551565
4.9 0.166549491692
4.97 0.216904482783
5.04 0.17289808132
5.11 0.159289015377
5.18 0.10607483692
5.25 0.140917122458
5.32 0.287958027689
5.39 0.102561433136
5.46 0.110498412709
5.53 0.0960592148869
5.6 0.0849388177647
5.67 0.220264171671
5.74 0.241660822701
5.81 0.244026867396
5.88 0.176515653467
5.95 0.115177952174
6.02 0.272592135162
6.09 0.134931053565
6.16 0.0868078428766
6.23 0.0747978364697
6.3 0.0570501179604
6.37 0.185927561362
6.44 0.177217310806
6.51 0.194359069373
6.58 0.136307057327
6.65 0.142997193821
6.72 0.19639758258
6.79 0.28836693654
6.86 0.110390352607
6.93 0.108518156948
7.0 0.0851112310665
7.07 0.0838608723478
7.14 0.15029893712
7.21 0.134387315601
7.28 0.124406845925
7.35 0.103474120549
7.42 0.0755096241903
7.49 0.161758917042
7.56 0.154871492204
7.63 0.070276926786
7.7 0.0712924224094
7.77 0.0520232688359
7.84 0.0749505133882
7.91 0.175496946857
7.98 0.169209813531
8.05 0.205089775039
8.12 0.0982701265674
8.19 0.0746166448517
8.26 0.254461167391
8.33 0.160037897954
8.4 0.0695500991892
8.47 0.0920401021739
8.54 0.0621335866852
8.61 0.167982146059
8.68 0.144319422307
8.75 0.0962629737333
8.82 0.137230733811
8.89 0.123304417741
8.96 0.238677726543
9.03 0.184806995548
9.1 0.104587351778
9.17 0.0760493369625
9.24 0.0535302167128
9.31 0.0724232803674
9.38 0.237234275873
9.45 0.132848590812
9.52 0.116487553743
9.59 0.357406542672
9.66 0.336374740409
9.73 0.224346888084
9.8 0.482738924003
9.87 0.469097520372
9.94 0.245393149226
10.01 0.446371008358
10.08 0.214043076573
10.15 0.510121333881
10.22 0.380682531178
10.29 0.119745452178
10.36 0.104778206014
10.43 0.0785084531074
10.5 0.429836270626
10.57 0.300263110617
10.64 0.0775102768646
10.71 0.0789501134895
10.78 0.0874451429715
10.85 0.28317004798
10.92 0.38949936036
10.99 0.360239217151
11.06 0.303436304771
11.13 0.118723208359
11.2 0.21391719293
11.27 0.611370035342
11.34 0.464765111279
11.41 0.23421704781
11.48 0.126300107116
11.55 0.120753913825
11.62 0.497715228872
11.69 0.541823680957
11.76 0.378920146701
11.83 0.196375980535
11.9 0.104382678973
11.97 0.461317172813
12.04 0.45448949903
12.11 0.241991504515
12.18 0.12046986412
12.25 0.359601487037
12.32 0.437047832633
12.39 0.437896546988
12.46 0.256578086923
12.53 0.138326386839
12.6 0.360939449631
12.67 0.158459490108
12.74 0.414732730049
12.81 0.498279795117
12.88 0.323826432608
12.95 0.303198409975
13.02 0.357255662666
13.09 0.369364396822
13.16 0.4302578711
13.23 0.17019070679
13.3 0.162016320405
13.37 0.133679805152
13.44 0.303967314716
13.51 0.385257368463
13.58 0.142894306078
13.65 0.100169576525
13.72 0.0927416139264
13.79 0.0942365590195
13.86 0.412116515475
13.93 0.442356314459
14.0 0.37968600761
14.07 0.16449920891
14.14 0.149678352492
14.21 0.51320890036
14.28 0.558833634023
14.35 0.319892970487
14.42 0.15236384324
14.49 0.114679375627
14.56 0.244562401301
14.63 0.521819724891
14.7 0.504684930203
14.77 0.288914594551
14.84 0.175317236714
14.91 0.183281403185
14.98 0.524181815838
15.05 0.411074950464
15.12 0.250270617344
15.19 0.132306944977
15.26 0.414083478396
15.33 0.431586974496
15.4 0.409577561407
15.47 0.142501057193
15.54 0.114572658154
15.61 0.442434297505
15.68 0.31608896157
15.75 0.422985098132
15.82 0.462215354166
15.89 0.302940700611
15.96 0.321962534022
16.03 0.276843200592
16.1 0.52523364199
16.17 0.427110541435
16.24 0.125832975867
16.31 0.135124063288
16.38 0.0905536711847
16.45 0.39415814973
16.52 0.334309359785
16.59 0.101678233693
16.66 0.0827119751657
16.73 0.0976470346194
16.8 0.283276036172
16.87 0.42544483167
16.94 0.398917613391
17.01 0.361888378603
17.08 0.195126545211
17.15 0.267378110552
17.22 0.643062408406
17.29 0.455953787417
17.36 0.297896213973
17.43 0.170884040096
17.5 0.102070874621
17.57 0.451099529533
17.64 0.614041768183
17.71 0.469219486664
17.78 0.237005748479
17.85 0.181929779741
17.92 0.369845439653
17.99 0.5506926934
18.06 0.301384281692
18.13 0.147055721335
18.2 0.267761564712
18.27 0.456837690527
18.34 0.43148965543
18.41 0.447454843281
18.48 0.460943179067
18.55 0.517184183501
18.62 0.198132418889
18.69 0.165756217418
18.76 0.10550312616
18.83 0.0848958077897
18.9 0.170400192032
18.97 0.14818738541
19.04 0.193040932132
19.11 0.443688006057
19.18 0.444073478206
19.25 0.379443358342
19.32 0.214374560459
19.39 0.221224247434
19.46 0.244433829704
19.53 0.362465006945
19.6 0.330071499574
19.67 0.446381357119
19.74 0.716943077987
19.81 0.711944390381
19.88 0.575434304835
19.95 0.202102890941
20.02 0.145029220348
20.09 0.133184275134
20.16 0.241263807444
20.23 0.231126437499
20.3 0.312411575011
20.37 0.262416271114
20.44 0.154868794813
20.51 0.246639469272
20.58 0.367921219799
20.65 0.406594690369
20.72 0.380819751682
20.79 0.4183337094
20.86 0.443948108159
20.93 0.499689709708
21.0 0.385807191397
21.07 0.418544539967
21.14 0.375425088142
21.21 0.354954134282
21.28 0.457022023035
21.35 0.425069814776
21.42 0.475326301889
21.49 0.347936717032
21.56 0.36012975241
21.63 0.387232474781
21.7 0.408591282803
21.77 0.308777370974
21.84 0.333965621035
21.91 0.31959169846
21.98 0.334773590092
22.05 0.327762202542
22.12 0.316518669045
22.19 0.308281797819
22.26 0.263512138477
22.33 0.247247652102
22.4 0.409196099623
22.47 0.246736482337
22.54 0.187401382957
22.61 0.317084757207
22.68 0.292312179021
22.75 0.283397816438
22.82 0.268517482614
22.89 0.233773571643
22.96 0.40676853527
23.03 0.234981961059
23.1 0.488718619451
23.17 0.56057676336
23.24 0.508567361621
23.31 0.344568852393
23.38 0.474544569376
23.45 0.311988462057
23.52 0.481152429376
23.59 0.456103783121
23.66 0.290713642517
23.73 0.161572031381
23.8 0.25077296296
23.87 0.532488674995
23.94 0.406677201419
24.01 0.122655790221
24.08 0.107772281807
24.15 0.125657451332
24.22 0.256120776011
24.29 0.422280801367
24.36 0.372521190946
24.43 0.374533567363
24.5 0.14772971862
24.57 0.394372853163
24.64 0.671569560269
24.71 0.468010854604
24.78 0.278679935196
24.85 0.130885169144
24.92 0.141544098056
24.99 0.584054131455
25.06 0.639193695804
25.13 0.417921081357
25.2 0.22388740551
25.27 0.207750018692
25.34 0.466944926799
25.41 0.546916779947
25.48 0.344334540638
25.55 0.321191561416
25.62 0.710466458667
25.69 0.553503821103
25.76 0.384111849423
25.83 0.177152197322
25.9 0.117536778213
25.97 0.167161601309
26.04 0.331426122366
26.11 0.197398523615
26.18 0.404746316947
26.25 0.37817351532
26.32 0.174723694746
26.39 0.264019150943
26.46 0.273114930264
26.53 0.582803349457
26.6 0.336767675205
26.67 0.212209675626
26.74 0.13645578589
26.81 0.164033626537
26.88 0.580981352772
26.95 0.325076079572
27.02 0.141257142017
27.09 0.124100315265
27.16 0.113357938429
27.23 0.31248614217
27.3 0.598046980475
27.37 0.370067829505
27.44 0.284809681616
27.51 0.165313869545
27.58 0.234003044
27.65 0.65947206322
27.72 0.472299047242
27.79 0.196744776309
27.86 0.136790681619
27.93 0.113124629602
28.0 0.540294982753
28.07 0.70652310746
28.14 0.430210756399
28.21 0.239310950221
28.28 0.19274204071
28.35 0.418036210484
28.42 0.557878834417
28.49 0.314071241595
28.56 0.391742214758
28.63 0.672506917824
28.7 0.59223956892
28.77 0.250104735207
28.84 0.14940276297
28.91 0.112660097339
28.98 0.251062807809
29.05 0.273485276263
29.12 0.34120661844
29.19 0.360012563507
29.26 0.211400071419
29.33 0.221873693203
29.4 0.186928267841
29.47 0.323470964723
29.54 0.418480421323
29.61 0.179251763772
29.68 0.15609183992
29.75 0.125607252358
29.82 0.373828477962
29.89 0.392387150047
29.96 0.159000630435
30.03 0.15158221722
30.1 0.109939664524
30.17 0.115416151622
30.24 0.442649015766
30.31 0.396673871995
30.38 0.272094162528
30.45 0.193212086382
30.52 0.123962705183
30.59 0.48131595652
30.66 0.603103661316
30.73 0.341988505976
30.8 0.159050600245
30.87 0.140560009986
30.94 0.27190444063
31.01 0.738971878322
31.08 0.591093234327
31.15 0.371602417215
31.22 0.211156974608
31.29 0.171996335797
31.36 0.474684659817
31.43 0.53521869359
31.5 0.281526034622
31.57 0.519603949549
31.64 0.688058529973
31.71 0.562157299732
31.78 0.3317565521
31.85 0.154818680765
31.92 0.176191149636
31.99 0.153525789271
32.06 0.211622143138
32.13 0.14744158441
32.2 0.0806194170795
32.27 0.102357737646
32.34 0.116638359607
32.41 0.17499388679
32.48 0.300853877008
32.55 0.425268378348
32.62 0.37784693958
32.69 0.220973193252
32.76 0.17371489205
32.83 0.266703441952
32.9 0.292126379866
32.97 0.293985381089
33.04 0.233333631336
33.11 0.619559352413
33.18 0.623695369598
33.25 0.449288097293
33.32 0.251533375165
33.39 0.203456886903
33.46 0.14833189197
33.53 0.231990023228
33.6 0.31852235342
33.67 0.228269442015
33.74 0.230731988875
33.81 0.13252465315
33.88 0.192738212329
33.95 0.436124499893
34.02 0.489529401828
34.09 0.401124096821
34.16 0.447618199226
34.23 0.373082520591
34.3 0.51575489784
34.37 0.564897517458
34.44 0.382593613214
34.51 0.486761692551
34.58 0.380425351586
34.65 0.348015715138
34.72 0.365963544747
34.79 0.269210536879
34.86 0.289278951291
34.93 0.222181643329
35.0 0.248697861752
35.07 0.335738122413
35.14 0.269912016279
35.21 0.225019848741
35.28 0.20857859765
35.35 0.211385279578
35.42 0.277060640509
35.49 0.263928313164
35.56 0.236916548546
35.63 0.241683697279
35.7 0.196888554938
35.77 0.246583078835
35.84 0.284664858271
35.91 0.2974541047
35.98 0.26449467767
36.05 0.158979121403
36.12 0.203227999587
36.19 0.213563578574
36.26 0.15841181463
36.33 0.134503849366
36.4 0.164594577389
36.47 0.142470954524
36.54 0.120018623349
36.61 0.135979680862
36.68 0.142300141324
36.75 0.0753193428631
36.82 0.0730753547783
36.89 0.465807752012
36.96 0.384386186632
37.03 0.150603678955
37.1 0.151007775369
37.17 0.0776031083673
37.24 0.167132571665
37.31 0.64562952534
37.38 0.570833735167
37.45 0.331009068769
37.52 0.433034973391
37.59 0.156515586444
37.66 0.397911342279
37.73 0.457243040601
37.8 0.18157347069
37.87 0.187409798656
37.94 0.23310559597
38.01 0.484034317425
38.08 0.457233662415
38.15 0.0984146910924
38.22 0.089860972797
38.29 0.0839056819315
38.36 0.218158756156
38.43 0.45907496142
38.5 0.417682779459
38.57 0.351407309
38.64 0.323937738746
38.71 0.278072821347
38.78 0.442039373029
38.85 0.301777827142
38.92 0.106892705847
38.99 0.0841377654063
39.06 0.0986324140938
39.13 0.485103169089
39.2 0.51613091901
39.27 0.408486031977
39.34 0.329645016566
39.41 0.280401999001
39.48 0.439579829561
39.55 0.36112850291
39.62 0.14524397905
39.69 0.45755829296
39.76 0.407434701898
39.83 0.190190254825
39.9 0.504908389036
39.97 0.335281168727
40.04 0.159400481929
40.11 0.381191432222
40.18 0.331348408925
40.25 0.584133833228
40.32 0.582148209645
40.39 0.173411122138
40.46 0.3142951628
40.53 0.332354080167
40.6 0.651416557506
40.67 0.847942525657
40.74 0.563337337559
40.81 0.305171046718
40.88 0.266043272672
40.95 0.595835398828
41.02 0.746201486292
41.09 0.386179049876
41.16 0.119651701324
41.23 0.092535043107
41.3 0.20767576023
41.37 0.513211473733
41.44 0.292312951437
41.51 0.148818353848
41.58 0.255121801739
41.65 0.178992385557
41.72 0.495034007308
41.79 0.495871452203
41.86 0.14586103995
41.93 0.0965994709118
42.0 0.118219001125
42.07 0.686110579549
42.14 0.706126564011
42.21 0.50544416963
42.28 0.322288788933
42.35 0.26498577809
42.42 0.330934497566
42.49 0.519172833391
42.56 0.249665490479
42.63 0.107952299298
42.7 0.09181909674
42.77 0.143133469361
42.84 0.350786617879
42.91 0.249556949134
42.98 0.154504722506
43.05 0.121848561228
43.12 0.120724979891
43.19 0.425218374837
43.26 0.405721060532
43.33 0.464552446054
43.4 0.425200885606
43.47 0.440591220459
43.54 0.30206935567
43.61 0.40383990727
43.68 0.501079982277
43.75 0.455307285727
43.82 0.425274052171
43.89 0.306979367724
43.96 0.218393419744
44.03 0.243900724933
44.1 0.193174113963
44.17 0.143824864212
44.24 0.260499624445
44.31 0.445968605058
44.38 0.156920344736
44.45 0.16831408288
44.52 0.114351090595
44.59 0.0788541397486
44.66 0.161886958867
44.73 0.388158438859
44.8 0.328294454015
44.87 0.1534903053
44.94 0.163077526091
45.01 0.17124948334
45.08 0.331688529585
45.15 0.446906013839
45.22 0.38244236385
45.29 0.208518004083
45.36 0.302141415509
45.43 0.412256716455
45.5 0.321426059198
45.57 0.307189034949
45.64 0.276607586648
45.71 0.259789102517
45.78 0.337152221263
45.85 0.614531497665
45.92 0.666147817673
45.99 0.710356216118
46.06 0.643491514664
46.13 0.756738078206
46.2 0.67919993504
46.27 0.458772422252
46.34 0.371527930937
46.41 0.276193276275
46.48 0.278653876592
46.55 0.759196826341
46.62 0.770527262742
46.69 0.783115972096
46.76 0.852853392357
46.83 0.767431385711
46.9 0.764938364128
46.97 0.662508791763
47.04 0.688659321601
47.11 0.443787247402
47.18 0.331583538928
47.25 0.36760382813
47.32 0.719312937582
47.39 0.352927236976
47.46 0.272028815837
47.53 0.262722257173
47.6 0.261171172375
47.67 0.64883301493
47.74 0.590252858832
47.81 0.547812230209
47.88 0.524039158764
47.95 0.294239111094
48.02 0.306905295289
48.09 0.219563393243
48.16 0.173382533297
48.23 0.11193364584
48.3 0.102862943764
48.37 0.108098374955
48.44 0.205316761645
48.51 0.326352293343
48.58 0.226957405919
48.65 0.148100567432
48.72 0.364241710106
48.79 0.307856199113
48.86 0.798033141956
48.93 0.354312159248
49.0 0.178708454479
49.07 0.182140790944
49.14 0.165512175645
49.21 0.630902538402
49.28 0.497043817092
49.35 0.167110756633
49.42 0.128874849808
49.49 0.136824558748
49.56 0.317162137687
49.63 0.586789973503
49.7 0.385186963994
49.77 0.225425314745
49.84 0.160502284631
49.91 0.177199580279
49.98 0.689654125094
50.05 0.657299415131
50.12 0.236057211781
50.19 0.18966842895
50.26 0.130809460211
50.33 0.464441904245
50.4 0.776568402359
50.47 0.721882462083
50.54 0.313613395519
50.61 0.285860173226
50.68 0.258564834755
50.75 0.642872059678
50.82 0.563004512392
50.89 0.21555531139
50.96 0.339386794765
51.03 0.50115891433
51.1 0.307499810529
51.17 0.166517972253
51.24 0.161577027149
51.31 0.129633827718
51.38 0.234231295049
51.45 0.298063558714
51.52 0.468535549068
51.59 0.368340877774
51.66 0.248650245588
51.73 0.233515867671
51.8 0.310936270592
51.87 0.514701049656
51.94 0.586711952713
52.01 0.232066960209
52.08 0.143585355835
52.15 0.124655902339
52.22 0.432671588575
52.29 0.634201463872
52.36 0.23782753206
52.43 0.148219646262
52.5 0.111358934385
52.57 0.193870371128
52.64 0.523944541132
52.71 0.482295687784
52.78 0.330241501265
52.85 0.187699376597
52.92 0.121633601671
52.99 0.575287596956
53.06 0.715909540444
53.13 0.408520801497
53.2 0.166630766607
53.27 0.136525688894
53.34 0.349712552068
53.41 0.790947990668
53.48 0.600247515086
53.55 0.429928390373
53.62 0.264849998621
53.69 0.240162309395
53.76 0.720741452175
53.83 0.51862314526
53.9 0.224011697139
53.97 0.303563784471
54.04 0.468333293266
54.11 0.271596286952
54.18 0.176279988299
54.25 0.14893683146
54.32 0.118000773964
54.39 0.209782703054
54.46 0.362220799365
54.53 0.408294658753
54.6 0.532928196067
54.67 0.286864261891
54.74 0.285287363829
54.81 0.40615838298
54.88 0.668653246446
54.95 0.564004907478
55.02 0.185136852372
55.09 0.165592955835
55.16 0.124026658021
55.23 0.491157795661
55.3 0.562179180817
55.37 0.221327744483
55.44 0.119155642881
55.51 0.157074683766
55.58 0.243071791445
55.65 0.499152223867
55.72 0.444823901571
55.79 0.448399035305
55.86 0.286606931321
55.93 0.153114805815
56.0 0.651550413348
56.07 0.74981143403
56.14 0.368023488801
56.21 0.179928501585
56.28 0.140841936557
56.35 0.326968114063
56.42 0.661989173947
56.49 0.697552362528
56.56 0.490616715995
56.63 0.309517486019
56.7 0.286682039037
56.77 0.618253579226
56.84 0.556689867294
56.91 0.301721161709
56.98 0.308656449399
57.05 0.472360604646
57.12 0.48528794914
57.19 0.451974085462
57.26 0.443012379014
57.33 0.432280632675
57.4 0.375217623585
57.47 0.20022453078
57.54 0.164161297656
57.61 0.103593499988
57.68 0.153781078936
57.75 0.248471797194
57.82 0.277052285471
57.89 0.654191751
57.96 0.600314174751
58.03 0.642372151286
58.1 0.429744921947
58.17 0.215059453802
58.24 0.323238327211
58.31 0.436038636314
58.38 0.431210193042
58.45 0.333543738825
58.52 0.656139260621
58.59 0.739022594936
58.66 0.679083351398
58.73 0.481568159216
58.8 0.342850124942
58.87 0.211171949779
58.94 0.21135522409
59.01 0.275374951717
59.08 0.243671311889
59.15 0.19348649234
59.22 0.126063557646
59.29 0.17400377576
59.36 0.564251616986
59.43 0.457922709013
59.5 0.513980499796
59.57 0.508717374849
59.64 0.458342655464
59.71 0.466103332693
59.78 0.398214931556
59.85 0.322049641826
59.92 0.310325685588
59.99 0.270624596637
60.06 0.291031518126
60.13 0.226740447246
60.2 0.0774553085906
60.27 0.0640484283529
60.34 0.0545262644296
60.41 0.0354334145479
60.48 0.00351155834236
60.55 0.0159072943702
60.62 0.0510812862186
60.69 0.163850473548
60.76 0.234002436042
60.83 0.190955116849
60.9 0.105316665126
60.97 0.0348151633453
61.04 0.0217155888798
61.11 0.0195309258745
61.18 0.0141704818619
61.25 0.0120637061926
61.32 0.0102739460947
61.39 0.008849025328
61.46 0.00959039672913
61.53 0.00721378219801
61.6 0.00678631378652
61.67 0.00631581517975
61.74 0.00437162169123
61.81 0.027794762924
61.88 0.0981045531269
61.95 0.119759160209
62.02 0.0261905364214
62.09 0.0150405947113
62.16 0.0133900677132
62.23 0.0101512276067
62.3 0.0140683463146
62.37 0.00667415300309
62.44 0.00692696096092
62.51 0.00672887324108
62.58 0.00609804769358
62.65 0.0066171222562
62.72 0.00564422815721
62.79 0.00502455479183
62.86 0.141061829873
62.93 0.286032191558
63.0 0.137791331481
63.07 0.0534936529768
63.14 0.0306027456929
63.21 0.0271566014433
63.28 0.0328958327659
63.35 0.0257906552705
63.42 0.0154489913142
63.49 0.0107760585024
63.56 0.00940114394239
63.63 0.0116756916753
63.7 0.00933169656919
63.77 0.00655691287454
63.84 0.0713443198903
63.91 0.0749185828022
63.98 0.0794307869628
64.05 0.399894931697
64.12 0.346773076539
64.19 0.0853797178627
64.26 0.10238502295
64.33 0.0893605009315
64.4 0.064598213542
64.47 0.462511488884
64.54 0.331681234093
64.61 0.0744645327542
64.68 0.0661413504049
64.75 0.0598151810718
64.82 0.194317238917
64.89 0.406259363273
64.96 0.42579240689
65.03 0.367426665748
65.1 0.191304906868
65.17 0.140773496156
65.24 0.302919853458
65.31 0.67091973301
65.38 0.425556725545
65.45 0.112640187061
65.52 0.0870903261804
65.59 0.0798587460541
65.66 0.688022119912
65.73 0.835851439799
65.8 0.501387118199
65.87 0.178007272991
65.94 0.184369712192
66.01 0.335122471544
66.08 0.595312493188
66.15 0.339672003769
66.22 0.147029995693
66.29 0.184703427054
66.36 0.511232702144
66.43 0.33806140382
66.5 0.178369011873
66.57 0.118253306925
66.64 0.111248153976
66.71 0.537185683471
66.78 0.457617233854
66.85 0.351268902238
66.92 0.308051286137
66.99 0.15468227177
67.06 0.12445914242
67.13 0.203733442956
67.2 0.244126855545
67.27 0.714307535481
67.34 0.382754479363
67.41 0.143797099013
67.48 0.140399017123
67.55 0.0848394793621
67.62 0.524531720439
67.69 0.459813566681
67.76 0.1146944519
67.83 0.0810607593286
67.9 0.123376793017
67.97 0.191808623422
68.04 0.508366464625
68.11 0.493345254463
68.18 0.385184776156
68.25 0.226198442837
68.32 0.173586896057
68.39 0.608093973665
68.46 0.674249192516
68.53 0.459940900795
68.6 0.189526994532
68.67 0.107525924132
68.74 0.234853292404
68.81 0.733937282117
68.88 0.743451037082
68.95 0.473818174494
69.02 0.217474671626
69.09 0.182901273246
69.16 0.524541512467
69.23 0.633214294225
69.3 0.343904182069
69.37 0.166162591989
69.44 0.541949389357
69.51 0.523180204837
69.58 0.371514644837
69.65 0.194344638803
69.72 0.109675682816
69.79 0.546618358985
69.86 0.661228760394
69.93 0.398681733888
70.0 0.470335876307
70.07 0.311427844167
70.14 0.191526664498
70.21 0.16717531608
70.28 0.212001340246
70.35 0.613985644655
70.42 0.447370550146
70.49 0.103615638546
70.56 0.0963450170197
70.63 0.0726236475917
70.7 0.39085514919
70.77 0.24356219359
70.84 0.0926100726374
70.91 0.0862398553528
70.98 0.0859130854976
71.05 0.179685520704
71.12 0.377218974534
71.19 0.367357105141
71.26 0.300454804671
71.33 0.209007166047
71.4 0.135352637863
71.47 0.523568960766
71.54 0.601684357755
71.61 0.348555584281
71.68 0.147267596619
71.75 0.083245241699
71.82 0.372642294504
71.89 0.636675346245
71.96 0.565846006976
72.03 0.316047814561
72.1 0.204094360892
72.17 0.153166224748
72.24 0.569401060581
72.31 0.437886515012
72.38 0.202730691528
72.45 0.119945584846
72.52 0.365120884356
72.59 0.40826368661
72.66 0.346431199406
72.73 0.300253611109
72.8 0.40505651827
72.87 0.379780505267
72.94 0.143596512061
73.01 0.149932469379
73.08 0.10057885743
73.15 0.0914397863977
73.22 0.220153128398
73.29 0.230195022022
73.36 0.232374042209
73.43 0.492857102166
73.5 0.482903725028
73.57 0.44438630143
73.64 0.325879110826
73.71 0.273061766991
73.78 0.406685689911
73.85 0.494957676936
73.92 0.470732705537
73.99 0.486783078912
74.06 0.734295757439
74.13 0.727826429567
74.2 0.582141855072
74.27 0.429677484474
74.34 0.291596674805
74.41 0.134600408148
74.48 0.198372556792
74.55 0.1612669121
74.62 0.227943940648
74.69 0.249157508786
74.76 0.180924260825
74.83 0.146641881422
74.9 0.250440947953
74.97 0.379377504794
75.04 0.420009103351
75.11 0.443850833578
75.18 0.408436325032
75.25 0.500697642931
75.32 0.3873876725
75.39 0.357408943498
75.46 0.364749237517
75.53 0.321819101836
75.6 0.449582445882
75.67 0.417320242549
75.74 0.418192045817
75.81 0.375867469716
75.88 0.31304525432
75.95 0.392592511691
76.02 0.376210607249
76.09 0.303489455912
76.16 0.35502123475
76.23 0.293988356173
76.3 0.35232464574
76.37 0.380372587328
76.44 0.41336537115
76.51 0.280683318962
76.58 0.248355913175
76.65 0.184294072008
76.72 0.232944373943
76.79 0.216696357695
76.86 0.223116197
76.93 0.134522210767
77.0 0.184858213626
77.07 0.148287660688
77.14 0.194140824687
77.21 0.150987262526
77.28 0.0967049940372
77.35 0.0796260600137
77.42 0.130805083185
77.49 0.224132258792
77.56 0.24586762854
77.63 0.143251902489
77.7 0.085269794795
77.77 0.102690529114
77.84 0.245250486759
77.91 0.478664492531
77.98 0.3452875312
78.05 0.179161213122
78.12 0.113786917972
78.19 0.106941475918
78.26 0.470089913602
78.33 0.465958633366
78.4 0.150347935006
78.47 0.130815376678
78.54 0.0902699193927
78.61 0.244862131192
78.68 0.603543489737
78.75 0.342815034593
78.82 0.254928704395
78.89 0.160910243127
78.96 0.189446490686
79.03 0.486774749487
79.1 0.427265452025
79.17 0.248966955158
79.24 0.166247177644
79.31 0.1393499989
79.38 0.347017846244
79.45 0.669967318054
79.52 0.509803014773
79.59 0.284294119997
79.66 0.336714898814
79.73 0.301449988306
79.8 0.406069116995
79.87 0.259699011542
79.94 0.131604470737
80.01 0.358569153277
80.08 0.261734297585
80.15 0.137262754715
80.22 0.166835966488
80.29 0.173340801247
80.36 0.131044760065
80.43 0.109050924714
80.5 0.269509098036
80.57 0.175406460911
80.64 0.13909567981
80.71 0.117850381942
80.78 0.088400596368
80.85 0.10480589168
80.92 0.311345168659
80.99 0.192787378718
81.06 0.124788935888
81.13 0.104141741692
81.2 0.0896058866828
81.27 0.208479396746
81.34 0.236664217788
81.41 0.0767870026525
81.48 0.0690790802461
81.55 0.058271986244
81.62 0.108187188006
81.69 0.199752074846
81.76 0.160664442185
81.83 0.147154184872
81.9 0.0981834892236
81.97 0.0837543611226
82.04 0.347030265566
82.11 0.1917203698
82.18 0.103763191634
82.25 0.105897212167
82.32 0.0669791970109
82.39 0.148309241165
82.46 0.421931272864
82.53 0.175559070429
82.6 0.151233953162
82.67 0.125899723153
82.74 0.0946080616211
82.81 0.13431330113
82.88 0.0911557650013
82.95 0.0575730519086
83.02 0.142140047591
83.09 0.115935444565
83.16 0.0773729282988
83.23 0.0975750516177
83.3 0.111562898131
83.37 0.0806081314433
83.44 0.0978306648083
83.51 0.112123069826
83.58 0.207554892576
83.65 0.0836684975432
83.72 0.124395134314
83.79 0.0871769055593
83.86 0.0721794947177
83.93 0.128694662466
84.0 0.108918024619
84.07 0.0548217507491
84.14 0.0576884088511
84.21 0.0551302454763
84.28 0.116771812391
84.35 0.0797550414098
84.42 0.0545126089715
84.49 0.0461976589897
84.56 0.0397565128562
84.63 0.0672709951435
84.7 0.124055608131
84.77 0.101822920888
84.84 0.0891927059515
84.91 0.0549893165654
84.98 0.0559236585966
85.05 0.127466099907
85.12 0.147199818097
85.19 0.0749938064477
85.26 0.086773117842
85.33 0.0810835044959
85.4 0.10436463166
85.47 0.123412967175
85.54 0.131727470962
85.61 0.110149632358
85.68 0.0677934909848
85.75 0.0649866243777
85.82 0.0674707018372
85.89 0.0619878709498
85.96 0.0528431894516
86.03 0.106570629802
86.1 0.102907893541
86.17 0.109444851653
86.24 0.0911604143276
86.31 0.25566392073
86.38 0.251997732186
86.45 0.64194167409
86.52 0.332474484103
86.59 0.361524558376
86.66 0.202969427489
86.73 0.450025086276
86.8 0.279102263601
86.87 0.374304758233
86.94 0.817768175814
87.01 0.804911463604
87.08 0.754319544249
87.15 0.58276708633
87.22 0.737489847275
87.29 0.550384903688
87.36 0.425417613767
87.43 0.315492457999
87.5 0.196234573076
87.57 0.264364814668
87.64 0.611146091221
87.71 0.825419943688
87.78 0.632671234315
87.85 0.655252170788
87.92 0.587647396078
87.99 0.808021703804
88.06 0.581339915715
88.13 0.380171372198
88.2 0.320424964488
88.27 0.207564343555
88.34 0.606550053602
88.41 1.0
88.48 0.915784322993
88.55 0.826551726389
88.62 0.923627690559
88.69 0.859976259939
88.76 0.760409317787
88.83 0.494652739638
88.9 0.298435773071
88.97 0.249090109057
89.04 0.190355732556
89.11 0.639747263541
89.18 0.82879861272
89.25 0.730483235766
89.32 0.732247205516
89.39 0.864697516626
89.46 0.978636704415
89.53 0.624505858107
89.6 0.668953438708
89.67 0.443918788691
89.74 0.568345849547
89.81 0.813847425536
89.88 0.889665188576
89.95 0.808031001109
90.02 0.743494722416
90.09 0.69623252004
90.16 0.801881264878
90.23 0.843299340984
90.3 0.722859215567
90.37 0.667505992502
90.44 0.629648403875
90.51 0.840141223103
90.58 0.97699979513
90.65 0.918918506752
90.72 0.741447204425
90.79 0.707894846082
90.86 0.820149009653
90.93 0.833896986519
91.0 0.769444709788
91.07 0.689927099454
91.14 0.611795922524
91.21 0.645340066025
91.28 0.81181334732
91.35 0.68455340439
91.42 0.667095871779
91.49 0.620980851901
91.56 0.651531733814
91.63 0.711310883618
91.7 0.686374032833
91.77 0.683786500113
91.84 0.597799993274
91.91 0.546421271497
91.98 0.870455323686
92.05 0.870479132442
92.12 0.73982604812
92.19 0.712109905856
92.26 0.706317264572
92.33 0.769609354441
92.4 0.794076597662
92.47 0.621596079492
92.54 0.549754719799
92.61 0.485169154743
92.68 0.58179573302
92.75 0.645383217542
92.82 0.609831431876
92.89 0.624360833906
92.96 0.779244310022
93.03 0.644746207272
93.1 0.601436850218
93.17 0.592129048679
93.24 0.656127582711
93.31 0.693541366253
93.38 0.718829581546
93.45 0.770265196572
93.52 0.584938595341
93.59 0.767335616869
93.66 0.694895250329
93.73 0.683161879508
93.8 0.720731629142
93.87 0.678323827539
93.94 0.650831804639
94.01 0.624030808579
94.08 0.671378846227
94.15 0.861079138362
94.22 0.7448237665
94.29 0.796348856455
94.36 0.932835591571
94.43 0.908843889905
94.5 0.922054321617
94.57 0.775228694077
94.64 0.730812760977
94.71 0.640109571288
94.78 0.599152257029
94.85 0.851799064277
94.92 0.684726106168
94.99 0.617731296372
95.06 0.462567705426
95.13 0.31833800204
95.2 0.277903590724
95.27 0.223332128481
95.34 0.188036603055
95.41 0.136899310586
95.48 0.121376384335
95.55 0.0875634561252
95.62 0.0612762463398
95.69 0.0586178616083
95.76 0.0451268136022
95.83 0.036843455853
95.9 0.0301297909909
95.97 0.0901337152972
96.04 0.530006219205
96.11 0.327310388862
96.18 0.246737494702
96.25 0.169155025892
96.32 0.102539603275
96.39 0.198666542764
96.46 0.26002004961
96.53 0.0787624311479
96.6 0.0618350727093
96.67 0.176665243417
96.74 0.183949687555
96.81 0.210152164751
96.88 0.169154349185
96.95 0.15059725024
97.02 0.0683703552304
97.09 0.0589095087624
97.16 0.0473514858865
97.23 0.0172585363241
97.3 0.123822943659
97.37 0.159446453507
97.44 0.0840256437155
97.51 0.0330888748411
97.58 0.0122480413968
97.65 0.0264248980526
97.72 0.0574540323917
97.79 0.152583808002
97.86 0.116781257978
97.93 0.0950092112603
98.0 0.0752331935031
98.07 0.059912994862
98.14 0.0188359425903
98.21 0.0844420206059
98.28 0.105177562784
98.35 0.183784509085
98.42 0.198637536036
98.49 0.159755258279
98.56 0.203912533008
98.63 0.241603778474
98.7 0.270602560529
98.77 0.302459853243
98.84 0.29319652563
98.91 0.282192992538
98.98 0.315482308745
99.05 0.237714507195
99.12 0.337415797217
99.19 0.330122709564
99.26 0.423961462038
99.33 0.416520627181
99.4 0.363586548726
99.47 0.471066574073
99.54 0.36639922935
99.61 0.498025195639
99.68 0.399938948644
99.75 0.459373498312
99.82 0.537344638126
99.89 0.41336915235
99.96 0.522034033354
100.03 0.45266147534
100.1 0.48925077791
100.17 0.545060976231
100.24 0.386329220822
100.31 0.568756834351
100.38 0.457921316506
100.45 0.430205553036
100.52 0.426181649455
100.59 0.337176330628
100.66 0.388114597154
100.73 0.269101252774
100.8 0.237288757511
100.87 0.358854311055
100.94 0.445528662056
101.01 0.276424683043
101.08 0.179861859445
101.15 0.114321256183
101.22 0.161651783031
101.29 0.144960442942
101.36 0.0554649727026
101.43 0.0941250439384
101.5 0.153557133467
101.57 0.137497408867
101.64 0.124473393704
101.71 0.0709017334174
101.78 0.0566170889601
101.85 0.044188651278
101.92 0.049972929436
101.99 0.062731250903
102.06 0.169222077831
102.13 0.0747790666179
102.2 0.0505827042793
102.27 0.0275240775046
102.34 0.0252662600669
102.41 0.125991903562
102.48 0.159813978097
102.55 0.0962599986498
102.62 0.041457484168
102.69 0.0264042975875
102.76 0.0714815269138
102.83 0.0823588043089
102.9 0.179690845389
102.97 0.163327513987
103.04 0.0939621274483
103.11 0.0384404097795
103.18 0.0198214946115
103.25 0.155132733385
103.32 0.172191033243
103.39 0.196334047629
103.46 0.238197179784
103.53 0.223952994845
103.6 0.211176537096
103.67 0.25141274611
103.74 0.276997802485
103.81 0.310888632859
103.88 0.294591423261
103.95 0.376803034403
104.02 0.396986471447
104.09 0.378778605789
104.16 0.332011254028
104.23 0.362007749954
104.3 0.402078310038
104.37 0.385236414816
104.44 0.347238201932
104.51 0.396748063055
104.58 0.491776018555
104.65 0.49670833767
104.72 0.450387054322
104.79 0.369287128227
104.86 0.323469614005
104.93 0.320055061988
105.0 0.28179438392
105.07 0.410070882019
105.14 0.542854389003
105.21 0.452229172924
105.28 0.386335522823
105.35 0.432324483816
105.42 0.424072433866
105.49 0.415864000502
105.56 0.353975501655
105.63 0.314060457423
105.7 0.290537290297
105.77 0.317731062086
105.84 0.220764597704
105.91 0.159057221726
105.98 0.149245819563
106.05 0.259982698629
106.12 0.103912383917
106.19 0.0938019353098
106.26 0.175751646089
106.33 0.270594597765
106.4 0.176712079077
106.47 0.209141540878
106.54 0.20131332103
106.61 0.196622629382
106.68 0.141972465598
106.75 0.108092745618
106.82 0.121123255548
106.89 0.173559355978
106.96 0.168296239119
107.03 0.13443214136
107.1 0.0863298977989
107.17 0.183723310255
107.24 0.147596914235
107.31 0.177206550898
107.38 0.200901942603
107.45 0.194344311233
107.52 0.13611993711
107.59 0.128944837738
107.66 0.217662465853
107.73 0.249562198329
107.8 0.246097056412
107.87 0.208537261918
107.94 0.246126048312
108.01 0.140747812302
108.08 0.357828632477
108.15 0.148135253374
108.22 0.130943657103
108.29 0.291828003388
108.36 0.159991040725
108.43 0.0850986216731
108.5 0.0787774615879
108.57 0.0593154546622
108.64 0.299602178356
108.71 0.213785159613
108.78 0.199310980633
108.85 0.108386549606
108.92 0.157944659117
108.99 0.188454185077
109.06 0.163259422724
109.13 0.121363543082
109.2 0.09753600213
109.27 0.156435336026
109.34 0.137533082908
109.41 0.0910868447045
109.48 0.0570489006969
109.55 0.088398969306
109.62 0.25994447413
109.69 0.166086370808
109.76 0.218855433903
109.83 0.338611888633
109.9 0.174230220461
109.97 0.146789348237
110.04 0.131605801234
110.11 0.218365278447
110.18 0.252681703482
110.25 0.683369864402
110.32 0.477801580812
110.39 0.233564864209
110.46 0.176071419712
110.53 0.382888561673
110.6 0.43923101551
110.67 0.306383933134
110.74 0.193405088016
110.81 0.152809237642
110.88 0.150841618235
110.95 0.122171512139
111.02 0.236214888511
111.09 0.223697709224
111.16 0.222287903822
111.23 0.149145695264
111.3 0.1271568759
111.37 0.159031734683
111.44 0.296672462503
111.51 0.258495554536
111.58 0.137790145222
111.65 0.198421198801
111.72 0.240619703885
111.79 0.159038881894
111.86 0.14513812566
111.93 0.280167169606
112.0 0.33363672535
112.07 0.179513963396
112.14 0.155356308148
112.21 0.136396452722
112.28 0.14928908027
112.35 0.48749165969
112.42 0.375510676725
112.49 0.356449595667
112.56 0.551638029895
112.63 0.370856745625
112.7 0.104211863076
112.77 0.0838240861883
112.84 0.186995740363
112.91 0.366706549951
112.98 0.485881663655
113.05 0.60770069108
113.12 0.567868238779
113.19 0.435238155516
113.26 0.31956904361
113.33 0.29629972107
113.4 0.596725183356
113.47 0.700907249764
113.54 0.603114829675
113.61 0.214651453518
113.68 0.113817004465
113.75 0.113902012051
113.82 0.100181307009
113.89 0.0531784949791
113.96 0.156464790296
114.03 0.09321015925
114.1 0.273285359278
114.17 0.366934397942
114.24 0.171586337745
114.31 0.115433607153
114.38 0.287802484877
114.45 0.101881929183
114.52 0.115587123889
114.59 0.11745948131
114.66 0.176993461047
114.73 0.256274168729
114.8 0.205564983633
114.87 0.0821773363465
114.94 0.211160226036
115.01 0.266994773669
115.08 0.144665211398
115.15 0.102846098886
115.22 0.0825545882599
115.29 0.158367906873
115.36 0.256921635602
115.43 0.147813119364
115.5 0.18392242382
115.57 0.183325247586
115.64 0.142394501483
115.71 0.0501992851674
115.78 0.101050681142
115.85 0.141967707082
115.92 0.322365638293
115.99 0.32394460422
116.06 0.130078045297
116.13 0.086126485394
116.2 0.220641496378
116.27 0.205165714484
116.34 0.146868715701
116.41 0.121073669924
116.48 0.146421884308
116.55 0.145458123055
116.62 0.1098244316
116.69 0.0942112067786
116.76 0.0811195667679
116.83 0.244711406209
116.9 0.143839916221
116.97 0.0951754277071
117.04 0.190728363452
117.11 0.195720697833
117.18 0.138831741239
117.25 0.0925257363664
117.32 0.145590678056
117.39 0.155851594174
117.46 0.374553953493
117.53 0.251527869845
117.6 0.145852680869
117.67 0.126094293885
117.74 0.139991585704
117.81 0.143594088318
117.88 0.108803863371
117.95 0.0813814523027
118.02 0.156413495381
118.09 0.177761422173
118.16 0.130357669447
118.23 0.0986629333013
118.3 0.203203923922
118.37 0.378491771071
118.44 0.306701814135
118.51 0.142420427981
118.58 0.192087086925
118.65 0.230538044973
118.72 0.18345364394
118.79 0.180389910483
118.86 0.185870402553
118.93 0.211053145946
119.0 0.146476998168
119.07 0.145283442381
119.14 0.110262198896
119.21 0.255680770999
119.28 0.33364389952
119.35 0.156420867711
119.42 0.188520235436
119.49 0.430249590203
119.56 0.391457933194
119.63 0.277485183713
119.7 0.332314440246
119.77 0.28966975082
119.84 0.198544944482
119.91 0.476477555413
119.98 0.332819050538
120.05 0.195811085373
120.12 0.158893129762
120.19 0.290864583184
120.26 0.357878870544
120.33 0.217780568716
120.4 0.24519120212
120.47 0.147813142281
120.54 0.0818605458947
120.61 0.113637292975
120.68 0.307148307175
120.75 0.265673701785
120.82 0.128502166339
120.89 0.118171917429
120.96 0.0973572612152
121.03 0.443788216629
121.1 0.265782814692
121.17 0.239297417433
121.24 0.137730338899
121.31 0.181966324605
121.38 0.15788941315
121.45 0.145984425709
121.52 0.254243418778
121.59 0.30721227484
121.66 0.232377122439
121.73 0.103382047983
121.8 0.0524184346075
121.87 0.183646065926
121.94 0.437857992224
122.01 0.341551419431
122.08 0.207174169507
122.15 0.279446116933
122.22 0.451655480573
122.29 0.258259604936
122.36 0.0847950580086
122.43 0.0655744601706
122.5 0.213104747094
122.57 0.219671023326
122.64 0.237773721737
122.71 0.21677485164
122.78 0.201718102239
122.85 0.309428323831
122.92 0.19555297969
122.99 0.251993782483
123.06 0.212885072157
123.13 0.24928814016
123.2 0.205301799954
123.27 0.265558474253
123.34 0.265205908658
123.41 0.30643624311
123.48 0.250485683395
123.55 0.262624826221
123.62 0.160643142097
123.69 0.36692675466
123.76 0.412013205801
123.83 0.472509818497
123.9 0.496453092489
123.97 0.493379751682
124.04 0.579236306549
124.11 0.504520359691
124.18 0.483510514003
124.25 0.467783243864
124.32 0.427368225187
124.39 0.460016422353
124.46 0.357987998279
124.53 0.427236472258
124.6 0.347049061031
124.67 0.388426052137
124.74 0.342120368094
124.81 0.356342007373
124.88 0.255339012492
124.95 0.163837777881
125.02 0.103773487823
125.09 0.0990070333212
125.16 0.51541466125
125.23 0.309137006942
125.3 0.135518375762
125.37 0.0800469136835
125.44 0.450177415405
125.51 0.424865344175
125.58 0.292037534462
125.65 0.315313424563
125.72 0.376662081228
125.79 0.226579532568
125.86 0.107440642898
125.93 0.181744782659
126.0 0.153500822564
126.07 0.21084466498
126.14 0.14335537797
126.21 0.139823270387
126.28 0.107807160516
126.35 0.240164885464
126.42 0.221630642225
126.49 0.12739942137
126.56 0.0876368693778
126.63 0.205865235209
126.7 0.228903796683
126.77 0.254130480186
126.84 0.206636644574
126.91 0.283478293323
126.98 0.180776705041
127.05 0.104089244342
127.12 0.179153053548
127.19 0.226865379186
127.26 0.273325090865
127.33 0.128837887057
127.4 0.0989548891524
127.47 0.0929093374612
127.54 0.481494101609
127.61 0.560458161729
127.68 0.213119960865
127.75 0.110655226705
127.82 0.427109108488
127.89 0.605409632779
127.96 0.403120584109
128.03 0.533019241441
128.1 0.572985905462
128.17 0.282994993904
128.24 0.123691271612
128.31 0.313413320815
128.38 0.260526927273
128.45 0.29989426227
128.52 0.237015164409
128.59 0.22240208529
128.66 0.211096449789
128.73 0.289984019124
128.8 0.27109102961
128.87 0.142479747668
128.94 0.144541317436
129.01 0.280969553809
129.08 0.370319355494
129.15 0.326370708665
129.22 0.398188451021
129.29 0.334091555902
129.36 0.246261114677
129.43 0.100370969594
129.5 0.262614178199
129.57 0.333136527133
129.64 0.367156875415
129.71 0.16420096993
129.78 0.0919380987327
129.85 0.0744066999345
129.92 0.403918262369
129.99 0.411040756549
130.06 0.200708264262
130.13 0.0924126670165
130.2 0.217733975699
130.27 0.504460243323
130.34 0.349621793822
130.41 0.527798228687
130.48 0.616944034274
130.55 0.210002139391
130.62 0.098779681402
130.69 0.33427808973
130.76 0.301790533593
130.83 0.341914189549
130.9 0.260671472926
130.97 0.157162439967
131.04 0.159858559865
131.11 0.302654527772
131.18 0.223817774805
131.25 0.104805615336
131.32 0.0836581366497
131.39 0.273420878579
131.46 0.338971637835
131.53 0.365763646635
131.6 0.348744412441
131.67 0.323691155952
131.74 0.360446320439
131.81 0.265990029866
131.88 0.102690325562
131.95 0.159800778271
132.02 0.403336197457
132.09 0.300996627096
132.16 0.367980780783
132.23 0.321312353582
132.3 0.403202826903
132.37 0.397491978173
132.44 0.289788608575
132.51 0.382729704075
132.58 0.397440130569
132.65 0.423036850026
132.72 0.413645246032
132.79 0.378420141251
132.86 0.520761162676
132.93 0.396368309214
133.0 0.33253556161
133.07 0.353123583052
133.14 0.32960882758
133.21 0.508696986024
133.28 0.242788388791
133.35 0.0904013636241
133.42 0.0512821670391
133.49 0.0335622501258
133.56 0.161890889698
133.63 0.156387872188
133.7 0.139097565692
133.77 0.119144483959
133.84 0.105241736697
133.91 0.115501772558
133.98 0.168851904378
134.05 0.312164156443
134.12 0.264587364934
134.19 0.254343290997
134.26 0.213113596855
134.33 0.167838860806
134.4 0.219361423221
134.47 0.238011489818
134.54 0.262130869343
134.61 0.256273219721
134.68 0.224372921076
134.75 0.202261322563
134.82 0.185315776618
134.89 0.217341232323
134.96 0.268562990473
135.03 0.321216586088
135.1 0.304857593968
135.17 0.314682669113
135.24 0.201917724007
135.31 0.295560710054
135.38 0.185560052948
135.45 0.184191253013
135.52 0.162281206636
135.59 0.0972039776869
135.66 0.101442053581
135.73 0.0821604955135
135.8 0.213148557793
135.87 0.347698768316
135.94 0.246875013118
136.01 0.0906052545766
136.08 0.10776843051
136.15 0.0872372268267
136.22 0.129610075579
136.29 0.157967866655
136.36 0.201383861649
136.43 0.141391217586
136.5 0.356401647889
136.57 0.459257669562
136.64 0.324848346162
136.71 0.0855811729403
136.78 0.291658686492
136.85 0.291976473131
136.92 0.300063953916
136.99 0.313239176654
137.06 0.344745770783
137.13 0.346649910507
137.2 0.170406034357
137.27 0.126656878539
137.34 0.159333523004
137.41 0.238853371053
137.48 0.188910130443
137.55 0.266050588385
137.62 0.189179260246
137.69 0.270553810678
137.76 0.210911551112
137.83 0.185067756833
137.9 0.0984786156214
137.97 0.121134212267
138.04 0.08612510502
138.11 0.159307271632
138.18 0.295055991921
138.25 0.30193774698
138.32 0.254548976166
138.39 0.163636503438
138.46 0.125075355415
138.53 0.155579427279
138.6 0.114792412624
138.67 0.0777800618055
138.74 0.368005511586
138.81 0.343615860484
138.88 0.470261833528
138.95 0.359510793497
139.02 0.25339820793
139.09 0.165996633014
139.16 0.219898495219
139.23 0.554813157112
139.3 0.484034446835
139.37 0.29388349897
139.44 0.232473515414
139.51 0.245750163292
139.58 0.154531345932
139.65 0.109700579426
139.72 0.200653774536
139.79 0.624129326037
139.86 0.463893866091
139.93 0.381639292155
140.0 0.371849688848
140.07 0.339813509633
140.14 0.292268578613
140.21 0.294594010114
140.28 0.224938240865
140.35 0.411937310841
140.42 0.46708738167
140.49 0.460527795669
140.56 0.475752767373
140.63 0.5128267403
140.7 0.456177119536
140.77 0.321929983347
140.84 0.106963485065
140.91 0.159928573408
140.98 0.203721790658
141.05 0.174266650742
141.12 0.284297473875
141.19 0.290326395024
141.26 0.295898264082
141.33 0.180934973552
141.4 0.44548759458
141.47 0.230845826597
141.54 0.217810555455
141.61 0.120239369963
141.68 0.107663232257
141.75 0.224784709301
141.82 0.207650805656
141.89 0.239228689903
141.96 0.131322019786
142.03 0.196400851532
142.1 0.141396830748
142.17 0.163866758996
142.24 0.113672345579
142.31 0.137043477445
142.38 0.159260808026
142.45 0.15628158743
142.52 0.0943908926565
142.59 0.10909340222
142.66 0.0678698806688
142.73 0.0517696251047
142.8 0.043081777319
142.87 0.0498367940897
142.94 0.278767218242
143.01 0.209411691132
143.08 0.0978620656219
143.15 0.0738241861306
143.22 0.10632341209
143.29 0.226092575966
143.36 0.310653118669
143.43 0.241475301238
143.5 0.263397721105
143.57 0.230699291264
143.64 0.199024182312
143.71 0.136912893251
143.78 0.203355727323
143.85 0.240831045352
143.92 0.29639814147
143.99 0.258844876792
144.06 0.235100541121
144.13 0.171420319457
144.2 0.250439736081
144.27 0.163316454819
144.34 0.105734825449
144.41 0.102350146937
144.48 0.232736874337
144.55 0.191397253083
144.62 0.248862300159
144.69 0.24977282265
144.76 0.163551226248
144.83 0.200227460031
144.9 0.125348536022
144.97 0.523944298489
145.04 0.374320457291
145.11 0.50637605961
145.18 0.423582310762
145.25 0.318796291615
145.32 0.128836896262
145.39 0.164577654326
145.46 0.102097531746
145.53 0.15031958207
145.6 0.325269302282
145.67 0.223569794113
145.74 0.19159902899
145.81 0.157909862637
145.88 0.312623157775
145.95 0.166569850862
146.02 0.289981301512
146.09 0.0811368349237
146.16 0.104551821974
146.23 0.0977402476122
146.3 0.288749785439
146.37 0.331129918899
146.44 0.167244584166
146.51 0.129282899969
146.58 0.375914200231
146.65 0.315525340288
146.72 0.133906759405
146.79 0.112490138784
146.86 0.316529999166
146.93 0.292523872322
147.0 0.197464575322
147.07 0.211828212493
147.14 0.168620629717
147.21 0.142148576523
147.28 0.0713226059595
147.35 0.403354244769
147.42 0.550896556044
147.49 0.722701622414
147.56 0.515725311464
147.63 0.422022219833
147.7 0.193073015044
147.77 0.254375845717
147.84 0.148194752348
147.91 0.137569600812
147.98 0.297515915531
148.05 0.230230237737
148.12 0.252503116242
148.19 0.18494764407
148.26 0.458701072821
148.33 0.273911749835
148.4 0.412191094766
148.47 0.186428626357
148.54 0.124185851275
148.61 0.132159408065
148.68 0.319140899839
148.75 0.172087266589
148.82 0.0516960635698
148.89 0.241950063637
148.96 0.471897462192
149.03 0.10324615528
149.1 0.127853172158
149.17 0.0440799508658
149.24 0.583368570841
149.31 0.659688306094
149.38 0.713218131881
149.45 0.390652874516
149.52 0.512989691838
149.59 0.248487887179
149.66 0.144058275488
149.73 0.123238170571
149.8 0.116245118811
149.87 0.645133968361
149.94 0.421592099863
150.01 0.137068095014
150.08 0.0931663647265
150.15 0.427736458836
150.22 0.253062901054
150.29 0.0609500480458
150.36 0.0296319235029
150.43 0.450740672722
150.5 0.38821527549
150.57 0.320094337944
150.64 0.261451322254
150.71 0.259695371884
150.78 0.191754303546
150.85 0.105166341853
150.92 0.0681284136741
150.99 0.117725046944
151.06 0.141086955647
151.13 0.290692455663
151.2 0.209863925396
151.27 0.0909622956032
151.34 0.0477655428318
151.41 0.0295475252229
151.48 0.0249891189724
151.55 0.0188837353457
151.62 0.0177692154086
151.69 0.189288536263
151.76 0.285162160938
151.83 0.240441938937
151.9 0.253620840426
151.97 0.183966893702
152.04 0.172548887126
152.11 0.21777033184
152.18 0.247721701397
152.25 0.247673947734
152.32 0.29255377818
152.39 0.760580097287
152.46 0.626401176378
152.53 0.530677531231
152.6 0.508154612257
152.67 0.490451296229
152.74 0.426035523921
152.81 0.228631497682
152.88 0.176542086821
152.95 0.336940523918
153.02 0.471555320848
153.09 0.497045394277
153.16 0.507800520701
153.23 0.436423445236
153.3 0.450715834077
153.37 0.377581822838
153.44 0.264695514006
153.51 0.339417508088
153.58 0.307949885261
153.65 0.471409513447
153.72 0.434780103193
153.79 0.372769526168
153.86 0.350561736883
153.93 0.382138325682
154.0 0.433493562228
154.07 0.23029970533
154.14 0.160956581367
154.21 0.181010276731
154.28 0.234714431358
154.35 0.179976832201
154.42 0.129156191337
154.49 0.12333966446
154.56 0.227140376926
154.63 0.200143929876
154.7 0.162523691445
154.77 0.139882022558
154.84 0.177018483022
154.91 0.161724395558
154.98 0.126313797623
155.05 0.100184317141
155.12 0.112571164315
155.19 0.301674991971
155.26 0.265205860129
155.33 0.150407988018
155.4 0.164118058518
155.47 0.157174655738
155.54 0.156973193921
155.61 0.123835209307
155.68 0.154322002232
155.75 0.263163720744
155.82 0.234328976734
155.89 0.141293140932
155.96 0.124929095079
156.03 0.382386551714
156.1 0.500087831691
156.17 0.441602082933
156.24 0.214767290356
156.31 0.16177344467
156.38 0.246208978596
156.45 0.183570238367
156.52 0.0910280520935
156.59 0.10235255046
156.66 0.264574108491
156.73 0.185740931825
156.8 0.168987682499
156.87 0.123465599328
156.94 0.193432570131
157.01 0.200198694599
157.08 0.147615312033
157.15 0.130172710109
157.22 0.121155555492
157.29 0.187482239985
157.36 0.214166347749
157.43 0.170537524421
157.5 0.10161102808
157.57 0.325332147046
157.64 0.273388678388
157.71 0.114832489304
157.78 0.347388203027
157.85 0.201133846791
157.92 0.200802120261
157.99 0.157630733211
158.06 0.171896437966
158.13 0.142320798406
158.2 0.356272365885
158.27 0.177882784551
158.34 0.158288982908
158.41 0.12656745753
158.48 0.18179444512
158.55 0.348338717273
158.62 0.323943819671
158.69 0.187712145057
158.76 0.269589375414
158.83 0.184485189108
158.9 0.10911844846
158.97 0.30988168504
159.04 0.367054338157
159.11 0.389517198729
159.18 0.189631787029
159.25 0.145129031906
159.32 0.113255943076
159.39 0.588470295821
159.46 0.670647634864
159.53 0.435372670541
159.6 0.324987474117
159.67 0.314022760001
159.74 0.273902006335
159.81 0.256286740377
159.88 0.302049336202
159.95 0.319577851582
160.02 0.325275114951
160.09 0.232679711484
160.16 0.213764723607
160.23 0.205657652025
160.3 0.395003818905
160.37 0.349327693269
160.44 0.239876384592
160.51 0.240463582771
160.58 0.327341987835
160.65 0.535341917587
160.72 0.555954354395
160.79 0.322225795887
160.86 0.234208106383
160.93 0.266018191383
161.0 0.229977807225
161.07 0.267461945359
161.14 0.289483328879
161.21 0.247230355637
161.28 0.294399677982
161.35 0.24330399085
161.42 0.282070201257
161.49 0.328897127481
161.56 0.230406205771
161.63 0.295798869062
161.7 0.233097031989
161.77 0.29488853799
161.84 0.24714814924
161.91 0.275664169736
161.98 0.138545821828
162.05 0.514552860301
162.12 0.439129560714
162.19 0.50092199011
162.26 0.442119642319
162.33 0.444706683011
162.4 0.491427393227
162.47 0.474441378328
162.54 0.501738742875
162.61 0.481786758431
162.68 0.514560446966
162.75 0.461237630106
162.82 0.449905674485
162.89 0.438468858965
162.96 0.429143194792
163.03 0.418980897233
163.1 0.3544791562
163.17 0.334381891431
163.24 0.337303192934
163.31 0.220344408609
163.38 0.142028094402
163.45 0.109827191
163.52 0.172795498229
163.59 0.474248578896
163.66 0.429503996799
163.73 0.163713687107
163.8 0.169594286796
163.87 0.641842932861
163.94 0.718815436756
164.01 0.502896794471
164.08 0.488701877023
164.15 0.693718883164
164.22 0.248333782705
164.29 0.170348775794
164.36 0.361271696498
164.43 0.325931796899
164.5 0.316772483975
164.57 0.194835768879
164.64 0.182488093863
164.71 0.242426653953
164.78 0.304307103763
164.85 0.250199697932
164.92 0.173307320436
164.99 0.159782705346
165.06 0.27985752232
165.13 0.254773332781
165.2 0.415433496346
165.27 0.30011666021
165.34 0.398589996979
165.41 0.330222099192
165.48 0.143910359782
165.55 0.321806212054
165.62 0.438976232701
165.69 0.442886444146
165.76 0.185446688381
165.83 0.150716893891
165.9 0.200864011974
165.97 0.656221225722
166.04 0.469718041643
166.11 0.221574087329
166.18 0.184440862116
166.25 0.725840730496
166.32 0.570855496279
166.39 0.402347721577
166.46 0.643361320049
166.53 0.546763036744
166.6 0.168046259311
166.67 0.191156721557
166.74 0.428481352617
166.81 0.292098032321
166.88 0.38640729823
166.95 0.2021691799
167.02 0.303823514519
167.09 0.297001503775
167.16 0.34617834292
167.23 0.245044478065
167.3 0.197130061083
167.37 0.174760195125
167.44 0.330863595678
167.51 0.267420660852
167.58 0.431525407657
167.65 0.301878996158
167.72 0.412686357877
167.79 0.19827325883
167.86 0.265238928445
167.93 0.35221145372
168.0 0.443594290252
168.07 0.40244593573
168.14 0.155764339437
168.21 0.109120497453
168.28 0.315946131949
168.35 0.468970277924
168.42 0.351177405276
168.49 0.111771670269
168.56 0.34848744988
168.63 0.590483056425
168.7 0.45325560909
168.77 0.392792447549
168.84 0.626755019898
168.91 0.333030715531
168.98 0.144111368664
169.05 0.652092192638
169.12 0.414498364374
169.19 0.479339260884
169.26 0.301338272369
169.33 0.241437261419
169.4 0.173543039525
169.47 0.107517779386
169.54 0.0607258855455
169.61 0.0347648996665
169.68 0.0355206180608
169.75 0.0290593082212
169.82 0.0218592731467
169.89 0.0225991361118
169.96 0.0240235702427
170.03 0.0249924000568
170.1 0.0220957322994
170.17 0.0165877325021
170.24 0.0182828803608
170.31 0.0266007488092
170.38 0.0305286206849
170.45 0.038755561037
170.52 0.0354346466396
170.59 0.0688908910484
170.66 0.0695684525023
170.73 0.0617362411628
170.8 0.0800256904326
170.87 0.0796671342297
170.94 0.0798926568838
171.01 0.0971751044138
171.08 0.106534419248
171.15 0.131521347685
171.22 0.120167113312
171.29 0.106616728095
171.36 0.114426926243
171.43 0.0923255848256
171.5 0.0746070172819
171.57 0.0593971676833
171.64 0.0783539334434
171.71 0.0479602483656
171.78 0.0239942817789
171.85 0.00826338007011
171.92 0.00767753665306
171.99 0.00957230762821
172.06 0.00359492538589
172.13 0.00351341321998
172.2 0.00496318206759
172.27 0.0286130025568
172.34 0.0988288545313
172.41 0.136924738316
172.48 0.154591939499
172.55 0.160587846254
172.62 0.165898997163
172.69 0.13043033994
172.76 0.043328082421
172.83 0.0415145755758
172.9 0.03592753184
172.97 0.0800599193953
173.04 0.0940957069459
173.11 0.0719858554689
173.18 0.0961295883509
173.25 0.105450283716
173.32 0.10747704622
173.39 0.125784146483
173.46 0.124473256206
173.53 0.0810099146525
173.6 0.112381654056
173.67 0.131456595471
173.74 0.122526026973
173.81 0.115550523757
173.88 0.124696744695
173.95 0.137006010534
174.02 0.127620189552
174.09 0.129951176251
174.16 0.124953362162
174.23 0.100866416035
174.3 0.230366108871
174.37 0.275192704598
174.44 0.336996511296
174.51 0.340817592906
174.58 0.340941525962
174.65 0.299888310755
174.72 0.279300085761
174.79 0.235596537555
174.86 0.244334591054
174.93 0.151841150588
175.0 0.169863403118
175.07 0.196199668755
175.14 0.207805654237
175.21 0.183455680801
175.28 0.10668105703
175.35 0.0678019215114
175.42 0.0670846446471
175.49 0.102961765874
175.56 0.0917744866635
175.63 0.100900254072
175.7 0.101981677384
175.77 0.101996620203
175.84 0.0967362196079
175.91 0.0842403471488
175.98 0.0831962478565
176.05 0.0939794360448
176.12 0.109896450998
176.19 0.111092745965
176.26 0.0980930558512
176.33 0.088327592914
176.4 0.098815244906
176.47 0.0813122570095
176.54 0.0729617960966
176.61 0.0832077262598
176.68 0.149966440869
176.75 0.153759606301
176.82 0.238504919619
176.89 0.26188419758
176.96 0.216755454959
177.03 0.261811690197
177.1 0.113017598041
177.17 0.0930555007398
177.24 0.219357410161
177.31 0.352722445546
177.38 0.291983114833
177.45 0.352700230151
177.52 0.335517878611
177.59 0.25288441222
177.66 0.13845529679
177.73 0.124932230577
177.8 0.10671025248
177.87 0.3904360129
177.94 0.419644142698
178.01 0.491787744994
178.08 0.299466619963
178.15 0.208667680305
178.22 0.174267958323
178.29 0.171911534459
178.36 0.172930191193
178.43 0.183309590316
178.5 0.277464839372
178.57 0.481142114315
178.64 0.504139919706
178.71 0.316999703788
178.78 0.311715389292
178.85 0.394517316586
178.92 0.443093577091
178.99 0.49733206858
179.06 0.454457771995
179.13 0.418584229765
179.2 0.420449054442
179.27 0.38405059802
179.34 0.320555834463
179.41 0.34607709437
179.48 0.29533377737
179.55 0.301178445544
179.62 0.278858922799
179.69 0.358400945802
179.76 0.359689050472
179.83 0.380142469268
179.9 0.51514543439
179.97 0.592153628503
180.04 0.388722406582
180.11 0.167141572405
180.18 0.336041390861
180.25 0.38788452358
180.32 0.413642676703
180.39 0.406279371957
180.46 0.352957845153
180.53 0.307844324391
180.6 0.25060805679
180.67 0.427538949417
180.74 0.473706538091
180.81 0.422477825497
180.88 0.388195129309
180.95 0.684852938818
181.02 0.560802366895
181.09 0.571002241903
181.16 0.429737475476
181.23 0.600372409281
181.3 0.480113703298
181.37 0.461021985754
181.44 0.535926337493
181.51 0.551910616025
181.58 0.587908665567
181.65 0.564997330365
181.72 0.587353508512
181.79 0.641530807912
181.86 0.748616100202
181.93 0.772024562829
182.0 0.676868120657
182.07 0.732806499649
182.14 0.825207576376
182.21 0.749019044058
182.28 0.772543629303
182.35 0.68889388948
182.42 0.654650283219
182.49 0.66961661812
182.56 0.587045505813
182.63 0.360589141972
182.7 0.396615436609
182.77 0.712428393467
182.84 0.554682417896
182.91 0.672061198549
182.98 0.66090014375
183.05 0.650752276761
183.12 0.573810492928
183.19 0.518658789645
183.26 0.426336363234
183.33 0.301766321778
183.4 0.301794305357
183.47 0.268881924279
183.54 0.315562356959
183.61 0.403418251527
183.68 0.225684550069
183.75 0.239557187922
183.82 0.220658357431
183.89 0.417882916172
183.96 0.495619072916
184.03 0.558958307142
184.1 0.607180210531
184.17 0.694310508245
184.24 0.516606901368
184.31 0.43128155191
184.38 0.384938715045
184.45 0.218301868862
184.52 0.197752282209
184.59 0.310272779786
184.66 0.375552593455
184.73 0.401418550556
184.8 0.365971782507
184.87 0.365263715326
184.94 0.14584949819
185.01 0.116368651504
185.08 0.0861680745543
185.15 0.195166081335
185.22 0.359817584325
185.29 0.247873538498
185.36 0.264654102784
185.43 0.26698519328
185.5 0.281220486669
185.57 0.339256179567
185.64 0.159413102107
185.71 0.132244902286
185.78 0.362555887861
185.85 0.319861445656
185.92 0.326856929247
185.99 0.332871404998
186.06 0.339757104368
186.13 0.359091713823
186.2 0.312697169549
186.27 0.30522629538
186.34 0.326247688221
186.41 0.486684797359
186.48 0.435061424502
186.55 0.33036146305
186.62 0.384680512305
186.69 0.366615042205
186.76 0.579197003633
186.83 0.405932352122
186.9 0.54904554724
186.97 0.372259460433
187.04 0.260857375879
187.11 0.468135871468
187.18 0.487118910168
187.25 0.519961977327
187.32 0.330350248858
187.39 0.0918132908113
187.46 0.0472645021012
187.53 0.237211959376
187.6 0.650817221742
187.67 0.874776862333
187.74 0.837840194835
187.81 0.535502151514
187.88 0.520038585391
187.95 0.847164548731
188.02 0.846568977991
188.09 0.537834947257
188.16 0.780716474899
188.23 0.675418432691
188.3 0.249591112043
188.37 0.373185311277
188.44 0.49423260042
188.51 0.574365156607
188.58 0.635068203972
188.65 0.560256643295
188.72 0.499311147518
188.79 0.6594359996
188.86 0.475725731453
188.93 0.317833112708
189.0 0.195627064257
189.07 0.388252104787
189.14 0.62743409518
189.21 0.647437204688
189.28 0.561604730878
189.35 0.583166987701
189.42 0.366762259636
189.49 0.311120683981
189.56 0.417330553566
189.63 0.618685622822
189.7 0.512114956623
189.77 0.198400960954
189.84 0.107912647245
189.91 0.242781454568
189.98 0.538113679017
190.05 0.779829829914
190.12 0.685368170171
190.19 0.413378769136
190.26 0.45158928328
190.33 0.775948094075
190.4 0.818238512659
190.47 0.589868862767
190.54 0.741453545519
190.61 0.530438436697
190.68 0.215196392569
190.75 0.331183885593
190.82 0.587023462964
190.89 0.520401433694
190.96 0.566834734936
191.03 0.445113573874
191.1 0.601534130192
191.17 0.528630791049
191.24 0.454561037184
191.31 0.276713627414
191.38 0.311167317438
191.45 0.514141128693
191.52 0.532516378185
191.59 0.700446718429
191.66 0.5608753353
191.73 0.514224878575
191.8 0.375159328394
191.87 0.325502538315
191.94 0.573188225969
192.01 0.630655911123
192.08 0.362332894095
192.15 0.176168370769
192.22 0.1809822945
192.29 0.436660505606
192.36 0.609001647786
192.43 0.773464969667
192.5 0.63565648596
192.57 0.547319997452
192.64 0.588597086682
192.71 0.808510029996
192.78 0.481073682002
192.85 0.680168667797
192.92 0.709470235708
192.99 0.378264111803
193.06 0.214241611836
193.13 0.545465905722
193.2 0.528277852052
193.27 0.55048769033
193.34 0.608818583767
193.41 0.56022778485
193.48 0.594982110635
193.55 0.530643698587
193.62 0.542158773497
193.69 0.328692601611
193.76 0.422309147563
193.83 0.639072173011
193.9 0.580442051147
193.97 0.650558486533
194.04 0.622768115464
194.11 0.551131528329
194.18 0.618257859194
194.25 0.348342782906
194.32 0.308127275459
194.39 0.656839901552
194.46 0.649095899349
194.53 0.49608765194
194.6 0.797794281977
194.67 0.675247274397
194.74 0.583187376527
194.81 0.659735814417
194.88 0.685012690153
194.95 0.730019804836
195.02 0.77513372596
195.09 0.604406768117
195.16 0.581944658394
195.23 0.748483415791
195.3 0.764323922435
195.37 0.784369487881
195.44 0.847909075851
195.51 0.779143704479
195.58 0.790395018756
195.65 0.885082435709
195.72 0.86208176038
195.79 0.865625044409
195.86 0.720958925792
195.93 0.77101187109
196.0 0.847513149795
196.07 0.913148270934
196.14 0.830485282871
196.21 0.695614247269
196.28 0.835966070158
196.35 0.956984368749
196.42 0.792587502983
196.49 0.807646628946
196.56 0.811657745195
196.63 0.80336023322
196.7 0.521695042336
196.77 0.541941650365
196.84 0.620762654396
196.91 0.825715181971
196.98 0.531622964784
197.05 0.593198484035
197.12 0.632613874651
197.19 0.671154520616
197.26 0.65350558108
197.33 0.656625409758
197.4 0.63640683114
197.47 0.681247621534
197.54 0.577484584922
197.61 0.500273319453
197.68 0.453782905236
197.75 0.555957844423
197.82 0.578602930544
197.89 0.582250761731
197.96 0.581029249325
198.03 0.692202042157
198.1 0.880519010774
198.17 0.520096849577
198.24 0.592396934257
198.31 0.567025095796
198.38 0.678939649607
198.45 0.564870819892
198.52 0.61062773111
198.59 0.493801636588
198.66 0.728204027922
198.73 0.619713173802
198.8 0.50941599914
198.87 0.35390131329
198.94 0.571946619954
199.01 0.438420041713
199.08 0.270635371373
199.15 0.236408459011
199.22 0.675152025892
199.29 0.394833930447
199.36 0.456681290373
199.43 0.614859530616
199.5 0.576919352754
199.57 0.573255078401
199.64 0.536940327376
199.71 0.559349664753
199.78 0.526927216708
199.85 0.662572829526
199.92 0.558308715787
199.99 0.315251201237
200.06 0.154075640513
200.13 0.930317142258
200.2 0.517337953665
200.27 0.486676658005
200.34 0.498436118434
200.41 0.65696037828
200.48 0.695688214558
200.55 0.492773222874
200.62 0.495960011826
200.69 0.450021182406
200.76 0.629763876747
200.83 0.581680463698
200.9 0.678470788847
200.97 0.657798179053
201.04 0.85838062303
201.11 0.77768608071
201.18 0.523651272308
201.25 0.379075157045
201.32 0.698184288061
201.39 0.75534535089
201.46 0.880001321978
201.53 0.520822232095
201.6 0.846098139683
201.67 0.95801833092
201.74 0.636881372463
201.81 0.384241754214
201.88 0.185149565564
201.95 0.247909673563
202.02 0.506849699107
202.09 0.453477603972
202.16 0.309086444002
202.23 0.859032727097
202.3 0.659371212338
202.37 0.367947484651
202.44 0.184865375664
202.51 0.117482688849
202.58 0.541324450619
202.65 0.495277856314
202.72 0.424274677537
202.79 0.623524540221
202.86 0.733379097406
202.93 0.275549268425
203.0 0.210855981621
203.07 0.439527868723
203.14 0.820923383317
203.21 0.363988085247
203.28 0.330321331101
203.35 0.258313829102
203.42 0.727479274931
203.49 0.357684568068
203.56 0.342719614889
203.63 0.200766403083
203.7 0.599146066914
203.77 0.493327769276
203.84 0.350616141684
203.91 0.294358121175
203.98 0.315923888246
204.05 0.597278186272
204.12 0.843724075608
204.19 0.877123801518
204.26 0.881218491058
204.33 0.765373944934
204.4 0.721844624466
204.47 0.668286749048
204.54 0.653054398274
204.61 0.612811973533
204.68 0.675315861732
204.75 0.604308442079
204.82 0.289500477061
204.89 0.368011417268
204.96 0.55397936131
205.03 0.798062895487
205.1 0.689783996184
205.17 0.58625885976
205.24 0.696137569447
205.31 0.549986687344
205.38 0.310474198468
205.45 0.171396192568
205.52 0.585814408974
205.59 0.711335517364
205.66 0.737396054633
205.73 0.634384987567
205.8 0.611910980206
205.87 0.624958538565
205.94 0.280045592892
206.01 0.324108407708
206.08 0.292114178923
206.15 0.475364831041
206.22 0.270720844026
206.29 0.284373731453
206.36 0.167055433829
206.43 0.556951236537
206.5 0.325382328495
206.57 0.341936144775
206.64 0.260632339861
206.71 0.5121648132
206.78 0.41679965281
206.85 0.326261440736
206.92 0.315728348286
206.99 0.436446633902
207.06 0.270253568539
207.13 0.182880079651
207.2 0.337812143855
207.27 0.449132001792
207.34 0.337206794567
207.41 0.261255768814
207.48 0.343889452238
207.55 0.22156662603
207.62 0.455906167208
207.69 0.285199514614
207.76 0.327898634453
207.83 0.273499957566
207.9 0.498639528143
207.97 0.444990271693
208.04 0.345898437033
208.11 0.506145136782
208.18 0.662880776956
208.25 0.538214361397
208.32 0.407391787632
208.39 0.362067475396
208.46 0.428862519185
208.53 0.612498904968
208.6 0.405548238779
208.67 0.370666318712
208.74 0.343049618648
208.81 0.587631141634
208.88 0.414442406652
208.95 0.338655910972
209.02 0.214340977199
209.09 0.556233896316
209.16 0.710613875606
209.23 0.623759205157
209.3 0.397131633146
209.37 0.419330447304
209.44 0.372453152255
209.51 0.321438440776
209.58 0.398937801362
209.65 0.547039445863
209.72 0.593234615057
209.79 0.489594729648
209.86 0.409708695594
209.93 0.46284378428
210.0 0.505250818858
210.07 0.402050658072
210.14 0.570168881512
210.21 0.80099286342
210.28 0.500001234788
210.35 0.35319052715
210.42 0.445860098761
210.49 0.569568867693
210.56 0.848298005675
210.63 0.433868914779
210.7 0.229876725831
210.77 0.170236748465
210.84 0.101985438364
210.91 0.109052005827
210.98 0.0423728177476
211.05 0.0273139977852
211.12 0.0218846968328
211.19 0.142325265749
211.26 0.0329048982107
211.33 0.0204833462225
211.4 0.013135108313
211.47 0.0638273339496
211.54 0.0256719714109
211.61 0.0554431131854
211.68 0.424375262859
211.75 0.215492105356
211.82 0.125222909851
211.89 0.0820377972458
211.96 0.122806775373
212.03 0.164413643243
212.1 0.0430442874923
212.17 0.0210249098283
212.24 0.0672318216378
212.31 0.0938665594619
212.38 0.022966292692
212.45 0.0121175367364
212.52 0.0807440726745
212.59 0.0147552670821
212.66 0.040810979782
212.73 0.151126203105
212.8 0.250961733155
212.87 0.383497737994
212.94 0.160766475283
213.01 0.125480214809
213.08 0.0912019670913
213.15 0.135745063106
213.22 0.0573782115727
213.29 0.0261149649863
213.36 0.0177184570059
213.43 0.0872553199717
213.5 0.0452074077655
213.57 0.0163176038156
213.64 0.00948844316473
213.71 0.0355670964951
213.78 0.548337019035
213.85 0.288142895362
213.92 0.150707599283
213.99 0.0840514205832
214.06 0.103707302662
214.13 0.0328577417215
214.2 0.0668425521124
214.27 0.0368421617524
214.34 0.250037265381
214.41 0.468925679979
214.48 0.285876193114
214.55 0.106689371627
214.62 0.0745932755504
214.69 0.0395991852633
214.76 0.204867126367
214.83 0.37492718291
214.9 0.351598586515
214.97 0.116636214905
215.04 0.0928502914222
215.11 0.0669007637262
215.18 0.146646457955
215.25 0.411916194084
215.32 0.264578358802
215.39 0.128448757726
215.46 0.0679927824878
215.53 0.409445576619
215.6 0.569201382195
215.67 0.222414147387
215.74 0.118218796226
215.81 0.204564614159
215.88 0.101098167897
215.95 0.0396753700482
216.02 0.0758842447657
216.09 0.210446433807
216.16 0.0973083442099
216.23 0.0392985872462
216.3 0.026986909797
216.37 0.0197572317291
216.44 0.54798404499
216.51 0.536661108981
216.58 0.192583754674
216.65 0.132337973737
216.72 0.0780175454546
216.79 0.0666678040374
216.86 0.0864434874852
216.93 0.0458873498254
217.0 0.158943239766
217.07 0.0371889092866
217.14 0.0201854563807
217.21 0.014153833796
217.28 0.421571251362
217.35 0.587376574508
217.42 0.240903470505
217.49 0.154241174861
217.56 0.0848726042951
217.63 0.532962598924
217.7 0.546931081108
217.77 0.163005827521
217.84 0.091604782885
217.91 0.819755489816
217.98 0.935298035981
218.05 0.901653355686
218.12 0.889313193194
218.19 0.64935341325
218.26 0.509315458302
218.33 0.277305892806
218.4 0.296946973608
218.47 0.235893563315
218.54 0.68149543642
218.61 0.661528545554
218.68 0.576141743838
218.75 0.490735964675
218.82 0.683219616619
218.89 0.42909612188
218.96 0.465846459102
219.03 0.427002620179
219.1 0.652584166575
219.17 0.877588331086
219.24 0.808523287788
219.31 0.941824018501
219.38 0.896296729271
219.45 0.819132364167
219.52 0.730556914578
219.59 0.772530087079
219.66 0.73547278109
219.73 0.756872226569
219.8 0.811777382106
219.87 0.988775629977
219.94 0.838129286141
220.01 0.892262169579
220.08 0.774177033732
220.15 0.714700599687
220.22 0.47062961559
220.29 0.741185304062
220.36 0.69714349277
220.43 0.707689829531
220.5 0.716324431814
220.57 0.521993718074
220.64 0.475096828184
220.71 0.573994923842
220.78 0.588743394199
220.85 0.535656557944
220.92 0.386546108051
220.99 0.271703879291
221.06 0.448169221899
221.13 0.338502700237
221.2 0.574080511077
221.27 0.871425287186
221.34 0.476029760185
221.41 0.35150520502
221.48 0.512131425402
221.55 0.816935548748
221.62 0.356534223111
221.69 0.249566548395
221.76 0.175989279368
221.83 0.213346618553
221.9 0.311570122448
221.97 0.411702705218
222.04 0.231973942679
222.11 0.325528118372
222.18 0.194710265378
222.25 0.191271481326
222.32 0.205567271226
222.39 0.30588606969
222.46 0.259423097147
222.53 0.284466310875
222.6 0.155896781204
222.67 0.230620812147
222.74 0.265196043836
222.81 0.637457116503
222.88 0.641605658155
222.95 0.360355173963
223.02 0.288389945919
223.09 0.339228743285
223.16 0.343077670976
223.23 0.200942358985
223.3 0.253242403601
223.37 0.313512799412
223.44 0.351773974901
223.51 0.265419760141
223.58 0.549677153292
223.65 0.824820208909
223.72 0.366150621827
223.79 0.215454850085
223.86 0.113251200736
223.93 0.822199826252
224.0 0.360217000408
224.07 0.198572693505
224.14 0.111369353243
224.21 0.243700181118
224.28 0.533156348711
224.35 0.258472320037
224.42 0.50276697865
224.49 0.698610971924
224.56 0.518109609717
224.63 0.271527206241
224.7 0.289061163584
224.77 0.281337631088
224.84 0.506805950416
224.91 0.507631942521
224.98 0.305542295892
225.05 0.387138219768
225.12 0.351872969558
225.19 0.744026353799
225.26 0.409867723042
225.33 0.446964047514
225.4 0.55210589312
225.47 0.353163364516
225.54 0.139321906131
225.61 0.308979237198
225.68 0.428334957479
225.75 0.344736504483
225.82 0.189805544308
225.89 0.172512208809
225.96 0.184005451162
226.03 0.443283410875
226.1 0.472020947705
226.17 0.32166713802
226.24 0.496403405763
226.31 0.467679098417
226.38 0.281611923813
226.45 0.200707946129
226.52 0.288448773579
226.59 0.368247621644
226.66 0.272765706414
226.73 0.122457954582
226.8 0.088417756682
226.87 0.119517157991
226.94 0.284080996445
227.01 0.338962382319
227.08 0.253931771028
227.15 0.206746772541
227.22 0.434360310416
227.29 0.685067985997
227.36 0.610457854785
227.43 0.413974954574
227.5 0.312847300055
227.57 0.288403609466
227.64 0.346150859457
227.71 0.394182503087
227.78 0.553437919027
227.85 0.460981181142
227.92 0.53304684353
227.99 0.512180918013
228.06 0.525064436979
228.13 0.443379690616
228.2 0.432059381901
228.27 0.651491990095
228.34 0.431067476655
228.41 0.583682054596
228.48 0.421049689699
228.55 0.343014038968
228.62 0.365965686754
228.69 0.583946925998
228.76 0.846304573004
228.83 0.700496573657
228.9 0.868786145462
228.97 0.902683381634
229.04 0.934817699513
229.11 0.921940471763
229.18 0.803031546478
229.25 0.911981802292
229.32 0.810023468597
229.39 0.827191362605
229.46 0.883569557885
229.53 0.843769541678
229.6 0.827717303989
229.67 0.804743539214
229.74 0.764900058749
229.81 0.783948731269
229.88 0.652592679331
229.95 0.29871346281
230.02 0.183244294849
230.09 0.237496474149
230.16 0.416426899244
230.23 0.645930324213
230.3 0.66450198179
230.37 0.406349235869
230.44 0.378424275633
230.51 0.662789975574
230.58 0.730874360169
230.65 0.544407359683
230.72 0.707370142181
230.79 0.695523536204
230.86 0.361412168429
230.93 0.3053059311
231.0 0.497356897789
231.07 0.657809978286
231.14 0.492534021846
231.21 0.417025860259
231.28 0.462166228218
231.35 0.562474942133
231.42 0.445410688603
231.49 0.360728136472
231.56 0.259360078488
231.63 0.373140071674
231.7 0.440729265952
231.77 0.526652743348
231.84 0.464368379106
231.91 0.546424752089
231.98 0.438661981922
232.05 0.318593965716
232.12 0.373393404013
232.19 0.414445304899
232.26 0.549477914362
232.33 0.337658302246
232.4 0.161917793511
232.47 0.161758176978
232.54 0.439843084686
232.61 0.679469899268
232.68 0.674535512289
232.75 0.325882538844
232.82 0.369724388667
232.89 0.671866830021
232.96 0.671703413415
233.03 0.46878123408
233.1 0.718207086772
233.17 0.691895604511
233.24 0.311395603536
233.31 0.335668145267
233.38 0.480969749542
233.45 0.60514020102
233.52 0.509786761677
233.59 0.521916987341
233.66 0.410658684111
233.73 0.490576570566
233.8 0.423976309147
233.87 0.346969426659
233.94 0.187231076613
234.01 0.410781169391
234.08 0.496288538153
234.15 0.406690921582
234.22 0.477419369528
234.29 0.447726430526
234.36 0.375784133677
234.43 0.269519166409
234.5 0.826920434542
234.57 0.458787308454
234.64 0.470322537634
234.71 0.328792872844
234.78 0.204904076985
234.85 0.161040758571
234.92 0.280421911975
234.99 0.495326863637
235.06 0.354609362947
235.13 0.134677145622
235.2 0.183150266303
235.27 0.553269207392
235.34 0.466913710664
235.41 0.315497961971
235.48 0.495354363276
235.55 0.345452092276
235.62 0.200566278502
235.69 0.301590275558
235.76 0.323684229817
235.83 0.319209372593
235.9 0.341382697012
235.97 0.235939490409
236.04 0.273093817551
236.11 0.270060616781
236.18 0.286818731116
236.25 0.130334862271
236.32 0.10470897028
236.39 0.299314098067
236.46 0.407037729777
236.53 0.394885294111
236.6 0.360463081738
236.67 0.332582660134
236.74 0.358346511345
236.81 0.283060278586
236.88 0.102874805005
236.95 0.189289052555
237.02 0.423312915399
237.09 0.359855487994
237.16 0.327653423945
237.23 0.245679136037
237.3 0.372372643017
237.37 0.601328267084
237.44 0.626538533032
237.51 0.608200373005
237.58 0.4923049849
237.65 0.511682708127
237.72 0.598034275372
237.79 0.472511626194
237.86 0.505834483872
237.93 0.456068983945
238.0 0.53634524462
238.07 0.283524453624
238.14 0.287683414135
238.21 0.421471523381
238.28 0.403371898459
238.35 0.295285710966
238.42 0.185672440199
238.49 0.114739564788
238.56 0.131750880704
238.63 0.147947130229
238.7 0.140296962457
238.77 0.141847168345
238.84 0.0918952963531
238.91 0.0885857808257
238.98 0.0990882987992
239.05 0.109471356453
239.12 0.12151282703
239.19 0.124184387324
239.26 0.146636328921
239.33 0.146190790281
239.4 0.15188997458
239.47 0.211628230803
239.54 0.22095066242
239.61 0.218351818452
239.68 0.16793348383
239.75 0.209131403756
239.82 0.177820875314
239.89 0.157962602631
239.96 0.19130588688
240.03 0.369398007042
240.1 0.43904156052
240.17 0.694104699058
240.24 0.55385646758
240.31 0.543876289077
240.38 0.484522791899
240.45 0.377865695952
240.52 0.326019567929
240.59 0.313577319766
240.66 0.277740501687
240.73 0.335182733498
240.8 0.269426294465
240.87 0.175882451358
240.94 0.282110880503
241.01 0.17535667578
241.08 0.102648021951
241.15 0.135545222959
241.22 0.136683151289
241.29 0.23291975233
241.36 0.228875621685
241.43 0.204430289206
241.5 0.113055659429
241.57 0.410004087552
241.64 0.445100268901
241.71 0.289668143979
241.78 0.0843132912898
241.85 0.302567604648
241.92 0.453486083027
241.99 0.502570174247
242.06 0.533561732486
242.13 0.421465457284
242.2 0.473349855638
242.27 0.234514654567
242.34 0.143412300875
242.41 0.226294017564
242.48 0.33021138242
242.55 0.38156886477
242.62 0.420970940978
242.69 0.425145852627
242.76 0.454853815328
242.83 0.430742070997
242.9 0.319210987523
242.97 0.309987936097
243.04 0.297252304528
243.11 0.18529883064
243.18 0.127467818635
243.25 0.151213887861
243.32 0.171770078471
243.39 0.325862438495
243.46 0.320614857585
243.53 0.315718778682
243.6 0.404476093899
243.67 0.2894986788
243.74 0.18040052076
243.81 0.182667138082
243.88 0.421842089107
243.95 0.495716154731
244.02 0.454185416377
244.09 0.503285073201
244.16 0.354891316479
244.23 0.25371427719
244.3 0.602738320521
244.37 0.765140057806
244.44 0.759056344973
244.51 0.624831312293
244.58 0.30683147089
244.65 0.469156516534
244.72 0.251130208886
244.79 0.185497336246
244.86 0.180463848116
244.93 0.481522344008
245.0 0.712360449138
245.07 0.504748752283
245.14 0.461225481736
245.21 0.460983506479
245.28 0.480619059045
245.35 0.371948128121
245.42 0.235137757299
245.49 0.350304767583
245.56 0.703549516202
245.63 0.569690931043
245.7 0.547320976115
245.77 0.79512929868
245.84 0.560483714826
245.91 0.554971243641
245.98 0.403327172453
246.05 0.20327492152
246.12 0.243095431699
246.19 0.41535697186
246.26 0.512727625669
246.33 0.523888596891
246.4 0.604626600773
246.47 0.441952551006
246.54 0.187232323533
246.61 0.445954647644
246.68 0.597530572299
246.75 0.572097570057
246.82 0.269362647629
246.89 0.282126401623
246.96 0.239408613033
247.03 0.353618042742
247.1 0.321475057084
247.17 0.418145750714
247.24 0.380486381913
247.31 0.423789263072
247.38 0.384372028362
247.45 0.332718934327
247.52 0.349170093376
247.59 0.527845835416
247.66 0.385326511183
247.73 0.301889903
247.8 0.187326973517
247.87 0.336708080521
247.94 0.212075037931
248.01 0.10981353689
248.08 0.15470266464
248.15 0.359531094701
248.22 0.0990307315397
248.29 0.0469042109947
248.36 0.0543009520669
248.43 0.126415333301
248.5 0.212531407924
248.57 0.234105569125
248.64 0.153404804338
248.71 0.131015405549
248.78 0.111620931805
248.85 0.191409981102
248.92 0.12832038968
248.99 0.18685560948
249.06 0.261977461797
249.13 0.392881628609
249.2 0.435988142123
249.27 0.438113930288
249.34 0.388273255244
249.41 0.241192003729
249.48 0.369324312053
249.55 0.232303552816
249.62 0.134228835449
249.69 0.25133597224
249.76 0.328805608952
249.83 0.282863832757
249.9 0.214601859805
249.97 0.143440536534
250.04 0.224634044979
250.11 0.118517907375
250.18 0.450607937086
250.25 0.51713005774
250.32 0.463842591396
250.39 0.485468211971
250.46 0.452736402421
250.53 0.363809845797
250.6 0.305172433832
250.67 0.295704153025
250.74 0.24099479492
250.81 0.207781656758
250.88 0.227569555977
250.95 0.293838972471
251.02 0.144018782502
251.09 0.157264560686
251.16 0.161658486742
251.23 0.241663543009
251.3 0.0696685013123
251.37 0.134286692533
251.44 0.127834949603
251.51 0.380435499492
251.58 0.56589210392
251.65 0.411535035604
251.72 0.257380204218
251.79 0.318773925242
251.86 0.579809047196
251.93 0.35694777994
252.0 0.207817361804
252.07 0.285365625915
252.14 0.459183326175
252.21 0.28681057289
252.28 0.207918464767
252.35 0.185830418886
252.42 0.168153928486
252.49 0.143043616986
252.56 0.243182252373
252.63 0.484097515371
252.7 0.5521089046
252.77 0.501549589842
252.84 0.577275672589
252.91 0.351415105957
252.98 0.339077770266
253.05 0.328942456053
253.12 0.214393586435
253.19 0.153418364087
253.26 0.263433412672
253.33 0.26014582541
253.4 0.113624435545
253.47 0.10444238015
253.54 0.285506986193
253.61 0.352787556333
253.68 0.474067832125
253.75 0.378044993599
253.82 0.193001761322
253.89 0.336546034853
253.96 0.407018099888
254.03 0.362542471002
254.1 0.221357702913
254.17 0.112242016549
254.24 0.52463357425
254.31 0.477102389005
254.38 0.153533948845
254.45 0.0767712092322
254.52 0.215466550912
254.59 0.617741209722
254.66 0.540355099121
254.73 0.361545262639
254.8 0.528336918311
254.87 0.361246863245
254.94 0.256465883003
255.01 0.232691224935
255.08 0.17227587637
255.15 0.553465527856
255.22 0.603505218058
255.29 0.22857794483
255.36 0.137745475833
255.43 0.414836870105
255.5 0.380053038824
255.57 0.0701867778462
255.64 0.0464712035627
255.71 0.413363691515
255.78 0.67235827823
255.85 0.575354337502
255.92 0.234048867296
255.99 0.474855919213
256.06 0.381222788551
256.13 0.325111470529
256.2 0.242556167818
256.27 0.195111126541
256.34 0.154248597067
256.41 0.563982471007
256.48 0.62661087326
256.55 0.55186477116
256.62 0.539279383331
256.69 0.501989937251
256.76 0.457164251439
256.83 0.571030588099
256.9 0.546979732553
256.97 0.324772019835
257.04 0.622837290536
257.11 0.588544616292
257.18 0.611631740242
257.25 0.603004081618
257.32 0.559055278419
257.39 0.517830809208
257.46 0.419877044422
257.53 0.444485290695
257.6 0.339477722862
257.67 0.467830203542
257.74 0.452979402174
257.81 0.516014707422
257.88 0.439370422505
257.95 0.391603999415
258.02 0.403111400038
258.09 0.361689500943
258.16 0.36020371296
258.23 0.413352512373
258.3 0.708664814411
258.37 0.672710703631
258.44 0.769502810863
258.51 0.622029604564
258.58 0.671190019415
258.65 0.604647085308
258.72 0.600865166419
258.79 0.601753348149
258.86 0.621554809813
258.93 0.705388673201
259.0 0.71539715746
259.07 0.513785070374
259.14 0.559042145993
259.21 0.65881200987
259.28 0.809882520813
259.35 0.607461459047
259.42 0.67024309495
259.49 0.552700084834
259.56 0.601875268608
259.63 0.680024293343
259.7 0.490119925576
259.77 0.564195018954
259.84 0.597627091989
259.91 0.57523798572
259.98 0.46606079857
260.05 0.456213361095
260.12 0.56628443615
260.19 0.544160977744
260.26 0.457851269264
260.33 0.43874174166
260.4 0.375108667049
260.47 0.436915303244
260.54 0.450053927197
260.61 0.443077789063
260.68 0.533289859459
260.75 0.394099571454
260.82 0.446751792087
260.89 0.476026039646
260.96 0.523361656623
261.03 0.492917215838
261.1 0.374747092626
261.17 0.318981961361
261.24 0.175537973892
261.31 0.222695596758
261.38 0.251294162004
261.45 0.154530415797
261.52 0.127287811928
261.59 0.18576632181
261.66 0.441353897341
261.73 0.428969738122
261.8 0.426036138619
261.87 0.263221943142
261.94 0.458505638007
262.01 0.581093440763
262.08 0.483689377588
262.15 0.419407730726
262.22 0.509927139248
262.29 0.40691165202
262.36 0.188398496959
262.43 0.30196806668
262.5 0.421513086929
262.57 0.402692135686
262.64 0.366807408922
262.71 0.367878279921
262.78 0.398431487171
262.85 0.533606667435
262.92 0.357134197838
262.99 0.276471460738
263.06 0.286187235602
263.13 0.389816324706
263.2 0.420553373784
263.27 0.441381694893
263.34 0.410468586115
263.41 0.42700357997
263.48 0.33134798295
263.55 0.322350745351
263.62 0.375492644241
263.69 0.47258227061
263.76 0.436288277769
263.83 0.241628143963
263.9 0.207372937978
263.97 0.232592952818
264.04 0.486290676304
264.11 0.603235903576
264.18 0.496814242285
264.25 0.306975469246
264.32 0.369982150604
264.39 0.60528661503
264.46 0.582583448053
264.53 0.455283694002
264.6 0.585746332538
264.67 0.504778666229
264.74 0.367050218604
264.81 0.284456548504
264.88 0.432479695015
264.95 0.400368590066
265.02 0.351512964232
265.09 0.42194667401
265.16 0.411914651947
265.23 0.39025166826
265.3 0.345537207703
265.37 0.30050875384
265.44 0.202585833134
265.51 0.3197370017
265.58 0.377997537849
265.65 0.392629847844
265.72 0.378763985147
265.79 0.476881564206
265.86 0.294948450807
265.93 0.237798387835
266.0 0.225580230727
266.07 0.536767179403
266.14 0.452459122481
266.21 0.176611228194
266.28 0.103427063814
266.35 0.0626481575079
266.42 0.216792202025
266.49 0.426020653895
266.56 0.538100262159
266.63 0.259576244525
266.7 0.154769682878
266.77 0.459017417077
266.84 0.407630481805
266.91 0.450267066925
266.98 0.47918974238
267.05 0.312160204044
267.12 0.391290428039
267.19 0.429399304055
267.26 0.206048221043
267.33 0.330187522439
267.4 0.589086023528
267.47 0.454089683932
267.54 0.600147292381
267.61 0.576703618085
267.68 0.594998127827
267.75 0.553452940031
267.82 0.495379828751
267.89 0.406661344642
267.96 0.41604644578
268.03 0.636469651639
268.1 0.349268972103
268.17 0.216964742041
268.24 0.133238020752
268.31 0.103694519373
268.38 0.0793544390674
268.45 0.0818783155146
268.52 0.0708924388089
268.59 0.203615256516
268.66 0.58118571014
268.73 0.471417123028
268.8 0.575153470162
268.87 0.507518402711
268.94 0.515678678007
269.01 0.479530446734
269.08 0.557210435465
269.15 0.603641372277
269.22 0.621073004001
269.29 0.592366074
269.36 0.564187073715
269.43 0.569923723577
269.5 0.47691072326
269.57 0.573207127927
269.64 0.569680253364
269.71 0.53536605526
269.78 0.245275426505
269.85 0.449730988419
269.92 0.637990720042
269.99 0.612541067038
270.06 0.664354359952
270.13 0.64211670525
270.2 0.641413322443
270.27 0.625637643503
270.34 0.673534453976
270.41 0.664503747698
270.48 0.658967567511
270.55 0.680612842239
270.62 0.695670609397
270.69 0.784409352922
270.76 0.761201564869
270.83 0.648446506153
270.9 0.622726771643
270.97 0.657021656643
271.04 0.661436529605
271.11 0.69338567381
271.18 0.676972720388
271.25 0.662632081812
271.32 0.640467667815
271.39 0.700342307421
271.46 0.673463859436
271.53 0.783606766515
271.6 0.757988103963
271.67 0.747878728381
271.74 0.698043607186
271.81 0.733599947818
271.88 0.746324908448
271.95 0.734936769985
272.02 0.617404233996
272.09 0.744532855365
272.16 0.726302324072
272.23 0.665985730216
272.3 0.657968721301
272.37 0.700789436726
272.44 0.693653500076
272.51 0.670384831326
272.58 0.610396902643
272.65 0.581864089843
272.72 0.660556364559
272.79 0.685507129623
272.86 0.660324159762
272.93 0.613728366657
273.0 0.790668703524
273.07 0.663528408288
273.14 0.723775786631
273.21 0.62887375117
273.28 0.74802155935
273.35 0.692297421421
273.42 0.772953782378
273.49 0.647626047677
273.56 0.213419262085
273.63 0.125224768773
273.7 0.0736380607538
273.77 0.046092371768
273.84 0.0376535493918
273.91 0.0261460207064
273.98 0.405539788032
274.05 0.741953316413
274.12 0.369486334805
274.19 0.221953109195
274.26 0.142020453816
274.33 0.108023958775
274.4 0.0893592230071
274.47 0.0719435478132
274.54 0.0528982547831
274.61 0.0391478002538
274.68 0.0342148071284
274.75 0.0261322924551
274.82 0.0245293924057
274.89 0.0229846635294
274.96 0.0179915486437
275.03 0.0167219347855
275.1 0.0145605143675
275.17 0.0109433654986
275.24 0.0103731860918
275.31 0.00822518522807
275.38 0.00486156011649
275.45 0.0
275.52 0.0
275.59 0.0
275.66 0.0
275.73 0.0
275.8 0.0
275.87 0.0
275.94 0.0
276.01 0.0
276.08 0.0
276.15 0.0
276.22 0.0
276.29 0.0
276.36 0.0
276.43 0.0
276.5 0.0
276.57 0.0
276.64 0.0
276.71 0.0
276.78 0.0
276.85 0.0
276.92 0.0
276.99 0.0
277.06 0.0
277.13 0.0
277.2 0.0
277.27 0.0
277.34 0.0
277.41 0.0
277.48 0.0
277.55 0.0
277.62 0.0
277.69 0.0
277.76 0.0
277.83 0.0
277.9 0.0
277.97 0.0
278.04 0.0
278.11 0.0
278.18 0.0
278.25 0.0
278.32 0.0
278.39 0.0
278.46 0.0
278.53 0.0
278.6 0.0
278.67 0.0
278.74 0.0
278.81 0.0
278.88 0.0
278.95 0.0
279.02 0.0
279.09 0.0
279.16 0.0
279.23 0.0
279.3 0.0
279.37 0.0
279.44 0.0
279.51 0.0
279.58 0.0
279.65 0.0
279.72 0.0
279.79 0.0
279.86 0.0
279.93 0.0
280.0 0.0
280.07 0.0
280.14 0.0
280.21 0.0
280.28 0.0
280.35 0.0
280.42 0.0
280.49 0.0
280.56 0.0
280.63 0.0
280.7 0.0
280.77 0.0
280.84 0.0
280.91 0.0
280.98 0.0
281.05 0.0
281.12 0.0
281.19 0.0
281.26 0.0
281.33 0.0
281.4 0.0
281.47 0.0
281.54 0.0
281.61 0.0
281.68 0.0
281.75 0.0
281.82 0.0
281.89 0.0
281.96 0.0
282.03 0.0
282.1 0.0
282.17 0.0
282.24 0.0
282.31 0.0
282.38 0.0
282.45 0.0
282.52 0.0
282.59 0.0
282.66 0.0
282.73 0.0
282.8 0.0
282.87 0.0
282.94 0.0
283.01 0.0
283.08 0.0
283.15 0.0
283.22 0.0
283.29 0.0
283.36 0.0
283.43 0.0
283.5 0.0
283.57 0.0
283.64 0.0
283.71 0.0
283.78 0.0
283.85 0.0
283.92 0.0
283.99 0.0
284.06 0.0
284.13 0.0
284.2 0.0
284.27 0.0
284.34 0.0
284.41 0.0
