0.0 0
73.5328667602 0.0
75.1012010559 0.43243243243243246
79.1799383865 0.4299727875828492
82.1927911125 0.6578607556513028
93.7401496152 0.648644579161142
94.5743776577 0
102.629918046 0
314.530243645 0
314.920266279 0.3838826554464704
377.220032122 0.3327305448007818
378.542215735 0
434.331005803 0
439.792748548 0.3478260869565217
452.75109796 0.3365821989835578
466.231143884 0.4036727840386769
472.390597991 0.39604476322492527
472.75213179 0
530.848476544 0
531.623502239 0.04442674454614141
531.724470681 0.6720430107526881
567.36489638 0.6659621219648417
574.851149034 0
792.187777778 0
800.271133787 0
