0.0 0.0
0.07 0.0
0.14 0.0
0.21 0.0
0.28 0.0
0.35 0.0
0.42 0.0
0.49 0.0
0.56 0.0
0.63 0.0
0.7 0.0
0.77 0.0
0.84 0.0
0.91 0.0
0.98 0.0
1.05 0.0
1.12 0.0
1.19 0.0
1.26 0.0
1.33 0.0
1.4 0.0
1.47 0.0
1.54 0.0
1.61 0.0
1.68 0.0
1.75 0.0
1.82 0.0
1.89 0.0
1.96 0.0
2.03 0.0
2.1 0.0
2.17 0.0
2.24 0.0
2.31 0.0
2.38 0.0
2.45 0.0
2.52 0.0
2.59 0.0
2.66 0.0
2.73 0.0
2.8 0.0
2.87 0.0
2.94 0.0
3.01 0.0
3.08 0.0
3.15 0.0
3.22 0.0
3.29 0.0
3.36 0.0
3.43 0.0
3.5 0.0
3.57 0.0
3.64 0.0
3.71 0.0
3.78 0.0
3.85 0.0
3.92 0.0
3.99 0.450702501591
4.06 0.289565448155
4.13 0.699236466188
4.2 0.548829210621
4.27 0.433074575727
4.34 0.740627701886
4.41 0.706471398111
4.48 0.452837541756
4.55 0.240241192293
4.62 0.174846424566
4.69 0.22620983967
4.76 0.450297275579
4.83 0.473416961385
4.9 0.565804306834
4.97 0.430909517379
5.04 0.388976386704
5.11 0.591331213016
5.18 0.642077581188
5.25 0.59767156207
5.32 0.577669114742
5.39 0.576612604991
5.46 0.575648964497
5.53 0.523623203793
5.6 0.549538278275
5.67 0.510962388408
5.74 0.531751121142
5.81 0.529441905889
5.88 0.513823060392
5.95 0.544335561584
6.02 0.469098246651
6.09 0.375401179014
6.16 0.780814879083
6.23 0.580978704803
6.3 0.490531473705
6.37 0.408793870766
6.44 0.564992449747
6.51 0.578816873404
6.58 0.627463798622
6.65 0.43428106303
6.72 0.279359310365
6.79 0.597133949844
6.86 0.751005906598
6.93 0.566108204586
7.0 0.427949134045
7.07 0.32515856644
7.14 0.845726731255
7.21 0.667797366853
7.28 0.679929387439
7.35 0.605840627027
7.42 0.555686378807
7.49 0.622893031458
7.56 0.474179455772
7.63 0.586563044287
7.7 0.649437639262
7.77 0.437790893408
7.84 0.558714547538
7.91 0.4734365647
7.98 0.6515540529
8.05 0.602736898678
8.12 0.333147398623
8.19 0.636781781103
8.26 0.696928296429
8.33 0.731241212583
8.4 0.522757710415
8.47 0.275838546378
8.54 0.174554278039
8.61 0.0793327048692
8.68 0.0758525720406
8.75 0.0495777362577
8.82 0.0500006772814
8.89 0.0544010219164
8.96 0.0279921749945
9.03 0.0392149941054
9.1 0.0353574994766
9.17 0.0244543452793
9.24 0.0176483845832
9.31 0.0135300968208
9.38 0.0542234847545
9.45 0.179968049563
9.52 0.107033284139
9.59 0.027528049719
9.66 0.179571695943
9.73 0.252699769126
9.8 0.40026178664
9.87 0.380306952269
9.94 0.252371095551
10.01 0.11523959986
10.08 0.126400866464
10.15 0.181115449803
10.22 0.125377248004
10.29 0.0871989542129
10.36 0.167257645888
10.43 0.189532437886
10.5 0.275558145349
10.57 0.296173226315
10.64 0.22440408572
10.71 0.164076240594
10.78 0.158125784391
10.85 0.151667281823
10.92 0.103205056495
10.99 0.0767981757446
11.06 0.0984173508693
11.13 0.0994835929974
11.2 0.191490749344
11.27 0.151760346896
11.34 0.103689491624
11.41 0.129327641662
11.48 0.168433293956
11.55 0.133672537282
11.62 0.0605692616793
11.69 0.0502284657576
11.76 0.178209076068
11.83 0.208894765254
11.9 0.13521970131
11.97 0.148534144495
12.04 0.128979221633
12.11 0.304969193109
12.18 0.223710172588
12.25 0.212559343756
12.32 0.215051534347
12.39 0.166223580496
12.46 0.113234885837
12.53 0.23401570453
12.6 0.306887092126
12.67 0.283227672186
12.74 0.178870614358
12.81 0.196384312181
12.88 0.219262082162
12.95 0.194515560582
13.02 0.122743590395
13.09 0.103201973831
13.16 0.141738413158
13.23 0.258569076378
13.3 0.389621383732
13.37 0.335147398185
13.44 0.207508318861
13.51 0.205563338894
13.58 0.185282625041
13.65 0.0938596083033
13.72 0.0816597290335
13.79 0.121386029661
13.86 0.272216791941
13.93 0.352042129855
14.0 0.235645395089
14.07 0.162141817491
14.14 0.233331768832
14.21 0.230800588039
14.28 0.233365576219
14.35 0.167685099831
14.42 0.151578642641
14.49 0.129477058105
14.56 0.197357473205
14.63 0.261357727165
14.7 0.225471455792
14.77 0.166764939555
14.84 0.216715989613
14.91 0.222788679392
14.98 0.250285286398
15.05 0.181696726611
15.12 0.0892991266095
15.19 0.100131356636
15.26 0.308177883185
15.33 0.508043844334
15.4 0.370160232482
15.47 0.299799983783
15.54 0.243723010738
15.61 0.245612487869
15.68 0.364731662568
15.75 0.2826646944
15.82 0.256842679265
15.89 0.291507162239
15.96 0.355151266608
16.03 0.428002118761
16.1 0.416234518971
16.17 0.37010672101
16.24 0.608306660781
16.31 0.53716444607
16.38 0.378645946106
16.45 0.329253584213
16.52 0.309642874525
16.59 0.324843443074
16.66 0.456382747191
16.73 0.528180425329
16.8 0.527387337908
16.87 0.603031676692
16.94 0.595933071341
17.01 0.508592895167
17.08 0.448831048654
17.15 0.418730452961
17.22 0.506577089509
17.29 0.518893119476
17.36 0.515447371175
17.43 0.444636000042
17.5 0.389736138528
17.57 0.390250130357
17.64 0.458447283444
17.71 0.374073816248
17.78 0.315963632862
17.85 0.350160734983
17.92 0.320542852159
17.99 0.646839669328
18.06 0.596221251172
18.13 0.524968023918
18.2 0.289455647149
18.27 0.176867995905
18.34 0.15678690286
18.41 0.10612518427
18.48 0.102693096109
18.55 0.112112524798
18.62 0.14341472729
18.69 0.251287903352
18.76 0.364251615539
18.83 0.246211855288
18.9 0.174143049306
18.97 0.127949448151
19.04 0.192422916207
19.11 0.130829011185
19.18 0.102204083934
19.25 0.0862131293033
19.32 0.0568815425869
19.39 0.230504190825
19.46 0.206189642977
19.53 0.150593491062
19.6 0.118025227529
19.67 0.15106858888
19.74 0.135568271351
19.81 0.0579092857704
19.88 0.0482667979521
19.95 0.0560302990863
20.02 0.199718839528
20.09 0.231598712844
20.16 0.193320221026
20.23 0.15172221897
20.3 0.117886031286
20.37 0.221038756928
20.44 0.304566363833
20.51 0.246701118245
20.58 0.184335880797
20.65 0.166161780643
20.72 0.175855660316
20.79 0.373455698629
20.86 0.326571675815
20.93 0.257929474012
21.0 0.131507641541
21.07 0.128872379618
21.14 0.154252924538
21.21 0.109461331962
21.28 0.0795121326246
21.35 0.166142192215
21.42 0.274862074811
21.49 0.301701658736
21.56 0.235548590053
21.63 0.20936117619
21.7 0.234237680376
21.77 0.165009286908
21.84 0.126010841923
21.91 0.0931934735
21.98 0.0757542623173
22.05 0.0812459317955
22.12 0.205206347639
22.19 0.195520801007
22.26 0.106068272936
22.33 0.133574177173
22.4 0.197685818131
22.47 0.178250402314
22.54 0.100943187386
22.61 0.049961885186
22.68 0.199467636777
22.75 0.184631923024
22.82 0.201215051428
22.89 0.171189935195
22.96 0.141221150865
23.03 0.333141774937
23.1 0.291598754687
23.17 0.243526691313
23.24 0.193701675487
23.31 0.149162255578
23.38 0.167323165092
23.45 0.135904687084
23.52 0.317269554395
23.59 0.29538052251
23.66 0.201236686186
23.73 0.157775369562
23.8 0.247655188968
23.87 0.293392348605
23.94 0.245627580555
24.01 0.225433145792
24.08 0.210753287494
24.15 0.28417399617
24.22 0.51655988876
24.29 0.448695235095
24.36 0.328969229084
24.43 0.187055496862
24.5 0.147658575203
24.57 0.118309799086
24.64 0.0946203277536
24.71 0.224955060355
24.78 0.482911968014
24.85 0.430345558225
24.92 0.273840658417
24.99 0.210090039538
25.06 0.165698126012
25.13 0.126929612023
25.2 0.200292595186
25.27 0.110747397109
25.34 0.0919481379915
25.41 0.117953594529
25.48 0.0921298296498
25.55 0.283115988602
25.62 0.292826177078
25.69 0.21475025434
25.76 0.379997303723
25.83 0.29689105872
25.9 0.271702771483
25.97 0.246316914351
26.04 0.210072096648
26.11 0.19533808103
26.18 0.191854544904
26.25 0.387003600926
26.32 0.337062041625
26.39 0.291277306821
26.46 0.221578228829
26.53 0.332194924197
26.6 0.400401008076
26.67 0.327082409777
26.74 0.270579560765
26.81 0.282636958441
26.88 0.400509228816
26.95 0.469936197595
27.02 0.39260650052
27.09 0.364630225521
27.16 0.58064057368
27.23 0.412513725369
27.3 0.376908425294
27.37 0.396945877805
27.44 0.410043385963
27.51 0.373865870417
27.58 0.457367716696
27.65 0.377380241197
27.72 0.336939091203
27.79 0.371328029604
27.86 0.293179222249
27.93 0.345517553846
28.0 0.330361094187
28.07 0.290023436731
28.14 0.35357283507
28.21 0.335771676551
28.28 0.411284151296
28.35 0.420486528157
28.42 0.334922178214
28.49 0.371609507046
28.56 0.371344354439
28.63 0.297966205303
28.7 0.271086491783
28.77 0.259459624988
28.84 0.222254167007
28.91 0.708146636974
28.98 0.674249974342
29.05 0.389526967418
29.12 0.263784197013
29.19 0.172380863748
29.26 0.12271223013
29.33 0.104231242315
29.4 0.0901046488917
29.47 0.139341358017
29.54 0.186460133929
29.61 0.391191550937
29.68 0.294743470327
29.75 0.210226481768
29.82 0.158048619314
29.89 0.164031035825
29.96 0.200333154202
30.03 0.139829203314
30.1 0.0780714292861
30.17 0.0514324418109
30.24 0.264926546126
30.31 0.356368493993
30.38 0.267846099051
30.45 0.23474219748
30.52 0.243746667779
30.59 0.181415916774
30.66 0.0721507954513
30.73 0.0518322891934
30.8 0.0542921141046
30.87 0.236868761464
30.94 0.275581920337
31.01 0.279817550868
31.08 0.451109147553
31.15 0.342000159948
31.22 0.567833711941
31.29 0.399631314318
31.36 0.282456162267
31.43 0.208339218154
31.5 0.153074590019
31.57 0.76117637618
31.64 0.647633905304
31.71 0.39169277811
31.78 0.210583904733
31.85 0.18972998488
31.92 0.214254642837
31.99 0.302738972835
32.06 0.259962074005
32.13 0.194429314701
32.2 0.165762305425
32.27 0.182766730459
32.34 0.233948400084
32.41 0.144376053496
32.48 0.131752202594
32.55 0.109507474584
32.62 0.249540732611
32.69 0.238375396249
32.76 0.201606580656
32.83 0.285862826467
32.9 0.417572450053
32.97 0.667584485553
33.04 0.538422533638
33.11 0.236396998236
33.18 0.157654768927
33.25 0.168248875766
33.32 0.332767335484
33.39 0.261333667043
33.46 0.167603390917
33.53 0.133871963418
33.6 0.157884599152
33.67 0.274196451877
33.74 0.261803559144
33.81 0.272888611121
33.88 0.288752341741
33.95 0.25569085199
34.02 0.286727937374
34.09 0.181019257407
34.16 0.0948427776789
34.23 0.0903892994618
34.3 0.387860417727
34.37 0.57122932115
34.44 0.350470683551
34.51 0.137005881719
34.58 0.088607165908
34.65 0.246582882283
34.72 0.311944761009
34.79 0.205705709411
34.86 0.134150618139
34.93 0.126854773831
35.0 0.339902352225
35.07 0.380681850915
35.14 0.275032578644
35.21 0.157291699373
35.28 0.200272833845
35.35 0.326974616167
35.42 0.246350990841
35.49 0.167002114583
35.56 0.625551922937
35.63 0.541159868149
35.7 0.307822984065
35.77 0.166687656531
35.84 0.206654810312
35.91 0.404420903667
35.98 0.255834566879
36.05 0.220835100717
36.12 0.124362720654
36.19 0.230408617939
36.26 0.301879088256
36.33 0.36296800782
36.4 0.356781076259
36.47 0.298346528385
36.54 0.286533499382
36.61 0.234036657942
36.68 0.462123786083
36.75 0.412107535165
36.82 0.259003540747
36.89 0.215730820857
36.96 0.185106066957
37.03 0.550363753133
37.1 0.404057597073
37.17 0.212396233965
37.24 0.222762456137
37.31 0.189414787081
37.38 0.249332476452
37.45 0.160507988467
37.52 0.0932596190841
37.59 0.185672454911
37.66 0.112042354116
37.73 0.187514617962
37.8 0.155488988007
37.87 0.165452980947
37.94 0.26078932609
38.01 0.273457219464
38.08 0.231666032176
38.15 0.218647773214
38.22 0.176418309452
38.29 0.130669450121
38.36 0.263048204145
38.43 0.261635894064
38.5 0.116372860154
38.57 0.0869766932325
38.64 0.121927491782
38.71 0.322100851316
38.78 0.321934836354
38.85 0.150535922429
38.92 0.206875288341
38.99 0.155435295606
39.06 0.273418428513
39.13 0.208331731358
39.2 0.112962180017
39.27 0.237505403694
39.34 0.257517755168
39.41 0.334797000533
39.48 0.255163008786
39.55 0.120361332498
39.62 0.170694564167
39.69 0.40369677081
39.76 0.723143502362
39.83 0.423780748414
39.9 0.237556969606
39.97 0.164262042089
40.04 0.602752165422
40.11 0.523738936522
40.18 0.166413526181
40.25 0.101187367114
40.32 0.0734435755843
40.39 0.327502982692
40.46 0.522486776096
40.53 0.288055750173
40.6 0.186196827256
40.67 0.100519838699
40.74 0.337411833509
40.81 0.704269998224
40.88 0.530474891433
40.95 0.265684083287
41.02 0.113917831006
41.09 0.113096114433
41.16 0.4998408758
41.23 0.295892689017
41.3 0.0841945742114
41.37 0.0469917156535
41.44 0.186201986023
41.51 0.659800710064
41.58 0.43301586999
41.65 0.17268590891
41.72 0.110635774217
41.79 0.141280850567
41.86 0.506598624641
41.93 0.377558008528
42.0 0.164743687705
42.07 0.371519524637
42.14 0.672738386911
42.21 0.370089426258
42.28 0.171627454745
42.35 0.101921502596
42.42 0.171031516962
42.49 0.331116964053
42.56 0.730181454126
42.63 0.466691515243
42.7 0.310523648388
42.77 0.186589708872
42.84 0.16020517858
42.91 0.192591677166
42.98 0.126543012538
43.05 0.0887910756643
43.12 0.212832225924
43.19 0.280903941387
43.26 0.404429255029
43.33 0.290946779296
43.4 0.214452071883
43.47 0.191922014247
43.54 0.19227031633
43.61 0.185116069583
43.68 0.123848815854
43.75 0.172037111228
43.82 0.141327435206
43.89 0.314324988608
43.96 0.187252495343
44.03 0.13492391559
44.1 0.147188393387
44.17 0.233389425639
44.24 0.204390394456
44.31 0.106689033492
44.38 0.0942864060922
44.45 0.258343494549
44.52 0.331046970864
44.59 0.261014794552
44.66 0.144892884078
44.73 0.162655729162
44.8 0.325153730597
44.87 0.330034027216
44.94 0.321428159553
45.01 0.249754893011
45.08 0.217381439634
45.15 0.171816815274
45.22 0.265521044494
45.29 0.336360940573
45.36 0.329345726318
45.43 0.285423401436
45.5 0.295533941148
45.57 0.242890097178
45.64 0.189832746832
45.71 0.105937195595
45.78 0.184691973133
45.85 0.203428278117
45.92 0.464512631857
45.99 0.400119042813
46.06 0.29405630997
46.13 0.22898880274
46.2 0.145124836212
46.27 0.133654963121
46.34 0.105687246751
46.41 0.299927798676
46.48 0.531058751633
46.55 0.446305285425
46.62 0.344430309067
46.69 0.231692306962
46.76 0.173049341467
46.83 0.173094816485
46.9 0.217093449893
46.97 0.134681066492
47.04 0.111023558902
47.11 0.443091024339
47.18 0.353363415468
47.25 0.343865938815
47.32 0.4117229843
47.39 0.353797073673
47.46 0.441883862561
47.53 0.334848780583
47.6 0.351287565427
47.67 0.284417440731
47.74 0.279007868363
47.81 0.205196980555
47.88 0.572912412103
47.95 0.53315026463
48.02 0.298288175344
48.09 0.206756767244
48.16 0.229955585444
48.23 0.280228804793
48.3 0.333155866787
48.37 0.233505568321
48.44 0.244189430835
48.51 0.268027171199
48.58 0.359918147075
48.65 0.226257735472
48.72 0.222263583331
48.79 0.500140765631
48.86 0.458469440377
48.93 0.231020065232
49.0 0.0755256127106
49.07 0.0781750420615
49.14 0.123805298992
49.21 0.573292476387
49.28 0.708947255852
49.35 0.33729176879
49.42 0.356073911795
49.49 0.312135631951
49.56 0.504135591103
49.63 0.687525421599
49.7 0.338102010113
49.77 0.151982896446
49.84 0.252522881247
49.91 0.589001383306
49.98 0.474677604862
50.05 0.341315789104
50.12 0.463005429092
50.19 0.557007403332
50.26 0.338506171164
50.33 0.150827132248
50.4 0.324554854435
50.47 0.379047298176
50.54 0.715549199624
50.61 0.684970518494
50.68 0.602496298596
50.75 0.34601054646
50.82 0.230270782098
50.89 0.163736100929
50.96 0.132174538994
51.03 0.110323083086
51.1 0.143068937602
51.17 0.153801331459
51.24 0.4197270775
51.31 0.367273634974
51.38 0.280514918827
51.45 0.240276913175
51.52 0.158456424138
51.59 0.242123683045
51.66 0.145434364521
51.73 0.200632234433
51.8 0.253553891459
51.87 0.223741051903
51.94 0.362946232212
52.01 0.352473253909
52.08 0.371619552041
52.15 0.447062705784
52.22 0.697104552201
52.29 0.360004643738
52.36 0.255624967494
52.43 0.248197175554
52.5 0.168936346451
52.57 0.301320058845
52.64 0.407558879129
52.71 0.382647129285
52.78 0.527293527363
52.85 0.629120160177
52.92 0.575014218587
52.99 0.540290404639
53.06 0.387377600653
53.13 0.41865805502
53.2 0.784827255814
53.27 0.680127913511
53.34 0.641131348813
53.41 0.496538992398
53.48 0.573600915687
53.55 0.522972879666
53.62 0.754610520875
53.69 0.681810780021
53.76 0.461960503378
53.83 0.678356664326
53.9 0.706976619464
53.97 0.670929971701
54.04 0.61053302429
54.11 0.589805523428
54.18 0.725273011596
54.25 0.740023340598
54.32 0.756610922374
54.39 0.604456561339
54.46 0.30477002806
54.53 0.343364356654
54.6 0.546773534164
54.67 0.726117703863
54.74 0.560168337311
54.81 0.414900977136
54.88 0.409707706542
54.95 0.639659040154
55.02 0.605458037753
55.09 0.502637678699
55.16 0.635566980227
55.23 0.653552199658
55.3 0.577569412552
55.37 0.411517606973
55.44 0.390372084525
55.51 0.557754998559
55.58 0.506767561949
55.65 0.523303337338
55.72 0.440426700408
55.79 0.218319995123
55.86 0.638439745827
55.93 0.459118049114
56.0 0.615384430668
56.07 0.500932606016
56.14 0.261485315325
56.21 0.394242595736
56.28 0.376273720607
56.35 0.569876962698
56.42 0.541219305618
56.49 0.377133418531
56.56 0.525385981378
56.63 0.468633125121
56.7 0.504174921405
56.77 0.463335271835
56.84 0.421367233313
56.91 0.521376573945
56.98 0.499422288524
57.05 0.299728669126
57.12 0.250098461165
57.19 0.539999505148
57.26 0.469234307556
57.33 0.367742384245
57.4 0.262097206924
57.47 0.194308813692
57.54 0.421686305054
57.61 0.330916409973
57.68 0.264853308812
57.75 0.158829797484
57.82 0.52925068912
57.89 0.794787627883
57.96 0.678083065312
58.03 0.662289719511
58.1 0.590844057081
58.17 0.60273572035
58.24 0.588310360458
58.31 0.559701815299
58.38 0.557114888904
58.45 0.379620915275
58.52 0.282449257191
58.59 0.311010042818
58.66 0.661786440283
58.73 0.70851101311
58.8 0.454003702501
58.87 0.381701124789
58.94 0.389227078732
59.01 0.486271199041
59.08 0.530044983498
59.15 0.273456550713
59.22 0.48435340881
59.29 0.564843420355
59.36 0.248595685436
59.43 0.0999959198218
59.5 0.446916768217
59.57 0.614133102745
59.64 0.655169107238
59.71 0.335921991913
59.78 0.23767446582
59.85 0.331363600064
59.92 0.55003648004
59.99 0.786849223364
60.06 0.750815447899
60.13 0.517411110503
60.2 0.212853550355
60.27 0.34954457094
60.34 0.693929877924
60.41 0.75618412344
60.48 0.436081452091
60.55 0.361379466015
60.62 0.459927833534
60.69 0.708591362767
60.76 0.532736947197
60.83 0.408477760305
60.9 0.587147908758
60.97 0.674622745354
61.04 0.447189594274
61.11 0.336679800468
61.18 0.556496305222
61.25 0.383750317575
61.32 0.885980531551
61.39 0.846178466328
61.46 0.600567546129
61.53 0.521173202869
61.6 0.581632532999
61.67 0.550139390857
61.74 0.627433227345
61.81 0.510365531093
61.88 0.35885331001
61.95 0.318280836474
62.02 0.789352441464
62.09 0.698598634178
62.16 0.374572969609
62.23 0.274101481324
62.3 0.290915117865
62.37 0.695680427914
62.44 0.656320841758
62.51 0.540399582699
62.58 0.298868153586
62.65 0.437251918489
62.72 0.692954365968
62.79 0.668930540118
62.86 0.466298383991
62.93 0.508098489475
63.0 0.657073255651
63.07 0.425013657077
63.14 0.224757298078
63.21 0.494503084153
63.28 0.811381897163
63.35 0.681020416841
63.42 0.670507987998
63.49 0.599093503758
63.56 0.666797455819
63.63 0.562541253317
63.7 0.602652289174
63.77 0.508343909369
63.84 0.42169992397
63.91 0.506951928609
63.98 0.835512538689
64.05 0.851634537452
64.12 0.691062961599
64.19 0.597396197281
64.26 0.522080423285
64.33 0.596481113323
64.4 0.684406790655
64.47 0.456083693298
64.54 0.663542647168
64.61 0.730158337582
64.68 0.68195797493
64.75 0.581926418964
64.82 0.583879340341
64.89 0.716356179644
64.96 0.767435588881
65.03 0.818408925624
65.1 0.741874887909
65.17 0.505458979156
65.24 0.360253947879
65.31 0.299194697237
65.38 0.696360022462
65.45 0.7606343415
65.52 0.545266664629
65.59 0.561001458138
65.66 0.396801165516
65.73 0.614505688248
65.8 0.609254505485
65.87 0.406771214998
65.94 0.661777935474
66.01 0.642585712292
66.08 0.542847150243
66.15 0.488509918398
66.22 0.531653619874
66.29 0.74945232188
66.36 0.639029580119
66.43 0.704884224724
66.5 0.564448109939
66.57 0.411842118036
66.64 0.623792349399
66.71 0.627973589005
66.78 0.714966836096
66.85 0.582133968584
66.92 0.427577090183
66.99 0.31731876365
67.06 0.535199472302
67.13 0.647620501671
67.2 0.52357472169
67.27 0.447222980257
67.34 0.395637826347
67.41 0.443473962875
67.48 0.661087764596
67.55 0.53535969639
67.62 0.47346640539
67.69 0.432530885203
67.76 0.407265083628
67.83 0.280145529355
67.9 0.376726583625
67.97 0.532187507024
68.04 0.437884210407
68.11 0.343675500727
68.18 0.308815759855
68.25 0.424317441108
68.32 0.525941765518
68.39 0.333546473049
68.46 0.196798199884
68.53 0.126452277785
68.6 0.444719392283
68.67 0.468930662875
68.74 0.339140100604
68.81 0.359152935318
68.88 0.321257875584
68.95 0.801361984562
69.02 0.71956091333
69.09 0.702918971547
69.16 0.57387403375
69.23 0.376894530404
69.3 0.233342619992
69.37 0.401505399888
69.44 0.783241819575
69.51 0.699444027259
69.58 0.473064484194
69.65 0.464496939128
69.72 0.363337005662
69.79 0.581381529499
69.86 0.49498316897
69.93 0.336928072856
70.0 0.718434584449
70.07 0.600305049056
70.14 0.232908262119
70.21 0.106491627348
70.28 0.245499709551
70.35 0.728041057088
70.42 0.573413555683
70.49 0.29169754078
70.56 0.230834140064
70.63 0.524433752008
70.7 0.575150660816
70.77 0.820757597142
70.84 0.741123159944
70.91 0.526432036181
70.98 0.309207728809
71.05 0.382611638572
71.12 0.804170795193
71.19 0.788914438673
71.26 0.461535028204
71.33 0.466691208351
71.4 0.486908600486
71.47 0.744179549019
71.54 0.519630661691
71.61 0.415490019005
71.68 0.450207913825
71.75 0.501136518734
71.82 0.29816182735
71.89 0.291290566169
71.96 0.7350933595
72.03 0.654778996814
72.1 0.690846813271
72.17 0.615604458664
72.24 0.370765474368
72.31 0.886118996063
72.38 0.707244379509
72.45 0.595748643991
72.52 0.448246992638
72.59 0.492372130923
72.66 0.572101339423
72.73 0.53371670755
72.8 0.692771294439
72.87 0.493492520064
72.94 0.240938170911
73.01 0.155069458297
73.08 0.57283389922
73.15 0.728226926146
73.22 0.646047664046
73.29 0.572412966737
73.36 0.766426973787
73.43 0.490704068528
73.5 0.313157352947
73.57 0.157337985136
73.64 0.0976456004751
73.71 0.0650785427539
73.78 0.0426513169214
73.85 0.0465836760803
73.92 0.161748229336
73.99 0.608866165417
74.06 0.706782066959
74.13 0.686555218421
74.2 0.555436713952
74.27 0.422755426015
74.34 0.664877556277
74.41 0.749791508805
74.48 0.521187563823
74.55 0.567650722862
74.62 0.384179056343
74.69 0.192563133898
74.76 0.761596457839
74.83 0.837880153933
74.9 0.570645385372
74.97 0.203837633433
75.04 0.14993188521
75.11 0.37618013336
75.18 0.665369234292
75.25 0.583983833714
75.32 0.459672120154
75.39 0.594779840149
75.46 0.488296197725
75.53 0.568645130448
75.6 0.502119588484
75.67 0.351080121158
75.74 0.626835371485
75.81 0.531553386349
75.88 0.486191634937
75.95 0.408396278125
76.02 0.486207808616
76.09 0.586158166392
76.16 0.650062505075
76.23 0.732249970817
76.3 0.242803299349
76.37 0.126060232107
76.44 0.279785809278
76.51 0.669132890892
76.58 0.610359907292
76.65 0.417429000832
76.72 0.489799939936
76.79 0.443980084292
76.86 0.62437470033
76.93 0.538013825315
77.0 0.488240449833
77.07 0.570163254225
77.14 0.615899145068
77.21 0.721304585728
77.28 0.567749621177
77.35 0.646905019053
77.42 0.558214332651
77.49 0.626462892478
77.56 0.539555162971
77.63 0.284778560145
77.7 0.198426164746
77.77 0.266659621581
77.84 0.659172585239
77.91 0.525208175113
77.98 0.348352965621
78.05 0.337855040872
78.12 0.483330557581
78.19 0.523600578506
78.26 0.420168561457
78.33 0.347146369533
78.4 0.421391599183
78.47 0.50021795132
78.54 0.645359641413
78.61 0.672469550452
78.68 0.500893603218
78.75 0.61797371372
78.82 0.455967717804
78.89 0.298360940869
78.96 0.175183265139
79.03 0.458882724601
79.1 0.654050387682
79.17 0.660361421657
79.24 0.467336669152
79.31 0.248266987813
79.38 0.399928561212
79.45 0.305199902787
79.52 0.307993442093
79.59 0.245050150206
79.66 0.195368204565
79.73 0.692673837831
79.8 0.676463265157
79.87 0.752370150254
79.94 0.652907638921
80.01 0.498465081316
80.08 0.579137771612
80.15 0.563631321963
80.22 0.866962236112
80.29 0.864422945577
80.36 0.452032073294
80.43 0.323549534998
80.5 0.440105008631
80.57 0.86593080335
80.64 0.77414053508
80.71 0.662292969363
80.78 0.716244387274
80.85 0.734212486011
80.92 0.852149035424
80.99 0.811237822706
81.06 0.552501007961
81.13 0.640323941663
81.2 0.628786270579
81.27 0.886891268632
81.34 0.653703513565
81.41 0.454524379543
81.48 0.371620193308
81.55 0.69671466851
81.62 0.634266532369
81.69 0.543031507741
81.76 0.404213175408
81.83 0.468088630722
81.9 0.478832291418
81.97 0.532735017669
82.04 0.413318825102
82.11 0.701867783171
82.18 0.769802754092
82.25 0.548641463567
82.32 0.570960424
82.39 0.564154013271
82.46 0.412756913423
82.53 0.463550214352
82.6 0.483258455081
82.67 0.478487958323
82.74 0.406469427702
82.81 0.453070539384
82.88 0.857025304654
82.95 0.838512239729
83.02 0.495424465127
83.09 0.304894506072
83.16 0.274022921491
83.23 0.331884713396
83.3 0.234372297283
83.37 0.207691913709
83.44 0.154643341855
83.51 0.65557294193
83.58 0.813919373827
83.65 0.422298091303
83.72 0.371054604648
83.79 0.224881747463
83.86 0.796669280408
83.93 0.780798196971
84.0 0.472843350012
84.07 0.27785267787
84.14 0.33113245295
84.21 0.281080062035
84.28 0.125399750763
84.35 0.10985005221
84.42 0.154496158397
84.49 0.64573197499
84.56 0.837527648114
84.63 0.62398106408
84.7 0.29236535891
84.77 0.155643441834
84.84 0.642926915773
84.91 0.85444242626
84.98 0.765842251312
85.05 0.696816702165
85.12 0.600988081255
85.19 0.466633193121
85.26 0.346695287178
85.33 0.35775544882
85.4 0.311691552007
85.47 0.732848891639
85.54 0.814457467003
85.61 0.655613271922
85.68 0.427645930235
85.75 0.298824272576
85.82 0.350334946716
85.89 0.67136961774
85.96 0.650763666818
86.03 0.428771316682
86.1 0.409118567338
86.17 0.43313856047
86.24 0.466966804454
86.31 0.375221401997
86.38 0.475094358801
86.45 0.911703199484
86.52 0.836843021908
86.59 0.792484940961
86.66 0.754989824799
86.73 0.620057839546
86.8 0.482380124904
86.87 0.712796731203
86.94 0.71055691482
87.01 0.52681000833
87.08 0.350321443457
87.15 0.358980040474
87.22 0.694780951947
87.29 0.661144687381
87.36 0.427573808268
87.43 0.40720370976
87.5 0.344681906884
87.57 0.28141910353
87.64 0.135066535744
87.71 0.201184933619
87.78 0.804948570065
87.85 0.737160504337
87.92 0.593532040342
87.99 0.565445254363
88.06 0.555735103676
88.13 0.476374130367
88.2 0.73576313235
88.27 0.814618806438
88.34 0.598853057122
88.41 0.38971631535
88.48 0.26182131538
88.55 0.698424978974
88.62 0.783554468336
88.69 0.577341353828
88.76 0.21092901422
88.83 0.234044614237
88.9 0.460761266978
88.97 0.447732040053
89.04 0.271565779596
89.11 0.196240951135
89.18 0.347307348255
89.25 0.314969179471
89.32 0.175986735366
89.39 0.233805643662
89.46 0.600194148735
89.53 0.411384490173
89.6 0.263292254475
89.67 0.180213088132
89.74 0.57486704658
89.81 0.626865693126
89.88 0.437792745068
89.95 0.294344509267
90.02 0.280805470202
90.09 0.688274094384
90.16 0.604316042481
90.23 0.588641110137
90.3 0.387445434144
90.37 0.396857015324
90.44 0.54475271975
90.51 0.676844309664
90.58 0.641462411109
90.65 0.482370389092
90.72 0.409525042677
90.79 0.383867945478
90.86 0.420023638467
90.93 0.373303259069
91.0 0.351907727085
91.07 0.564843293246
91.14 0.579176437744
91.21 0.537414825479
91.28 0.513375784416
91.35 0.398206502959
91.42 0.601160629127
91.49 0.536166332874
91.56 0.312626453417
91.63 0.247615014713
91.7 0.263861042601
91.77 0.849387395735
91.84 0.698499416374
91.91 0.36494123447
91.98 0.22939966847
92.05 0.446536569953
92.12 0.42061976634
92.19 0.559590861157
92.26 0.416662738999
92.33 0.217431037085
92.4 0.479871135398
92.47 0.410013311669
92.54 0.574742893782
92.61 0.494479119075
92.68 0.299352874995
92.75 0.64404901229
92.82 0.650725924798
92.89 0.854365873823
92.96 0.582673226348
93.03 0.304763977244
93.1 0.191592936445
93.17 0.217760362233
93.24 0.250636181033
93.31 0.288595532402
93.38 0.227024323664
93.45 0.152834801827
93.52 0.545076967435
93.59 0.639242581657
93.66 0.36295643867
93.73 0.269805857941
93.8 0.436818559161
93.87 0.599092280769
93.94 0.387363132058
94.01 0.72260225667
94.08 0.697092780364
94.15 0.78419881379
94.22 0.862851254217
94.29 0.875023545248
94.36 0.816789029279
94.43 0.490775007586
94.5 0.754738312865
94.57 0.590998901393
94.64 0.584800064016
94.71 0.488741154832
94.78 0.472215813779
94.85 0.491113808605
94.92 0.635886595901
94.99 0.650607306366
95.06 0.427831752343
95.13 0.488627505077
95.2 0.612094471404
95.27 0.334059430835
95.34 0.311028694538
95.41 0.32798830758
95.48 0.373809348423
95.55 0.372824598782
95.62 0.439982512822
95.69 0.390978329536
95.76 0.354430003423
95.83 0.338098803776
95.9 0.273810670007
95.97 0.26368851305
96.04 0.178322116618
96.11 0.136502403239
96.18 0.797908312029
96.25 0.459900556768
96.32 0.301770794229
96.39 0.215384637248
96.46 0.105373917788
96.53 0.173080840291
96.6 0.183378655267
96.67 0.154169201357
96.74 0.12943793736
96.81 0.0869208262481
96.88 0.151521945445
96.95 0.124372794277
97.02 0.0851229530157
97.09 0.0727621534249
97.16 0.115601365121
97.23 0.174974971191
97.3 0.143981216014
97.37 0.110016950059
97.44 0.0778465768983
97.51 0.477161570054
97.58 0.539561035148
97.65 0.412571178345
97.72 0.257014210271
97.79 0.162454144473
97.86 0.250270481138
97.93 0.313184287322
98.0 0.227137815392
98.07 0.165351551916
98.14 0.122389266125
98.21 0.229286880991
98.28 0.120132615329
98.35 0.100581809175
98.42 0.0713622083533
98.49 0.251103268734
98.56 0.208270985016
98.63 0.143280137865
98.7 0.106191534831
98.77 0.125365180726
98.84 0.296012102163
98.91 0.222320578259
98.98 0.141573985334
99.05 0.0786690137526
99.12 0.174614899563
99.19 0.28393241701
99.26 0.213354853106
99.33 0.126888286922
99.4 0.0921013699749
99.47 0.190542521025
99.54 0.210947655634
99.61 0.124700462437
99.68 0.0743852698476
99.75 0.0635342598484
99.82 0.249751997001
99.89 0.319965065677
99.96 0.220295009305
100.03 0.126707963682
100.1 0.166061296336
100.17 0.275037271347
100.24 0.150922302052
100.31 0.117355499339
100.38 0.0780028354347
100.45 0.251837202676
100.52 0.369386897241
100.59 0.208804534355
100.66 0.128958577404
100.73 0.097592086713
100.8 0.227286670726
100.87 0.190238838555
100.94 0.130803896406
101.01 0.065846208504
101.08 0.0929835076762
101.15 0.131482952747
101.22 0.0862826403961
101.29 0.0680161485003
101.36 0.0659342281762
101.43 0.200960587374
101.5 0.375463614409
101.57 0.324816134245
101.64 0.248438209636
101.71 0.151745054959
101.78 0.168363829813
101.85 0.200195708847
101.92 0.142833522624
101.99 0.118886617941
102.06 0.101726472577
102.13 0.250119919575
102.2 0.276057693776
102.27 0.227744567692
102.34 0.137010759932
102.41 0.151290355169
102.48 0.218402861754
102.55 0.247225097813
102.62 0.177160766523
102.69 0.122830247374
102.76 0.251319688456
102.83 0.458234618571
102.9 0.362298113587
102.97 0.304181416756
103.04 0.234145195879
103.11 0.434661436496
103.18 0.316771680134
103.25 0.200082838919
103.32 0.136285375459
103.39 0.137244643883
103.46 0.369852806614
103.53 0.328596973375
103.6 0.220576025264
103.67 0.152362216402
103.74 0.186378777712
103.81 0.119489734484
103.88 0.150524391068
103.95 0.133144580711
104.02 0.0938373975499
104.09 0.211860625699
104.16 0.466571780319
104.23 0.41076775815
104.3 0.361276359383
104.37 0.288100323981
104.44 0.27148009826
104.51 0.215431787576
104.58 0.183371328788
104.65 0.147701919152
104.72 0.132361416902
104.79 0.349695121052
104.86 0.314324291229
104.93 0.114990828199
105.0 0.152342338259
105.07 0.350416207888
105.14 0.360999319282
105.21 0.373261732427
105.28 0.366231759861
105.35 0.174805541481
105.42 0.317982363157
105.49 0.254336441483
105.56 0.25312133715
105.63 0.266592164834
105.7 0.745451719277
105.77 0.505624616228
105.84 0.22811562904
105.91 0.397858725342
105.98 0.219621752999
106.05 0.276852153051
106.12 0.333299225543
106.19 0.496373925596
106.26 0.447817443125
106.33 0.649152788296
106.4 0.562394754641
106.47 0.491865730096
106.54 0.36724323203
106.61 0.420948343725
106.68 1.0
106.75 0.708287975738
106.82 0.573944451778
106.89 0.53670589295
106.96 0.456083983013
107.03 0.65163019653
107.1 0.683967011782
107.17 0.449725654425
107.24 0.860816814016
107.31 0.827588710406
107.38 0.743920341877
107.45 0.693600568807
107.52 0.612962727957
107.59 0.640843512519
107.66 0.611374276616
107.73 0.828484599857
107.8 0.672096320246
107.87 0.403507356461
107.94 0.492094143808
108.01 0.566910081951
108.08 0.723830689057
108.15 0.526767816372
108.22 0.63031618566
108.29 0.817251146014
108.36 0.576224676021
108.43 0.60677522727
108.5 0.489453898322
108.57 0.631209906253
108.64 0.70290576602
108.71 0.52185388299
108.78 0.438166976109
108.85 0.435377985221
108.92 0.449771421448
108.99 0.458141331346
109.06 0.476317631276
109.13 0.365818555795
109.2 0.352843884692
109.27 0.557937819306
109.34 0.464463600096
109.41 0.582045818368
109.48 0.503678518623
109.55 0.243813222171
109.62 0.179780153643
109.69 0.487821543068
109.76 0.606594445983
109.83 0.511489999153
109.9 0.413207675145
109.97 0.433382900515
110.04 0.430099039016
110.11 0.598309482254
110.18 0.502536809632
110.25 0.375670071584
110.32 0.391119518289
110.39 0.428350537646
110.46 0.295211065317
110.53 0.543568677951
110.6 0.538469200726
110.67 0.339136698451
110.74 0.425994932424
110.81 0.284100492043
110.88 0.163589988159
110.95 0.246287099998
111.02 0.753186240851
111.09 0.382692566514
111.16 0.260403019755
111.23 0.693567445057
111.3 0.865427871093
111.37 0.776158464936
111.44 0.765231523154
111.51 0.715905861084
111.58 0.655457450822
111.65 0.639813436725
111.72 0.642515207235
111.79 0.477069236714
111.86 0.315146622733
111.93 0.30631173788
112.0 0.89246827362
112.07 0.772136984499
112.14 0.679310874754
112.21 0.593231868811
112.28 0.335127990686
112.35 0.40263064892
112.42 0.350127565429
112.49 0.222132138407
112.56 0.53302305665
112.63 0.456864667636
112.7 0.212362246794
112.77 0.126052005563
112.84 0.4142228701
112.91 0.901726820922
112.98 0.721543091385
113.05 0.468410825207
113.12 0.232077705216
113.19 0.383297163697
113.26 0.455610081846
113.33 0.855625263393
113.4 0.76946658456
113.47 0.499812752791
113.54 0.154962097543
113.61 0.294384807196
113.68 0.854280358529
113.75 0.783740993547
113.82 0.427563562877
113.89 0.413607741245
113.96 0.642657054432
114.03 0.710461968315
114.1 0.426192632864
114.17 0.28604589914
114.24 0.390110395907
114.31 0.52339163413
114.38 0.367903360677
114.45 0.328832708986
114.52 0.748973558532
114.59 0.554604743972
114.66 0.600637477481
114.73 0.645157544856
114.8 0.714975880257
114.87 0.867130524137
114.94 0.671498744941
115.01 0.550294491677
115.08 0.430742296606
115.15 0.429467406688
115.22 0.435665323388
115.29 0.600629920832
115.36 0.693577448828
115.43 0.696428880836
115.5 0.378484453224
115.57 0.272709421551
115.64 0.721600968055
115.71 0.571053514265
115.78 0.492045725831
115.85 0.858908633635
115.92 0.786471057689
115.99 0.763586217736
116.06 0.672814924462
116.13 0.686415234334
116.2 0.549111014422
116.27 0.345651758511
116.34 0.227284099931
116.41 0.400536204415
116.48 0.460795383547
116.55 0.702108645485
116.62 0.417577330555
116.69 0.126597422929
116.76 0.722115311437
116.83 0.813108927527
116.9 0.712326604352
116.97 0.577596180885
117.04 0.384565482915
117.11 0.267045456127
117.18 0.22638802268
117.25 0.456387003603
117.32 0.347200659686
117.39 0.169260674294
117.46 0.0990238226145
117.53 0.136840279001
117.6 0.206198578351
117.67 0.192862961892
117.74 0.139603935248
117.81 0.118705583582
117.88 0.0852537452216
117.95 0.159371385567
118.02 0.111574295352
118.09 0.0682476952613
118.16 0.078516341733
118.23 0.123367102675
118.3 0.186845973055
118.37 0.156243747106
118.44 0.107341272261
118.51 0.0909728722362
118.58 0.261923217345
118.65 0.468828421954
118.72 0.273015020952
118.79 0.132232048081
118.86 0.107044868176
118.93 0.309574833767
119.0 0.363484943754
119.07 0.265624262203
119.14 0.203029345685
119.21 0.164517567669
119.28 0.212210843568
119.35 0.182796216162
119.42 0.0924471882911
119.49 0.150806954083
119.56 0.198125181325
119.63 0.328122038164
119.7 0.221719409566
119.77 0.146417628941
119.84 0.110984788564
119.91 0.241094584039
119.98 0.549683180653
120.05 0.293089466574
120.12 0.108815430289
120.19 0.0718135769886
120.26 0.21024972542
120.33 0.24162896588
120.4 0.138134665738
120.47 0.0952870053439
120.54 0.0738904564931
120.61 0.243832981222
120.68 0.263159194931
120.75 0.186931803257
120.82 0.0979643492925
120.89 0.117762549528
120.96 0.19390678829
121.03 0.144575800266
121.1 0.158435644785
121.17 0.487712073003
121.24 0.558721492692
121.31 0.227068216125
121.38 0.114362182344
121.45 0.106890867817
121.52 0.307248745166
121.59 0.25012934048
121.66 0.129486138909
121.73 0.0852734344201
121.8 0.239217580703
121.87 0.366403104212
121.94 0.341266458466
122.01 0.305235179363
122.08 0.250411020608
122.15 0.21999912625
122.22 0.270071584253
122.29 0.383139458874
122.36 0.310090069197
122.43 0.191429854137
122.5 0.136452621424
122.57 0.288253653299
122.64 0.345332995952
122.71 0.255113687309
122.78 0.231236933841
122.85 0.280728387574
122.92 0.249537659108
122.99 0.208474669855
123.06 0.133698742215
123.13 0.19805688864
123.2 0.229953817378
123.27 0.246589789649
123.34 0.22312132997
123.41 0.103654014652
123.48 0.271169288561
123.55 0.181189046685
123.62 0.305722189868
123.69 0.275148893094
123.76 0.216867494755
123.83 0.212500523506
123.9 0.167916524064
123.97 0.321675889155
124.04 0.198122996435
124.11 0.107856989786
124.18 0.194394406854
124.25 0.252258825666
124.32 0.325955741941
124.39 0.173410820449
124.46 0.147325027996
124.53 0.178655253872
124.6 0.278857225497
124.67 0.169378590767
124.74 0.0999117500441
124.81 0.299502418546
124.88 0.323195008041
124.95 0.207301268514
125.02 0.185570041077
125.09 0.145802334044
125.16 0.212420409744
125.23 0.59390523963
125.3 0.5954735025
125.37 0.509920024328
125.44 0.319454644333
125.51 0.187965541145
125.58 0.794225450537
125.65 0.355789991811
125.72 0.125961819323
125.79 0.103652384001
125.86 0.0972921900112
125.93 0.603191369444
126.0 0.366144011582
126.07 0.237553267432
126.14 0.141791946387
126.21 0.116467039428
126.28 0.770553508706
126.35 0.643719153515
126.42 0.391735425826
126.49 0.250620117285
126.56 0.525565451503
126.63 0.65291361874
126.7 0.225914687202
126.77 0.087958538849
126.84 0.0609290435925
126.91 0.338341571571
126.98 0.675184163486
127.05 0.401209847772
127.12 0.200383611638
127.19 0.124070475646
127.26 0.507115868612
127.33 0.681723982192
127.4 0.397571197085
127.47 0.503871267563
127.54 0.612855522939
127.61 0.643223274054
127.68 0.321781047842
127.75 0.193016632457
127.82 0.169466009251
127.89 0.268296211489
127.96 0.739611172866
128.03 0.457515625015
128.1 0.351313746312
128.17 0.265445124163
128.24 0.243997765179
128.31 0.275934189116
128.38 0.187881974846
128.45 0.123630471185
128.52 0.198031687977
128.59 0.366139679592
128.66 0.498789356484
128.73 0.390739048633
128.8 0.307518702697
128.87 0.358324964098
128.94 0.262555008845
129.01 0.210767223608
129.08 0.156158410451
129.15 0.121701924839
129.22 0.140046296367
129.29 0.203593067799
129.36 0.281127098997
129.43 0.176559932205
129.5 0.143947184184
129.57 0.211846390709
129.64 0.198646643919
129.71 0.156605115011
129.78 0.0938324345984
129.85 0.179494056786
129.92 0.194718649959
129.99 0.333160375126
130.06 0.186325901782
130.13 0.15898391808
130.2 0.377692173113
130.27 0.391032410133
130.34 0.377020348207
130.41 0.310347531176
130.48 0.222195587233
130.55 0.235532637382
130.62 0.304002751651
130.69 0.400309697328
130.76 0.391327237387
130.83 0.317087848995
130.9 0.289487631505
130.97 0.256977869878
131.04 0.173857521573
131.11 0.117773345722
131.18 0.140197093824
131.25 0.13817252456
131.32 0.506512477241
131.39 0.488730894554
131.46 0.375478402492
131.53 0.288545078401
131.6 0.244404367626
131.67 0.163371309115
131.74 0.132169968819
131.81 0.129513861126
131.88 0.219845469427
131.95 0.325281919945
132.02 0.29073246545
132.09 0.238372464741
132.16 0.433271898278
132.23 0.436868109662
132.3 0.207455888383
132.37 0.122226811343
132.44 0.0744616195988
132.51 0.486289496918
132.58 0.598716695051
132.65 0.587815729178
132.72 0.583287849059
132.79 0.459600758546
132.86 0.567085823564
132.93 0.606549287018
133.0 0.520957982088
133.07 0.379915641758
133.14 0.289136439139
133.21 0.163893427863
133.28 0.303845862153
133.35 0.54307927758
133.42 0.312026737881
133.49 0.251316183243
133.56 0.175571946454
133.63 0.415190357053
133.7 0.414848276409
133.77 0.195960941737
133.84 0.203885879642
133.91 0.257966235809
133.98 0.378679952743
134.05 0.307191826961
134.12 0.259795339908
134.19 0.516259736696
134.26 0.415834604027
134.33 0.179131802558
134.4 0.0785398842614
134.47 0.0663497316435
134.54 0.0831261048242
134.61 0.52318075221
134.68 0.691194723722
134.75 0.344055960078
134.82 0.332071466486
134.89 0.255213674634
134.96 0.551243270799
135.03 0.593460148544
135.1 0.167310407306
135.17 0.24899083439
135.24 0.296837822077
135.31 0.465772884848
135.38 0.495744104848
135.45 0.337453527339
135.52 0.429273648897
135.59 0.449388386722
135.66 0.297642892037
135.73 0.152954724551
135.8 0.100791939896
135.87 0.166419323925
135.94 0.417991891589
136.01 0.810985096945
136.08 0.595453181195
136.15 0.345592964599
136.22 0.18969328721
136.29 0.124395074883
136.36 0.109362208058
136.43 0.0997048233696
136.5 0.122044433757
136.57 0.120308630626
136.64 0.270197849798
136.71 0.246849395292
136.78 0.202856275638
136.85 0.179089379286
136.92 0.253018911865
136.99 0.170175501745
137.06 0.129591889624
137.13 0.0839431424362
137.2 0.0489768126204
137.27 0.0773410956031
137.34 0.422905147059
137.41 0.215524384294
137.48 0.146840580271
137.55 0.366198741462
137.62 0.245432156614
137.69 0.064524901134
137.76 0.0466334979746
137.83 0.0433134735768
137.9 0.0341373909685
137.97 0.0284963806257
138.04 0.0227922787346
138.11 0.020206131022
138.18 0.0199616627234
138.25 0.0208214957715
138.32 0.0168853130558
138.39 0.0155376301299
138.46 0.012494078998
138.53 0.0169948025887
138.6 0.116379612928
138.67 0.428404067439
138.74 0.3159075025
138.81 0.232909830934
138.88 0.169746053002
138.95 0.125265927424
139.02 0.0949016013638
139.09 0.078969354761
139.16 0.0844258324021
139.23 0.126662410797
139.3 0.188814069566
139.37 0.401724139623
139.44 0.271543256225
139.51 0.173801745054
139.58 0.145026408541
139.65 0.14299025066
139.72 0.319560841645
139.79 0.191310548633
139.86 0.0841737616498
139.93 0.0410097926898
140.0 0.28061136544
140.07 0.3762718449
140.14 0.276996606542
140.21 0.187284322817
140.28 0.275809140834
140.35 0.17823023102
140.42 0.0615453897101
140.49 0.0611344770301
140.56 0.052730049771
140.63 0.0383609691076
140.7 0.0334075668641
140.77 0.0270536355376
140.84 0.0272547690485
140.91 0.0209056999028
140.98 0.0211728221164
141.05 0.0232880837633
141.12 0.0159043835355
141.19 0.0130707478421
141.26 0.0202359579706
141.33 0.365131686299
141.4 0.520384738299
141.47 0.41637352856
141.54 0.384936579762
141.61 0.283271769624
141.68 0.250928112278
141.75 0.215144030295
141.82 0.166689966239
141.89 0.12270723168
141.96 0.150691784754
142.03 0.346160054512
142.1 0.400245850001
142.17 0.333857370921
142.24 0.264486265691
142.31 0.174096955923
142.38 0.316410346583
142.45 0.268755788347
142.52 0.106204628136
142.59 0.0575204212367
142.66 0.0497942040746
142.73 0.451492886528
142.8 0.526590527702
142.87 0.235358485196
142.94 0.332309758006
143.01 0.416749440638
143.08 0.174723752409
143.15 0.065473835993
143.22 0.069501533288
143.29 0.0292548705267
143.36 0.0259934739983
143.43 0.0333696599466
143.5 0.0261534221123
143.57 0.0279618796917
143.64 0.0159919085158
143.71 0.0221161687883
143.78 0.0226188891985
143.85 0.0133389178408
143.92 0.0103238641728
143.99 0.135435727111
144.06 0.651517504095
144.13 0.914352537225
144.2 0.542579561965
144.27 0.598718901697
144.34 0.83954986072
144.41 0.676823647114
144.48 0.575207300757
144.55 0.56725874131
144.62 0.537529520729
144.69 0.778839645037
144.76 0.851488641109
144.83 0.764590780249
144.9 0.485819380374
144.97 0.306155256045
145.04 0.238231156896
145.11 0.677258669156
145.18 0.758755412072
145.25 0.668086053972
145.32 0.538311726072
145.39 0.985368494407
145.46 0.72701369523
145.53 0.654138013433
145.6 0.547822827367
145.67 0.534693707017
145.74 0.515627575322
145.81 0.553894582728
145.88 0.6284438464
145.95 0.659436901908
146.02 0.673228827051
146.09 0.764587364355
146.16 0.677603212954
146.23 0.554256185383
146.3 0.270574586363
146.37 0.12030471775
146.44 0.0753489744682
146.51 0.0452179689608
146.58 0.0303573957917
146.65 0.0341557941969
146.72 0.0340143580978
146.79 0.0387790571114
146.86 0.0223862488476
146.93 0.0174389031453
147.0 0.0194028680621
147.07 0.0157103658023
147.14 0.00949534558466
147.21 0.0052603196779
147.28 0.0
147.35 0.0
147.42 0.0
147.49 0.0
147.56 0.0
147.63 0.0
147.7 0.0
147.77 0.0
147.84 0.0
147.91 0.0
147.98 0.0
148.05 0.0
148.12 0.0
148.19 0.0
148.26 0.0
148.33 0.0
148.4 0.0
148.47 0.0
148.54 0.0
148.61 0.0
148.68 0.0
148.75 0.0
148.82 0.0
148.89 0.0
148.96 0.0
149.03 0.0
149.1 0.0
149.17 0.0
149.24 0.0
149.31 0.0
149.38 0.0
149.45 0.0
149.52 0.0
149.59 0.0
149.66 0.0
149.73 0.0
149.8 0.0
149.87 0.0
149.94 0.0
150.01 0.0
150.08 0.0
150.15 0.0
150.22 0.0
150.29 0.0
150.36 0.0
150.43 0.0
150.5 0.0
150.57 0.0
150.64 0.0
150.71 0.0
150.78 0.0
150.85 0.0
150.92 0.0
150.99 0.0
151.06 0.0
151.13 0.0
151.2 0.0
151.27 0.0
151.34 0.0
151.41 0.0
151.48 0.0
151.55 0.0
151.62 0.0
151.69 0.0
151.76 0.0
151.83 0.0
151.9 0.0
151.97 0.0
152.04 0.0
152.11 0.0
152.18 0.0
152.25 0.0
152.32 0.0
152.39 0.0
152.46 0.0
152.53 0.0
152.6 0.0
152.67 0.0
152.74 0.0
152.81 0.0
152.88 0.0
152.95 0.0
153.02 0.0
153.09 0.0
153.16 0.0
153.23 0.0
153.3 0.0
153.37 0.0
153.44 0.0
153.51 0.0
153.58 0.0
153.65 0.0
153.72 0.0
153.79 0.0
153.86 0.0
153.93 0.0
154.0 0.0
154.07 0.0
154.14 0.0
154.21 0.0
154.28 0.0
154.35 0.0
154.42 0.0
154.49 0.0
154.56 0.0
154.63 0.0
154.7 0.0
154.77 0.0
154.84 0.0
154.91 0.0
154.98 0.0
155.05 0.0
155.12 0.0
155.19 0.0
155.26 0.0
155.33 0.0
155.4 0.0
155.47 0.0
155.54 0.0
155.61 0.0
155.68 0.0
155.75 0.0
155.82 0.0
155.89 0.0
155.96 0.0
156.03 0.0
156.1 0.0
156.17 0.0
