0.0 0.0
0.07 0.0
0.14 0.0
0.21 0.0
0.28 0.0
0.35 0.0
0.42 0.0
0.49 0.0
0.56 0.0
0.63 0.0
0.7 0.0
0.77 0.0
0.84 0.0
0.91 0.0
0.98 0.0
1.05 0.0
1.12 0.0
1.19 0.0
1.26 0.0
1.33 0.0
1.4 0.0
1.47 0.0
1.54 0.0
1.61 0.0
1.68 0.0
1.75 0.0
1.82 0.0
1.89 0.0
1.96 0.0
2.03 0.0
2.1 0.0
2.17 0.0
2.24 0.0
2.31 0.0
2.38 0.0
2.45 0.0
2.52 0.0
2.59 0.0
2.66 0.0
2.73 0.0
2.8 0.0
2.87 0.0
2.94 0.0
3.01 0.0
3.08 0.0
3.15 0.0
3.22 0.0
3.29 0.0
3.36 0.0
3.43 0.0
3.5 0.0
3.57 0.0
3.64 0.0
3.71 0.0
3.78 0.0
3.85 0.0
3.92 0.0
3.99 5.22841561569e-05
4.06 5.55412516778e-05
4.13 5.76810509472e-05
4.2 5.64348358972e-05
4.27 5.73524344025e-05
4.34 5.53011088183e-05
4.41 0.0198113233195
4.48 0.714741151358
4.55 0.413412542914
4.62 0.411916639957
4.69 0.200441197034
4.76 0.105389675464
4.83 0.077275910757
4.9 0.049622846223
4.97 0.0421233945292
5.04 0.0393287067233
5.11 0.0490714529393
5.18 0.0653885573588
5.25 0.0581117143041
5.32 0.0563162672562
5.39 0.0498295030566
5.46 0.0484941520329
5.53 0.0389324975472
5.6 0.034121188592
5.67 0.0523716654788
5.74 0.0649041677247
5.81 0.0711626432746
5.88 0.0665910487136
5.95 0.0554825089427
6.02 0.0394783056135
6.09 0.0374531252671
6.16 0.0428032756179
6.23 0.04466675261
6.3 0.0583948983475
6.37 0.062265215091
6.44 0.0613982513396
6.51 0.0544951388254
6.58 0.0438071435496
6.65 0.0501224128858
6.72 0.0602899187361
6.79 0.0577891759016
6.86 0.0689647496559
6.93 0.0690779997645
7.0 0.0732316168312
7.07 0.061268972327
7.14 0.061938048251
7.21 0.0729280762568
7.28 0.0703153762933
7.35 0.0672258878492
7.42 0.0908336473296
7.49 0.0934812362588
7.56 0.0887701490302
7.63 0.0964902642059
7.7 0.0939416229822
7.77 0.0880700668714
7.84 0.0849605606241
7.91 0.0700613733991
7.98 0.063970827223
8.05 0.0733924708381
8.12 0.0773701921076
8.19 0.085370754962
8.26 0.0637223172807
8.33 0.0659031594925
8.4 0.0690486214454
8.47 0.0564695934164
8.54 0.0665077861286
8.61 0.0530279620109
8.68 0.0572497543715
8.75 0.074640311276
8.82 0.0878036940921
8.89 0.109770592803
8.96 0.0655087640269
9.03 0.072684784998
9.1 0.0811802431047
9.17 0.0762210920939
9.24 0.146592421674
9.31 0.178146542501
9.38 0.0825042568576
9.45 0.118625970708
9.52 0.134442839856
9.59 0.0702064437005
9.66 0.197413828492
9.73 0.1195380889
9.8 0.169182106876
9.87 0.163695426462
9.94 0.134923784072
10.01 0.357579812152
10.08 0.387021507469
10.15 0.331272755929
10.22 0.399098023925
10.29 0.346693881021
10.36 0.204065712394
10.43 0.134725628296
10.5 0.103322248933
10.57 0.0990789953842
10.64 0.115377276395
10.71 0.108672106057
10.78 0.214811108133
10.85 0.124011539603
10.92 0.0658180642383
10.99 0.0707029213678
11.06 0.0626400502887
11.13 0.0726223465906
11.2 0.181517772867
11.27 0.127107936578
11.34 0.215557817187
11.41 0.227513392644
11.48 0.176716005167
11.55 0.0595785043622
11.62 0.059789263847
11.69 0.0554326540211
11.76 0.0383652763213
11.83 0.0555100925099
11.9 0.0586507313831
11.97 0.124154004986
12.04 0.276033835264
12.11 0.312375445403
12.18 0.262817658937
12.25 0.16202898795
12.32 0.17698386936
12.39 0.227883387067
12.46 0.216843075674
12.53 0.136308258214
12.6 0.139752136851
12.67 0.237151637535
12.74 0.29721674211
12.81 0.206765790233
12.88 0.0915300565666
12.95 0.0636025074802
13.02 0.0893669748151
13.09 0.124658191239
13.16 0.187914767874
13.23 0.177621879645
13.3 0.185596992412
13.37 0.125085469845
13.44 0.0769003627142
13.51 0.109126889868
13.58 0.186262066798
13.65 0.099418985853
13.72 0.14087908179
13.79 0.112767215475
13.86 0.0760942511633
13.93 0.135518301958
14.0 0.15743222389
14.07 0.177287974902
14.14 0.178858521843
14.21 0.157056970338
14.28 0.088296241
14.35 0.0448712077128
14.42 0.0648558029528
14.49 0.0532812280457
14.56 0.0467423212479
14.63 0.0526171306624
14.7 0.0390411912611
14.77 0.046068662387
14.84 0.0594465976812
14.91 0.0725100368308
14.98 0.0563373239932
15.05 0.0625520568894
15.12 0.0738834783038
15.19 0.0393144245427
15.26 0.0696941924391
15.33 0.0724586260364
15.4 0.0927372484018
15.47 0.377735895936
15.54 0.372887637842
15.61 0.269555368633
15.68 0.116815413618
15.75 0.0933804609398
15.82 0.183846119671
15.89 0.217690685175
15.96 0.246713626957
16.03 0.253532779208
16.1 0.200976465356
16.17 0.12170638428
16.24 0.108168272434
16.31 0.106870077831
16.38 0.0972433673803
16.45 0.0930193631776
16.52 0.116472059886
16.59 0.0899220170063
16.66 0.185069135657
16.73 0.143847742986
16.8 0.164177889898
16.87 0.194198347201
16.94 0.170788574133
17.01 0.0673474759707
17.08 0.0498046394233
17.15 0.061147293204
17.22 0.0668312699355
17.29 0.0564793482721
17.36 0.082794193971
17.43 0.130481205631
17.5 0.254130427798
17.57 0.223972304177
17.64 0.0983444590446
17.71 0.111898812131
17.78 0.129058460301
17.85 0.109613596249
17.92 0.150626927882
17.99 0.10438979264
18.06 0.0639382512121
18.13 0.0993784358353
18.2 0.367157918952
18.27 0.317005308733
18.34 0.11473469202
18.41 0.107650585097
18.48 0.0635974227712
18.55 0.186305504849
18.62 0.184162940146
18.69 0.19370678867
18.76 0.17609080208
18.83 0.132193412844
18.9 0.162241901138
18.97 0.155782953065
19.04 0.135094023873
19.11 0.0834002880064
19.18 0.0776248459153
19.25 0.0867143087602
19.32 0.0623434233008
19.39 0.179944963529
19.46 0.244283208063
19.53 0.196198493286
19.6 0.220211731457
19.67 0.167769446282
19.74 0.0742150486056
19.81 0.081761132251
19.88 0.086278074089
19.95 0.100501968218
20.02 0.191701574307
20.09 0.14850288704
20.16 0.0798196543303
20.23 0.116565776269
20.3 0.266791872856
20.37 0.151004932965
20.44 0.164232784028
20.51 0.192356792724
20.58 0.152055975066
20.65 0.156938215902
20.72 0.113270977055
20.79 0.0983195688691
20.86 0.109371311062
20.93 0.53854505169
21.0 0.488315456726
21.07 0.398523894168
21.14 0.411948835531
21.21 0.352409578096
21.28 0.23563041341
21.35 0.119153423012
21.42 0.128992427334
21.49 0.130112936444
21.56 0.0814692044797
21.63 0.119654697217
21.7 0.16328089565
21.77 0.182948696958
21.84 0.148062832833
21.91 0.144164553349
21.98 0.172232664371
22.05 0.123270946607
22.12 0.2703673561
22.19 0.387034093482
22.26 0.424699957517
22.33 0.604471033601
22.4 0.386633279883
22.47 0.328483952888
22.54 0.448919882855
22.61 0.400121782005
22.68 0.331833450325
22.75 0.0821718245694
22.82 0.084426896203
22.89 0.281163579971
22.96 0.262702353711
23.03 0.113176020776
23.1 0.322865291222
23.17 0.277845279618
23.24 0.290700011873
23.31 0.194287073668
23.38 0.179887702096
23.45 0.229716971329
23.52 0.217673693172
23.59 0.136035567149
23.66 0.553739068623
23.73 0.43453672851
23.8 0.382774511483
23.87 0.44410552535
23.94 0.383139307445
24.01 0.236726618799
24.08 0.208828258445
24.15 0.174446714549
24.22 0.14577954315
24.29 0.138281565175
24.36 0.128533429647
24.43 0.184491444202
24.5 0.125004082903
24.57 0.111380331058
24.64 0.0890534986458
24.71 0.0777178974817
24.78 0.0607818526478
24.85 0.253747590787
24.92 0.375525895326
24.99 0.293955959764
25.06 0.624456552759
25.13 0.436769056087
25.2 0.430301560192
25.27 0.336862848178
25.34 0.0896888597762
25.41 0.0792959179206
25.48 0.0597693888656
25.55 0.0458309740403
25.62 0.0474725982115
25.69 0.031933933302
25.76 0.0500236648781
25.83 0.0611781186998
25.9 0.0463321231182
25.97 0.0508544428923
26.04 0.0550189080967
26.11 0.0584103610198
26.18 0.0580308240777
26.25 0.0682979601448
26.32 0.070999166655
26.39 0.492201639329
26.46 0.496514394013
26.53 0.524578566692
26.6 0.378105908054
26.67 0.220211921043
26.74 0.162465494362
26.81 0.155175916152
26.88 0.0787061005155
26.95 0.119260069192
27.02 0.267339550245
27.09 0.287094496869
27.16 0.191478978307
27.23 0.0715778629179
27.3 0.129171140386
27.37 0.129378343229
27.44 0.108937340053
27.51 0.157710373781
27.58 0.249405860971
27.65 0.423906127378
27.72 0.493597259891
27.79 0.714901211629
27.86 0.41835972849
27.93 0.415832482732
28.0 0.370930057711
28.07 0.152255282264
28.14 0.0946775369835
28.21 0.0729336134456
28.28 0.0631743403452
28.35 0.0540138748402
28.42 0.0920056923615
28.49 0.223716827564
28.56 0.205569634858
28.63 0.0529185782022
28.7 0.0556579598437
28.77 0.096715576348
28.84 0.172904394506
28.91 0.314633899259
28.98 0.249068881136
29.05 0.142183352008
29.12 0.533441490138
29.19 0.422585930632
29.26 0.339847113605
29.33 0.319654064251
29.4 0.338094805062
29.47 0.326233653777
29.54 0.370454159023
29.61 0.354209554996
29.68 0.349815510691
29.75 0.312409142502
29.82 0.332270220894
29.89 0.287160218914
29.96 0.253595359173
30.03 0.241441052861
30.1 0.225734770763
30.17 0.50381396343
30.24 0.332170532538
30.31 0.286514812228
30.38 0.278195836373
30.45 0.241312127743
30.52 0.577728247007
30.59 0.395803993169
30.66 0.371007633966
30.73 0.439658965592
30.8 0.590814318989
30.87 0.560121361831
30.94 0.368217957562
31.01 0.641551866657
31.08 0.365390847943
31.15 0.613823958441
31.22 0.63079593623
31.29 0.56297417432
31.36 0.501832438528
31.43 0.603734304378
31.5 0.600396863376
31.57 0.657814392924
31.64 0.54193163856
31.71 0.649624788347
31.78 0.397774300871
31.85 0.79974149607
31.92 0.717019807548
31.99 0.763203420002
32.06 0.642244926533
32.13 0.648626724289
32.2 0.740771305169
32.27 0.706627534301
32.34 0.65919093856
32.41 0.633610520504
32.48 0.525878223639
32.55 0.782488273075
32.62 0.733975488484
32.69 0.638866735815
32.76 0.648313152062
32.83 0.683895093015
32.9 0.803232862326
32.97 0.67331261272
33.04 0.608345640055
33.11 0.559024439805
33.18 0.497269053061
33.25 0.72040516337
33.32 0.621792642963
33.39 0.575438966391
33.46 0.562835796421
33.53 0.52446241591
33.6 0.575813227774
33.67 0.521519985898
33.74 0.501742259828
33.81 0.477899529407
33.88 0.448189897855
33.95 0.816573086344
34.02 0.51327251953
34.09 0.520538792508
34.16 0.561584643276
34.23 0.452150955738
34.3 0.657752702751
34.37 0.549621172174
34.44 0.530227311938
34.51 0.442185532632
34.58 0.370143972811
34.65 0.727762274808
34.72 0.713475781755
34.79 0.588679019239
34.86 0.583938030432
34.93 0.522065028035
35.0 0.70486844741
35.07 0.622297121179
35.14 0.570711880592
35.21 0.537034277571
35.28 0.557893727151
35.35 0.708720345196
35.42 0.622696927443
35.49 0.590297532819
35.56 0.615547453633
35.63 0.532120652591
35.7 0.653384245035
35.77 0.593464750452
35.84 0.568511685394
35.91 0.54964079311
35.98 0.605315249504
36.05 0.586883412938
36.12 0.464407101581
36.19 0.31446097365
36.26 0.332998885109
36.33 0.37893590118
36.4 0.537360591272
36.47 0.441714659249
36.54 0.417413346967
36.61 0.405539214066
36.68 0.465909662814
36.75 0.423509201565
36.82 0.369867007203
36.89 0.360173236228
36.96 0.340301735635
37.03 0.421821418144
37.1 0.378552307088
37.17 0.267218690136
37.24 0.295821769933
37.31 0.273503424675
37.38 0.590890716016
37.45 0.723732014072
37.52 0.531603415205
37.59 0.505059934545
37.66 0.489166174181
37.73 0.71812998546
37.8 0.570594836227
37.87 0.505359342135
37.94 0.493247257993
38.01 0.484824266154
38.08 0.641259536962
38.15 0.454282625539
38.22 0.373344500785
38.29 0.424427621611
38.36 0.372913804567
38.43 0.484904022653
38.5 0.393684392442
38.57 0.278616234255
38.64 0.259965580779
38.71 0.21923315436
38.78 0.690237482064
38.85 0.389911826481
38.92 0.364436999241
38.99 0.397923736717
39.06 0.428145581614
39.13 0.685353744758
39.2 0.512572412093
39.27 0.406819808726
39.34 0.328202837864
39.41 0.461652625065
39.48 0.680731303107
39.55 0.562650953407
39.62 0.507567952444
39.69 0.514932501991
39.76 0.571661028814
39.83 0.422338280149
39.9 0.28284563156
39.97 0.283194377132
40.04 0.422718677813
40.11 0.647979560769
40.18 0.642648346315
40.25 0.538272098996
40.32 0.536377897621
40.39 0.573396470481
40.46 0.646865411653
40.53 0.547879490585
40.6 0.448465832112
40.67 0.402866099214
40.74 0.421950756561
40.81 0.608018952236
40.88 0.493801352252
40.95 0.457973462038
41.02 0.45364380888
41.09 0.485791219072
41.16 0.68246830191
41.23 0.573390260892
41.3 0.515014835602
41.37 0.499484205367
41.44 0.464615424248
41.51 0.63507985734
41.58 0.503518203484
41.65 0.452685636342
41.72 0.469894594689
41.79 0.489291829564
41.86 0.637641942772
41.93 0.482310977751
42.0 0.578379276827
42.07 0.423127552629
42.14 0.364738209165
42.21 0.702603720769
42.28 0.525245195686
42.35 0.48913503018
42.42 0.605047631774
42.49 0.532173073249
42.56 0.728033579363
42.63 0.558292614552
42.7 0.737929214427
42.77 0.557362629731
42.84 0.54377407651
42.91 0.834853500198
42.98 0.665264477566
43.05 0.618399228452
43.12 0.572355289404
43.19 0.625479388185
43.26 0.676094337868
43.33 0.433507242391
43.4 0.404469697396
43.47 0.510098431285
43.54 0.681194178468
43.61 0.69117466106
43.68 0.648524894869
43.75 0.617431668857
43.82 0.597163193159
43.89 0.665146056802
43.96 0.680159396567
44.03 0.578667248561
44.1 0.396204724614
44.17 0.341438166217
44.24 0.60703490241
44.31 0.457830089167
44.38 0.388524866229
44.45 0.406789166497
44.52 0.441303288211
44.59 0.678284712487
44.66 0.610602392688
44.73 0.551134863397
44.8 0.434145581293
44.87 0.523234148379
44.94 0.756286345077
45.01 0.62780303198
45.08 0.538254911087
45.15 0.457053905736
45.22 0.501902390879
45.29 0.637816618897
45.36 0.512060081206
45.43 0.557902162485
45.5 0.216667059806
45.57 0.324512714211
45.64 0.817807344807
45.71 0.824807159059
45.78 0.751289126367
45.85 0.713390754752
45.92 0.748259521969
45.99 0.805709129547
46.06 0.759163623068
46.13 0.601507369904
46.2 0.493023309609
46.27 0.556182338951
46.34 0.683699195846
46.41 0.559339835853
46.48 0.557957203228
46.55 0.55249346025
46.62 0.628393845346
46.69 0.685444073863
46.76 0.573457990026
46.83 0.58146961841
46.9 0.57511627
46.97 0.64366427321
47.04 0.632517304262
47.11 0.593546664445
47.18 0.593159645157
47.25 0.505178337614
47.32 0.606992158245
47.39 0.487083923252
47.46 0.34411813146
47.53 0.271831785175
47.6 0.209484456393
47.67 0.425090549878
47.74 0.395862455316
47.81 0.279070372208
47.88 0.390530394042
47.95 0.432110026775
48.02 0.516857503584
48.09 0.414101291593
48.16 0.394976029881
48.23 0.346070843011
48.3 0.60059652826
48.37 0.824550192296
48.44 0.668251646193
48.51 0.680863011354
48.58 0.665406195978
48.65 0.607079658719
48.72 0.61123450557
48.79 0.613970555546
48.86 0.488001708816
48.93 0.236329296119
49.0 0.190502611788
49.07 0.616150069388
49.14 0.746117500746
49.21 0.680150980192
49.28 0.714591985989
49.35 0.631494356348
49.42 0.609393361864
49.49 0.523936834192
49.56 0.448116526628
49.63 0.429711586062
49.7 0.252115188102
49.77 0.653337377996
49.84 0.818894640896
49.91 0.750150671002
49.98 0.759606503377
50.05 0.773582894899
50.12 0.735119180228
50.19 0.68814311024
50.26 0.637707778569
50.33 0.453538370997
50.4 0.28906311978
50.47 0.800006195433
50.54 0.663463862391
50.61 0.684320808166
50.68 0.727680448024
50.75 0.818845942452
50.82 0.773002180172
50.89 0.605971137793
50.96 0.46086495775
51.03 0.527548366671
51.1 0.686793841042
51.17 0.785302681666
51.24 0.747647257526
51.31 0.729627204032
51.38 0.684174415814
51.45 0.747560100835
51.52 0.799737986193
51.59 0.738069039502
51.66 0.644377589768
51.73 0.641051777999
51.8 0.653111557763
51.87 0.636136671717
51.94 0.614417717981
52.01 0.774629336368
52.08 0.649577848001
52.15 0.66687153254
52.22 0.602914452864
52.29 0.626676516771
52.36 0.476403153749
52.43 0.381865783097
52.5 0.491651434121
52.57 0.445233301941
52.64 0.584039245592
52.71 0.492517433509
52.78 0.399308014953
52.85 0.596643202978
52.92 0.451874418596
52.99 0.396266199922
53.06 0.436738145909
53.13 0.389799825115
53.2 0.52097857371
53.27 0.399677869082
53.34 0.395210758151
53.41 0.577642176014
53.48 0.575835443516
53.55 0.645535686291
53.62 0.410883218023
53.69 0.34285678109
53.76 0.461627523817
53.83 0.444111077706
53.9 0.928503561942
53.97 0.693701920722
54.04 0.61633943088
54.11 0.622335933321
54.18 0.568968064259
54.25 0.568099386646
54.32 0.581526513309
54.39 0.336487406304
54.46 0.196930070813
54.53 0.443714436272
54.6 0.688505124337
54.67 0.714806227545
54.74 0.721686826034
54.81 0.651271542728
54.88 0.639148003772
54.95 0.610816353656
55.02 0.521431892649
55.09 0.461591723572
55.16 0.334311895263
55.23 0.597454897218
55.3 0.813522832187
55.37 0.747942695175
55.44 0.881296536455
55.51 0.754134132949
55.58 0.7902274834
55.65 0.740941169589
55.72 0.647378591888
55.79 0.430482788425
55.86 0.221801510048
55.93 0.720190258261
56.0 0.755880484685
56.07 0.655900920716
56.14 0.790099597216
56.21 0.758488211164
56.28 0.674793844212
56.35 0.629232379975
56.42 0.438133100391
56.49 0.480097218272
56.56 0.438254880627
56.63 0.786307141107
56.7 0.725770560265
56.77 0.744323413665
56.84 0.709816345832
56.91 0.734580831757
56.98 0.826809786199
57.05 0.741359781566
57.12 0.69387757764
57.19 0.66744390799
57.26 0.623744923521
57.33 0.70816231765
57.4 0.666958330281
57.47 0.694125099205
57.54 0.703608885472
57.61 0.617032261989
57.68 0.704458522285
57.75 0.613551029762
57.82 0.699942576407
57.89 0.426461637951
57.96 0.544767627146
58.03 0.746670350054
58.1 0.656068651656
58.17 0.596837390077
58.24 0.372545977749
58.31 0.278426664217
58.38 0.217194073534
58.45 0.309271842879
58.52 0.21919591705
58.59 0.141270341495
58.66 0.169086172332
58.73 0.127552075741
58.8 0.216430357309
58.87 0.158824467285
58.94 0.12984662686
59.01 0.125850069543
59.08 0.148573266592
59.15 0.150695737659
59.22 0.176347316363
59.29 0.26812389727
59.36 0.246600079829
59.43 0.118696610626
59.5 0.0571622993977
59.57 0.0413421680981
59.64 0.046695608406
59.71 0.642670696031
59.78 0.367186375881
59.85 0.137865513879
59.92 0.101498195815
59.99 0.0884092155763
60.06 0.656287904615
60.13 0.426389753082
60.2 0.395045226414
60.27 0.385818944071
60.34 0.400572536472
60.41 0.62682455726
60.48 0.550334917198
60.55 0.407481547653
60.62 0.345814573926
60.69 0.278924647201
60.76 0.438125197163
60.83 0.497563345607
60.9 0.72502992556
60.97 0.314805231078
61.04 0.381665553244
61.11 0.569650173621
61.18 0.392186555703
61.25 0.316982201935
61.32 0.28758080891
61.39 0.433730895019
61.46 0.461865142648
61.53 0.389801791759
61.6 0.660732262642
61.67 0.614343482239
61.74 0.553702446837
61.81 0.758108827155
61.88 0.538908318321
61.95 0.566962292512
62.02 0.30598710565
62.09 0.453932453013
62.16 0.759097936412
62.23 0.62454094528
62.3 0.581319917143
62.37 0.519418244216
62.44 0.569455675599
62.51 0.61582931689
62.58 0.439826835562
62.65 0.634661702899
62.72 0.671856915999
62.79 0.674715101368
62.86 0.777901090715
62.93 0.771348901489
63.0 0.776561691388
63.07 0.78043889012
63.14 0.867936036797
63.21 0.751770667149
63.28 0.734083508534
63.35 0.684423427529
63.42 0.676597930083
63.49 0.781530582088
63.56 0.770552656018
63.63 0.782088891486
63.7 0.71754839358
63.77 0.740997788955
63.84 0.807431743794
63.91 0.728588993144
63.98 0.640527997353
64.05 0.688078010039
64.12 0.642168755746
64.19 0.759249045674
64.26 0.574683742376
64.33 0.476864959843
64.4 0.226730619187
64.47 0.154482710927
64.54 0.20129066069
64.61 0.0813883205729
64.68 0.222929225972
64.75 0.244981132728
64.82 0.168967229573
64.89 0.213010518236
64.96 0.160448040296
65.03 0.095163658174
65.1 0.105296733858
65.17 0.137079518716
65.24 0.099845080176
65.31 0.103889963084
65.38 0.10818018984
65.45 0.219704078299
65.52 0.603847655599
65.59 0.392070094
65.66 0.369760742724
65.73 0.377426749922
65.8 0.378003028325
65.87 0.553665303056
65.94 0.573779819375
66.01 0.424198037454
66.08 0.460488442816
66.15 0.309345188827
66.22 0.400965887948
66.29 0.533943411465
66.36 0.656230741767
66.43 0.518194146323
66.5 0.335957341498
66.57 0.539515495527
66.64 0.467123780875
66.71 0.442215359639
66.78 0.405473780192
66.85 0.244058482375
66.92 0.654451499307
66.99 0.381639912306
67.06 0.406336159743
67.13 0.552473652255
67.2 0.262289218255
67.27 0.707091889701
67.34 0.623071987616
67.41 0.529139208211
67.48 0.61729698031
67.55 0.402394689934
67.62 0.757091262233
67.69 0.795021076132
67.76 0.908542585385
67.83 0.611726857836
67.9 0.442366102367
67.97 0.719970842258
68.04 0.72643513035
68.11 0.571327168307
68.18 0.437844293213
68.25 0.584262689675
68.32 0.803879583477
68.39 0.779444732808
68.46 0.686084095029
68.53 0.728452048518
68.6 0.793337833939
68.67 0.707751674624
68.74 0.731295975722
68.81 0.669368161348
68.88 0.638893668469
68.95 0.678495403721
69.02 0.740689484705
69.09 0.636783384021
69.16 0.565652334699
69.23 0.434501580443
69.3 0.559586400639
69.37 0.578043361203
69.44 0.554332601923
69.51 0.44634744221
69.58 0.435087623813
69.65 0.544439516165
69.72 0.351254876434
69.79 0.387681517368
69.86 0.861924873003
69.93 0.55085097662
70.0 0.70403480664
70.07 0.578851455829
70.14 0.488972447145
70.21 0.588475929159
70.28 0.531919137342
70.35 0.796350639713
70.42 0.737142198025
70.49 0.770312760885
70.56 0.765743029327
70.63 0.653536755973
70.7 0.796316011112
70.77 0.672086170275
70.84 0.640091020767
70.91 0.426442196491
70.98 0.266811497584
71.05 0.919956856086
71.12 0.738710281605
71.19 0.780089564414
71.26 0.776475610284
71.33 0.704892577975
71.4 0.806063586728
71.47 0.737518163158
71.54 0.639328637967
71.61 0.607395825753
71.68 0.551226792611
71.75 0.722766447663
71.82 0.565467685063
71.89 0.483065897164
71.96 0.424394471785
72.03 0.461613838201
72.1 0.467646532699
72.17 0.315323872668
72.24 0.316523592268
72.31 0.269987453888
72.38 0.49630468231
72.45 0.532782316948
72.52 0.351011168085
72.59 0.541907673567
72.66 0.449833833717
72.73 0.618853223583
72.8 0.654298176938
72.87 0.465530966372
72.94 0.599151742872
73.01 0.386298377915
73.08 0.596985091839
73.15 0.691219613275
73.22 0.453695011129
73.29 0.585790489923
73.36 0.48628349424
73.43 0.633568448739
73.5 0.610775833973
73.57 0.360278985032
73.64 0.311139413674
73.71 0.28865891511
73.78 0.802624938149
73.85 0.683381642304
73.92 0.672561969115
73.99 0.710503124076
74.06 0.701150555659
74.13 0.820829202702
74.2 0.695210748419
74.27 0.619276968298
74.34 0.594892588074
74.41 0.628067232099
74.48 0.765838178983
74.55 0.64322077864
74.62 0.661311559262
74.69 0.68927789142
74.76 0.664799008661
74.83 0.70466829592
74.9 0.654790463481
74.97 0.601217755088
75.04 0.55224899861
75.11 0.575800538119
75.18 0.641529152934
75.25 0.552237652492
75.32 0.573883725398
75.39 0.375386690829
75.46 0.435757793019
75.53 0.512452545417
75.6 0.426899884767
75.67 0.477273638753
75.74 0.588527069476
75.81 0.672355930333
75.88 0.444359727942
75.95 0.408636746032
76.02 0.382007927447
76.09 0.562915789272
76.16 0.534594603066
76.23 0.480108805797
76.3 0.327625318302
76.37 0.290189329123
76.44 0.536180188005
76.51 0.904628518404
76.58 0.736357532495
76.65 0.699013581228
76.72 0.685622866542
76.79 0.704956153901
76.86 0.641940489847
76.93 0.629294953621
77.0 0.500270246031
77.07 0.267567692281
77.14 0.172269090251
77.21 0.756683452893
77.28 0.789221785327
77.35 0.645843803483
77.42 0.730130727997
77.49 0.626015403478
77.56 0.5777027906
77.63 0.480997057581
77.7 0.473926980056
77.77 0.435620710627
77.84 0.205507068795
77.91 0.796578645246
77.98 0.795538041777
78.05 0.733563448838
78.12 0.835541264292
78.19 0.807114895513
78.26 0.784907005859
78.33 0.725642615941
78.4 0.629865330829
78.47 0.396919757562
78.54 0.504159953678
78.61 0.791688354569
78.68 0.688119113649
78.75 0.692653743904
78.82 0.769703768704
78.89 0.826196037926
78.96 0.786209062972
79.03 0.580566806385
79.1 0.528863600043
79.17 0.606297790222
79.24 0.748703479129
79.31 0.806104057119
79.38 0.741972664061
79.45 0.75767337358
79.52 0.730264323261
79.59 0.821915013697
79.66 0.816505263681
79.73 0.760552390711
79.8 0.732400867963
79.87 0.719326776581
79.94 0.772476190211
80.01 0.756705553619
80.08 0.704665459706
80.15 0.83951678383
80.22 0.711832383055
80.29 0.692321722387
80.36 0.718019505841
80.43 0.587422091289
80.5 0.621186193769
80.57 0.502266482843
80.64 0.573573176444
80.71 0.507604104056
80.78 0.63324546544
80.85 0.534477418406
80.92 0.517787585726
80.99 0.733178683101
81.06 0.634303572797
81.13 0.643357661334
81.2 0.68179495018
81.27 0.645624692082
81.34 0.602348153028
81.41 0.591519346827
81.48 0.617146786118
81.55 0.709034189163
81.62 0.71053077463
81.69 0.682480358346
81.76 0.60930405779
81.83 0.503845041708
81.9 0.368031582689
81.97 0.767262419519
82.04 0.900907187554
82.11 0.767393945763
82.18 0.741679454685
82.25 0.678452170422
82.32 0.653242416662
82.39 0.635304569125
82.46 0.50707424274
82.53 0.363860832061
82.6 0.235412716325
82.67 0.64402301378
82.74 0.8429883383
82.81 0.752490271658
82.88 0.782523740912
82.95 0.693727590729
83.02 0.636468036001
83.09 0.481514384705
83.16 0.513153789109
83.23 0.469984655844
83.3 0.334820943777
83.37 0.673637713068
83.44 0.960801903186
83.51 0.836274531666
83.58 0.848264040573
83.65 0.895804687687
83.72 0.81349737578
83.79 0.84043165229
83.86 0.764595861831
83.93 0.652300190875
84.0 0.360135355587
84.07 0.841433209795
84.14 0.854232470313
84.21 0.862261530541
84.28 0.850706799018
84.35 0.78973428937
84.42 0.934441393691
84.49 0.701235452479
84.56 0.580122754432
84.63 0.670380751521
84.7 0.590609602257
84.77 0.975614149849
84.84 0.842860479922
84.91 0.809439427837
84.98 0.82150920639
85.05 0.794911841464
85.12 0.869445252515
85.19 0.811998241007
85.26 0.811293769289
85.33 0.753815390068
85.4 0.773591749851
85.47 0.74002465931
85.54 0.767692831357
85.61 0.858846915207
85.68 0.802607243412
85.75 0.72383658744
85.82 0.780128294402
85.89 0.698823173218
85.96 0.614612869444
86.03 0.499943711146
86.1 0.507428308108
86.17 0.485523879402
86.24 0.463187365441
86.31 0.585016111355
86.38 0.464904640933
86.45 0.542734123954
86.52 0.552544890003
86.59 0.489074462359
86.66 0.475863340406
86.73 0.618135277324
86.8 0.736290751294
86.87 0.668184075048
86.94 0.514052291201
87.01 0.583110883631
87.08 0.689543044526
87.15 0.8538484882
87.22 0.686914536843
87.29 0.701578476331
87.36 0.706061822183
87.43 0.46375681494
87.5 0.730920118021
87.57 0.636069383688
87.64 0.851296466018
87.71 0.575761892814
87.78 0.710515855439
87.85 0.801797878558
87.92 0.662110324969
87.99 0.522355095331
88.06 0.521520184332
88.13 0.496632947487
88.2 0.710533569135
88.27 0.488418261884
88.34 0.480952913004
88.41 0.461632306451
88.48 0.479811589828
88.55 0.593926316403
88.62 0.382440859522
88.69 0.349774039283
88.76 0.404648434462
88.83 0.351865882023
88.9 0.632967642902
88.97 0.444222576035
89.04 0.459556864204
89.11 0.396817365702
89.18 0.389610132479
89.25 0.765626908879
89.32 0.623650859562
89.39 0.343589837391
89.46 0.340540619641
89.53 0.757384651084
89.6 0.770125096824
89.67 0.750095085513
89.74 0.512498735
89.81 0.5476161158
89.88 0.542946890527
89.95 0.430633924229
90.02 0.583190393668
90.09 0.469552770287
90.16 0.266025973859
90.23 0.616798463956
90.3 0.580609146099
90.37 0.576290442192
90.44 0.566413745553
90.51 0.616588575305
90.58 0.710709069328
90.65 0.653503229502
90.72 0.599760309115
90.79 0.578154230106
90.86 0.516437501306
90.93 0.748621148045
91.0 0.583961254775
91.07 0.54557677208
91.14 0.55289437749
91.21 0.485050986291
91.28 0.652337409226
91.35 0.499261922817
91.42 0.430899572788
91.49 0.390230951063
91.56 0.324384498147
91.63 0.688520646413
91.7 0.497038890033
91.77 0.491867481804
91.84 0.462380244026
91.91 0.42371983845
91.98 0.538993316254
92.05 0.375218745025
92.12 0.388538604928
92.19 0.452737171
92.26 0.710235400177
92.33 0.607456718398
92.4 0.52994292718
92.47 0.488196846376
92.54 0.513952926405
92.61 0.50439765972
92.68 0.393129855814
92.75 0.438120471404
92.82 0.491682966142
92.89 0.42926320901
92.96 0.541147151242
93.03 0.702472429612
93.1 0.572849466756
93.17 0.592644955813
93.24 0.554453282557
93.31 0.597588331966
93.38 0.624384892866
93.45 0.642945976847
93.52 0.677795771514
93.59 0.704041550862
93.66 0.617791090674
93.73 0.644764659612
93.8 0.523196756872
93.87 0.533747573699
93.94 0.436357436059
94.01 0.625447145846
94.08 0.52950448825
94.15 0.476687086027
94.22 0.403480141978
94.29 0.338757699203
94.36 0.634114376877
94.43 0.473903516835
94.5 0.498832605524
94.57 0.468064893158
94.64 0.42871758421
94.71 0.561397455708
94.78 0.472969330778
94.85 0.591613336214
94.92 0.622104920946
94.99 0.640664671502
95.06 0.799155280808
95.13 0.676922564048
95.2 0.610889473365
95.27 0.604689290599
95.34 0.622027329524
95.41 0.599664789132
95.48 0.487539791498
95.55 0.582336321796
95.62 0.490477269512
95.69 0.606439150948
95.76 0.752280884779
95.83 0.645926053676
95.9 0.561666379058
95.97 0.609861266323
96.04 0.686036178945
96.11 0.650710696663
96.18 0.60330154925
96.25 0.60149232685
96.32 0.54817217923
96.39 0.592484479715
96.46 0.522054289857
96.53 0.469931562786
96.6 0.476326502676
96.67 0.461679162115
96.74 0.485530139547
96.81 0.471341346721
96.88 0.396205840646
96.95 0.369421979512
97.02 0.382941990905
97.09 0.754919987818
97.16 0.449893337326
97.23 0.450328924875
97.3 0.452313335284
97.37 0.428402066827
97.44 0.639271945293
97.51 0.621364167434
97.58 0.57250984914
97.65 0.604490683607
97.72 0.634476877579
97.79 0.614176720718
97.86 0.601793242284
97.93 0.647177944945
98.0 0.747098039431
98.07 0.554249153543
98.14 0.647988792366
98.21 0.606977622018
98.28 0.469015703421
98.35 0.520666068223
98.42 0.478551532438
98.49 0.698044745083
98.56 0.59895375014
98.63 0.613926807836
98.7 0.600198850421
98.77 0.568741000338
98.84 0.696494547091
98.91 0.540796260815
98.98 0.444929729769
99.05 0.387902019069
99.12 0.272508079287
99.19 0.604357749367
99.26 0.467073325596
99.33 0.446541314597
99.4 0.416591723452
99.47 0.358969092943
99.54 0.724041396438
99.61 0.57056649305
99.68 0.493666897529
99.75 0.431927772247
99.82 0.401698075943
99.89 0.698394602896
99.96 0.423690781164
100.03 0.452389575586
100.1 0.666823452148
100.17 0.541584565141
100.24 0.638882116334
100.31 0.706478874496
100.38 0.590155800504
100.45 0.558226938008
100.52 0.84850331007
100.59 0.619186328272
100.66 0.46214457288
100.73 0.454156824807
100.8 0.608014277034
100.87 0.670155197973
100.94 0.56824882502
101.01 0.470379319259
101.08 0.39329349927
101.15 0.503334768465
101.22 0.738391732102
101.29 0.518173391661
101.36 0.463983896556
101.43 0.561117824515
101.5 0.563054430064
101.57 0.708138975764
101.64 0.597778152257
101.71 0.589920169802
101.78 0.407125832883
101.85 0.347357384366
101.92 0.552047679268
101.99 0.532723058537
102.06 0.634823863788
102.13 0.520438425431
102.2 0.409724996373
102.27 0.548874000529
102.34 0.394714039077
102.41 0.35713375943
102.48 0.36459426248
102.55 0.480136768538
102.62 0.548484849025
102.69 0.470810810477
102.76 0.454829653279
102.83 0.411956296391
102.9 0.399993297992
102.97 0.437924099004
103.04 0.442751046315
103.11 0.399574631667
103.18 0.373512234253
103.25 0.4750313819
103.32 0.530082897606
103.39 0.517007422243
103.46 0.792372535478
103.53 0.561998490313
103.6 0.594808557032
103.67 0.522777500301
103.74 0.391696633936
103.81 0.335970946223
103.88 0.379421720297
103.95 0.715514776635
104.02 0.500608503679
104.09 0.466833535367
104.16 0.49508460365
104.23 0.529997047797
104.3 0.585551033366
104.37 0.642934390586
104.44 0.631837049056
104.51 0.536237177697
104.58 0.435927022956
104.65 0.537473912159
104.72 0.431324113766
104.79 0.371237408973
104.86 0.666393217256
104.93 0.35664197466
105.0 0.551007514375
105.07 0.523381343313
105.14 0.452851025258
105.21 0.36890367665
105.28 0.385569928565
105.35 0.620978016452
105.42 0.411275646845
105.49 0.400464468394
105.56 0.422331736888
105.63 0.349133920796
105.7 0.577586692903
105.77 0.53093516335
105.84 0.467103885671
105.91 0.497442470331
105.98 0.457987586229
106.05 0.536187962314
106.12 0.446343392643
106.19 0.629650481332
106.26 0.668007150428
106.33 0.702662308043
106.4 0.624127433178
106.47 0.48610578726
106.54 0.42049313364
106.61 0.321171984516
106.68 0.315981661877
106.75 0.72148734568
106.82 0.735736111026
106.89 0.77606048417
106.96 0.714926460755
107.03 0.729445548598
107.1 0.848509624564
107.17 0.694178998638
107.24 0.623168205277
107.31 0.480394673121
107.38 0.457127220087
107.45 0.478729315252
107.52 0.546510426032
107.59 0.808974619957
107.66 0.591364755493
107.73 0.667214509628
107.8 0.629918254524
107.87 0.570459760924
107.94 0.457683062333
108.01 0.437572418634
108.08 0.541998542361
108.15 0.507008350067
108.22 0.482789954059
108.29 0.493453662045
108.36 0.448081316629
108.43 0.718768813495
108.5 0.727209956342
108.57 0.49467391386
108.64 0.518778205356
108.71 0.287859914316
108.78 0.586095968071
108.85 0.55550384058
108.92 0.439793114449
108.99 0.69566197938
109.06 0.445811514127
109.13 0.675075600037
109.2 0.656172513443
109.27 0.439287472172
109.34 0.35399232303
109.41 0.2709000827
109.48 0.796091328397
109.55 0.580968492083
109.62 0.613457237544
109.69 0.564386579604
109.76 0.461057698937
109.83 0.515177355442
109.9 0.293185766001
109.97 0.272425044206
110.04 0.233401687976
110.11 0.34555106643
110.18 0.594889609039
110.25 0.453521641887
110.32 0.410455782692
110.39 0.402829543152
110.46 0.433192061207
110.53 0.423025047018
110.6 0.317156196811
110.67 0.292115042297
110.74 0.310075808311
110.81 0.585396381365
110.88 0.400103202531
110.95 0.377631055883
111.02 0.397320487743
111.09 0.399195095989
111.16 0.698652488521
111.23 0.657271198623
111.3 0.607287129511
111.37 0.58734558683
111.44 0.629890217213
111.51 0.717849686922
111.58 0.668476059695
111.65 0.515166670349
111.72 0.609224345528
111.79 0.496877842648
111.86 0.570806347738
111.93 0.586920784223
112.0 0.517248854291
112.07 0.354785950944
112.14 0.550484336613
112.21 0.772366312214
112.28 0.630331373549
112.35 0.57851510542
112.42 0.491563740268
112.49 0.448473643074
112.56 0.668793972188
112.63 0.492694977445
112.7 0.500648376241
112.77 0.541048994744
112.84 0.35665188624
112.91 0.513011177112
112.98 0.436047320626
113.05 0.656491898391
113.12 0.560500335069
113.19 0.607047378463
113.26 0.585260857374
113.33 0.526007656849
113.4 0.48750487599
113.47 0.49119027894
113.54 0.587687205215
113.61 0.622228578087
113.68 0.525038478185
113.75 0.428519059372
113.82 0.413493530461
113.89 0.543025582814
113.96 0.590456820842
114.03 0.497231547802
114.1 0.486040194134
114.17 0.484043626177
114.24 0.489790353502
114.31 0.525110882521
114.38 0.512981990907
114.45 0.668220294911
114.52 0.407698250042
114.59 0.53555544498
114.66 0.400265628842
114.73 0.286177726224
114.8 0.424708765704
114.87 0.46357066757
114.94 0.75934241069
115.01 0.606435399664
115.08 0.60058053601
115.15 0.634740982904
115.22 0.706277945701
115.29 0.71609661245
115.36 0.516711332417
115.43 0.559311670888
115.5 0.573767144887
115.57 0.509653928116
115.64 0.646632804223
115.71 0.408681322866
115.78 0.33674006819
115.85 0.372963081881
115.92 0.357947695846
115.99 0.621602226106
116.06 0.402759334227
116.13 0.364629445936
116.2 0.321367269953
116.27 0.377335465301
116.34 0.727356811284
116.41 0.537353194872
116.48 0.670794627629
116.55 0.558082422563
116.62 0.607653023811
116.69 0.649169016158
116.76 0.531323174808
116.83 0.449209658188
116.9 0.508250083293
116.97 0.588394419616
117.04 0.613969345984
117.11 0.504389913217
117.18 0.445183605009
117.25 0.516305436636
117.32 0.601017606126
117.39 0.59742340185
117.46 0.583990954127
117.53 0.53559652584
117.6 0.459539078466
117.67 0.655698992169
117.74 0.551274328259
117.81 0.49955637588
117.88 0.523131022188
117.95 0.571930685231
118.02 0.624385658795
118.09 0.536734839648
118.16 0.553566064651
118.23 0.487338665534
118.3 0.490435623685
118.37 0.508188211117
118.44 0.470245683549
118.51 0.498817347605
118.58 0.556639574748
118.65 0.533266492981
118.72 0.607500830114
118.79 0.494623512929
118.86 0.507960762967
118.93 0.518168202047
119.0 0.39671954414
119.07 0.443062658218
119.14 0.403666631867
119.21 0.593154575615
119.28 0.534828919301
119.35 0.673610465701
119.42 0.706920484575
119.49 0.496514024952
119.56 0.548569567634
119.63 0.710453029012
119.7 0.543965077293
119.77 0.59492955238
119.84 0.753103361434
119.91 0.830912390603
119.98 0.644144009128
120.05 0.563618415681
120.12 0.72471988217
120.19 0.528747013212
120.26 0.626055830897
120.33 0.603721450416
120.4 0.542972829748
120.47 0.708233675469
120.54 0.681502510525
120.61 0.878707975905
120.68 0.821744675311
120.75 0.741995530716
120.82 0.859068205589
120.89 0.64809207781
120.96 0.6222429677
121.03 0.52255281885
121.1 0.531770031377
121.17 0.763986231376
121.24 0.653360047482
121.31 0.687401669161
121.38 0.691575555549
121.45 0.671581273705
121.52 0.683872694006
121.59 0.595435607955
121.66 0.552506445659
121.73 0.546010794909
121.8 0.467935204638
121.87 0.514668174218
121.94 0.458828696706
122.01 0.675873426659
122.08 0.53215972257
122.15 0.628322941271
122.22 0.538818351958
122.29 0.377517493589
122.36 0.436771264137
122.43 0.463832971824
122.5 0.621062379902
122.57 0.56224578311
122.64 0.556173524445
122.71 0.606422270169
122.78 0.552785530843
122.85 0.535225860281
122.92 0.336803628949
122.99 0.54285668655
123.06 0.470382345059
123.13 0.488267474919
123.2 0.617362337085
123.27 0.690042058861
123.34 0.643337862188
123.41 0.654282862143
123.48 0.619487260136
123.55 0.682297158414
123.62 0.631874508814
123.69 0.500538472966
123.76 0.417182327009
123.83 0.359312575594
123.9 0.575836575979
123.97 0.585223800803
124.04 0.685551896743
124.11 0.641720807159
124.18 0.582876084582
124.25 0.734974347542
124.32 0.693223886026
124.39 0.617166111299
124.46 0.660762773424
124.53 0.681708401429
124.6 0.753981965795
124.67 0.635042764116
124.74 0.635624993007
124.81 0.649763224386
124.88 0.665543997534
124.95 0.768023149125
125.02 0.746578645815
125.09 0.669475354801
125.16 0.735566517083
125.23 0.804017838777
125.3 0.757665548714
125.37 0.54808004147
125.44 0.461927985507
125.51 0.473322132236
125.58 0.449401100076
125.65 0.461382738616
125.72 0.356935842532
125.79 0.288595002984
125.86 0.376373939611
125.93 0.897104645445
126.0 0.806199065218
126.07 0.78052415853
126.14 0.724397600341
126.21 0.714997486166
126.28 0.665954750521
126.35 0.582763256619
126.42 0.527925909163
126.49 0.316090076267
126.56 0.199088469778
126.63 0.702654631055
126.7 0.682363937088
126.77 0.676351228796
126.84 0.637662184288
126.91 0.640982820345
126.98 0.657184648609
127.05 0.603515986713
127.12 0.447757288077
127.19 0.438741794288
127.26 0.200304162671
127.33 0.917380043577
127.4 0.868051058907
127.47 0.854468692524
127.54 0.802320175374
127.61 0.737006160887
127.68 0.702387008269
127.75 0.744055735267
127.82 0.739334430592
127.89 0.554278959063
127.96 0.450613519442
128.03 0.865504160615
128.1 0.755265698743
128.17 0.742799844988
128.24 0.796302108105
128.31 0.751981029766
128.38 0.839268848967
128.45 0.626981043195
128.52 0.539019877318
128.59 0.570501166608
128.66 0.732932857703
128.73 0.806644954896
128.8 0.818409313441
128.87 0.748370513471
128.94 0.746847677861
129.01 0.820821926374
129.08 0.799872210884
129.15 0.810892682685
129.22 0.679684220835
129.29 0.627098418705
129.36 0.575802588181
129.43 0.711424233723
129.5 0.7055766603
129.57 0.774169235288
129.64 0.66495666624
129.71 0.768426469057
129.78 0.649084123129
129.85 0.647992421051
129.92 0.593985060402
129.99 0.486010903024
130.06 0.367533690707
130.13 0.410575703716
130.2 0.499656887042
130.27 0.509245130398
130.34 0.411735899594
130.41 0.59832852683
130.48 0.51287793827
130.55 0.488801086256
130.62 0.505374983018
130.69 0.403720643788
130.76 0.477616225292
130.83 0.459487632282
130.9 0.441677806167
130.97 0.668697017668
131.04 0.537636582405
131.11 0.643159146608
131.18 0.507009672116
131.25 0.407810708943
131.32 0.497448228704
131.39 0.803368835005
131.46 0.887288405403
131.53 0.732541116448
131.6 0.705897880445
131.67 0.708045318785
131.74 0.665334748422
131.81 0.581770337938
131.88 0.502684213875
131.95 0.241906454778
132.02 0.186053482502
132.09 0.509933683172
132.16 0.808808260359
132.23 0.744923157818
132.3 0.729394810204
132.37 0.670868094913
132.44 0.649915751755
132.51 0.512827777482
132.58 0.513866014913
132.65 0.389194407271
132.72 0.249450873855
132.79 0.649632486821
132.86 0.843407429299
132.93 0.898477883428
133.0 0.886977342037
133.07 0.881077623488
133.14 0.892450870206
133.21 0.839365879321
133.28 0.686418768229
133.35 0.451378012972
133.42 0.222608556892
133.49 0.77941586258
133.56 0.710932529843
133.63 0.722760672859
133.7 0.745132183218
133.77 0.766164523018
133.84 0.842609169156
133.91 0.632577973195
133.98 0.445824269504
134.05 0.601177551381
134.12 0.446102683552
134.19 0.959429332547
134.26 0.82289583297
134.33 0.799807321756
134.4 0.779879654277
134.47 0.670678609558
134.54 0.904772088444
134.61 0.808374645773
134.68 0.738696541642
134.75 0.659689118713
134.82 0.606155582676
134.89 0.677943083991
134.96 0.654558265558
135.03 0.801230079725
135.1 0.677552042942
135.17 0.690146418628
135.24 0.817623514184
135.31 0.681683089108
135.38 0.553486863008
135.45 0.501466324307
135.52 0.604421966095
135.59 0.682640615787
135.66 0.58918376414
135.73 0.560211675769
135.8 0.540700113934
135.87 0.6305017587
135.94 0.62119130502
136.01 0.544709110651
136.08 0.67079073605
136.15 0.444103944199
136.22 0.639884835371
136.29 0.658288533514
136.36 0.585912305548
136.43 0.644632200603
136.5 0.724153830061
136.57 0.848574650194
136.64 0.692001984809
136.71 0.624830017879
136.78 0.716866358789
136.85 0.538843584653
136.92 0.800994819349
136.99 0.660184745769
137.06 0.653084925919
137.13 0.618760664942
137.2 0.572165970885
137.27 0.695919811921
137.34 0.540083413167
137.41 0.445825351411
137.48 0.470030381573
137.55 0.398386011722
137.62 0.626600876826
137.69 0.635052947437
137.76 0.522384529262
137.83 0.470241537925
137.9 0.400834792697
137.97 0.641968903803
138.04 0.414589344038
138.11 0.375245806597
138.18 0.358259291318
138.25 0.367569870124
138.32 0.773211545565
138.39 0.667100966292
138.46 0.60263077716
138.53 0.664894522324
138.6 0.483753464088
138.67 0.642101025348
138.74 0.459650799244
138.81 0.265286517119
138.88 0.326147582785
138.95 0.352013519325
139.02 0.718094737544
139.09 0.426636415188
139.16 0.38626352813
139.23 0.360371365462
139.3 0.491548139829
139.37 0.557520256976
139.44 0.380507101562
139.51 0.421461931867
139.58 0.330967299268
139.65 0.61290055859
139.72 0.620675579271
139.79 0.576619642663
139.86 0.541133677963
139.93 0.515120914287
140.0 0.756694402143
140.07 0.563383155305
140.14 0.406748735287
140.21 0.430818063246
140.28 0.422404282782
140.35 0.608715740646
140.42 0.525571744475
140.49 0.522500917659
140.56 0.475992604252
140.63 0.345416205992
140.7 0.5674310084
140.77 0.463314001618
140.84 0.426691873022
140.91 0.444834911257
140.98 0.521493326249
141.05 0.584654313387
141.12 0.571679759957
141.19 0.605998857863
141.26 0.671733260121
141.33 0.742494397173
141.4 0.644130156677
141.47 0.476324630825
141.54 0.5157764095
141.61 0.446086616731
141.68 0.636741156795
141.75 0.497636279521
141.82 0.430867877723
141.89 0.457178738314
141.96 0.336914103512
142.03 0.538188442071
142.1 0.526015681412
142.17 0.491733024553
142.24 0.504249983236
142.31 0.319727060097
142.38 0.689137150009
142.45 0.421278022882
142.52 0.344960734614
142.59 0.537949360896
142.66 0.488037771954
142.73 0.644917951647
142.8 0.516461190767
142.87 0.516264076452
142.94 0.400085850314
143.01 0.359611984448
143.08 0.653685985802
143.15 0.533920855731
143.22 0.520637439402
143.29 0.441425527246
143.36 0.360887298493
143.43 0.532345698048
143.5 0.403329418208
143.57 0.361588749466
143.64 0.444716394436
143.71 0.433552194606
143.78 0.639469815426
143.85 0.566545029126
143.92 0.482140099675
143.99 0.427793310997
144.06 0.375021418373
144.13 0.625378648256
144.2 0.455727124021
144.27 0.508737894331
144.34 0.467131464182
144.41 0.401351786148
144.48 0.740212557194
144.55 0.522396445403
144.62 0.53000581554
144.69 0.466363146062
144.76 0.390823265954
144.83 0.665635485644
144.9 0.501993727319
144.97 0.440948528956
145.04 0.449856662456
145.11 0.570009276934
145.18 0.709474862685
145.25 0.485617078846
145.32 0.544840612881
145.39 0.624345839317
145.46 0.661696258011
145.53 0.481433887554
145.6 0.363056751613
145.67 0.336014072088
145.74 0.465016366766
145.81 0.666770671275
145.88 0.558520075341
145.95 0.526997534563
146.02 0.347750630938
146.09 0.286883211597
146.16 0.560759422673
146.23 0.548063613171
146.3 0.302727416587
146.37 0.422170722364
146.44 0.35796879682
146.51 0.691216193135
146.58 0.707681873942
146.65 0.593438396669
146.72 0.635563971442
146.79 0.721542974142
146.86 0.69246814128
146.93 0.497081500223
147.0 0.471954181187
147.07 0.450235532053
147.14 0.416778397872
147.21 0.619489820818
147.28 0.452255508883
147.35 0.377285997136
147.42 0.316478902946
147.49 0.283472563676
147.56 0.608287327049
147.63 0.438433799696
147.7 0.456800682674
147.77 0.597424622787
147.84 0.516172772873
147.91 0.892395804184
147.98 0.650244914309
148.05 0.596459042474
148.12 0.538578435339
148.19 0.402126432665
148.26 0.682706042077
148.33 0.484757003403
148.4 0.385910102301
148.47 0.518442572848
148.54 0.390640806673
148.61 0.64896827695
148.68 0.480786260179
148.75 0.441443886799
148.82 0.524241370728
148.89 0.395126641163
148.96 0.721082356123
149.03 0.643017689824
149.1 0.560726084524
149.17 0.289517537057
149.24 0.294479200721
149.31 0.705361652815
149.38 0.399685418415
149.45 0.413483795828
149.52 0.456064366749
149.59 0.453643700183
149.66 0.561183566783
149.73 0.425010586098
149.8 0.45298030427
149.87 0.522540330157
149.94 0.613043611691
150.01 0.404411858356
150.08 0.325453002425
150.15 0.266986757634
150.22 0.286940476822
150.29 0.42325901315
150.36 0.396470308713
150.43 0.35034742586
150.5 0.397448866852
150.57 0.503772394701
150.64 0.637864478105
150.71 0.516699575528
150.78 0.474664820256
150.85 0.459819553951
150.92 0.433971016392
150.99 0.652048131874
151.06 0.564916186875
151.13 0.481265006456
151.2 0.303942998255
151.27 0.489971000336
151.34 0.616338925316
151.41 0.461923296401
151.48 0.50571201973
151.55 0.370474946547
151.62 0.356133439293
151.69 0.66448734873
151.76 0.360478395871
151.83 0.506252604057
151.9 0.412431885421
151.97 0.356881758569
152.04 0.627370329937
152.11 0.578907313058
152.18 0.639091793912
152.25 0.509705584109
152.32 0.385175993163
152.39 0.551845017653
152.46 0.365872336904
152.53 0.569250580958
152.6 0.6191551097
152.67 0.57821049937
152.74 0.670248204038
152.81 0.517965050035
152.88 0.496517533565
152.95 0.440886548084
153.02 0.418482567883
153.09 0.434338242853
153.16 0.320576705757
153.23 0.534248049113
153.3 0.339487522423
153.37 0.70019343975
153.44 0.842131866264
153.51 0.794954154636
153.58 0.733023699955
153.65 0.758345437387
153.72 0.72914363594
153.79 0.592824611742
153.86 0.494623634264
153.93 0.321898818589
154.0 0.176667799648
154.07 0.725664108727
154.14 0.864958090919
154.21 0.764424894018
154.28 0.769525160557
154.35 0.644318638487
154.42 0.670143204733
154.49 0.507620617037
154.56 0.519362395834
154.63 0.471409067007
154.7 0.238412819805
154.77 0.66307489289
154.84 0.804594757983
154.91 0.73126934767
154.98 0.833909667981
155.05 0.850889264618
155.12 0.766745677586
155.19 0.75159879564
155.26 0.702473895748
155.33 0.551076235678
155.4 0.240173386734
155.47 0.833797814492
155.54 0.789783863704
155.61 0.766306720453
155.68 0.82438569191
155.75 0.875689876877
155.82 0.870640234981
155.89 0.619604035289
155.96 0.554924528793
156.03 0.63596214347
156.1 0.640603446448
156.17 0.888992909086
156.24 0.825946921307
156.31 0.788496390847
156.38 0.777885059283
156.45 0.830284142757
156.52 0.832402244487
156.59 0.817488264462
156.66 0.646322725443
156.73 0.669714951652
156.8 0.655692639759
156.87 0.720565688761
156.94 0.68287878442
157.01 0.778958914955
157.08 0.644806462164
157.15 0.77418770101
157.22 0.744411556206
157.29 0.709171040259
157.36 0.668462054311
157.43 0.715270729559
157.5 0.70814634815
157.57 0.428268811554
157.64 0.326456818537
157.71 0.716294357456
157.78 0.485998799824
157.85 0.618678107619
157.92 0.53765334564
157.99 0.478567523424
158.06 0.466642599044
158.13 0.463970745574
158.2 0.494608902132
158.27 0.449078370823
158.34 0.484649749282
158.41 0.696605740818
158.48 0.706501991406
158.55 0.705550829776
158.62 0.462796812261
158.69 0.370921142091
158.76 0.611292267512
158.83 0.445635336478
158.9 0.926738078404
158.97 0.81731868695
159.04 0.782269518097
159.11 0.756731839151
159.18 0.67792364885
159.25 0.655116228645
159.32 0.581328970529
159.39 0.392109866713
159.46 0.305200467158
159.53 0.222875148328
159.6 0.847472702863
159.67 0.71056490525
159.74 0.639399571112
159.81 0.612051180879
159.88 0.578422091771
159.95 0.634485802046
160.02 0.580690811102
160.09 0.423889380573
160.16 0.362452509206
160.23 0.458661277952
160.3 0.830588767766
160.37 0.842661575911
160.44 0.763383268046
160.51 0.812842196544
160.58 0.769724629535
160.65 0.776786200947
160.72 0.713224750313
160.79 0.648180754984
160.86 0.366934428104
160.93 0.655256502409
161.0 0.874819583987
161.07 0.871333552695
161.14 0.874417790858
161.21 0.866453942055
161.28 0.765602626644
161.35 0.642592427154
161.42 0.449106040336
161.49 0.596664971296
161.56 0.498445439623
161.63 0.788646592622
161.7 0.898188697077
161.77 0.849485364183
161.84 0.808217232129
161.91 0.833008918657
161.98 0.87857875124
162.05 0.795816692176
162.12 0.769492437932
162.19 0.685534433302
162.26 0.599171220985
162.33 0.720804240358
162.4 0.696728388096
162.47 0.739051022836
162.54 0.758636421017
162.61 0.692896055633
162.68 0.831552258836
162.75 0.70743574015
162.82 0.807442741073
162.89 0.727865443972
162.96 0.677152703061
163.03 0.97773665504
163.1 0.781302522206
163.17 0.80463431204
163.24 0.537406664575
163.31 0.270630275878
163.38 0.211328155724
163.45 0.273577010767
163.52 0.129944378907
163.59 0.263571205743
163.66 0.210397317764
163.73 0.140599411416
163.8 0.104700122938
163.87 0.262063928863
163.94 0.124825836233
164.01 0.0531317846164
164.08 0.0497900779186
164.15 0.113062603832
164.22 0.234459806708
164.29 0.12902100939
164.36 0.100962970465
164.43 0.226341383002
164.5 0.229940406565
164.57 0.0521043359197
164.64 0.101818392193
164.71 0.620374467931
164.78 0.52664152783
164.85 0.274848711294
164.92 0.239889862699
164.99 0.177929985462
165.06 0.757882349688
165.13 0.546101257988
165.2 0.516936965592
165.27 0.484396945838
165.34 0.447565546643
165.41 0.697172658706
165.48 0.551643424042
165.55 0.435640641221
165.62 0.390886536014
165.69 0.357095066096
165.76 0.501743432736
165.83 0.440448593232
165.9 0.658208626609
165.97 0.404735200605
166.04 0.425010107076
166.11 0.632869524321
166.18 0.505132680137
166.25 0.404503700361
166.32 0.423898866216
166.39 0.352540631638
166.46 0.558599185982
166.53 0.315211600825
166.6 0.46229374836
166.67 0.619296965879
166.74 0.570813473661
166.81 0.687219520803
166.88 0.571693704674
166.95 0.47795507445
167.02 0.301134205216
167.09 0.423109496414
167.16 0.617289975722
167.23 0.509383802788
167.3 0.80907503759
167.37 0.579764990864
167.44 0.571739673072
167.51 0.687202779053
167.58 0.560301908816
167.65 0.716591722567
167.72 0.759410114546
167.79 0.828320736001
167.86 0.686200652789
167.93 0.600906327716
168.0 0.580106216173
168.07 0.602739574514
168.14 0.725424142815
168.21 0.758856992234
168.28 0.748101853014
168.35 0.51747381633
168.42 0.46146801461
168.49 0.727114570334
168.56 0.629949394733
168.63 0.715134009909
168.7 0.618996137655
168.77 0.612055583077
168.84 0.70239518703
168.91 0.697594518931
168.98 0.843855554833
169.05 0.723850880996
169.12 0.625314322831
169.19 0.748079273266
169.26 0.659713388309
169.33 0.564483871588
169.4 0.3968326944
169.47 0.306067280504
169.54 0.266566014705
169.61 0.301954945259
169.68 0.323140990392
169.75 0.181569139425
169.82 0.249224096841
169.89 0.191706067506
169.96 0.114844487864
170.03 0.124369859291
170.1 0.182871253413
170.17 0.156143901685
170.24 0.180020106757
170.31 0.157304543723
170.38 0.175404611554
170.45 0.134345897976
170.52 0.498078675753
170.59 0.652244428439
170.66 0.476643802172
170.73 0.458477902337
170.8 0.431399450373
170.87 0.4995520571
170.94 0.452702547455
171.01 0.435813556719
171.08 0.340475554829
171.15 0.210143254202
171.22 0.488554478498
171.29 0.568805096995
171.36 0.511514020357
171.43 0.748042119374
171.5 0.535105935465
171.57 0.647834944211
171.64 0.465605945292
171.71 0.418179386259
171.78 0.450491884556
171.85 0.395870535491
171.92 0.682833791759
171.99 0.354981577636
172.06 0.305454320911
172.13 0.523922008531
172.2 0.255939557933
172.27 0.717285164144
172.34 0.637872126023
172.41 0.527257728088
172.48 0.670420898352
172.55 0.481078749127
172.62 0.736902137319
172.69 0.700993274725
172.76 0.833875777504
172.83 0.71829746109
172.9 0.504652518281
172.97 0.797173118895
173.04 0.685416702633
173.11 0.623067199926
173.18 0.647161794706
173.25 0.660063208204
173.32 0.88671144828
173.39 0.677343725331
173.46 0.615564100588
173.53 0.600345353996
173.6 0.680669523196
173.67 0.748742945976
173.74 0.786272463214
173.81 0.686550825315
173.88 0.61853514931
173.95 0.596214242107
174.02 0.709628976261
174.09 0.561392143496
174.16 0.614884337043
174.23 0.404337281359
174.3 0.523560090491
174.37 0.430632530137
174.44 0.367934580141
174.51 0.379154759799
174.58 0.383365591534
174.65 0.625666263567
174.72 0.515102373994
174.79 0.446378569781
174.86 0.657887441854
174.93 0.69115299259
175.0 0.664459503534
175.07 0.507470828561
175.14 0.388497199244
175.21 0.517336477365
175.28 0.547599001197
175.35 0.68747507957
175.42 0.670661611235
175.49 0.72919606039
175.56 0.706262637226
175.63 0.588540445434
175.7 0.720015738862
175.77 0.562978326264
175.84 0.517821089447
175.91 0.531481072529
175.98 0.303300913125
176.05 0.79509632932
176.12 0.594567416947
176.19 0.518810279594
176.26 0.547393063528
176.33 0.558664890332
176.4 0.769017004363
176.47 0.608401648953
176.54 0.588499793039
176.61 0.574770823233
176.68 0.541587317936
176.75 0.640012184394
176.82 0.535724629417
176.89 0.668433864067
176.96 0.474711491389
177.03 0.295075076045
177.1 0.624135603091
177.17 0.320421415481
177.24 0.305964772365
177.31 0.300862513904
177.38 0.242229496217
177.45 0.567792743173
177.52 0.333785528657
177.59 0.386332653885
177.66 0.611873831586
177.73 0.584208340291
177.8 0.639991436051
177.87 0.549533556684
177.94 0.551796392516
178.01 0.496440701753
178.08 0.475888335486
178.15 0.706585693831
178.22 0.582822070133
178.29 0.725455897284
178.36 0.535682317509
178.43 0.642700941392
178.5 0.518608792152
178.57 0.351015296014
178.64 0.343089279823
178.71 0.369970020907
178.78 0.586607286567
178.85 0.513504421698
178.92 0.530821662988
178.99 0.717703466463
179.06 0.68083800869
179.13 0.741157970562
179.2 0.565998812817
179.27 0.456605054717
179.34 0.470813742747
179.41 0.482022992114
179.48 0.712753362519
179.55 0.601162975974
179.62 0.669963342787
179.69 0.590542379951
179.76 0.538097194104
179.83 0.760811671692
179.9 0.58228407303
179.97 0.557506432331
180.04 0.524158438023
180.11 0.539084435302
180.18 0.574717163943
180.25 0.494489432323
180.32 0.72386676455
180.39 0.617986364736
180.46 0.523949808226
180.53 0.56445470055
180.6 0.493503279351
180.67 0.611653275536
180.74 0.476996247208
180.81 0.5266529877
180.88 0.587341026644
180.95 0.678439042192
181.02 0.751342577112
181.09 0.640585191799
181.16 0.560483287454
181.23 0.449939482672
181.3 0.51481076852
181.37 0.397863901964
181.44 0.42933510399
181.51 0.956180829085
181.58 0.824727322933
181.65 0.711066390528
181.72 0.73385374111
181.79 0.670430073073
181.86 0.647461974544
181.93 0.621536382726
182.0 0.521548354353
182.07 0.201619655144
182.14 0.17871222934
182.21 0.822428264711
182.28 0.725330734826
182.35 0.792479401579
182.42 0.85573584424
182.49 0.771092756268
182.56 0.75380227574
182.63 0.529024802889
182.7 0.545224176639
182.77 0.459717967201
182.84 0.201944294165
182.91 0.792508834246
182.98 0.835498858854
183.05 0.829581359623
183.12 0.83681947269
183.19 0.820791825098
183.26 0.820243720508
183.33 0.761085703765
183.4 0.695953462255
183.47 0.523260480676
183.54 0.251966312168
183.61 0.833956509741
183.68 0.753613586648
183.75 0.715434791368
183.82 0.84639429206
183.89 0.930223070762
183.96 0.903687799197
184.03 0.613624326418
184.1 0.552996481178
184.17 0.668931550032
184.24 0.780452592166
184.31 0.833448430646
184.38 0.750743386552
184.45 0.784605385164
184.52 0.75621504919
184.59 0.826300943702
184.66 0.828129495075
184.73 0.734778815642
184.8 0.68045593129
184.87 0.646806998798
184.94 0.670357510748
185.01 0.75128664152
185.08 0.762243138
185.15 0.863440995988
185.22 0.739197582023
185.29 0.823331301712
185.36 0.739025161978
185.43 0.694824589854
185.5 0.622131498441
185.57 0.590534148107
185.64 0.537376955112
185.71 0.530287959385
185.78 0.518013673909
185.85 0.501472149668
185.92 0.399274161129
185.99 0.755511110842
186.06 0.711305824334
186.13 0.662806748109
186.2 0.663310347908
186.27 0.62828114883
186.34 0.792831152728
186.41 0.513079586229
186.48 0.561984402774
186.55 0.67633525424
186.62 0.822904019314
186.69 0.735721127375
186.76 0.671591727503
186.83 0.48362328138
186.9 0.505070590569
186.97 0.58480648307
187.04 1.0
187.11 0.757729348353
187.18 0.701308990542
187.25 0.682178296546
187.32 0.638691234358
187.39 0.642218127854
187.46 0.536248641359
187.53 0.395296452499
187.6 0.345430797831
187.67 0.56119485097
187.74 0.81245212365
187.81 0.738931890491
187.88 0.711002305246
187.95 0.795429263381
188.02 0.727119406053
188.09 0.534405170794
188.16 0.497542210508
188.23 0.432934034024
188.3 0.452161628192
188.37 0.515737354688
188.44 0.797762042716
188.51 0.869352677442
188.58 0.872686996587
188.65 0.780156963667
188.72 0.806899334435
188.79 0.767818811565
188.86 0.666713153269
188.93 0.701292188125
189.0 0.469127090526
189.07 0.752007832237
189.14 0.807220880668
189.21 0.714712434064
189.28 0.793280628118
189.35 0.79992447229
189.42 0.93650354719
189.49 0.749155443157
189.56 0.562521684505
189.63 0.64572526644
189.7 0.560569050053
189.77 0.927602371514
189.84 0.856057987038
189.91 0.825779880462
189.98 0.786460345932
190.05 0.800834325556
190.12 0.869468071142
190.19 0.863760058638
190.26 0.775799853333
190.33 0.68207355887
190.4 0.663924388144
190.47 0.742923708147
190.54 0.78406550989
190.61 0.833979287924
190.68 0.783505393101
190.75 0.716240973698
190.82 0.806664199186
190.89 0.766746583809
190.96 0.761852631584
191.03 0.635818139909
191.1 0.517143887847
191.17 0.860704966235
191.24 0.760183772685
191.31 0.538466955968
191.38 0.83535343845
191.45 0.599694403803
191.52 0.5988256908
191.59 0.576268149351
191.66 0.789711944709
191.73 0.82776141042
191.8 0.699452290634
191.87 0.732026592677
191.94 0.752262229471
192.01 0.75669545498
192.08 0.77386303292
192.15 0.790225899721
192.22 0.749870037528
192.29 0.776019217516
192.36 0.770430452372
192.43 0.75700740561
192.5 0.743275562937
192.57 0.720838973863
192.64 0.724037257133
192.71 0.692688852791
192.78 0.625510456352
192.85 0.515209381652
192.92 0.528117808586
192.99 0.495404342492
193.06 0.470233838187
193.13 0.414356994446
193.2 0.426742481234
193.27 0.455370002519
193.34 0.413038281531
193.41 0.383445330339
193.48 0.372657958892
193.55 0.372484963768
193.62 0.400825487793
193.69 0.377563183928
193.76 0.35587606176
193.83 0.326679274243
193.9 0.272231104833
193.97 0.109023776316
194.04 0.0756597960771
194.11 0.0658389086385
194.18 0.0519477046355
194.25 0.0440943695765
194.32 0.0357120933273
194.39 0.0272973194297
194.46 0.0220000118833
194.53 0.0176482150259
194.6 0.013975152891
194.67 0.0123272445604
194.74 0.0109736553184
194.81 0.00839487363802
194.88 0.00706110502932
194.95 0.0052024473252
195.02 0.0
195.09 0.0
195.16 0.0
195.23 0.0
195.3 0.0
195.37 0.0
195.44 0.0
195.51 0.0
195.58 0.0
195.65 0.0
195.72 0.0
195.79 0.0
195.86 0.0
195.93 0.0
196.0 0.0
196.07 0.0
196.14 0.0
196.21 0.0
196.28 0.0
196.35 0.0
196.42 0.0
196.49 0.0
196.56 0.0
196.63 0.0
196.7 0.0
196.77 0.0
196.84 0.0
196.91 0.0
196.98 0.0
197.05 0.0
197.12 0.0
197.19 0.0
197.26 0.0
197.33 0.0
197.4 0.0
197.47 0.0
197.54 0.0
197.61 0.0
197.68 0.0
197.75 0.0
197.82 0.0
197.89 0.0
197.96 0.0
198.03 0.0
198.1 0.0
198.17 0.0
198.24 0.0
198.31 0.0
198.38 0.0
198.45 0.0
198.52 0.0
198.59 0.0
198.66 0.0
198.73 0.0
198.8 0.0
198.87 0.0
198.94 0.0
199.01 0.0
199.08 0.0
199.15 0.0
199.22 0.0
199.29 0.0
199.36 0.0
199.43 0.0
199.5 0.0
199.57 0.0
199.64 0.0
199.71 0.0
199.78 0.0
199.85 0.0
199.92 0.0
199.99 0.0
200.06 0.0
200.13 0.0
200.2 0.0
200.27 0.0
200.34 0.0
200.41 0.0
200.48 0.0
200.55 0.0
200.62 0.0
200.69 0.0
200.76 0.0
200.83 0.0
200.9 0.0
200.97 0.0
201.04 0.0
201.11 0.0
201.18 0.0
201.25 0.0
201.32 0.0
201.39 0.0
201.46 0.0
201.53 0.0
201.6 0.0
201.67 0.0
201.74 0.0
201.81 0.0
201.88 0.0
201.95 0.0
202.02 0.0
202.09 0.0
202.16 0.0
202.23 0.0
202.3 0.0
202.37 0.0
202.44 0.0
202.51 0.0
202.58 0.0
202.65 0.0
202.72 0.0
202.79 0.0
202.86 0.0
202.93 0.0
203.0 0.0
203.07 0.0
203.14 0.0
203.21 0.0
203.28 0.0
203.35 0.0
203.42 0.0
203.49 0.0
203.56 0.0
203.63 0.0
203.7 0.0
203.77 0.0
203.84 0.0
203.91 0.0
203.98 0.0
