0.0 0.0
0.07 0.0
0.14 0.0
0.21 0.0
0.28 0.0
0.35 0.0
0.42 0.0
0.49 0.0
0.56 0.0
0.63 0.0
0.7 0.0
0.77 0.0
0.84 0.0
0.91 0.0
0.98 0.0
1.05 0.0
1.12 0.0
1.19 0.0
1.26 0.0
1.33 0.0
1.4 0.0
1.47 0.0
1.54 0.0
1.61 0.0
1.68 0.0
1.75 0.0
1.82 0.0
1.89 0.0
1.96 0.0
2.03 0.0
2.1 0.0
2.17 0.0
2.24 0.0
2.31 0.0
2.38 0.0
2.45 0.0
2.52 0.0
2.59 0.0
2.66 0.0
2.73 0.0
2.8 0.0
2.87 0.0
2.94 0.0
3.01 0.0
3.08 0.0
3.15 0.0
3.22 0.0
3.29 0.0
3.36 0.0
3.43 0.0
3.5 0.0
3.57 0.0
3.64 0.0
3.71 0.0
3.78 0.0
3.85 0.0
3.92 0.0
3.99 0.31619610427
4.06 0.248021253464
4.13 0.256786260715
4.2 0.161487476818
4.27 0.10844848508
4.34 0.0910497692867
4.41 0.0585915967221
4.48 0.0474464528466
4.55 0.0387717819709
4.62 0.0291681838794
4.69 0.0277988281746
4.76 0.0254617012056
4.83 0.085965162268
4.9 0.271604258433
4.97 0.0885969235942
5.04 0.504464373216
5.11 0.485632602775
5.18 0.358702797356
5.25 0.283259288298
5.32 0.122780502712
5.39 0.10499090829
5.46 0.1624161742
5.53 0.499301773068
5.6 0.098344029129
5.67 0.0814138239265
5.74 0.595267851643
5.81 0.904215951997
5.88 0.422676309788
5.95 0.30043138892
6.02 0.0880988089132
6.09 0.131438896687
6.16 0.19689562899
6.23 0.460376293645
6.3 0.484955986585
6.37 0.388452462075
6.44 0.299581423949
6.51 0.31854202318
6.58 0.253592479231
6.65 0.187179093483
6.72 0.311051930022
6.79 0.164164869177
6.86 0.142322268218
6.93 0.738997096304
7.0 0.716711575753
7.07 0.388733734292
7.14 0.111373644744
7.21 0.452443948155
7.28 0.240161570439
7.35 0.632892352537
7.42 0.634849575711
7.49 0.568518961942
7.56 0.134231099026
7.63 0.222263196794
7.7 0.0892827596188
7.77 0.160762165496
7.84 0.382437946016
7.91 0.340429359137
7.98 0.472319775653
8.05 0.137807557139
8.12 0.143496383727
8.19 0.057330249184
8.26 0.0405155635863
8.33 0.0321554876659
8.4 0.0374829242676
8.47 0.246224142968
8.54 0.146765098477
8.61 0.0408968230839
8.68 0.368435154333
8.75 0.424513516239
8.82 0.0834857024447
8.89 0.0819906212388
8.96 0.189788008048
9.03 0.143749728476
9.1 0.0371863993412
9.17 0.0306124167168
9.24 0.198978085163
9.31 0.868924148738
9.38 0.473963589052
9.45 0.235170641391
9.52 0.344488379484
9.59 0.2922685984
9.66 0.20357012423
9.73 0.241653734767
9.8 0.0525362284802
9.87 0.135598128854
9.94 0.31530893798
10.01 0.309050709013
10.08 0.273940682131
10.15 0.277182410992
10.22 0.157631370153
10.29 0.0606253853014
10.36 0.364069262297
10.43 0.424151026863
10.5 0.245628080914
10.57 0.307357954761
10.64 0.314175969095
10.71 0.149695302837
10.78 0.0484089114523
10.85 0.0425906301233
10.92 0.0270857097003
10.99 0.316261304018
11.06 0.783729202253
11.13 0.481794288644
11.2 0.485339541244
11.27 0.280013470089
11.34 0.249630344996
11.41 0.0609215946034
11.48 0.0419440363845
11.55 0.0366662417882
11.62 0.0273942421243
11.69 0.0467034803248
11.76 0.624355805484
11.83 0.649693859225
11.9 0.156122281789
11.97 0.0822212505603
12.04 0.0512756837721
12.11 0.037554966076
12.18 0.611949006919
12.25 0.741331221663
12.32 0.298480179557
12.39 0.411330707322
12.46 0.381934792994
12.53 0.401022064599
12.6 0.391893623218
12.67 0.296735052831
12.74 0.247435789189
12.81 0.142145489933
12.88 0.0508511180592
12.95 0.0361333078001
13.02 0.0310867144621
13.09 0.0247186524256
13.16 0.122945089208
13.23 0.525733047139
13.3 0.230493706763
13.37 0.453709034466
13.44 0.628267850755
13.51 0.399058916583
13.58 0.0868815238182
13.65 0.579271623647
13.72 0.530339812522
13.79 0.0841715649479
13.86 0.0683122438201
13.93 0.139834301362
14.0 0.491422129446
14.07 0.487042152934
14.14 0.0807458672851
14.21 0.066352050811
14.28 0.0533323625375
14.35 0.0491243144968
14.42 0.0423371731052
14.49 0.0484834930842
14.56 0.328947504354
14.63 0.572382092839
14.7 0.075553916182
14.77 0.0682108319923
14.84 0.0610852818872
14.91 0.0538162529357
14.98 0.0665796435712
15.05 0.117617533982
15.12 0.607192356996
15.19 0.347620172539
15.26 0.0784652529783
15.33 0.0851273414242
15.4 0.0738141815497
15.47 0.0750151516149
15.54 0.0744118736237
15.61 0.412454259372
15.68 0.453584844721
15.75 0.0938955462263
15.82 0.330443814165
15.89 0.366021979879
15.96 0.310914484051
16.03 0.19581963879
16.1 0.140204523537
16.17 0.109245755597
16.24 0.0750072355844
16.31 0.425482252382
16.38 0.115607431005
16.45 0.0885144460555
16.52 0.22643739888
16.59 0.0703097949006
16.66 0.0875963602215
16.73 0.0896690002632
16.8 0.259462473189
16.87 0.31072835248
16.94 0.368889600571
17.01 0.142060562598
17.08 0.0787177991339
17.15 0.234808822452
17.22 0.100864018096
17.29 0.0858762186649
17.36 0.0913873264496
17.43 0.0962677138631
17.5 0.27871974033
17.57 0.13142150345
17.64 0.105652886072
17.71 0.0715774464544
17.78 0.057898499217
17.85 0.0331635942509
17.92 0.0531620609092
17.99 0.0354596889833
18.06 0.0298172740168
18.13 0.0490114978235
18.2 0.0424779278373
18.27 0.0292486193914
18.34 0.0273942442426
18.41 0.445038468826
18.48 0.308273463702
18.55 0.283441116574
18.62 0.113099991816
18.69 0.0790079533186
18.76 0.0515374847142
18.83 0.0871760448471
18.9 0.547879000257
18.97 0.613632144157
19.04 0.588279681842
19.11 0.525024550762
19.18 0.419785235446
19.25 0.572912888419
19.32 0.534065860734
19.39 0.577645297749
19.46 0.567901395061
19.53 0.452898403926
19.6 0.268191350974
19.67 0.160103194619
19.74 0.418091597869
19.81 0.600052162129
19.88 0.383553215572
19.95 0.324674129467
20.02 0.233693148304
20.09 0.198925382237
20.16 0.159718902796
20.23 0.306355377959
20.3 0.314196034548
20.37 0.220024551006
20.44 0.178143601381
20.51 0.140235277855
20.58 0.211334213296
20.65 0.238718462411
20.72 0.183110742091
20.79 0.144297105989
20.86 0.312242989691
20.93 0.317140760809
21.0 0.178417330385
21.07 0.12823990846
21.14 0.23428094481
21.21 0.578693322353
21.28 0.55246472048
21.35 0.540565604888
21.42 0.26612233214
21.49 0.296845438772
21.56 0.333905699547
21.63 0.286322259338
21.7 0.222224071014
21.77 0.172511031143
21.84 0.170221575115
21.91 0.201080587726
21.98 0.256163296443
22.05 0.232278877546
22.12 0.163842907886
22.19 0.338949735056
22.26 0.274182255571
22.33 0.241800903666
22.4 0.180244747182
22.47 0.309852028632
22.54 0.586278582634
22.61 0.47214888726
22.68 0.461895671578
22.75 0.247607583149
22.82 0.193343983406
22.89 0.323387706733
22.96 0.248950454997
23.03 0.167438508939
23.1 0.159753680797
23.17 0.195071321835
23.24 0.157144975942
23.31 0.160094220505
23.38 0.118247896364
23.45 0.185895860885
23.52 0.347463904548
23.59 0.325516693151
23.66 0.308797880066
23.73 0.233203115939
23.8 0.189725062154
23.87 0.51279985585
23.94 0.596644202983
24.01 0.546772430496
24.08 0.373664222023
24.15 0.259369116139
24.22 0.383294767875
24.29 0.36692862062
24.36 0.258684140138
24.43 0.186000645022
24.5 0.208443539309
24.57 0.188444436106
24.64 0.160801209722
24.71 0.125401681087
24.78 0.156194672055
24.85 0.176090608431
24.92 0.116766557531
24.99 0.0689929080522
25.06 0.187226765483
25.13 0.200582708174
25.2 0.288440230675
25.27 0.203584101733
25.34 0.168443303586
25.41 0.193320150583
25.48 0.250745769187
25.55 0.358394161136
25.62 0.330334001219
25.69 0.257624433194
25.76 0.173551222329
25.83 0.250301471651
25.9 0.187582598149
25.97 0.135039403689
26.04 0.111763234397
26.11 0.151857646946
26.18 0.260245823397
26.25 0.230777482792
26.32 0.201940078623
26.39 0.208241759968
26.46 0.338325607846
26.53 0.377620117909
26.6 0.442247378587
26.67 0.327150197917
26.74 0.248443995333
26.81 0.25235667609
26.88 0.318907802252
26.95 0.337058211546
27.02 0.329178010815
27.09 0.259154096459
27.16 0.251214530795
27.23 0.278782474395
27.3 0.284980736837
27.37 0.285446267001
27.44 0.212853538272
27.51 0.386111615398
27.58 0.298739075272
27.65 0.257465121227
27.72 0.216827902424
27.79 0.185988632229
27.86 0.162656398292
27.93 0.343663554318
28.0 0.272625388233
28.07 0.169802715003
28.14 0.126527772961
28.21 0.243276485001
28.28 0.272472562455
28.35 0.279574842142
28.42 0.220804174092
28.49 0.123942684864
28.56 0.0877134452388
28.63 0.432369785647
28.7 0.467720224089
28.77 0.285080496402
28.84 0.252257125176
28.91 0.221533128864
28.98 0.329410733001
29.05 0.272891603681
29.12 0.195820433146
29.19 0.127693813568
29.26 0.0836889804723
29.33 0.353839855077
29.4 0.481686541026
29.47 0.316316575365
29.54 0.233497410311
29.61 0.147453123749
29.68 0.461217387239
29.75 0.519645203472
29.82 0.345835222058
29.89 0.328679498955
29.96 0.326422190018
30.03 0.288390880993
30.1 0.237629848292
30.17 0.292433852155
30.24 0.217863341239
30.31 0.23150957898
30.38 0.402069986466
30.45 0.472481275808
30.52 0.255513814423
30.59 0.175853188947
30.66 0.0978050389645
30.73 0.231415694478
30.8 0.424163658196
30.87 0.261224540898
30.94 0.170314646197
31.01 0.119897096561
31.08 0.195355361591
31.15 0.401409245762
31.22 0.240124278035
31.29 0.153621133906
31.36 0.111996247848
31.43 0.0716151582794
31.5 0.0694765749714
31.57 0.0551831514301
31.64 0.0870160063089
31.71 0.414256566021
31.78 0.242538203421
31.85 0.148381571174
31.92 0.0927758494548
31.99 0.0583672279915
32.06 0.0613326265944
32.13 0.0998668842267
32.2 0.334072758081
32.27 0.171648000591
32.34 0.132035727678
32.41 0.0831964792462
32.48 0.0628951741135
32.55 0.346857133505
32.62 0.300394525468
32.69 0.184406144235
32.76 0.129609682526
32.83 0.0667777540429
32.9 0.0609090119914
32.97 0.0412111310115
33.04 0.0451821895805
33.11 0.382604153
33.18 0.280784550132
33.25 0.173638147207
33.32 0.112948172223
33.39 0.0694297852367
33.46 0.0587763249293
33.53 0.0426817979255
33.6 0.424456692189
33.67 0.576309310326
33.74 0.551837305692
33.81 0.428703737853
33.88 0.379150387003
33.95 0.312740205161
34.02 0.536476949736
34.09 0.326659960078
34.16 0.252488040466
34.23 0.185577673318
34.3 0.161313861133
34.37 0.131478564748
34.44 0.130703667556
34.51 0.123661070544
34.58 0.30781198158
34.65 0.543186926248
34.72 0.41231061424
34.79 0.723353517192
34.86 0.626258406564
34.93 0.557726810112
35.0 0.579374504505
35.07 0.5485427055
35.14 0.567376284958
35.21 0.437321492533
35.28 0.316429876067
35.35 0.102061736594
35.42 0.146046405736
35.49 0.251964838937
35.56 0.219207307181
35.63 0.183081047974
35.7 0.290652021907
35.77 0.308166186343
35.84 0.285105223141
35.91 0.275098286669
35.98 0.216353567609
36.05 0.30323763231
36.12 0.243575523272
36.19 0.107432442341
36.26 0.084486515775
36.33 0.214233035265
36.4 0.55689465568
36.47 0.510472074754
36.54 0.363434118947
36.61 0.276737127394
36.68 0.241611748243
36.75 0.205729745284
36.82 0.297428150336
36.89 0.566939754113
36.96 0.372479640068
37.03 0.259523485088
37.1 0.177196681453
37.17 0.125905007808
37.24 0.099796624955
37.31 0.107214107545
37.38 0.0820352344359
37.45 0.0603994977606
37.52 0.23376602048
37.59 0.471358836917
37.66 0.531665854597
37.73 0.474996430849
37.8 0.349363724321
37.87 0.343164671759
37.94 0.350838847047
38.01 0.254393768135
38.08 0.362200478574
38.15 0.539480599268
38.22 0.719944903496
38.29 0.704051613552
38.36 0.599203736092
38.43 0.622306478226
38.5 0.534323713193
38.57 0.462886982282
38.64 0.613510496355
38.71 0.382200751071
38.78 0.307618493205
38.85 0.265200098704
38.92 0.467836345287
38.99 0.638470450021
39.06 0.623308823076
39.13 0.382585611652
39.2 0.234474291259
39.27 0.178373390802
39.34 0.124628269872
39.41 0.0828915680301
39.48 0.065765052898
39.55 0.119339957991
39.62 0.244889761205
39.69 0.238910889525
39.76 0.310780583029
39.83 0.184086908118
39.9 0.126981190772
39.97 0.110608120962
40.04 0.25382837355
40.11 0.31306505791
40.18 0.181541751808
40.25 0.089379824726
40.32 0.087986625607
40.39 0.220567290535
40.46 0.269479711939
40.53 0.266614191526
40.6 0.198340702786
40.67 0.222287177897
40.74 0.155869101207
40.81 0.125251158944
40.88 0.124590330331
40.95 0.235245834148
41.02 0.186383977261
41.09 0.102651009545
41.16 0.064012551363
41.23 0.293884408073
41.3 0.478016406002
41.37 0.444506207393
41.44 0.318764886869
41.51 0.207377467977
41.58 0.16922483101
41.65 0.176066123176
41.72 0.351450894737
41.79 0.384504533059
41.86 0.240933692679
41.93 0.225580265633
42.0 0.110448034763
42.07 0.414464377178
42.14 0.467458958014
42.21 0.311669379339
42.28 0.229199256788
42.35 0.124528390623
42.42 0.261241551785
42.49 0.252777174696
42.56 0.182839335786
42.63 0.146685285741
42.7 0.215569220748
42.77 0.282924654368
42.84 0.308512918857
42.91 0.195282521189
42.98 0.176702118077
43.05 0.212036988185
43.12 0.347925923655
43.19 0.306707076791
43.26 0.240691073865
43.33 0.352617674626
43.4 0.430451957275
43.47 0.574609269174
43.54 0.503981731547
43.61 0.266093900521
43.68 0.191690155815
43.75 0.292875000861
43.82 0.433922541394
43.89 0.416234053766
43.96 0.316022793618
44.03 0.295781174338
44.1 0.317672207762
44.17 0.326125928818
44.24 0.236204283899
44.31 0.255942379458
44.38 0.331487817205
44.45 0.292402580975
44.52 0.552552791349
44.59 0.238165132518
44.66 0.35419427061
44.73 0.364588963359
44.8 0.557448134913
44.87 0.66130668862
44.94 0.407204713163
45.01 0.260042834516
45.08 0.22723633331
45.15 0.399828232095
45.22 0.308270109398
45.29 0.256467198297
45.36 0.164288972072
45.43 0.175304188828
45.5 0.441166690031
45.57 0.361988006131
45.64 0.246234931393
45.71 0.190489471719
45.78 0.12144411917
45.85 0.347208316535
45.92 0.203967459391
45.99 0.172402674518
46.06 0.413014172895
46.13 0.458348791076
46.2 0.368469656956
46.27 0.28388296855
46.34 0.24120499201
46.41 0.202881735672
46.48 0.241573866955
46.55 0.477946713371
46.62 0.325226421402
46.69 0.174494922464
46.76 0.141247138041
46.83 0.161548800105
46.9 0.223830340992
46.97 0.133292688249
47.04 0.0996769799904
47.11 0.219758437236
47.18 0.285067530381
47.25 0.270831268756
47.32 0.220955964029
47.39 0.159699613695
47.46 0.132162090783
47.53 0.1055299154
47.6 0.330343454065
47.67 0.28820641969
47.74 0.240860940186
47.81 0.240809596139
47.88 0.361376064355
47.95 0.439462682391
48.02 0.165663557822
48.09 0.0919241178344
48.16 0.243812182291
48.23 0.325370671304
48.3 0.252404137321
48.37 0.17578234397
48.44 0.169835823795
48.51 0.284348443639
48.58 0.456895397715
48.65 0.331282737576
48.72 0.230323523759
48.79 0.230935574627
48.86 0.310830456987
48.93 0.386629157929
49.0 0.328064639242
49.07 0.222263820629
49.14 0.160873710139
49.21 0.140278814964
49.28 0.319749511207
49.35 0.378069285382
49.42 0.291265122385
49.49 0.228633861144
49.56 0.166695277987
49.63 0.131196352014
49.7 0.104968861181
49.77 0.0934140664362
49.84 0.15306369348
49.91 0.364349730624
49.98 0.351044382107
50.05 0.175484233507
50.12 0.119103162342
50.19 0.0853696350811
50.26 0.158829300479
50.33 0.419602619169
50.4 0.348723324447
50.47 0.20171039088
50.54 0.178418642662
50.61 0.165902252513
50.68 0.233445361934
50.75 0.170268641286
50.82 0.14458586952
50.89 0.194676541325
50.96 0.309037117038
51.03 0.199133970804
51.1 0.141531993336
51.17 0.138477327032
51.24 0.24941572779
51.31 0.347341016489
51.38 0.306815558395
51.45 0.202796833756
51.52 0.185445702054
51.59 0.251043464466
51.66 0.332022813343
51.73 0.290510293823
51.8 0.180668823571
51.87 0.193623290913
51.94 0.181498371453
52.01 0.420355700146
52.08 0.339971427261
52.15 0.302685762973
52.22 0.21281679768
52.29 0.175035870983
52.36 0.319589277787
52.43 0.314179722696
52.5 0.231633172428
52.57 0.15915451016
52.64 0.321555289724
52.71 0.559758882881
52.78 0.490533297126
52.85 0.449360519779
52.92 0.35206198814
52.99 0.379307988455
53.06 0.303629115709
53.13 0.28879733643
53.2 0.24714116966
53.27 0.246162791084
53.34 0.272202629417
53.41 0.358357183297
53.48 0.329856792951
53.55 0.203430519727
53.62 0.157492681808
53.69 0.184654394509
53.76 0.459504479625
53.83 0.353042653404
53.9 0.197044992432
53.97 0.164715246181
54.04 0.183698021736
54.11 0.351542817708
54.18 0.417803480415
54.25 0.316149872703
54.32 0.461576187621
54.39 0.633451270466
54.46 0.532310057852
54.53 0.404188886671
54.6 0.320738338223
54.67 0.245958068386
54.74 0.208677838559
54.81 0.650759065238
54.88 0.556585405158
54.95 0.307516203349
55.02 0.233961186535
55.09 0.165323246888
55.16 0.133541331464
55.23 0.504983569068
55.3 0.378671936361
55.37 0.192735171395
55.44 0.0681365967
55.51 0.622572704265
55.58 0.398879513744
55.65 0.213289429394
55.72 0.138304176311
55.79 0.112700920721
55.86 0.200229071111
55.93 0.617601898922
56.0 0.425199241053
56.07 0.214655972017
56.14 0.0844180824649
56.21 0.629127155244
56.28 0.404396742313
56.35 0.222384713264
56.42 0.163202803513
56.49 0.108477389077
56.56 0.544346491258
56.63 0.455305481956
56.7 0.277496262429
56.77 0.197252263426
56.84 0.15132495656
56.91 0.123406267356
56.98 0.29520498921
57.05 0.414100894327
57.12 0.178887205151
57.19 0.0677107970862
57.26 0.0513690620046
57.33 0.332033136804
57.4 0.481057027018
57.47 0.289662052077
57.54 0.0980085658906
57.61 0.150415164871
57.68 0.257205951195
57.75 0.256924596366
57.82 0.208439977413
57.89 0.157529432991
57.96 0.232359499467
58.03 0.229315997584
58.1 0.162955808323
58.17 0.114198874321
58.24 0.144737129885
58.31 0.276952755023
58.38 0.248586470113
58.45 0.225297403644
58.52 0.178220602094
58.59 0.146240147246
58.66 0.25345833037
58.73 0.352158629591
58.8 0.321015239358
58.87 0.338532119436
58.94 0.287407747927
59.01 0.478586647222
59.08 0.577517512216
59.15 0.345669488511
59.22 0.249060073061
59.29 0.217034046491
59.36 0.358533009412
59.43 0.292620610738
59.5 0.232553502585
59.57 0.161914967882
59.64 0.209221745262
59.71 0.336360467583
59.78 0.289021793069
59.85 0.22380658019
59.92 0.239266251931
59.99 0.255696140495
60.06 0.318101633879
60.13 0.309870598576
60.2 0.274769995943
60.27 0.212698041336
60.34 0.181463412339
60.41 0.445880926595
60.48 0.533607083661
60.55 0.382464948852
60.62 0.307299574831
60.69 0.256480926901
60.76 0.374103075567
60.83 0.299087254574
60.9 0.268493084763
60.97 0.200967821891
61.04 0.356976773322
61.11 0.406331147322
61.18 0.299508175778
61.25 0.256323123153
61.32 0.241185734683
61.39 0.152024657818
61.46 0.357810680635
61.53 0.393364542208
61.6 0.383678089523
61.67 0.358575259662
61.74 0.360662803956
61.81 0.719287627247
61.88 0.426558496776
61.95 0.326293377117
62.02 0.276193207981
62.09 0.346351396176
62.16 0.41504821461
62.23 0.278980717259
62.3 0.214485252027
62.37 0.192810167152
62.44 0.357434053826
62.51 0.303089807802
62.58 0.264457690706
62.65 0.25497166166
62.72 0.231161084054
62.79 0.400125095947
62.86 0.355169278994
62.93 0.327715663464
63.0 0.217915104706
63.07 0.198347915546
63.14 0.297513368935
63.21 0.652153783167
63.28 0.358252938263
63.35 0.258003554283
63.42 0.207163856956
63.49 0.293510600701
63.56 0.324714813246
63.63 0.218119816813
63.7 0.16432660552
63.77 0.270887543111
63.84 0.367687894402
63.91 0.34454844451
63.98 0.326710607209
64.05 0.244039367282
64.12 0.14971502195
64.19 0.431465378637
64.26 0.423427983165
64.33 0.443256222335
64.4 0.416143526745
64.47 0.296743819353
64.54 0.57709864363
64.61 0.423706963397
64.68 0.245111984113
64.75 0.180905570499
64.82 0.180919911287
64.89 0.368717075803
64.96 0.408234975949
65.03 0.271314606282
65.1 0.198959519456
65.17 0.214785900195
65.24 0.342900289687
65.31 0.405954202771
65.38 0.338668875905
65.45 0.26670607319
65.52 0.364829592044
65.59 0.298611122394
65.66 0.18569596364
65.73 0.13835076269
65.8 0.345826186514
65.87 0.448555967658
65.94 0.317696265123
66.01 0.226453549743
66.08 0.150408473209
66.15 0.181040658819
66.22 0.363919784468
66.29 0.327003523638
66.36 0.268632139571
66.43 0.201442463858
66.5 0.21221286408
66.57 0.459111942379
66.64 0.369237805293
66.71 0.312132129254
66.78 0.26616715187
66.85 0.175157572802
66.92 0.40925983393
66.99 0.409563762262
67.06 0.285344419866
67.13 0.200048260672
67.2 0.153932108712
67.27 0.101699065046
67.34 0.0588690496709
67.41 0.0346293393301
67.48 0.237392802686
67.55 0.310347979484
67.62 0.439923586221
67.69 0.401882964157
67.76 0.20433553998
67.83 0.29197422671
67.9 0.402632821104
67.97 0.260445049146
68.04 0.139372028061
68.11 0.106948416373
68.18 0.427337071311
68.25 0.440407766824
68.32 0.360948151752
68.39 0.258945812924
68.46 0.191856542853
68.53 0.232683638355
68.6 0.231105797878
68.67 0.259740067004
68.74 0.288354292918
68.81 0.238451192058
68.88 0.196544437486
68.95 0.205686368106
69.02 0.314645137414
69.09 0.255368818885
69.16 0.213037972037
69.23 0.221565692198
69.3 0.224497169646
69.37 0.241766296187
69.44 0.181169761925
69.51 0.147584403393
69.58 0.136149846733
69.65 0.175401667001
69.72 0.269826286641
69.79 0.223037165119
69.86 0.160541427505
69.93 0.0781758910321
70.0 0.155955798369
70.07 0.300291571529
70.14 0.275431233385
70.21 0.210558940108
70.28 0.15457407188
70.35 0.243391357469
70.42 0.262753815458
70.49 0.237798673476
70.56 0.218572709289
70.63 0.195370620656
70.7 0.247843710479
70.77 0.243893367676
70.84 0.184777886279
70.91 0.152502482508
70.98 0.203050374447
71.05 0.271621114685
71.12 0.298246224528
71.19 0.272810492436
71.26 0.30276232732
71.33 0.202935851495
71.4 0.251047903332
71.47 0.237989477984
71.54 0.151140320499
71.61 0.142910667376
71.68 0.118373829457
71.75 0.240982559392
71.82 0.175433979318
71.89 0.11809582999
71.96 0.191013328856
72.03 0.249476822302
72.1 0.325476865159
72.17 0.218806506506
72.24 0.133591873741
72.31 0.32900403608
72.38 0.147845702302
72.45 0.252541551518
72.52 0.173071897894
72.59 0.112882868679
72.66 0.326102341717
72.73 0.265907490396
72.8 0.405447141514
72.87 0.30504045476
72.94 0.213337000776
73.01 0.31604311962
73.08 0.341447879211
73.15 0.235119630973
73.22 0.163544415073
73.29 0.122773537792
73.36 0.390029061237
73.43 0.331766775195
73.5 0.21228159395
73.57 0.170985196678
73.64 0.137124564912
73.71 0.38291470309
73.78 0.35082881485
73.85 0.215409897131
73.92 0.158206703731
73.99 0.313635854121
74.06 0.472423677525
74.13 0.649179290767
74.2 0.583466153853
74.27 0.43839381916
74.34 0.273044030162
74.41 0.380718178337
74.48 0.35773134769
74.55 0.248865325366
74.62 0.204058489505
74.69 0.210816595566
74.76 0.298630453861
74.83 0.375806798298
74.9 0.396125177865
74.97 0.282218810084
75.04 0.243147034496
75.11 0.170372240243
75.18 0.275254297289
75.25 0.344780937922
75.32 0.236810878065
75.39 0.237672315667
75.46 0.174650945793
75.53 0.414418588332
75.6 0.405101244663
75.67 0.361613444651
75.74 0.316884945081
75.81 0.248770451624
75.88 0.396517010782
75.95 0.423267233942
76.02 0.323103735821
76.09 0.383398618908
76.16 0.399455031612
76.23 0.287469734237
76.3 0.25788527773
76.37 0.206380270559
76.44 0.427773899775
76.51 0.336636669684
76.58 0.421033981307
76.65 0.402351996905
76.72 0.286682472616
76.79 0.178394062085
76.86 0.121206656262
76.93 0.384981384396
77.0 0.296789084982
77.07 0.201619397836
77.14 0.128361878242
77.21 0.0845526814613
77.28 0.489829155943
77.35 0.665552771524
77.42 0.790066578815
77.49 0.519891492215
77.56 0.338877237816
77.63 0.37778547546
77.7 0.347695772007
77.77 0.203594473914
77.84 0.155364684628
77.91 0.128859731315
77.98 0.422678386767
78.05 0.699103657089
78.12 0.710502251628
78.19 0.455428390138
78.26 0.459448144899
78.33 0.402741606681
78.4 0.288587802048
78.47 0.235479135685
78.54 0.104689522959
78.61 0.0643461261505
78.68 0.342866375946
78.75 0.283511550604
78.82 0.245992032965
78.89 0.0859443744797
78.96 0.05367387242
79.03 0.23617651954
79.1 0.46323951466
79.17 0.261653901349
79.24 0.133011657517
79.31 0.063851718468
79.38 0.237885439483
79.45 0.705716705122
79.52 0.518356016376
79.59 0.383232890656
79.66 0.262710840755
79.73 0.197811935465
79.8 0.336779094684
79.87 0.305700305785
79.94 0.315466300066
80.01 0.215408992623
80.08 0.180326049072
80.15 0.282186533778
80.22 0.289999692912
80.29 0.245047866808
80.36 0.205154824772
80.43 0.171482611266
80.5 0.234082390558
80.57 0.265109006101
80.64 0.214799281401
80.71 0.168217738025
80.78 0.395155393171
80.85 0.365268951859
80.92 0.393956466192
80.99 0.273652020278
81.06 0.203218527075
81.13 0.187791761831
81.2 0.25276158412
81.27 0.373701641524
81.34 0.312277044298
81.41 0.293024624852
81.48 0.236804743513
81.55 0.255375141965
81.62 0.350348550955
81.69 0.299316973033
81.76 0.276425953469
81.83 0.220037640947
81.9 0.182294562704
81.97 0.268446806594
82.04 0.235256609863
82.11 0.203706292875
82.18 0.314331645026
82.25 0.383007525273
82.32 0.440243861357
82.39 0.347930787237
82.46 0.275585116188
82.53 0.216224069442
82.6 0.276637728996
82.67 0.316210768096
82.74 0.295839467418
82.81 0.233191188936
82.88 0.181613772434
82.95 0.193826905748
83.02 0.230349677163
83.09 0.33834646342
83.16 0.229066795141
83.23 0.182642047209
83.3 0.162667952477
83.37 0.159425815846
83.44 0.301002502874
83.51 0.228259532674
83.58 0.174056386662
83.65 0.369268968441
83.72 0.317752804263
83.79 0.408050084634
83.86 0.272657620055
83.93 0.219674106198
84.0 0.169276962
84.07 0.214961378912
84.14 0.430166751404
84.21 0.396879105097
84.28 0.319823507134
84.35 0.255039036886
84.42 0.32486923833
84.49 0.515132136183
84.56 0.416596127958
84.63 0.30582431018
84.7 0.271610080539
84.77 0.234291296868
84.84 0.31920257112
84.91 0.407201017816
84.98 0.365527348717
85.05 0.314123157077
85.12 0.553022563379
85.19 0.406713457489
85.26 0.244061035217
85.33 0.195484795149
85.4 0.136115581357
85.47 0.0973577175767
85.54 0.146330874445
85.61 0.499994406669
85.68 0.326690764176
85.75 0.211162550669
85.82 0.142953020363
85.89 0.0959751713122
85.96 0.377788758802
86.03 0.349131194898
86.1 0.218482318898
86.17 0.161862150568
86.24 0.122516444738
86.31 0.246176129924
86.38 0.404297172334
86.45 0.365120216488
86.52 0.254805737467
86.59 0.421132320563
86.66 0.399528936452
86.73 0.229135033569
86.8 0.172800833693
86.87 0.102696911718
86.94 0.507759730695
87.01 0.58622788996
87.08 0.30773710021
87.15 0.221603906056
87.22 0.145564947129
87.29 0.107321632743
87.36 0.0788890772915
87.43 0.0562640962986
87.5 0.0360841773606
87.57 0.0551217783633
87.64 0.134427880274
87.71 0.371201299649
87.78 0.381089682073
87.85 0.328233229296
87.92 0.152684864715
87.99 0.0933461521058
88.06 0.0560086756305
88.13 0.0434806222046
88.2 0.0385824094242
88.27 0.0254868335961
88.34 0.0209531596319
88.41 0.0200352083089
88.48 0.156226543769
88.55 0.294925951784
88.62 0.302204066059
88.69 0.20465905821
88.76 0.160616899876
88.83 0.111765484016
88.9 0.309916737997
88.97 0.363325117304
89.04 0.272327589158
89.11 0.189857586291
89.18 0.14432305286
89.25 0.192757033154
89.32 0.380510372475
89.39 0.405987135745
89.46 0.289430103064
89.53 0.33580444429
89.6 0.480317015858
89.67 0.308668878638
89.74 0.251045961924
89.81 0.1584679518
89.88 0.34900447698
89.95 0.468866447083
90.02 0.356440228718
90.09 0.21772164387
90.16 0.169756097908
90.23 0.0859779143428
90.3 0.0717152260554
90.37 0.0880102921445
90.44 0.0842134000145
90.51 0.0848855550964
90.58 0.0833393681503
90.65 0.172162079726
90.72 0.477239162809
90.79 0.583901332173
90.86 0.55860846992
90.93 0.395325515805
91.0 0.305652273676
91.07 0.265181216313
91.14 0.204693485634
91.21 0.19258781291
91.28 0.140880878118
91.35 0.0702728022332
91.42 0.0643940639956
91.49 0.0431352866997
91.56 0.0987452799397
91.63 0.148392668868
91.7 0.0782366201403
91.77 0.0473758387622
91.84 0.0302873669667
91.91 0.028209684348
91.98 0.0407353155151
92.05 0.0277106259711
92.12 0.0229554577888
92.19 0.0192517839607
92.26 0.0168053481981
92.33 0.105902146768
92.4 0.142947902587
92.47 0.116558835341
92.54 0.102342594686
92.61 0.0938228202119
92.68 0.0891193286474
92.75 0.0835986112635
92.82 0.0452936950355
92.89 0.0296108725782
92.96 0.0195254790722
93.03 0.0156954516715
93.1 0.155617133343
93.17 0.123150740774
93.24 0.0747019759105
93.31 0.0451723289646
93.38 0.035215035557
93.45 0.0343588714255
93.52 0.0370736515121
93.59 0.0295563966469
93.66 0.0176370471988
93.73 0.0193296457567
93.8 0.0164693924585
93.87 0.134469452673
93.94 0.12789102165
94.01 0.114487486394
94.08 0.102269231068
94.15 0.0934785131343
94.22 0.0953067740675
94.29 0.079513730895
94.36 0.033926113246
94.43 0.0238925107453
94.5 0.0198453676213
94.57 0.0163851270874
94.64 0.160316815172
94.71 0.161142978035
94.78 0.119172446144
94.85 0.0910965611397
94.92 0.0724258004696
94.99 0.0675657252895
95.06 0.121540902546
95.13 0.187655913046
95.2 0.105781355811
95.27 0.0397610538262
95.34 0.046442476917
95.41 0.158426323267
95.48 0.192658936442
95.55 0.143622730944
95.62 0.118180798632
95.69 0.0907058424412
95.76 0.0889364613534
95.83 0.0634586749519
95.9 0.0370321363066
95.97 0.0260020629595
96.04 0.282594232648
96.11 0.0366825822374
96.18 0.191682646496
96.25 0.126041947509
96.32 0.0830161634263
96.39 0.0643010458716
96.46 0.0495105773832
96.53 0.154309343469
96.6 0.179334893002
96.67 0.12696749712
96.74 0.0603140705103
96.81 0.0262239723614
96.88 0.0663036797766
96.95 0.186871117108
97.02 0.127126117466
97.09 0.12309443994
97.16 0.103655392185
97.23 0.0955920117131
97.3 0.0980005566556
97.37 0.0536302738813
97.44 0.0315067904703
97.51 0.142161274333
97.58 0.360892406968
97.65 0.118610642052
97.72 0.195983356789
97.79 0.106515146627
97.86 0.0691744312945
97.93 0.0552231933685
98.0 0.081953484528
98.07 0.15172862963
98.14 0.164033760055
98.21 0.0903550640034
98.28 0.0344420363476
98.35 0.0423792835487
98.42 0.242347757963
98.49 0.294270412528
98.56 0.310526545601
98.63 0.0470899296203
98.7 0.0665218504058
98.77 0.300463074225
98.84 0.389730804613
98.91 0.363689930438
98.98 0.175962812306
99.05 0.0806598871624
99.12 0.128985720542
99.19 0.312806561492
99.26 0.204435043233
99.33 0.125619555157
99.4 0.137373060907
99.47 0.128856704286
99.54 0.199715626403
99.61 0.175156406686
99.68 0.0585326183763
99.75 0.0579766904063
99.82 0.0459305616103
99.89 0.168145808485
99.96 0.130419879876
100.03 0.0779905495814
100.1 0.0357492150966
100.17 0.0467195464562
100.24 0.0566495838927
100.31 0.062889384841
100.38 0.0494293919983
100.45 0.0568488234102
100.52 0.139697619033
100.59 0.102638351734
100.66 0.347165263455
100.73 0.285469059746
100.8 0.0887464903912
100.87 0.0800787780813
100.94 0.112968287456
101.01 0.149018948255
101.08 0.182797823758
101.15 0.102630546913
101.22 0.0637369953383
101.29 0.0596730912855
101.36 0.119290085093
101.43 0.256852131959
101.5 0.150879567048
101.57 0.083291146455
101.64 0.0668611106697
101.71 0.144379455371
101.78 0.154355298599
101.85 0.180949332145
101.92 0.184049395412
101.99 0.121167988031
102.06 0.0703579848217
102.13 0.32813673083
102.2 0.52178414583
102.27 0.459258089205
102.34 0.442684921972
102.41 0.296911865008
102.48 0.288519641996
102.55 0.351479994675
102.62 0.317845306585
102.69 0.289660900789
102.76 0.0887469511182
102.83 0.064431674143
102.9 0.278869851526
102.97 0.274450683568
103.04 0.208087202492
103.11 0.114045226648
103.18 0.082636191846
103.25 0.0708407387601
103.32 0.0679777655841
103.39 0.0630197239666
103.46 0.0439987059567
103.53 0.490162660827
103.6 0.127672171052
103.67 0.315857267663
103.74 0.204004041111
103.81 0.173753074751
103.88 0.144954518867
103.95 0.117755805026
104.02 0.194994245923
104.09 0.224974046403
104.16 0.199902708024
104.23 0.107521653907
104.3 0.0690981984595
104.37 0.185947413583
104.44 0.231798090435
104.51 0.206934842827
104.58 0.138791024894
104.65 0.0996435576922
104.72 0.185031113463
104.79 0.360331581524
104.86 0.376580699896
104.93 0.217197861931
105.0 0.103285908233
105.07 0.0589037535315
105.14 0.291696564051
105.21 0.376859497956
105.28 0.325298570183
105.35 0.159816693416
105.42 0.148788356003
105.49 0.0815425679835
105.56 0.0727061406406
105.63 0.0516704674593
105.7 0.11252914053
105.77 0.131653928018
105.84 0.0314412888663
105.91 0.0254192295945
105.98 0.0313516239872
106.05 0.0444704204537
106.12 0.251297708427
106.19 0.282869471989
106.26 0.312124939795
106.33 0.391840543236
106.4 0.165390444179
106.47 0.269684055464
106.54 0.330747838879
106.61 0.409024480834
106.68 0.512663323919
106.75 0.266046620403
106.82 0.134771256365
106.89 0.121790208785
106.96 0.117958094873
107.03 0.173647071541
107.1 0.166715426053
107.17 0.262458832643
107.24 0.276611334108
107.31 0.246294455197
107.38 0.334165775146
107.45 0.39316900757
107.52 0.281296170997
107.59 0.330642214842
107.66 0.328178947188
107.73 0.363967907663
107.8 0.469381810957
107.87 0.541174934819
107.94 0.531295777526
108.01 0.454923744785
108.08 0.26189547373
108.15 0.31588605939
108.22 0.30553093832
108.29 0.291772711095
108.36 0.288454783292
108.43 0.296467609837
108.5 0.2884999017
108.57 0.27082792928
108.64 0.255917142212
108.71 0.339679549851
108.78 0.478506347281
108.85 0.609525039803
108.92 0.624429485785
108.99 0.344234311341
109.06 0.425740256298
109.13 0.260932035418
109.2 0.305065379559
109.27 0.558770640512
109.34 0.555925380434
109.41 0.201144373519
109.48 0.082997100981
109.55 0.114774956712
109.62 0.449352893954
109.69 0.487077496517
109.76 0.467938801429
109.83 0.4710311033
109.9 0.30463271988
109.97 0.316298023427
110.04 0.383925765741
110.11 0.643260801855
110.18 0.549801233601
110.25 0.223904404703
110.32 0.156070671897
110.39 0.0926270759554
110.46 0.396726960347
110.53 0.429098562847
110.6 0.156171127319
110.67 0.196265651077
110.74 0.331312377677
110.81 0.117504933374
110.88 0.064792084422
110.95 0.0413623341837
111.02 0.0820932055372
111.09 0.298087733397
111.16 0.141188757052
111.23 0.303955090091
111.3 0.502560647326
111.37 0.386347198329
111.44 0.174056936357
111.51 0.105950876852
111.58 0.261898382135
111.65 0.518319674022
111.72 0.471512383971
111.79 0.167895293765
111.86 0.165499239289
111.93 0.0757895340642
112.0 0.320720081785
112.07 0.458643689159
112.14 0.163484750403
112.21 0.190961797341
112.28 0.292752486679
112.35 0.340845063006
112.42 0.295283810589
112.49 0.222665790598
112.56 0.206180334126
112.63 0.125682075275
112.7 0.0904280579808
112.77 0.232118560454
112.84 0.182871700001
112.91 0.202069641398
112.98 0.199179557353
113.05 0.0922216553009
113.12 0.0940593870858
113.19 0.239566455259
113.26 0.221092991639
113.33 0.082167064834
113.4 0.0863647110369
113.47 0.143624181969
113.54 0.206803769716
113.61 0.214996164326
113.68 0.21082801524
113.75 0.175076476385
113.82 0.128638004085
113.89 0.11240327734
113.96 0.0544697914714
114.03 0.0386206518796
114.1 0.149939506127
114.17 0.0427269173927
114.24 0.154249708455
114.31 0.128935931316
114.38 0.0894431593246
114.45 0.0619852913376
114.52 0.0500289788781
114.59 0.091769001131
114.66 0.157470395333
114.73 0.147151661101
114.8 0.0986444146295
114.87 0.0422431106667
114.94 0.0328972368781
115.01 0.18435715678
115.08 0.192370381563
115.15 0.126423587239
115.22 0.126347923164
115.29 0.106002744115
115.36 0.11224427888
115.43 0.0643974543105
115.5 0.0438589076302
115.57 0.0290737708647
115.64 0.135344540502
115.71 0.0965497942051
115.78 0.436398740118
115.85 0.413656205967
115.92 0.0864069454001
115.99 0.11929253383
116.06 0.0639634166869
116.13 0.104846668979
116.2 0.281951808753
116.27 0.18568095771
116.34 0.159715683003
116.41 0.0750716727502
116.48 0.170723380908
116.55 0.33353897572
116.62 0.39024899322
116.69 0.135850425052
116.76 0.130829088024
116.83 0.253143810614
116.9 0.309281275845
116.97 0.524537502002
117.04 0.573386862067
117.11 0.484604678576
117.18 0.171305308706
117.25 0.224161672515
117.32 0.208050389878
117.39 0.276641586393
117.46 0.300156859204
117.53 0.409620940066
117.6 0.340258245147
117.67 0.309457841242
117.74 0.340961094176
117.81 0.259247220497
117.88 0.295443098195
117.95 0.358064500939
118.02 0.318011658671
118.09 0.267390027119
118.16 0.219899191968
118.23 0.196475018115
118.3 0.176430067814
118.37 0.231609554611
118.44 0.144702991607
118.51 0.118793011549
118.58 0.0810983816573
118.65 0.0706289611145
118.72 0.394041484613
118.79 0.379986273853
118.86 0.434522475673
118.93 0.375007763249
119.0 0.181194785224
119.07 0.230372797183
119.14 0.373014613965
119.21 0.395638223368
119.28 0.287383746701
119.35 0.163458613945
119.42 0.240439028684
119.49 0.428274777758
119.56 0.431124832574
119.63 0.290684869091
119.7 0.310239839984
119.77 0.367372910742
119.84 0.292787891692
119.91 0.138101901291
119.98 0.0975198415664
120.05 0.0876485346363
120.12 0.0850094578135
120.19 0.481976764055
120.26 0.507543675173
120.33 0.397266585997
120.4 0.313855321141
120.47 0.317549658629
120.54 0.358576974414
120.61 0.379823980401
120.68 0.36599292972
120.75 0.297616512461
120.82 0.266718295694
120.89 0.351182681747
120.96 0.410666050969
121.03 0.375433148738
121.1 0.325184107603
121.17 0.315348035164
121.24 0.358370893895
121.31 0.234346734501
121.38 0.124335478422
121.45 0.098417741205
121.52 0.0809004840732
121.59 0.199115216569
121.66 0.299687306417
121.73 0.408712664009
121.8 0.351106547412
121.87 0.282987616149
121.94 0.241997137337
122.01 0.280855980815
122.08 0.294697728834
122.15 0.238812180628
122.22 0.158884722225
122.29 0.240727800688
122.36 0.344313178263
122.43 0.281032282485
122.5 0.261930038843
122.57 0.225988874306
122.64 0.369351145183
122.71 0.437791208429
122.78 0.333146956394
122.85 0.252729413728
122.92 0.279808996289
122.99 0.29077061938
123.06 0.340153116788
123.13 0.220344113339
123.2 0.186051669208
123.27 0.241376564609
123.34 0.388879418273
123.41 0.540556562989
123.48 0.709121961337
123.55 0.219887970354
123.62 0.300201409912
123.69 0.51253895412
123.76 0.643234395316
123.83 0.62221918053
123.9 0.56556152809
123.97 0.518018116051
124.04 0.298492518566
124.11 0.186458653157
124.18 0.179860040175
124.25 0.170930847844
124.32 0.148916595909
124.39 0.262841640607
124.46 0.382750729838
124.53 0.386278339243
124.6 0.551494235693
124.67 0.578301653603
124.74 0.582307587614
124.81 0.323466005954
124.88 0.211025946716
124.95 0.190310844172
125.02 0.159524015295
125.09 0.269501688086
125.16 0.486629758886
125.23 0.510904901777
125.3 0.564225455936
125.37 0.565873169097
125.44 0.577924203841
125.51 0.442864385182
125.58 0.270413428597
125.65 0.192666737026
125.72 0.145451572288
125.79 0.202175805597
125.86 0.38031850353
125.93 0.3160471952
126.0 0.291961878168
126.07 0.291535598763
126.14 0.288408883237
126.21 0.347640762268
126.28 0.255238620625
126.35 0.237806380856
126.42 0.21494168204
126.49 0.23411001511
126.56 0.383877139454
126.63 0.287505002621
126.7 0.250079559072
126.77 0.228608704393
126.84 0.209072167874
126.91 0.38100716111
126.98 0.250778403484
127.05 0.211284391236
127.12 0.162725422604
127.19 0.153300437231
127.26 0.286503077191
127.33 0.296352618744
127.4 0.296850425215
127.47 0.281418453226
127.54 0.21802751255
127.61 0.299965844987
127.68 0.218099285337
127.75 0.217798579975
127.82 0.166140539434
127.89 0.152114020842
127.96 0.394942095656
128.03 0.346603354508
128.1 0.252764046626
128.17 0.176302698524
128.24 0.107796004628
128.31 0.319084626079
128.38 0.287553532527
128.45 0.250723761267
128.52 0.223009762986
128.59 0.152058978269
128.66 0.18395810369
128.73 0.346131671785
128.8 0.273486727334
128.87 0.265738477744
128.94 0.271173909802
129.01 0.341857668828
129.08 0.336472343738
129.15 0.314394364263
129.22 0.305628299987
129.29 0.30080264164
129.36 0.296343316296
129.43 0.414441148066
129.5 0.408980833574
129.57 0.334512922843
129.64 0.263613061694
129.71 0.189803880356
129.78 0.121214001415
129.85 0.0916413162164
129.92 0.0649649512932
129.99 0.052962355369
130.06 0.0478733020705
130.13 0.0426384853553
130.2 0.243411780913
130.27 0.20267094197
130.34 0.13405844822
130.41 0.235111748835
130.48 0.25896533186
130.55 0.267082454278
130.62 0.280919046391
130.69 0.236633349908
130.76 0.246999328247
130.83 0.215508184488
130.9 0.218843341361
130.97 0.273084695936
131.04 0.213711758199
131.11 0.174109623397
131.18 0.155798146078
131.25 0.155661043269
131.32 0.138603404169
131.39 0.144101698449
131.46 0.132561780418
131.53 0.115972042902
131.6 0.0953313864191
131.67 0.130314897679
131.74 0.104695767662
131.81 0.0610793983511
131.88 0.048275547416
131.95 0.0433168046462
132.02 0.0737207524784
132.09 0.0831586297326
132.16 0.0514416217336
132.23 0.0317386960584
132.3 0.0224808359459
132.37 0.0863737179841
132.44 0.171242868024
132.51 0.113727514637
132.58 0.0969495018454
132.65 0.0697982397023
132.72 0.0718756247021
132.79 0.0843705428573
132.86 0.0592504934592
132.93 0.042232805211
133.0 0.0275364987204
133.07 0.0271898985995
133.14 0.224114811818
133.21 0.285893712308
133.28 0.306401383928
133.35 0.296004715878
133.42 0.250116941503
133.49 0.135863117815
133.56 0.203655139474
133.63 0.357106523565
133.7 0.336795297445
133.77 0.198936486286
133.84 0.10804694936
133.91 0.197279928226
133.98 0.249521267096
134.05 0.287505442165
134.12 0.278587688571
134.19 0.260655534638
134.26 0.143349726394
134.33 0.0732262272311
134.4 0.0565934313389
134.47 0.0696666942135
134.54 0.1834674835
134.61 0.219764684058
134.68 0.284544885961
134.75 0.143871625177
134.82 0.0672765794084
134.89 0.0866152066928
134.96 0.139998764998
135.03 0.253788092245
135.1 0.298165711699
135.17 0.15623643404
135.24 0.123799550239
135.31 0.079785035522
135.38 0.288282935316
135.45 0.367771271153
135.52 0.293778731078
135.59 0.108109505489
135.66 0.0774654829033
135.73 0.0770615439891
135.8 0.0632901007849
135.87 0.0449085717864
135.94 0.036244619432
136.01 0.199031761442
136.08 0.215507828616
136.15 0.358200614509
136.22 0.153193400298
136.29 0.0695413478854
136.36 0.0892377926681
136.43 0.111828375893
136.5 0.2771296657
136.57 0.314222611609
136.64 0.23639946902
136.71 0.140675479688
136.78 0.0736082217735
136.85 0.330265366672
136.92 0.474805592449
136.99 0.271247099721
137.06 0.0917439863053
137.13 0.0776130881686
137.2 0.503932806581
137.27 0.5485867224
137.34 0.487552420215
137.41 0.267831349524
137.48 0.171468231289
137.55 0.223472554208
137.62 0.276094239595
137.69 0.181502294517
137.76 0.115062907881
137.83 0.0889577575301
137.9 0.118121763093
137.97 0.207081570063
138.04 0.327102415766
138.11 0.152873230017
138.18 0.0885967160022
138.25 0.108573175799
138.32 0.204256708009
138.39 0.361562486131
138.46 0.20314959385
138.53 0.0800885899767
138.6 0.0494306629692
138.67 0.0759376392448
138.74 0.103049814796
138.81 0.084018221249
138.88 0.0738864394232
138.95 0.0831037269669
139.02 0.195530845603
139.09 0.268742163286
139.16 0.203622841985
139.23 0.104867133729
139.3 0.0623408104968
139.37 0.0855538421903
139.44 0.210351865054
139.51 0.286127900348
139.58 0.208127073908
139.65 0.0546663481811
139.72 0.108202587162
139.79 0.155110802894
139.86 0.249416448007
139.93 0.138220901238
140.0 0.0866870864524
140.07 0.0564442511288
140.14 0.109099670201
140.21 0.352167758339
140.28 0.284569980223
140.35 0.210425139705
140.42 0.200796916552
140.49 0.189469014474
140.56 0.47638810798
140.63 0.473531708901
140.7 0.32409113829
140.77 0.210268983982
140.84 0.0724181608753
140.91 0.116972053402
140.98 0.281501385137
141.05 0.273672246721
141.12 0.166822838982
141.19 0.120848912904
141.26 0.192031247337
141.33 0.297860658558
141.4 0.284044575678
141.47 0.290948330769
141.54 0.284598461621
141.61 0.267598054341
141.68 0.185756226725
141.75 0.153587974275
141.82 0.147515517829
141.89 0.120740019294
141.96 0.0851212142853
142.03 0.337679143323
142.1 0.481317668199
142.17 0.408169711593
142.24 0.122554020993
142.31 0.0837922966381
142.38 0.120146794682
142.45 0.170600450483
142.52 0.165992764706
142.59 0.0863571646472
142.66 0.0920781065511
142.73 0.109529190583
142.8 0.290790950678
142.87 0.342172063605
142.94 0.455896078835
143.01 0.413837432649
143.08 0.13385887719
143.15 0.174759751494
143.22 0.255861627262
143.29 0.23106673141
143.36 0.271788602171
143.43 0.259298078398
143.5 0.193632768119
143.57 0.312328444479
143.64 0.283043460492
143.71 0.237524970951
143.78 0.150659303554
143.85 0.0770212362059
143.92 0.0465020314362
143.99 0.0410749200004
144.06 0.0336091383977
144.13 0.152288199991
144.2 0.142432427503
144.27 0.169924639242
144.34 0.208026387593
144.41 0.206498160525
144.48 0.127219499936
144.55 0.483033622966
144.62 0.353381302543
144.69 0.445728907884
144.76 0.476990310942
144.83 0.315222749207
144.9 0.109522171646
144.97 0.424115450269
145.04 0.490373375093
145.11 0.661783539958
145.18 0.546622316123
145.25 0.227202809334
145.32 0.118102708061
145.39 0.146664742614
145.46 0.131801742994
145.53 0.11558931967
145.6 0.159880588301
145.67 0.212100332316
145.74 0.415398833117
145.81 0.486585226184
145.88 0.324792758714
145.95 0.32843652427
146.02 0.400249194605
146.09 0.425637138192
146.16 0.455062006296
146.23 0.523368917334
146.3 0.498320805949
146.37 0.474210480446
146.44 0.377534501072
146.51 0.303140267465
146.58 0.289283869388
146.65 0.325887447015
146.72 0.30142166802
146.79 0.297178694758
146.86 0.310311816126
146.93 0.277635465518
147.0 0.29095214474
147.07 0.346778054755
147.14 0.508232501157
147.21 0.668634826192
147.28 0.878587308763
147.35 0.639925294406
147.42 0.422928834761
147.49 0.425806496124
147.56 0.181203488197
147.63 0.408192809371
147.7 0.56318607923
147.77 0.191326941986
147.84 0.110197488268
147.91 0.0955035224821
147.98 0.504992291106
148.05 0.556167140283
148.12 0.549385293544
148.19 0.706292059883
148.26 0.38114448422
148.33 0.240064776473
148.4 0.309368294986
148.47 0.643732929418
148.54 0.573204169531
148.61 0.158706761938
148.68 0.161517299091
148.75 0.0842173283737
148.82 0.3755365687
148.89 0.360257690453
148.96 0.113763583732
149.03 0.300910792791
149.1 0.251755217706
149.17 0.170048796153
149.24 0.103313748851
149.31 0.0638334577935
149.38 0.19132130629
149.45 0.380890624728
149.52 0.191803545485
149.59 0.543112803224
149.66 0.535061122039
149.73 0.385686671571
149.8 0.256788878915
149.87 0.0908201037848
149.94 0.358430218581
150.01 0.417396897882
150.08 0.228793203825
150.15 0.223286512665
150.22 0.0940155830735
150.29 0.441911930177
150.36 0.488219690532
150.43 0.137276338962
150.5 0.246584249273
150.57 0.304380879113
150.64 0.431769188345
150.71 0.474568168729
150.78 0.357786293881
150.85 0.22755780104
150.92 0.15583331808
150.99 0.137944829411
151.06 0.31346006084
151.13 0.329584482138
151.2 0.215080872419
151.27 0.209025522182
151.34 0.108086595179
151.41 0.118202022787
151.48 0.235844870273
151.55 0.227585420297
151.62 0.12368523276
151.69 0.0623894420803
151.76 0.154030549646
151.83 0.24422405736
151.9 0.217657975641
151.97 0.169986697574
152.04 0.133727545648
152.11 0.10921668002
152.18 0.0945248134541
152.25 0.0557469530649
152.32 0.039524305839
152.39 0.100084891748
152.46 0.0890083686507
152.53 0.267649058403
152.6 0.241222009252
152.67 0.0700408267417
152.74 0.0485824402876
152.81 0.0392497178704
152.88 0.13010715113
152.95 0.19517459034
153.02 0.196120762512
153.09 0.0899873117492
153.16 0.0499073596721
153.23 0.0875352657092
153.3 0.262727486237
153.37 0.195269470436
153.44 0.127491875356
153.51 0.0976135205953
153.58 0.0893331938626
153.65 0.0620626553366
153.72 0.0569230142186
153.79 0.0433954713904
153.86 0.139135683607
153.93 0.14560176292
154.0 0.287032763848
154.07 0.493469672049
154.14 0.101495060447
154.21 0.0990528273613
154.28 0.135596863179
154.35 0.0836567836018
154.42 0.187778714255
154.49 0.31786435738
154.56 0.192841009379
154.63 0.171800048959
154.7 0.242663714975
154.77 0.427869008646
154.84 0.261107461177
154.91 0.117118154685
154.98 0.266974122013
155.05 0.367996238299
155.12 0.430337977664
155.19 0.554711084239
155.26 0.529754144892
155.33 0.276642352153
155.4 0.0763143137148
155.47 0.183223447554
155.54 0.262980423216
155.61 0.286696227699
155.68 0.473274993961
155.75 0.328466000203
155.82 0.396301763385
155.89 0.352628973557
155.96 0.307546875054
156.03 0.263496745614
156.1 0.214171484262
156.17 0.385136582654
156.24 0.387255029546
156.31 0.269902759901
156.38 0.181150356318
156.45 0.138628525968
156.52 0.128747831859
156.59 0.26327564222
156.66 0.168644280097
156.73 0.160551422632
156.8 0.167049212669
156.87 0.180879556902
156.94 0.276293431451
157.01 0.315494759222
157.08 0.403322475337
157.15 0.762512760998
157.22 0.718948565042
157.29 1.0
157.36 0.206463237422
157.43 0.126029291817
157.5 0.10851091729
157.57 0.0837217577528
157.64 0.15044234882
157.71 0.135652826146
157.78 0.0707725670581
157.85 0.0642241701372
157.92 0.104727191359
157.99 0.143312104596
158.06 0.103113541277
158.13 0.0535565056708
158.2 0.0847706116651
158.27 0.199771795903
158.34 0.214282693158
158.41 0.328874976399
158.48 0.483329154416
158.55 0.336515251715
158.62 0.20685009025
158.69 0.168312673196
158.76 0.117112033901
158.83 0.0789687110328
158.9 0.0508463889883
158.97 0.0385615686787
159.04 0.159242897713
159.11 0.266719734009
159.18 0.134608933257
159.25 0.0658658355952
159.32 0.0291614445561
159.39 0.144302166571
159.46 0.156784522238
159.53 0.10302330552
159.6 0.071004947142
159.67 0.0439796519846
159.74 0.187701605509
159.81 0.226197141954
159.88 0.298480075761
159.95 0.418323110515
160.02 0.324052390624
160.09 0.344675410267
160.16 0.633084830489
160.23 0.680852711878
160.3 0.291584121255
160.37 0.106216354077
160.44 0.0788385350151
160.51 0.0645979626807
160.58 0.0966935463103
160.65 0.122320040544
160.72 0.072634729022
160.79 0.0406650594209
160.86 0.157221265971
160.93 0.161753399942
161.0 0.12330213671
161.07 0.0689404084807
161.14 0.0695829732417
161.21 0.181105517523
161.28 0.0958306100222
161.35 0.335778569441
161.42 0.429815009147
161.49 0.40170586813
161.56 0.156145481244
161.63 0.0825941470693
161.7 0.0780135583914
161.77 0.13861395005
161.84 0.0997042423164
161.91 0.04311783521
161.98 0.149022759049
162.05 0.461912569136
162.12 0.428828398916
162.19 0.385490557583
162.26 0.11555819677
162.33 0.237943297256
162.4 0.647190409826
162.47 0.970297734022
162.54 0.766188535956
162.61 0.823767492963
162.68 0.544477147067
162.75 0.57658080348
162.82 0.729625164434
162.89 0.852938412607
162.96 0.776227851471
163.03 0.671411807595
163.1 0.626993423867
163.17 0.750344871071
163.24 0.656816328285
163.31 0.693276599706
163.38 0.681552567771
163.45 0.679648600396
163.52 0.731209611841
163.59 0.537741619804
163.66 0.657723420221
163.73 0.654394384132
163.8 0.588192665878
163.87 0.604114068639
163.94 0.563927400549
164.01 0.624730126539
164.08 0.618336506337
164.15 0.509904222958
164.22 0.539291586829
164.29 0.630115489758
164.36 0.618024066736
164.43 0.654335009667
164.5 0.613586529012
164.57 0.664061644097
164.64 0.578193553291
164.71 0.639215412671
164.78 0.714592430886
164.85 0.71902129953
164.92 0.640704213162
164.99 0.532407636643
165.06 0.533780631561
165.13 0.69574924077
165.2 0.624823280233
165.27 0.634233752177
165.34 0.45320701049
165.41 0.423242855661
165.48 0.467088538839
165.55 0.420962629001
165.62 0.294902283128
165.69 0.36666370474
165.76 0.369020105982
165.83 0.26946938636
165.9 0.32437446948
165.97 0.367364153752
166.04 0.398060536103
166.11 0.297846444867
166.18 0.175110230195
166.25 0.135442335358
166.32 0.127477638363
166.39 0.155812216785
166.46 0.177003001374
166.53 0.122998957192
166.6 0.111204640566
166.67 0.107195536542
166.74 0.280635493841
166.81 0.797186713525
166.88 0.44527660429
166.95 0.284831173217
167.02 0.268307123714
167.09 0.255628650881
167.16 0.301352822703
167.23 0.243794552866
167.3 0.0661848937766
167.37 0.0889699800337
167.44 0.304287580316
167.51 0.472576414335
167.58 0.394301949977
167.65 0.385621523721
167.72 0.343028291285
167.79 0.248119289804
167.86 0.257824845182
167.93 0.29294510232
168.0 0.300920166202
168.07 0.447457580832
168.14 0.446169928433
168.21 0.376777607182
168.28 0.301696899947
168.35 0.162654915493
168.42 0.125179984573
168.49 0.149556409018
168.56 0.274765372787
168.63 0.192406216587
168.7 0.184390980493
168.77 0.188435919542
168.84 0.0563000128773
168.91 0.0874063627807
168.98 0.268461966099
169.05 0.288891592691
169.12 0.214209962907
169.19 0.163494070856
169.26 0.0852071287411
169.33 0.0827975299519
169.4 0.201324214843
169.47 0.220059459281
169.54 0.078438813606
169.61 0.0625754571455
169.68 0.107946606207
169.75 0.244993566695
169.82 0.252175215337
169.89 0.246663260239
169.96 0.20609466751
170.03 0.15292398624
170.1 0.131187043211
170.17 0.108310962851
170.24 0.0611601494876
170.31 0.0874800208404
170.38 0.0377367445715
170.45 0.144856266462
170.52 0.127229444224
170.59 0.043560904141
170.66 0.0411629643916
170.73 0.0360388736026
170.8 0.0941929682463
170.87 0.164367515955
170.94 0.172857819791
171.01 0.0935710504077
171.08 0.041908916281
171.15 0.158820415334
171.22 0.246765513026
171.29 0.181614346489
171.36 0.0872276748628
171.43 0.0629822260883
171.5 0.0696355872006
171.57 0.0892223355436
171.64 0.0632765829502
171.71 0.0487487955512
171.78 0.125296289002
171.85 0.232160559687
171.92 0.388847190687
171.99 0.477014117286
172.06 0.135119698335
172.13 0.15045582323
172.2 0.102818076552
172.27 0.108876073586
172.34 0.265165033676
172.41 0.307054906577
172.48 0.210053196424
172.55 0.144390456684
172.62 0.260248908679
172.69 0.387198972315
172.76 0.221429350912
172.83 0.126096079219
172.9 0.232221738931
172.97 0.322604133045
173.04 0.442042930207
173.11 0.535872314984
173.18 0.379932749032
173.25 0.168590753158
173.32 0.141526293032
173.39 0.371419581488
173.46 0.25740513246
173.53 0.262177901471
173.6 0.434776401891
173.67 0.263428913897
173.74 0.323851993464
173.81 0.367210492311
173.88 0.29979197193
173.95 0.321053148184
174.02 0.208618757476
174.09 0.38190983854
174.16 0.349265599012
174.23 0.22638900984
174.3 0.176199278562
174.37 0.110879843951
174.44 0.228242424347
174.51 0.255669011621
174.58 0.174586724692
174.65 0.1192970659
174.72 0.0939601422634
174.79 0.235063318489
174.86 0.523637603761
174.93 0.501622830728
175.0 0.497557677947
175.07 0.262426324385
175.14 0.300221563274
175.21 0.41303016065
175.28 0.597071897403
175.35 0.484198961361
175.42 0.31229627091
175.49 0.262232508736
175.56 0.441372702764
175.63 0.523532543188
175.7 0.459977548765
175.77 0.322075715241
175.84 0.347038432209
175.91 0.432244229608
175.98 0.451690539903
176.05 0.326385838132
176.12 0.1850534709
176.19 0.102129241036
176.26 0.381069645217
176.33 0.332583755293
176.4 0.261736633082
176.47 0.154426394593
176.54 0.107320040852
176.61 0.430710525715
176.68 0.423660229797
176.75 0.377949301492
176.82 0.246258689016
176.89 0.208211278908
176.96 0.174177886185
177.03 0.232071019787
177.1 0.385841042639
177.17 0.544440059077
177.24 0.210019384361
177.31 0.31278138144
177.38 0.442520176605
177.45 0.778421581147
177.52 0.707833915995
177.59 0.214240062675
177.66 0.109890802988
177.73 0.397884777773
177.8 0.3505627498
177.87 0.294752434599
177.94 0.213754618515
178.01 0.175889909415
178.08 0.404394331704
178.15 0.497572228445
178.22 0.405650295622
178.29 0.272922995603
178.36 0.369455212281
178.43 0.293045437
178.5 0.236754446957
178.57 0.221331252082
178.64 0.193695797685
178.71 0.283091282891
178.78 0.290138288053
178.85 0.322353521943
178.92 0.575457509861
178.99 0.710037558186
179.06 0.602999065987
179.13 0.496009845093
179.2 0.472906771448
179.27 0.432088907431
179.34 0.38116261462
179.41 0.299068835028
179.48 0.260472293467
179.55 0.286407949255
179.62 0.281986673603
179.69 0.271676812866
179.76 0.230935468712
179.83 0.226705383095
179.9 0.233245850217
179.97 0.177011931004
180.04 0.150571430744
180.11 0.197184176455
180.18 0.413352068984
180.25 0.491194771815
180.32 0.480251028108
180.39 0.437913739556
180.46 0.511435500356
180.53 0.516861888398
180.6 0.531349595729
180.67 0.611307784091
180.74 0.770311613236
180.81 0.809923355519
180.88 0.68091469607
180.95 0.676960696049
181.02 0.661322348041
181.09 0.841836328167
181.16 0.919620186105
181.23 0.929602067504
181.3 0.814466590362
181.37 0.756079236546
181.44 0.706315399145
181.51 0.578339439568
181.58 0.534795443577
181.65 0.615061825437
181.72 0.64200819436
181.79 0.63777270394
181.86 0.586111869381
181.93 0.500093760583
182.0 0.550356022993
182.07 0.469538167916
182.14 0.563924450837
182.21 0.499671547225
182.28 0.619717665125
182.35 0.60782130754
182.42 0.63897885427
182.49 0.663256860024
182.56 0.761176522558
182.63 0.682026232149
182.7 0.516259976701
182.77 0.456855086755
182.84 0.437203481826
182.91 0.392869944939
182.98 0.444738715633
183.05 0.395223985353
183.12 0.438928468959
183.19 0.473667511083
183.26 0.501666172954
183.33 0.508164282852
183.4 0.563809282868
183.47 0.501034985501
183.54 0.507500864636
183.61 0.464170903323
183.68 0.50330803965
183.75 0.35724610053
183.82 0.362829323204
183.89 0.459576783041
183.96 0.396422576584
184.03 0.326150857854
184.1 0.3216189982
184.17 0.340615947199
184.24 0.379118566128
184.31 0.61690117771
184.38 0.623979720956
184.45 0.318671420728
184.52 0.225167639633
184.59 0.159840469045
184.66 0.403185383119
184.73 0.519582969323
184.8 0.345202885435
184.87 0.209387974488
184.94 0.139240594841
185.01 0.0883082119614
185.08 0.0717723074771
185.15 0.0508592914613
185.22 0.0349039220029
185.29 0.0105318315691
185.36 0.0
185.43 0.0
185.5 0.0
185.57 0.0
185.64 0.0
185.71 0.0
185.78 0.0
185.85 0.0
185.92 0.0
185.99 0.0
186.06 0.0
186.13 0.0
186.2 0.0
186.27 0.0
186.34 0.0
186.41 0.0
186.48 0.0
186.55 0.0
186.62 0.0
186.69 0.0
186.76 0.0
186.83 0.0
186.9 0.0
186.97 0.0
187.04 0.0
187.11 0.0
187.18 0.0
187.25 0.0
187.32 0.0
187.39 0.0
187.46 0.0
187.53 0.0
187.6 0.0
187.67 0.0
187.74 0.0
187.81 0.0
187.88 0.0
187.95 0.0
188.02 0.0
188.09 0.0
188.16 0.0
188.23 0.0
188.3 0.0
188.37 0.0
188.44 0.0
188.51 0.0
188.58 0.0
188.65 0.0
188.72 0.0
188.79 0.0
188.86 0.0
188.93 0.0
189.0 0.0
189.07 0.0
189.14 0.0
189.21 0.0
189.28 0.0
189.35 0.0
189.42 0.0
189.49 0.0
189.56 0.0
189.63 0.0
189.7 0.0
189.77 0.0
189.84 0.0
189.91 0.0
189.98 0.0
190.05 0.0
190.12 0.0
190.19 0.0
190.26 0.0
190.33 0.0
190.4 0.0
190.47 0.0
190.54 0.0
190.61 0.0
190.68 0.0
190.75 0.0
190.82 0.0
190.89 0.0
190.96 0.0
191.03 0.0
191.1 0.0
191.17 0.0
191.24 0.0
191.31 0.0
191.38 0.0
191.45 0.0
191.52 0.0
191.59 0.0
191.66 0.0
191.73 0.0
191.8 0.0
191.87 0.0
191.94 0.0
192.01 0.0
192.08 0.0
192.15 0.0
192.22 0.0
192.29 0.0
192.36 0.0
192.43 0.0
192.5 0.0
192.57 0.0
192.64 0.0
192.71 0.0
192.78 0.0
192.85 0.0
192.92 0.0
192.99 0.0
193.06 0.0
193.13 0.0
193.2 0.0
193.27 0.0
193.34 0.0
193.41 0.0
193.48 0.0
193.55 0.0
193.62 0.0
193.69 0.0
193.76 0.0
193.83 0.0
193.9 0.0
193.97 0.0
194.04 0.0
194.11 0.0
194.18 0.0
194.25 0.0
