0.0 0.0
0.07 0.0
0.14 0.0
0.21 0.0
0.28 0.0
0.35 0.0
0.42 0.0
0.49 0.0
0.56 0.0
0.63 0.0
0.7 0.0
0.77 0.0
0.84 0.0
0.91 0.0
0.98 0.0
1.05 0.0
1.12 0.0
1.19 0.0
1.26 0.0
1.33 0.0
1.4 0.0
1.47 0.0
1.54 0.0
1.61 0.0
1.68 0.0
1.75 0.0
1.82 0.0
1.89 0.0
1.96 0.0
2.03 0.0
2.1 0.0
2.17 0.0
2.24 0.0
2.31 0.0
2.38 0.0
2.45 0.0
2.52 0.0
2.59 0.0
2.66 0.0
2.73 0.0
2.8 0.0
2.87 0.0
2.94 0.0
3.01 0.0
3.08 0.0
3.15 0.0
3.22 0.0
3.29 0.0
3.36 0.0
3.43 0.0
3.5 0.0
3.57 0.0
3.64 0.0
3.71 0.0
3.78 0.0
3.85 0.0
3.92 0.0
3.99 0.676736158125
4.06 0.931355861639
4.13 0.78735821875
4.2 0.82885610274
4.27 0.529423175575
4.34 0.198218520047
4.41 0.781083150263
4.48 0.749279494175
4.55 0.558804893164
4.62 0.2983709935
4.69 0.764381421466
4.76 0.69929866391
4.83 0.744396037341
4.9 0.497248179654
4.97 0.19723996278
5.04 0.577923305058
5.11 0.903951867817
5.18 0.656531485793
5.25 0.759759717721
5.32 0.451984975834
5.39 0.134824099681
5.46 0.716643267806
5.53 0.755649462187
5.6 0.694238011688
5.67 0.249364474324
5.74 0.6693039774
5.81 0.687915029134
5.88 0.81469887956
5.95 0.476400776399
6.02 0.14912301716
6.09 0.481367296477
6.16 0.834596377563
6.23 0.644764312143
6.3 0.825321487274
6.37 0.545835108523
6.44 0.213384150862
6.51 0.658703927604
6.58 0.759991713457
6.65 0.556691293244
6.72 0.237604331129
6.79 0.772005229003
6.86 0.726080100417
6.93 0.766244055046
7.0 0.47929214005
7.07 0.210785265019
7.14 0.633446745048
7.21 0.837985412212
7.28 0.546788982457
7.35 0.408194439318
7.42 0.423661527081
7.49 0.425331186668
7.56 0.331961549581
7.63 0.295242339955
7.7 0.325042592121
7.77 0.242077524055
7.84 0.14008981642
7.91 0.189729502931
7.98 0.276987906728
8.05 0.212954614049
8.12 0.337441888226
8.19 0.818123843171
8.26 0.682614485673
8.33 0.670674968967
8.4 0.623072652703
8.47 0.543949924776
8.54 0.200544200987
8.61 0.164779807857
8.68 0.687423432078
8.75 0.5767864858
8.82 0.433906690016
8.89 0.407942459104
8.96 0.735093250019
9.03 0.553783518478
9.1 0.383626976244
9.17 0.457210456973
9.24 0.562870919614
9.31 0.395235523591
9.38 0.481212880696
9.45 0.511864503217
9.52 0.309848726313
9.59 0.24805251378
9.66 0.181819392294
9.73 0.727699057008
9.8 0.468313017696
9.87 0.479551115063
9.94 0.519697785778
10.01 0.631120998996
10.08 0.212802613582
10.15 0.118475341616
10.22 0.66898321189
10.29 0.751441429834
10.36 0.551398293376
10.43 0.428025234031
10.5 0.434685236632
10.57 0.221322744534
10.64 0.114450586345
10.71 0.530064478704
10.78 0.759716626531
10.85 0.533955560752
10.92 0.455165891942
10.99 0.759883086328
11.06 0.705758111717
11.13 0.529639848483
11.2 0.48085423289
11.27 0.581642082806
11.34 0.40876508443
11.41 0.433369093471
11.48 0.447014181672
11.55 0.331230213211
11.62 0.175239101263
11.69 0.259366461005
11.76 0.667881892171
11.83 0.566500078043
11.9 0.415345595598
11.97 0.474292793092
12.04 0.711905664636
12.11 0.33604431115
12.18 0.170576851865
12.25 0.422682839592
12.32 0.895736435419
12.39 0.687735427734
12.46 0.538863023452
12.53 0.513171047131
12.6 0.357474448491
12.67 0.158264048193
12.74 0.106767764836
12.81 0.708222622066
12.88 0.60928218832
12.95 0.435504049853
13.02 0.429266229604
13.09 0.828109714839
13.16 0.830137532347
13.23 0.69344947981
13.3 0.715484816139
13.37 0.747593877702
13.44 0.535739572599
13.51 0.459974201189
13.58 0.505198907257
13.65 0.705443218615
13.72 0.322587732177
13.79 0.230068552338
13.86 0.475336075509
13.93 0.634962677171
14.0 0.451243266635
14.07 0.390755800945
14.14 0.678141174927
14.21 0.41068742805
14.28 0.182345462612
14.35 0.252678843518
14.42 0.885721719505
14.49 0.694476268948
14.56 0.551351284665
14.63 0.536666560272
14.7 0.440336808343
14.77 0.241598567867
14.84 0.167360414515
14.91 0.724678325221
14.98 0.54073981251
15.05 0.470924425037
15.12 0.405785792799
15.19 0.881279657468
15.26 0.703167992627
15.33 0.648838466636
15.4 0.773163711676
15.47 0.778775278777
15.54 0.715483839471
15.61 0.435228824954
15.68 0.58174473366
15.75 0.474799607558
15.82 0.369583182917
15.89 0.39810471534
15.96 0.693747952496
16.03 0.463766794846
16.1 0.469852034828
16.17 0.453247605367
16.24 0.660831524875
16.31 0.241769185477
16.38 0.306205866634
16.45 0.538552640073
16.52 0.839924796355
16.59 0.600999361215
16.66 0.564944767616
16.73 0.610391037681
16.8 0.491755750485
16.87 0.432212801324
16.94 0.361183239427
17.01 0.739052323626
17.08 0.492668472612
17.15 0.488348811816
17.22 0.445966595718
17.29 0.846965232648
17.36 0.554884867653
17.43 0.433581971328
17.5 0.667627994279
17.57 0.595861212753
17.64 0.514265919295
17.71 0.528594360038
17.78 0.754141104662
17.85 0.7415522591
17.92 0.646129246821
17.99 0.572434384141
18.06 0.798486668913
18.13 0.618565626775
18.2 0.571203344375
18.27 0.650173614506
18.34 0.732869176603
18.41 0.473026188677
18.48 0.285632060499
18.55 0.624455666581
18.62 0.660917471614
18.69 0.487883209618
18.76 0.431132445849
18.83 0.595606499421
18.9 0.34486088394
18.97 0.254600512773
19.04 0.497576581773
19.11 0.706213699197
19.18 0.438741834364
19.25 0.364539135593
19.32 0.767804854964
19.39 0.652200596422
19.46 0.397469870618
19.53 0.37006502415
19.6 0.779111833744
19.67 0.608858395242
19.74 0.566372035384
19.81 0.571250159303
19.88 0.600070001635
19.95 0.326520401656
20.02 0.309850301383
20.09 0.677864869492
20.16 0.572545559907
20.23 0.501933177653
20.3 0.477749104629
20.37 0.515349903942
20.44 0.238983114332
20.51 0.065163129539
20.58 0.614315162095
20.65 0.76991913235
20.72 0.635135984492
20.79 0.496288461218
20.86 0.434766445759
20.93 0.406002154104
21.0 0.385708288777
21.07 0.475590684973
21.14 0.898561822856
21.21 0.724490270221
21.28 0.531379152213
21.35 0.499433316592
21.42 0.461946314544
21.49 0.426413267588
21.56 0.321185840711
21.63 0.913408224476
21.7 0.666745162828
21.77 0.499719742162
21.84 0.393449668477
21.91 0.485516877606
21.98 0.436757039834
22.05 0.389780424824
22.12 0.742557727432
22.19 0.628498702588
22.26 0.431021237528
22.33 0.329388288082
22.4 0.487945364427
22.47 0.412671535813
22.54 0.334090165376
22.61 0.377566853669
22.68 0.859205274592
22.75 0.633671887058
22.82 0.577947453549
22.89 0.487311122758
22.96 0.624546997394
23.03 0.470914436674
23.1 0.403498121277
23.17 0.593476875953
23.24 0.854350894545
23.31 0.477650850329
23.38 0.36866246917
23.45 0.757033373669
23.52 0.759498693257
23.59 0.637975301068
23.66 0.528044459033
23.73 0.750173044164
23.8 0.41268347286
23.87 0.301448458817
23.94 0.245101314517
24.01 0.743522245491
24.08 0.500862922161
24.15 0.347728454111
24.22 0.448065889784
24.29 0.703887728357
24.36 0.531049450971
24.43 0.483497864057
24.5 0.570690220327
24.57 0.532891383852
24.64 0.387307105864
24.71 0.276904913245
24.78 0.744739286356
24.85 0.847263443339
24.92 0.718835016628
24.99 0.695240591875
25.06 0.669482969546
25.13 0.439722878257
25.2 0.192862464665
25.27 0.296977157215
25.34 0.807590724554
25.41 0.527937450382
25.48 0.430476319077
25.55 0.684466445673
25.62 0.683450878909
25.69 0.376091780353
25.76 0.297433743067
25.83 0.718460604169
25.9 0.428205050918
25.97 0.442105663241
26.04 0.518353356466
26.11 0.57926639494
26.18 0.236539123302
26.25 0.149641533033
26.32 0.284286375472
26.39 0.781822819312
26.46 0.415139187
26.53 0.397598844986
26.6 0.592419030339
26.67 0.48871153217
26.74 0.129515733578
26.81 0.142269028242
26.88 0.796110097395
26.95 0.737277864517
27.02 0.527490088612
27.09 0.476319810663
27.16 0.444639884395
27.23 0.190067612815
27.3 0.125555646096
27.37 0.459450338449
27.44 0.801211430143
27.51 0.45322820069
27.58 0.43062864355
27.65 0.758622327965
27.72 0.726162222651
27.79 0.508908826786
27.86 0.346908741735
27.93 0.774840919507
28.0 0.492742803209
28.07 0.542702535906
28.14 0.64383598039
28.21 0.431755457392
28.28 0.159795794578
28.35 0.453835056912
28.42 0.701324008745
28.49 0.547758093954
28.56 0.448363275734
28.63 0.449483531951
28.7 0.518363898274
28.77 0.144248689842
28.84 0.195328881841
28.91 0.311165150072
28.98 0.853273701613
29.05 0.719347839924
29.12 0.617207131901
29.19 0.651653768044
29.26 0.50562512495
29.33 0.174866037535
29.4 0.146043730281
29.47 0.846014065478
29.54 0.491126465017
29.61 0.312301248456
29.68 0.418177029072
29.75 0.838075377241
29.82 0.866805439025
29.89 0.615698138767
29.96 0.784032979091
30.03 0.579890121155
30.1 0.506750255204
30.17 0.462918311086
30.24 0.798979910801
30.31 0.497271585568
30.38 0.244614380661
30.45 0.373824580091
30.52 0.777593483206
30.59 0.454244731719
30.66 0.299016716438
30.73 0.573285190199
30.8 0.64878687999
30.87 0.469590965407
30.94 0.310673131344
31.01 0.778247267526
31.08 0.841280395332
31.15 0.663893481332
31.22 0.516177118054
31.29 0.688056480042
31.36 0.303404415302
31.43 0.194700132764
31.5 0.626137142294
31.57 0.645133174651
31.64 0.443779279106
31.71 0.414190351431
31.78 0.77206573433
31.85 0.810703876991
31.92 0.748255855177
31.99 0.554735676268
32.06 0.808370488129
32.13 0.514320502606
32.2 0.53011226875
32.27 0.624722344865
32.34 0.501820963209
32.41 0.200146901953
32.48 0.143461160986
32.55 0.612975419237
32.62 0.497744689503
32.69 0.481590787455
32.76 0.42158599394
32.83 0.486571687799
32.9 0.18335469964
32.97 0.14152671909
33.04 0.472661015802
33.11 0.878882585234
33.18 0.612208739906
33.25 0.488030953055
33.32 0.614326193787
33.39 0.510567592654
33.46 0.290281831807
33.53 0.176155392102
33.6 0.78318717419
33.67 0.536127129763
33.74 0.453641903087
33.81 0.392177112591
33.88 0.79887856217
33.95 0.649802807965
34.02 0.483726408901
34.09 0.593831468264
34.16 0.650483117334
34.23 0.487077120978
34.3 0.463256405467
34.37 0.704898875313
34.44 0.637026887171
34.51 0.379818968293
34.58 0.303350250563
34.65 0.767152980572
34.72 0.587429750807
34.79 0.533637512858
34.86 0.613466906224
34.93 0.717967272365
35.0 0.489597980391
35.07 0.364602882525
35.14 0.586645999948
35.21 0.779382682243
35.28 0.499851009374
35.35 0.383937079025
35.42 0.502025139424
35.49 0.478987883322
35.56 0.309474622356
35.63 0.191073719856
35.7 0.779184490054
35.77 0.445677542447
35.84 0.346241642181
35.91 0.408313225339
35.98 0.857011992558
36.05 0.644161784263
36.12 0.557821373497
36.19 0.682484759425
36.26 0.625254715463
36.33 0.477001608288
36.4 0.391821331227
36.47 0.661028081533
36.54 0.587680534215
36.61 0.41381954489
36.68 0.349992094962
36.75 0.798049600908
36.82 0.554958429319
36.89 0.489778462342
36.96 0.478889077127
37.03 0.639158203529
37.1 0.481666837297
37.17 0.368816774882
37.24 0.614032474216
37.31 0.828089790822
37.38 0.683701108872
37.45 0.554228461834
37.52 0.678635120635
37.59 0.507215046613
37.66 0.313014259133
37.73 0.28603832007
37.8 0.750206884917
37.87 0.662888882699
37.94 0.624505679708
38.01 0.580174081803
38.08 0.554051598202
38.15 0.224658260905
38.22 0.123766518371
38.29 0.589948129794
38.36 0.773164655788
38.43 0.729909193534
38.5 0.662331717149
38.57 0.691587765537
38.64 0.313417416622
38.71 0.293678307732
38.78 0.271042502276
38.85 0.872445608531
38.92 0.424055916267
38.99 0.362001544161
39.06 0.677654627087
39.13 0.776259618956
39.2 0.740443958533
39.27 0.65548058382
39.34 0.721960152621
39.41 0.564129413038
39.48 0.600964098867
39.55 0.628301077796
39.62 0.61858286108
39.69 0.545452399041
39.76 0.432393562323
39.83 0.771484361378
39.9 0.852315455929
39.97 0.671929692144
40.04 0.687154022226
40.11 0.598678865913
40.18 0.536618336152
40.25 0.549740031344
40.32 0.756026390728
40.39 0.86673531585
40.46 0.776368720466
40.53 0.71819768683
40.6 0.781962692049
40.67 0.547640141976
40.74 0.408551739943
40.81 0.375225231345
40.88 0.860191394056
40.95 0.715083948392
41.02 0.286542567295
41.09 0.143647603709
41.16 0.0963454545722
41.23 0.0704569076404
41.3 0.0554793581798
41.37 0.691116151408
41.44 0.738829359739
41.51 0.506875053156
41.58 0.408088435239
41.65 0.351703328028
41.72 0.272614608283
41.79 0.0961308590203
41.86 0.0646922331831
41.93 0.065236829178
42.0 0.0566380904455
42.07 0.321122310816
42.14 0.833539060589
42.21 0.725488615081
42.28 0.61423419481
42.35 0.492635509309
42.42 0.366668337388
42.49 0.800377528184
42.56 0.685785938958
42.63 0.388846591177
42.7 0.261894702783
42.77 0.142543540019
42.84 0.0823531982835
42.91 0.0711063357135
42.98 0.0543504669817
43.05 0.0449678967767
43.12 0.0414605737417
43.19 0.605972417214
43.26 0.839338926082
43.33 0.754602149079
43.4 0.684042846378
43.47 0.571567069302
43.54 0.579447248955
43.61 0.875393473172
43.68 0.521698720126
43.75 0.601184235069
43.82 0.665936382927
43.89 0.617722970464
43.96 0.157103912936
44.03 0.5407167213
44.1 0.672335390519
44.17 0.53617352767
44.24 0.143328892302
44.31 0.640169722548
44.38 0.67762596112
44.45 0.270176069538
44.52 0.205989686556
44.59 0.838682605527
44.66 0.582046638635
44.73 0.35765252443
44.8 0.157669769277
44.87 0.120135612793
44.94 0.0695644955471
45.01 0.0720964083551
45.08 0.813971116553
45.15 0.711230592065
45.22 0.565114721712
45.29 0.50468310745
45.36 0.426168550371
45.43 0.387286233085
45.5 0.433505544772
45.57 0.632333905302
45.64 0.857165817688
45.71 0.740499179003
45.78 0.673405585551
45.85 0.662067012353
45.92 0.364545527339
45.99 0.356366560295
46.06 0.675666682416
46.13 0.791342726019
46.2 0.725537836022
46.27 0.536835515997
46.34 0.405934187348
46.41 0.775732252616
46.48 0.770498831015
46.55 0.720083678266
46.62 0.788601547473
46.69 0.85735440908
46.76 0.509094519181
46.83 0.38982536238
46.9 0.680158763781
46.97 0.719212980747
47.04 0.594121061027
47.11 0.606094131687
47.18 0.780939891745
47.25 0.476575058837
47.32 0.61107659315
47.39 0.731202864041
47.46 0.684365799313
47.53 0.493689048284
47.6 0.388545309409
47.67 0.465107540726
47.74 0.843505657801
47.81 0.648379851487
47.88 0.643293319127
47.95 0.708465134805
48.02 0.359762878093
48.09 0.360143488515
48.16 0.60211739125
48.23 0.790814934906
48.3 0.748126642068
48.37 0.66138265369
48.44 0.594930504442
48.51 0.722531076781
48.58 0.638805747485
48.65 0.656573462342
48.72 0.81161404738
48.79 0.530822422287
48.86 0.316612584324
48.93 0.511311621051
49.0 0.744477013928
49.07 0.609593236763
49.14 0.537773614425
49.21 0.566004752597
49.28 0.761754294429
49.35 0.577172119084
49.42 0.549956668596
49.49 0.60870350973
49.56 0.278176458357
49.63 0.145989869394
49.7 0.244534118746
49.77 0.720689739202
49.84 0.658591142662
49.91 0.463663237086
49.98 0.531804193255
50.05 0.573194569408
50.12 0.242646187927
50.19 0.697800217235
50.26 0.638393338009
50.33 0.591500657493
50.4 0.466900903777
50.47 0.49101755729
50.54 0.675098351851
50.61 0.537126193946
50.68 0.450983626559
50.75 0.445551419017
50.82 0.762961415143
50.89 0.55985458438
50.96 0.521146910744
51.03 0.540389460177
51.1 0.601215834138
51.17 0.338921136408
51.24 0.461452796709
51.31 0.710288073828
51.38 0.488100077859
51.45 0.512876904337
51.52 0.557355276764
51.59 0.639429399287
51.66 0.37867319315
51.73 0.428476468365
51.8 0.563789387025
51.87 0.905578726113
51.94 0.820651632272
52.01 0.672974465917
52.08 0.746419464497
52.15 0.838480353192
52.22 0.28514930771
52.29 0.145407694955
52.36 0.748338983533
52.43 0.56428634335
52.5 0.407983801594
52.57 0.429873323017
52.64 0.869097175344
52.71 0.715861679569
52.78 0.61854542371
52.85 0.80430248199
52.92 0.715831582707
52.99 0.618317441612
53.06 0.565860137597
53.13 0.582007271184
53.2 0.424683180189
53.27 0.355634577464
53.34 0.22641012954
53.41 0.706374454016
53.48 0.406714902786
53.55 0.364521851679
53.62 0.525048643118
53.69 0.298348350317
53.76 0.460968555665
53.83 0.636292568089
53.9 0.746713644497
53.97 0.744405428852
54.04 0.64975496521
54.11 0.57859820555
54.18 0.748230537785
54.25 0.375690769982
54.32 0.260817836957
54.39 0.405598181175
54.46 0.749556103462
54.53 0.428231286068
54.6 0.420702609044
54.67 0.729275660337
54.74 0.774623034291
54.81 0.807983558823
54.88 0.849207397666
54.95 0.944554398859
55.02 0.931892830326
55.09 1.0
55.16 0.944973403166
55.23 0.810743543644
55.3 0.690038665475
55.37 0.68756123211
55.44 0.650734162737
55.51 0.829876709418
55.58 0.685243961362
55.65 0.682740695917
55.72 0.75972880852
55.79 0.559113352663
55.86 0.190803919337
55.93 0.146989927298
56.0 0.702879695886
56.07 0.743921688543
56.14 0.638682822254
56.21 0.529802240382
56.28 0.679576026595
56.35 0.454187554813
56.42 0.300779853955
56.49 0.4651079717
56.56 0.784802050482
56.63 0.392681051314
56.7 0.297476087029
56.77 0.584118085276
56.84 0.782916034242
56.91 0.734541584811
56.98 0.686869807335
57.05 0.752428360087
57.12 0.51895986853
57.19 0.53046552008
57.26 0.507236821647
57.33 0.678405349531
57.4 0.573829562956
57.47 0.31306578997
57.54 0.587204129764
57.61 0.689983190762
57.68 0.502822793067
57.75 0.573131010058
57.82 0.682826402365
57.89 0.462963020753
57.96 0.469673182206
58.03 0.379897010227
58.1 0.865035080369
58.17 0.730054583667
58.24 0.696019881068
58.31 0.541290628172
58.38 0.617602693087
58.45 0.538559081428
58.52 0.446888093899
58.59 0.781187014975
58.66 0.701457641662
58.73 0.621783105903
58.8 0.902036394975
58.87 0.542622889447
58.94 0.537532734116
59.01 0.563865326799
59.08 0.650833213874
59.15 0.760994003744
59.22 0.551446560904
59.29 0.646841815673
59.36 0.651226947297
59.43 0.563703178291
59.5 0.592143352762
59.57 0.757220366737
59.64 0.877106957224
59.71 0.784605024093
59.78 0.73238138855
59.85 0.619950338194
59.92 0.728473465965
59.99 0.626519802168
60.06 0.348467665831
60.13 0.456868976811
60.2 0.906267565045
60.27 0.798429693542
60.34 0.968931813291
60.41 0.91124613534
60.48 0.690027415196
60.55 0.474015757482
60.62 0.38547133064
60.69 0.857111831229
60.76 0.566484936596
60.83 0.226108164105
60.9 0.399058403242
60.97 0.876877483771
61.04 0.781156338314
61.11 0.664051096862
61.18 0.667037169356
61.25 0.565536669974
61.32 0.573324760735
61.39 0.584873962355
61.46 0.725167728651
61.53 0.727412333787
61.6 0.503000565154
61.67 0.291599743821
61.74 0.701216012574
61.81 0.55811942451
61.88 0.401409950368
61.95 0.461069273337
62.02 0.642156654895
62.09 0.295637282585
62.16 0.232661799864
62.23 0.714131556513
62.3 0.924247026066
62.37 0.762289452405
62.44 0.669040748458
62.51 0.612564676297
62.58 0.427200908064
62.65 0.398013643422
62.72 0.662689693689
62.79 0.827467253661
62.86 0.659120028263
62.93 0.481004137398
63.0 0.456256952003
63.07 0.765770368212
63.14 0.813411473678
63.21 0.711066423561
63.28 0.779107356576
63.35 0.761104545451
63.42 0.447533173476
63.49 0.391332532401
63.56 0.788481401869
63.63 0.705092652345
63.7 0.596469192918
63.77 0.490815796389
63.84 0.788824112942
63.91 0.475865295967
63.98 0.475202574364
64.05 0.721699608739
64.12 0.721760385362
64.19 0.548578173743
64.26 0.426061093693
64.33 0.449224355404
64.4 0.772176930249
64.47 0.709957640861
64.54 0.651539914969
64.61 0.738911274237
64.68 0.564114727369
64.75 0.163299156684
64.82 0.574402978393
64.89 0.849307876597
64.96 0.713061620375
65.03 0.642126040245
65.1 0.588056216342
65.17 0.648178730846
65.24 0.661506302895
65.31 0.667304635174
65.38 0.804798556214
65.45 0.62198752396
65.52 0.388291523136
65.59 0.331291799072
65.66 0.571448325138
65.73 0.474012081802
65.8 0.540180078169
65.87 0.527412455948
65.94 0.814517152745
66.01 0.576700435193
66.08 0.557625075733
66.15 0.629735408576
66.22 0.499598413705
66.29 0.199217884982
66.36 0.179057212297
66.43 0.628943470763
66.5 0.678637704929
66.57 0.418846409067
66.64 0.449759038999
66.71 0.626964371909
66.78 0.249502353419
66.85 0.820776507737
66.92 0.549457943418
66.99 0.817426097962
67.06 0.519722047439
67.13 0.434509321763
67.2 0.70583207025
67.27 0.664070890657
67.34 0.323484184263
67.41 0.331135321437
67.48 0.783714401007
67.55 0.586903367335
67.62 0.527005087937
67.69 0.440707159106
67.76 0.615319813437
67.83 0.352479141526
67.9 0.620468939331
67.97 0.55844986833
68.04 0.686478752772
68.11 0.499478410726
68.18 0.51287214037
68.25 0.73234185212
68.32 0.681680028819
68.39 0.427685843627
68.46 0.371172396107
68.53 0.83562595873
68.6 0.857081684759
68.67 0.669788691275
68.74 0.639918495765
68.81 0.836747670647
68.88 0.384070504206
68.95 0.300559472811
69.02 0.71267796213
69.09 0.611280057793
69.16 0.443031635489
69.23 0.408155220692
69.3 0.824909501021
69.37 0.703175376543
69.44 0.664670497836
69.51 0.738686688772
69.58 0.837381089124
69.65 0.854947843018
69.72 0.852097211052
69.79 0.93606431361
69.86 0.850700511426
69.93 0.747473049981
70.0 0.525966848535
70.07 0.792137083797
70.14 0.630169073747
70.21 0.678013347755
70.28 0.652012518167
70.35 0.439966363013
70.42 0.141200206745
70.49 0.17795293622
70.56 0.693374339974
70.63 0.794805548673
70.7 0.621956538796
70.77 0.498302695297
70.84 0.63846349374
70.91 0.400786304767
70.98 0.395643525661
71.05 0.476723033264
71.12 0.819205159811
71.19 0.459304633612
71.26 0.433533863478
71.33 0.723615509454
71.4 0.769892585598
71.47 0.554489938975
71.54 0.398106253204
71.61 0.765887603967
71.68 0.562516680764
71.75 0.48490801844
71.82 0.554506309783
71.89 0.707231631667
71.96 0.577946548194
72.03 0.506759983122
72.1 0.620696412942
72.17 0.687197349057
72.24 0.588795280787
72.31 0.535659397499
72.38 0.670334636002
72.45 0.465718672581
72.52 0.297434405031
72.59 0.315131271188
72.66 0.900657208702
72.73 0.773502050999
72.8 0.643117343798
72.87 0.618058806108
72.94 0.524709069783
73.01 0.420911141506
73.08 0.31474327995
73.15 0.758343165391
73.22 0.647375440436
73.29 0.464803156876
73.36 0.431319497828
73.43 0.779403581377
73.5 0.792119212332
73.57 0.700197407289
73.64 0.807121614104
73.71 0.663106248576
73.78 0.54643166633
73.85 0.541218547011
73.92 0.725985193141
73.99 0.600047894844
74.06 0.369955604835
74.13 0.255568742169
74.2 0.759917764225
74.27 0.540693696752
74.34 0.555457923429
74.41 0.628059991302
74.48 0.613152492154
74.55 0.308610211165
74.62 0.248848255945
74.69 0.505405765432
74.76 0.896375242621
74.83 0.72322508895
74.9 0.571038369733
74.97 0.596294183405
75.04 0.465117601951
75.11 0.218702452619
75.18 0.186132850476
75.25 0.734889624148
75.32 0.752295390683
75.39 0.685164462179
75.46 0.645102110424
75.53 0.661073518275
75.6 0.337785515506
75.67 0.56782500811
75.74 0.603814090574
75.81 0.836037996142
75.88 0.589910325011
75.95 0.552685099306
76.02 0.588457659237
76.09 0.61006734682
76.16 0.331629488834
76.23 0.270164772751
76.3 0.804744044215
76.37 0.835104906623
76.44 0.388527250362
76.51 0.392208113258
76.58 0.809026565292
76.65 0.709190205
76.72 0.689150242216
76.79 0.7011794294
76.86 0.744609184945
76.93 0.638164955943
77.0 0.578799408355
77.07 0.437131182547
77.14 0.425370954088
77.21 0.641142115958
77.28 0.389189810737
77.35 0.8693671898
77.42 0.754940855815
77.49 0.700158886283
77.56 0.6484087934
77.63 0.718344780706
77.7 0.817417190134
77.77 0.594484562715
77.84 0.710549538568
77.91 0.817654356007
77.98 0.709240762271
78.05 0.691551058342
78.12 0.681647115124
78.19 0.65032821787
78.26 0.51586384343
78.33 0.34505261307
78.4 0.955055709122
78.47 0.747249486141
78.54 0.701637525211
78.61 0.731865443019
78.68 0.66269109358
78.75 0.601810027789
78.82 0.647518683451
78.89 0.862750709363
78.96 0.692777827125
79.03 0.709408600254
79.1 0.75857278922
79.17 0.768104690334
79.24 0.568781379522
79.31 0.412273165545
79.38 0.495285622137
79.45 0.843354258837
79.52 0.633150500094
79.59 0.512594366834
79.66 0.503339321499
79.73 0.763787471207
79.8 0.629946495876
79.87 0.657463869942
79.94 0.731206100996
80.01 0.701755877157
80.08 0.38718841906
80.15 0.522927916626
80.22 0.828501246884
80.29 0.669291373738
80.36 0.681920146398
80.43 0.751317563592
80.5 0.784657923815
80.57 0.569137077172
80.64 0.60646395536
80.71 0.70473558426
80.78 0.755285893837
80.85 0.559201303896
80.92 0.228525230117
80.99 0.5559192872
81.06 0.785259879647
81.13 0.68735702334
81.2 0.689797571229
81.27 0.801241813804
81.34 0.573986463813
81.41 0.261992202104
81.48 0.181297515445
81.55 0.870613371013
81.62 0.60251326404
81.69 0.442993528404
81.76 0.611971095002
81.83 0.578985437158
81.9 0.335169023293
81.97 0.599413183444
82.04 0.780961792351
82.11 0.668520049811
82.18 0.529456318708
82.25 0.594506937702
82.32 0.725446900527
82.39 0.38867051043
82.46 0.261649315851
82.53 0.407136215438
82.6 0.86595395085
82.67 0.583731295494
82.74 0.648936212449
82.81 0.545246491179
82.88 0.413613880419
82.95 0.233891067676
83.02 0.227427590729
83.09 0.861334184938
83.16 0.730375756897
83.23 0.697293706622
83.3 0.739378924336
83.37 0.750837801265
83.44 0.320601361026
83.51 0.179950818095
83.58 0.507769665076
83.65 0.820854216364
83.72 0.521048650243
83.79 0.501578402412
83.86 0.749685820408
83.93 0.615234186052
84.0 0.526344065425
84.07 0.463420294923
84.14 0.69628316582
84.21 0.622149500388
84.28 0.590377641803
84.35 0.691635690456
84.42 0.600615564996
84.49 0.237782225687
84.56 0.190640891829
84.63 0.571508889374
84.7 0.76167796864
84.77 0.534962477032
84.84 0.549410333203
84.91 0.707415521103
84.98 0.548042772375
85.05 0.478154015469
85.12 0.39070165791
85.19 0.850988171008
85.26 0.649654011898
85.33 0.567521754404
85.4 0.632516469261
85.47 0.509763486805
85.54 0.330024021106
85.61 0.317815240273
85.68 0.718530023524
85.75 0.645990332148
85.82 0.422029886214
85.89 0.56523080407
85.96 0.795125182488
86.03 0.629239622701
86.1 0.409597812838
86.17 0.605873852861
86.24 0.816624860105
86.31 0.609090956825
86.38 0.579393777185
86.45 0.704143798172
86.52 0.780865017004
86.59 0.695316680474
86.66 0.659086920785
86.73 0.851077647703
86.8 0.653962064303
86.87 0.695342931125
86.94 0.66366623406
87.01 0.69803675215
87.08 0.518459433408
87.15 0.18233892359
87.22 0.60304955061
87.29 0.881584828853
87.36 0.667428994401
87.43 0.229205612349
87.5 0.140333217462
87.57 0.110134511313
87.64 0.0808872684353
87.71 0.0819536017551
87.78 0.0602663001119
87.85 0.0582836511494
87.92 0.164310286587
87.99 0.0420688872138
88.06 0.0346513115438
88.13 0.0362320773357
88.2 0.0275507280359
88.27 0.269336802109
88.34 0.940696059977
88.41 0.523523989199
88.48 0.154008649017
88.55 0.154009221065
88.62 0.0850947535439
88.69 0.0629855191418
88.76 0.0555395906593
88.83 0.0577548756175
88.9 0.0504026110979
88.97 0.0520780547265
89.04 0.0405464284712
89.11 0.0303405663266
89.18 0.034916202371
89.25 0.0304137791822
89.32 0.352857741253
89.39 0.820409440438
89.46 0.406154946757
89.53 0.144103653169
89.6 0.108590293039
89.67 0.0883494778098
89.74 0.0686253522396
89.81 0.0650629467082
89.88 0.0816148190559
89.95 0.108515430701
90.02 0.147075469418
90.09 0.810952942705
90.16 0.866283369944
90.23 0.821712615624
90.3 0.690165688059
90.37 0.841165866341
90.44 0.825393754468
90.51 0.710830426589
90.58 0.726099954672
90.65 0.822529904935
90.72 0.741952698973
90.79 0.708228847933
90.86 0.709221314186
90.93 0.866876458255
91.0 0.654329950143
91.07 0.654858866749
91.14 0.745026716499
91.21 0.696741390303
91.28 0.585741359358
91.35 0.358134274197
91.42 0.628520316395
91.49 0.806761819102
91.56 0.356017877598
91.63 0.14684725478
91.7 0.17801072548
91.77 0.149630626912
91.84 0.0797088741476
91.91 0.0663524020422
91.98 0.0630542470782
92.05 0.0686864342648
92.12 0.0592041711131
92.19 0.0380983230357
92.26 0.0320788484316
92.33 0.0332826732804
92.4 0.0321359090672
92.47 0.576151248861
92.54 0.875078026625
92.61 0.524955075272
92.68 0.154319427714
92.75 0.184897928845
92.82 0.0966193679467
92.89 0.0706333123928
92.96 0.078277380355
93.03 0.0590709691697
93.1 0.0504289501149
93.17 0.0399911418429
93.24 0.0299524960249
93.31 0.0310865573596
93.38 0.0324259095506
93.45 0.0371482115973
93.52 0.672968635367
93.59 0.817096288202
93.66 0.577047325783
93.73 0.380499899319
93.8 0.141109843299
93.87 0.0973531940435
93.94 0.0764603400934
94.01 0.0653773654292
94.08 0.0505688616089
94.15 0.0426851101424
94.22 0.0440362226502
94.29 0.489910211686
94.36 0.84746059685
94.43 0.888303349339
94.5 0.865674414661
94.57 0.891307299499
94.64 0.763467435873
94.71 0.665901022913
94.78 0.687261094438
94.85 0.768583817052
94.92 0.68166551368
94.99 0.624928187616
95.06 0.66083604545
95.13 0.856612957225
95.2 0.655610235655
95.27 0.684571068465
95.34 0.756338125938
95.41 0.442790897804
95.48 0.323044310277
95.55 0.439659308055
95.62 0.878844930827
95.69 0.591503665009
95.76 0.394166709845
95.83 0.514947081311
95.9 0.68136252972
95.97 0.334706729363
96.04 0.253954332507
96.11 0.659606272251
96.18 0.723456283198
96.25 0.489225880928
96.32 0.40434807934
96.39 0.75381758278
96.46 0.664788598639
96.53 0.405397445
96.6 0.384538276776
96.67 0.666667773556
96.74 0.446251723715
96.81 0.425139888511
96.88 0.471659347172
96.95 0.676733269979
97.02 0.389476521556
97.09 0.35250226064
97.16 0.501347893381
97.23 0.726573674062
97.3 0.610115577141
97.37 0.549503767727
97.44 0.647447502994
97.51 0.596159150597
97.58 0.618476181085
97.65 0.372334540508
97.72 0.747318770623
97.79 0.506722674424
97.86 0.473888063633
97.93 0.525706081415
98.0 0.653338927189
98.07 0.30640444794
98.14 0.175591334069
98.21 0.429350078834
98.28 0.61725184932
98.35 0.382217045099
98.42 0.357673369305
98.49 0.664425788369
98.56 0.579240206299
98.63 0.404553675598
98.7 0.298582876087
98.77 0.723587956579
98.84 0.462933723829
98.91 0.460953313451
98.98 0.585498341232
99.05 0.672677867502
99.12 0.399447288983
99.19 0.492241338711
99.26 0.754046671768
99.33 0.665272633498
99.4 0.632104811664
99.47 0.563451281792
99.54 0.704614634067
99.61 0.360792208117
99.68 0.218575234702
99.75 0.365739036719
99.82 0.821852407748
99.89 0.599668380459
99.96 0.526261867229
100.03 0.62083798322
100.1 0.410294632538
100.17 0.282079672786
100.24 0.202334829369
100.31 0.722617299467
100.38 0.504044562243
100.45 0.452981325502
100.52 0.558604617418
100.59 0.827419192318
100.66 0.609621163252
100.73 0.405902681295
100.8 0.481576769951
100.87 0.683342688955
100.94 0.583420507496
101.01 0.518380270632
101.08 0.819562872806
101.15 0.774950145039
101.22 0.661437131583
101.29 0.550745143115
101.36 0.783902243621
101.43 0.511710647081
101.5 0.63298825547
101.57 0.609248745985
101.64 0.706906114593
101.71 0.446763641656
101.78 0.440525261761
101.85 0.714949903104
101.92 0.751105991058
101.99 0.611882557768
102.06 0.502825161873
102.13 0.64198792861
102.2 0.414695040482
102.27 0.254718019825
102.34 0.350773715755
102.41 0.749686037445
102.48 0.457215154279
102.55 0.559947894882
102.62 0.680295580944
102.69 0.69881643356
102.76 0.468176172628
102.83 0.262092513607
102.9 0.660722530333
102.97 0.523952474932
103.04 0.430782980268
103.11 0.433004171739
103.18 0.724526084463
103.25 0.566422865501
103.32 0.530109084504
103.39 0.453626963175
103.46 0.785183236053
103.53 0.612543952343
103.6 0.597125290234
103.67 0.562944245639
103.74 0.4868218449
103.81 0.682779937797
103.88 0.831654191546
103.95 0.818387303103
104.02 0.718411586313
104.09 0.631216098505
104.16 0.671014545402
104.23 0.78705115139
104.3 0.805347283667
104.37 0.790587676783
104.44 0.86163053221
104.51 0.737610576375
104.58 0.651614769556
104.65 0.621796413385
104.72 0.751621776913
104.79 0.667541328216
104.86 0.417628679884
104.93 0.331946488748
105.0 0.747713764412
105.07 0.46844004338
105.14 0.410680099944
105.21 0.582500533226
105.28 0.761757315897
105.35 0.669197743881
105.42 0.559680398058
105.49 0.716357925872
105.56 0.643251525509
105.63 0.578988610552
105.7 0.636158364674
105.77 0.825391694164
105.84 0.492894606792
105.91 0.160925705851
105.98 0.272324238837
106.05 0.898968894767
106.12 0.763163670579
106.19 0.612166693596
106.26 0.67767750281
106.33 0.699344457213
106.4 0.580324283962
106.47 0.696590426964
106.54 0.884883304722
106.61 0.655647784644
106.68 0.593571741372
106.75 0.677322344652
106.82 0.877648623217
106.89 0.781586110768
106.96 0.706938022165
107.03 0.710771710269
107.1 0.603210244968
107.17 0.4468953879
107.24 0.484048524692
107.31 0.687123466486
107.38 0.677641738176
107.45 0.62275466682
107.52 0.588301976889
107.59 0.736214828613
107.66 0.61428481254
107.73 0.634593377488
107.8 0.697831310918
107.87 0.66695894139
107.94 0.51619009533
108.01 0.282290682572
108.08 0.602755452774
108.15 0.857163709326
108.22 0.794297098676
108.29 0.735045306497
108.36 0.70732681644
108.43 0.42691749621
108.5 0.286407360858
108.57 0.273761398851
108.64 0.734275545237
108.71 0.732341782358
108.78 0.630425613292
108.85 0.587890796774
108.92 0.66144784392
108.99 0.471101866917
109.06 0.288410927558
109.13 0.422686271881
109.2 0.886774008966
109.27 0.745888673619
109.34 0.647889496194
109.41 0.644747589425
109.48 0.51528866379
109.55 0.291306769928
109.62 0.198957024846
109.69 0.780315847725
109.76 0.579540024616
109.83 0.470560924899
109.9 0.469939589193
109.97 0.831621353814
110.04 0.705739227928
110.11 0.505810178636
110.18 0.480798866695
110.25 0.755065072417
110.32 0.509571749923
110.39 0.393322329639
110.46 0.607173383373
110.53 0.564783132247
110.6 0.471086328602
110.67 0.274815970304
110.74 0.717646047977
110.81 0.382430629878
110.88 0.28709456581
110.95 0.245560954393
111.02 0.719150404265
111.09 0.481393178166
111.16 0.348743163578
111.23 0.708696766229
111.3 0.311552420436
111.37 0.513736523657
111.44 0.376427467171
111.51 0.749552550253
111.58 0.550965156846
111.65 0.395131869715
111.72 0.39019936712
111.79 0.772818732564
111.86 0.328956458425
111.93 0.394417635878
112.0 0.422850376824
112.07 0.403236892178
112.14 0.253856281292
112.21 0.113727199738
112.28 0.823940511995
112.35 0.764981518529
112.42 0.648060991254
112.49 0.613949713273
112.56 0.659606171484
112.63 0.387233893009
112.7 0.319482917069
112.77 0.447482309254
112.84 0.878788403482
112.91 0.738003595125
112.98 0.580877223488
113.05 0.621166892276
113.12 0.471524325216
113.19 0.309369638352
113.26 0.138226266632
113.33 0.822379456284
113.4 0.804167881707
113.47 0.728147981446
113.54 0.63128948034
113.61 0.729814712581
113.68 0.36370999605
113.75 0.167482767698
113.82 0.388992494448
113.89 0.922943649344
113.96 0.739787515507
114.03 0.735769100823
114.1 0.703615683053
114.17 0.717101810094
114.24 0.331320922367
114.31 0.150362713611
114.38 0.712383872045
114.45 0.814681085609
114.52 0.717734822402
114.59 0.76322922202
114.66 0.527283937358
114.73 0.316212307229
114.8 0.828814313773
114.87 0.748129226361
114.94 0.368974195079
115.01 0.388162199958
115.08 0.754637302907
115.15 0.768760327222
115.22 0.741374894733
115.29 0.362017124333
115.36 0.193498420928
115.43 0.730932944151
115.5 0.789469406456
115.57 0.682216698305
115.64 0.750804569766
115.71 0.423657332062
115.78 0.220142454271
115.85 0.803757675159
115.92 0.733046475859
115.99 0.440276898318
116.06 0.327602166322
116.13 0.741810837245
116.2 0.788626100584
116.27 0.65551854363
116.34 0.412434551322
116.41 0.177222275766
116.48 0.746462585142
116.55 0.781058014252
116.62 0.617780798481
116.69 0.755483658152
116.76 0.413226259695
116.83 0.272603967258
116.9 0.856551611655
116.97 0.723062436606
117.04 0.392312398092
117.11 0.511288255444
117.18 0.744320123923
117.25 0.806577498692
117.32 0.72233579134
117.39 0.445461483444
117.46 0.275925669211
117.53 0.861464156127
117.6 0.798264036783
117.67 0.430685606519
117.74 0.212620094581
117.81 0.145423941741
117.88 0.115641557939
117.95 0.0869320991878
118.02 0.95133032104
118.09 0.898673924131
118.16 0.557868199277
118.23 0.382647380299
118.3 0.157595041812
118.37 0.130692239641
118.44 0.115093625772
118.51 0.10274478772
118.58 0.0688314182287
118.65 0.0493769459024
118.72 0.0514897288321
118.79 0.0488332196066
118.86 0.0436800211637
118.93 0.0275952485709
119.0 0.0302638684734
119.07 0.0346160817521
119.14 0.0443899514626
119.21 0.0528572803591
119.28 0.0341160543503
119.35 0.0262482721725
119.42 0.0206602365576
119.49 0.0189379811011
119.56 0.0168214573799
119.63 0.0159489367478
119.7 0.0295464751947
119.77 0.0244895234576
119.84 0.0389925055327
119.91 0.0
119.98 0.0
120.05 0.0
120.12 0.0
120.19 0.0
120.26 0.0
120.33 0.0
120.4 0.0
120.47 0.0
120.54 0.0
120.61 0.0
120.68 0.0
120.75 0.0
120.82 0.0
120.89 0.0
120.96 0.0
121.03 0.0
121.1 0.0
121.17 0.0
121.24 0.0
121.31 0.0
121.38 0.0
121.45 0.0
121.52 0.0
121.59 0.0
121.66 0.0
121.73 0.0
121.8 0.0
121.87 0.0
121.94 0.0
122.01 0.0
122.08 0.0
122.15 0.0
122.22 0.0
122.29 0.0
122.36 0.0
122.43 0.0
122.5 0.0
122.57 0.0
122.64 0.0
122.71 0.0
122.78 0.0
122.85 0.0
122.92 0.0
122.99 0.0
123.06 0.0
123.13 0.0
123.2 0.0
123.27 0.0
123.34 0.0
123.41 0.0
123.48 0.0
123.55 0.0
123.62 0.0
123.69 0.0
123.76 0.0
123.83 0.0
123.9 0.0
123.97 0.0
124.04 0.0
124.11 0.0
124.18 0.0
124.25 0.0
124.32 0.0
124.39 0.0
124.46 0.0
124.53 0.0
124.6 0.0
124.67 0.0
124.74 0.0
124.81 0.0
124.88 0.0
124.95 0.0
125.02 0.0
125.09 0.0
125.16 0.0
125.23 0.0
125.3 0.0
125.37 0.0
125.44 0.0
125.51 0.0
125.58 0.0
125.65 0.0
125.72 0.0
125.79 0.0
125.86 0.0
125.93 0.0
126.0 0.0
126.07 0.0
126.14 0.0
126.21 0.0
126.28 0.0
126.35 0.0
126.42 0.0
126.49 0.0
126.56 0.0
126.63 0.0
126.7 0.0
126.77 0.0
126.84 0.0
126.91 0.0
126.98 0.0
127.05 0.0
127.12 0.0
127.19 0.0
127.26 0.0
127.33 0.0
127.4 0.0
127.47 0.0
127.54 0.0
127.61 0.0
127.68 0.0
127.75 0.0
127.82 0.0
127.89 0.0
127.96 0.0
128.03 0.0
128.1 0.0
128.17 0.0
128.24 0.0
128.31 0.0
128.38 0.0
128.45 0.0
128.52 0.0
128.59 0.0
128.66 0.0
128.73 0.0
128.8 0.0
128.87 0.0
