0.0 0.0
0.07 0.0
0.14 0.0
0.21 0.0
0.28 0.0
0.35 0.0
0.42 0.0
0.49 0.0
0.56 0.0
0.63 0.0
0.7 0.0
0.77 0.0
0.84 0.0
0.91 0.0
0.98 0.0
1.05 0.0
1.12 0.0
1.19 0.0
1.26 0.0
1.33 0.0
1.4 0.0
1.47 0.0
1.54 0.0
1.61 0.0
1.68 0.0
1.75 0.0
1.82 0.0
1.89 0.0
1.96 0.0
2.03 0.0
2.1 0.0
2.17 0.0
2.24 0.0
2.31 0.0
2.38 0.0
2.45 0.0
2.52 0.0
2.59 0.0
2.66 0.0
2.73 0.0
2.8 0.0
2.87 0.0
2.94 0.0
3.01 0.0
3.08 0.0
3.15 0.0
3.22 0.0
3.29 0.0
3.36 0.0
3.43 0.0
3.5 0.0
3.57 0.0
3.64 0.0
3.71 0.0
3.78 0.0
3.85 0.0
3.92 0.0
3.99 0.000132587136742
4.06 0.000141413020988
4.13 0.00026939344186
4.2 0.035124885747
4.27 0.0508570927458
4.34 0.0836105386618
4.41 0.0736543741895
4.48 0.082060981
4.55 0.137550803231
4.62 0.121928763747
4.69 0.114770008874
4.76 0.0884142836777
4.83 0.0721429644593
4.9 0.0625459708455
4.97 0.0524028524422
5.04 0.0438965408799
5.11 0.035234494377
5.18 0.0275080803321
5.25 0.0216797739666
5.32 0.0185865962785
5.39 0.0182221190788
5.46 0.0187343273435
5.53 0.0177860791947
5.6 0.0158503171969
5.67 0.0142147841632
5.74 0.0131629914829
5.81 0.0135627038888
5.88 0.0138611419756
5.95 0.171772206645
6.02 0.248315487337
6.09 0.290078181516
6.16 0.379603301755
6.23 0.247409457389
6.3 0.101428828153
6.37 0.0716404285642
6.44 0.22471724619
6.51 0.179440181587
6.58 0.104455585299
6.65 0.0263020733251
6.72 0.0637697244681
6.79 0.355186520525
6.86 0.648620540044
6.93 0.381295504431
7.0 0.180579035792
7.07 0.0819105982943
7.14 0.13582845548
7.21 0.151899783873
7.28 0.200883512827
7.35 0.358185635337
7.42 0.263916881759
7.49 0.31471385365
7.56 0.114453435604
7.63 0.466940340061
7.7 0.488463433675
7.77 0.304067601713
7.84 0.0820501521071
7.91 0.117980458434
7.98 0.0945535948675
8.05 0.0699805167534
8.12 0.0686575509724
8.19 0.0703477210636
8.26 0.064135838546
8.33 0.0501235703854
8.4 0.0449675079824
8.47 0.0457101244508
8.54 0.0457969361093
8.61 0.0770270847857
8.68 0.112914251977
8.75 0.208243609842
8.82 0.285380713242
8.89 0.197079627088
8.96 0.135900263951
9.03 0.145405406769
9.1 0.151290079878
9.17 0.108939420058
9.24 0.114990242936
9.31 0.104195894823
9.38 0.0504102831208
9.45 0.0487869496743
9.52 0.0784039135492
9.59 0.0826164140685
9.66 0.0627610219698
9.73 0.0810926721691
9.8 0.0667722558172
9.87 0.071132800499
9.94 0.0630362531008
10.01 0.0667940584233
10.08 0.0607222508679
10.15 0.0990661652524
10.22 0.109140362413
10.29 0.10801123667
10.36 0.125112777468
10.43 0.112390188838
10.5 0.0977544638452
10.57 0.0960009674736
10.64 0.105524537155
10.71 0.0910953739564
10.78 0.081303312391
10.85 0.0796158224966
10.92 0.0867984798711
10.99 0.176434888452
11.06 0.336576482723
11.13 0.283943143548
11.2 0.254004029798
11.27 0.140051047532
11.34 0.102025938894
11.41 0.174452936912
11.48 0.129361973636
11.55 0.0762778514538
11.62 0.0607459239006
11.69 0.242033655557
11.76 0.158012004473
11.83 0.112121543975
11.9 0.190895172734
11.97 0.173223777002
12.04 0.123605914282
12.11 0.123356885441
12.18 0.106519907
12.25 0.130526216281
12.32 0.0935982647981
12.39 0.0402334011718
12.46 0.121645481827
12.53 0.0664973938762
12.6 0.172647180781
12.67 0.163847882293
12.74 0.188743479471
12.81 0.18710187418
12.88 0.128291947866
12.95 0.131690645561
13.02 0.128078067543
13.09 0.107215090714
13.16 0.0959898693372
13.23 0.115887335835
13.3 0.100656768273
13.37 0.0878807174666
13.44 0.0878717640997
13.51 0.0847249630966
13.58 0.0774409294169
13.65 0.101461200607
13.72 0.130731520586
13.79 0.107561273633
13.86 0.119913311786
13.93 0.0994886878879
14.0 0.0769014347491
14.07 0.0884001534921
14.14 0.071896780013
14.21 0.0808907374877
14.28 0.07436700774
14.35 0.0849935681853
14.42 0.0840401238405
14.49 0.084285922779
14.56 0.0787746139458
14.63 0.0792053403498
14.7 0.084387050238
14.77 0.0714324185659
14.84 0.0736088281802
14.91 0.119790442912
14.98 0.112868781437
15.05 0.124918980264
15.12 0.122507079455
15.19 0.101034558749
15.26 0.124590989641
15.33 0.1114681389
15.4 0.175713804326
15.47 0.387081239724
15.54 0.315614421219
15.61 0.317264015087
15.68 0.292547833021
15.75 0.215246684847
15.82 0.163815473124
15.89 0.131405145441
15.96 0.123942614525
16.03 0.171673458523
16.1 0.158490338027
16.17 0.135241431171
16.24 0.109039628621
16.31 0.204557719056
16.38 0.313406326537
16.45 0.168599985585
16.52 0.124744797043
16.59 0.107739783108
16.66 0.331915769249
16.73 0.294817773144
16.8 0.219859069108
16.87 0.145628432193
16.94 0.101368269777
17.01 0.11011505048
17.08 0.119630797821
17.15 0.126228987681
17.22 0.116661332432
17.29 0.159904561045
17.36 0.135178272148
17.43 0.131474873394
17.5 0.123343182578
17.57 0.137368824186
17.64 0.147066944239
17.71 0.119153747253
17.78 0.158552859637
17.85 0.239276942523
17.92 0.297402913802
17.99 0.381888292998
18.06 0.39735128911
18.13 0.378618215177
18.2 0.221311441077
18.27 0.231953717593
18.34 0.237515738036
18.41 0.20138555103
18.48 0.209742812846
18.55 0.215813209932
18.62 0.144992395365
18.69 0.168421061027
18.76 0.120882358996
18.83 0.108675279924
18.9 0.154623749143
18.97 0.175048555596
19.04 0.111020697981
19.11 0.109707579985
19.18 0.162652765371
19.25 0.103615672993
19.32 0.0839054643445
19.39 0.0820201885667
19.46 0.0795844913214
19.53 0.0828140316747
19.6 0.0778670552242
19.67 0.0624797043035
19.74 0.0575163753885
19.81 0.071547096929
19.88 0.0641756763887
19.95 0.0546027198983
20.02 0.0592713842152
20.09 0.0585910925229
20.16 0.197897875489
20.23 0.232710094037
20.3 0.175441869389
20.37 0.113267347518
20.44 0.136288206131
20.51 0.113537887285
20.58 0.09305781248
20.65 0.050936119799
20.72 0.0478951733145
20.79 0.233014559508
20.86 0.243849837735
20.93 0.136722321536
21.0 0.101390274316
21.07 0.0645676592618
21.14 0.0927222891576
21.21 0.0880169822251
21.28 0.0960346841055
21.35 0.130864747176
21.42 0.122902584931
21.49 0.0706444049881
21.56 0.0593939359116
21.63 0.0406020281892
21.7 0.00599499768177
21.77 0.0930506622288
21.84 0.089796561563
21.91 0.0282749083202
21.98 0.0105635156468
22.05 0.016720929384
22.12 0.0128151247728
22.19 0.0371709315233
22.26 0.165873906142
22.33 0.103611643519
22.4 0.112787606555
22.47 0.0572372881599
22.54 0.0693488775696
22.61 0.0411815595728
22.68 0.101490252391
22.75 0.144695908273
22.82 0.106232430388
22.89 0.0965382490412
22.96 0.0745484962314
23.03 0.0557234654367
23.1 0.0319440295179
23.17 0.2008667412
23.24 0.159815577081
23.31 0.147653965488
23.38 0.0953313680127
23.45 0.0922916280247
23.52 0.0582299257948
23.59 0.136357287492
23.66 0.39447070468
23.73 0.323047651505
23.8 0.11579592256
23.87 0.0521601008508
23.94 0.032107488892
24.01 0.0221889348841
24.08 0.0268085652643
24.15 0.522326112929
24.22 0.354853205204
24.29 0.553401893279
24.36 0.3699704447
24.43 0.198405841129
24.5 0.242152792756
24.57 0.14632869074
24.64 0.467287453093
24.71 0.705793902245
24.78 0.582645589766
24.85 0.280351182036
24.92 0.306637995169
24.99 0.098532889702
25.06 0.342084151669
25.13 0.313101724406
25.2 0.285744881423
25.27 0.292667879937
25.34 0.321805996248
25.41 0.17014966767
25.48 0.166507409633
25.55 0.485871423227
25.62 0.406290817579
25.69 0.263020250857
25.76 0.163638100795
25.83 0.14113547681
25.9 0.049976417582
25.97 0.329005577209
26.04 0.608816300808
26.11 0.421756675424
26.18 0.246621773226
26.25 0.328837177624
26.32 0.345166569815
26.39 0.28596220582
26.46 0.283795322735
26.53 0.213067281938
26.6 0.193834164652
26.67 0.152087267112
26.74 0.147641531333
26.81 0.15952233621
26.88 0.178350122671
26.95 0.229813535511
27.02 0.120187453704
27.09 0.104571164201
27.16 0.0988488061808
27.23 0.0935224146145
27.3 0.282838805546
27.37 0.30938475741
27.44 0.262851602426
27.51 0.168155261578
27.58 0.177465126353
27.65 0.148844990725
27.72 0.207596466718
27.79 0.400498218616
27.86 0.289638456871
27.93 0.209172343954
28.0 0.171817418139
28.07 0.157920200591
28.14 0.154564476814
28.21 0.423951488445
28.28 0.496335263698
28.35 0.291639957123
28.42 0.304283115854
28.49 0.260670809445
28.56 0.247693285955
28.63 0.351611673315
28.7 0.27124592602
28.77 0.321929495396
28.84 0.495339334969
28.91 0.184085412539
28.98 0.216813362929
29.05 0.270901364683
29.12 0.544722117499
29.19 0.264896537572
29.26 0.151552616788
29.33 0.107678012116
29.4 0.0883436776236
29.47 0.159549604255
29.54 0.202277283536
29.61 0.180579007236
29.68 0.107002096651
29.75 0.181380841981
29.82 0.138186633027
29.89 0.165812610406
29.96 0.311965502464
30.03 0.21249486817
30.1 0.191811322772
30.17 0.131055466437
30.24 0.116690363819
30.31 0.186974965634
30.38 0.22326650804
30.45 0.225253072415
30.52 0.109584386796
30.59 0.0560136038879
30.66 0.0437503426672
30.73 0.115410355638
30.8 0.325839624221
30.87 0.18014467358
30.94 0.146020223332
31.01 0.0966400332912
31.08 0.102353575625
31.15 0.270348533282
31.22 0.241123958185
31.29 0.396133805598
31.36 0.350609053273
31.43 0.194388284138
31.5 0.23303698219
31.57 0.196409658437
31.64 0.230952194922
31.71 0.280137975842
31.78 0.216745701216
31.85 0.135974470117
31.92 0.193029069408
31.99 0.220764903244
32.06 0.246375492913
32.13 0.384267881525
32.2 0.355900649193
32.27 0.282609330516
32.34 0.205269834517
32.41 0.130770076462
32.48 0.101267440118
32.55 0.329514594326
32.62 0.266792877831
32.69 0.08201145447
32.76 0.0357611163488
32.83 0.0229313596184
32.9 0.0132884885402
32.97 0.130706734884
33.04 0.32348663573
33.11 0.351342733712
33.18 0.255024942082
33.25 0.17022288967
33.32 0.103733612874
33.39 0.143230085347
33.46 0.191725151586
33.53 0.188429559882
33.6 0.145116455437
33.67 0.164444210801
33.74 0.0922347452314
33.81 0.0826220008715
33.88 0.0650014748273
33.95 0.0820935910819
34.02 0.101303980747
34.09 0.0902444206258
34.16 0.0897621728421
34.23 0.121977268375
34.3 0.185364277455
34.37 0.399273097359
34.44 0.227611327472
34.51 0.0761874060276
34.58 0.0458994026468
34.65 0.0268214379602
34.72 0.0351450331174
34.79 0.704300805153
34.86 0.303382188274
34.93 0.549401430193
35.0 0.2640495872
35.07 0.186005698133
35.14 0.13271521609
35.21 0.267908367002
35.28 0.593499769093
35.35 0.550836599132
35.42 0.326925146791
35.49 0.129453145204
35.56 0.0978239072568
35.63 0.1640612894
35.7 0.221260305205
35.77 0.346445030866
35.84 0.22723778982
35.91 0.172072115372
35.98 0.0687828919908
36.05 0.00537013344004
36.12 0.112031424905
36.19 0.119054613624
36.26 0.0594829392532
36.33 0.0130983587595
36.4 0.013054224239
36.47 0.0188374312947
36.54 0.115556581387
36.61 0.366424403487
36.68 0.384641164212
36.75 0.37012706692
36.82 0.337815371095
36.89 0.236121300338
36.96 0.229812011837
37.03 0.327054501986
37.1 0.37850039564
37.17 0.32379552944
37.24 0.322246755032
37.31 0.288775686402
37.38 0.326751273608
37.45 0.21983987021
37.52 0.108285041015
37.59 0.127593364952
37.66 0.106343003807
37.73 0.157371270162
37.8 0.268078175016
37.87 0.288004991098
37.94 0.519772073977
38.01 0.259404656087
38.08 0.0588742653179
38.15 0.0392200583022
38.22 0.0220676814718
38.29 0.0374678398174
38.36 0.167939757635
38.43 0.310448484514
38.5 0.161266223443
38.57 0.114871120015
38.64 0.0515169270297
38.71 0.096418006312
38.78 0.274821521809
38.85 0.338809744535
38.92 0.298995675871
38.99 0.223635856099
39.06 0.205579042345
39.13 0.191426365727
39.2 0.201819544051
39.27 0.197717711798
39.34 0.213700272439
39.41 0.261785655083
39.48 0.279045419284
39.55 0.240385861744
39.62 0.249044615113
39.69 0.359095722296
39.76 0.461250498296
39.83 0.534688078417
39.9 0.393683648752
39.97 0.302331394039
40.04 0.248601383163
40.11 0.261124073776
40.18 0.24940874556
40.25 0.197741238991
40.32 0.210575465776
40.39 0.204835965918
40.46 0.200412092917
40.53 0.260386208844
40.6 0.289726188445
40.67 0.2353313735
40.74 0.229292800182
40.81 0.23376164807
40.88 0.208191837576
40.95 0.24811721294
41.02 0.28088414041
41.09 0.215156826861
41.16 0.209053711587
41.23 0.177432658032
41.3 0.212269994756
41.37 0.248381375511
41.44 0.227527531545
41.51 0.21406134228
41.58 0.182451108439
41.65 0.186411891761
41.72 0.161725810917
41.79 0.248838847791
41.86 0.408992545782
41.93 0.300446608814
42.0 0.233223142668
42.07 0.148658647691
42.14 0.195821542876
42.21 0.361040852745
42.28 0.392646570638
42.35 0.376888655982
42.42 0.388236444354
42.49 0.426193486393
42.56 0.43409695253
42.63 0.350096959233
42.7 0.330603922001
42.77 0.326812719263
42.84 0.32851112066
42.91 0.234325607183
42.98 0.234238897511
43.05 0.317816874025
43.12 0.278474139603
43.19 0.276771483343
43.26 0.230804649472
43.33 0.241666808198
43.4 0.239288381294
43.47 0.270026920874
43.54 0.331983825648
43.61 0.309955171229
43.68 0.327761253993
43.75 0.368996937633
43.82 0.39773016268
43.89 0.467192945557
43.96 0.469731289855
44.03 0.514015570983
44.1 0.64440128294
44.17 0.473638310142
44.24 0.520693024504
44.31 0.680899983759
44.38 0.505932838633
44.45 0.657618109869
44.52 0.638199258407
44.59 0.401228115368
44.66 0.652448788243
44.73 0.535352536754
44.8 0.444529388396
44.87 0.634370736885
44.94 0.423876087
45.01 0.401391622675
45.08 0.485498983966
45.15 0.299833164985
45.22 0.363769332943
45.29 0.284518378253
45.36 0.180263569072
45.43 0.155623731823
45.5 0.195025940507
45.57 0.334663835893
45.64 0.346396001008
45.71 0.322792988947
45.78 0.30868518727
45.85 0.329887218182
45.92 0.290577383483
45.99 0.375730599819
46.06 0.341312514013
46.13 0.193118905977
46.2 0.168190277514
46.27 0.127988716428
46.34 0.0851430411743
46.41 0.235510131821
46.48 0.360609055486
46.55 0.186357008917
46.62 0.100544929206
46.69 0.114936881726
46.76 0.0317999801541
46.83 0.0399409751704
46.9 0.294774609532
46.97 0.321648775368
47.04 0.344693732296
47.11 0.347456781731
47.18 0.312174759753
47.25 0.316624890118
47.32 0.304618177179
47.39 0.231827148661
47.46 0.0996280285497
47.53 0.0490406148071
47.6 0.0244692021274
47.67 0.191142422936
47.74 0.12424977549
47.81 0.0471870353149
47.88 0.0102700249097
47.95 0.0380233279584
48.02 0.105408606402
48.09 0.17527992451
48.16 0.158121653898
48.23 0.137961670886
48.3 0.0403844682048
48.37 0.0802866672088
48.44 0.0353892216941
48.51 0.207062893368
48.58 0.448714833001
48.65 0.488608086797
48.72 0.329290743834
48.79 0.219933773987
48.86 0.341932362574
48.93 0.30627941685
49.0 0.521714817949
49.07 0.363915200721
49.14 0.100019832947
49.21 0.066919921611
49.28 0.0678431607081
49.35 0.0426889357494
49.42 0.170539851507
49.49 0.671289623836
49.56 0.477564808769
49.63 0.154371129369
49.7 0.103417911586
49.77 0.117575106192
49.84 0.200953519203
49.91 0.348304448047
49.98 0.358046351788
50.05 0.528566964622
50.12 0.39470859561
50.19 0.308669330458
50.26 0.395838666764
50.33 0.453463476922
50.4 0.460866010387
50.47 0.409073169939
50.54 0.412709953358
50.61 0.374838586851
50.68 0.488647356576
50.75 0.689555655106
50.82 0.776522496827
50.89 0.775208483393
50.96 0.50409557693
51.03 0.204038392156
51.1 0.107057135535
51.17 0.0793644551125
51.24 0.116724549588
51.31 0.101317756021
51.38 0.0552850115396
51.45 0.203819874521
51.52 0.31187186385
51.59 0.290185085473
51.66 0.221227394264
51.73 0.117610449503
51.8 0.114834765001
51.87 0.090698721136
51.94 0.202325432232
52.01 0.285598279345
52.08 0.165086265834
52.15 0.104659838127
52.22 0.110184352131
52.29 0.0848155023501
52.36 0.236711779938
52.43 0.246377979336
52.5 0.163467312694
52.57 0.101379251649
52.64 0.0684603066356
52.71 0.0948115811548
52.78 0.223701698379
52.85 0.27279491052
52.92 0.168545525984
52.99 0.109203664217
53.06 0.12107151073
53.13 0.0617547773385
53.2 0.198836228939
53.27 0.343978274748
53.34 0.202418001011
53.41 0.143544729038
53.48 0.143282136035
53.55 0.129522827263
53.62 0.263977884794
53.69 0.401154149889
53.76 0.242618936921
53.83 0.134635245699
53.9 0.14366686973
53.97 0.1444155299
54.04 0.353751551479
54.11 0.432534518093
54.18 0.314003909475
54.25 0.179686448642
54.32 0.143389387764
54.39 0.122842941372
54.46 0.320726463326
54.53 0.427976303792
54.6 0.21988946813
54.67 0.16483850876
54.74 0.12688487102
54.81 0.157773878975
54.88 0.300009102369
54.95 0.588077750182
55.02 0.464727322506
55.09 0.2256042241
55.16 0.0980203418234
55.23 0.0631212483854
55.3 0.0559087386354
55.37 0.432555049951
55.44 0.615392933848
55.51 0.354574494304
55.58 0.42682716428
55.65 0.184612911592
55.72 0.182573826372
55.79 0.105495597556
55.86 0.409341888232
55.93 0.409930721775
56.0 0.312405224049
56.07 0.19333285565
56.14 0.22078124041
56.21 0.111830639607
56.28 0.375764005393
56.35 0.192153082549
56.42 0.0297621942388
56.49 0.0205035459051
56.56 0.0576617220165
56.63 0.113097919913
56.7 0.347943032472
56.77 0.401494339079
56.84 0.253568971021
56.91 0.18527662339
56.98 0.189488902599
57.05 0.180034815084
57.12 0.425941543807
57.19 0.482129324797
57.26 0.383240716468
57.33 0.215081355046
57.4 0.139524523466
57.47 0.325252867116
57.54 0.397270970912
57.61 0.529794761996
57.68 0.428624550406
57.75 0.553568382663
57.82 0.398423524921
57.89 0.332981350461
57.96 0.44218035289
58.03 0.368885699264
58.1 0.393444912357
58.17 0.294827442454
58.24 0.278484307625
58.31 0.215239774263
58.38 0.247669932139
58.45 0.349213582455
58.52 0.257672908269
58.59 0.220150735313
58.66 0.190472065718
58.73 0.214128188103
58.8 0.255308732914
58.87 0.376130365258
58.94 0.260851932826
59.01 0.156831336953
59.08 0.169862189019
59.15 0.21654778479
59.22 0.178826032014
59.29 0.3573841861
59.36 0.286475943877
59.43 0.231834080662
59.5 0.208270214977
59.57 0.272282790983
59.64 0.224170427894
59.71 0.3560127881
59.78 0.26327907649
59.85 0.190714657191
59.92 0.0881507707591
59.99 0.0669068959358
60.06 0.0580204573941
60.13 0.371674852062
60.2 0.338615152858
60.27 0.130617988547
60.34 0.0990831051574
60.41 0.13086294712
60.48 0.102317639774
60.55 0.218018273584
60.62 0.252480976306
60.69 0.123427793374
60.76 0.113832150058
60.83 0.291477219811
60.9 0.264072581004
60.97 0.323783554223
61.04 0.342938950899
61.11 0.293095841496
61.18 0.360759884891
61.25 0.301670571509
61.32 0.293788202233
61.39 0.411062879568
61.46 0.33326907184
61.53 0.319921153911
61.6 0.227114446711
61.67 0.157819591222
61.74 0.379175693068
61.81 0.352155518714
61.88 0.324139957176
61.95 0.281076148776
62.02 0.21907312993
62.09 0.179287481755
62.16 0.602862842099
62.23 0.634654670497
62.3 0.679195886435
62.37 0.476465088702
62.44 0.260668891085
62.51 0.253973339096
62.58 0.211323689444
62.65 0.314616179443
62.72 0.518215341587
62.79 0.446263870464
62.86 0.354206608726
62.93 0.24403750455
63.0 0.207819175985
63.07 0.302276868146
63.14 0.402058570495
63.21 0.335952640383
63.28 0.110075289127
63.35 0.0925853349725
63.42 0.15890977966
63.49 0.383689225183
63.56 0.421032776479
63.63 0.215047581302
63.7 0.135184761529
63.77 0.118790447994
63.84 0.0966822555708
63.91 0.276580592746
63.98 0.576264118504
64.05 0.586788280743
64.12 0.720286407022
64.19 0.399202805422
64.26 0.148380227452
64.33 0.565168068747
64.4 0.450418108317
64.47 0.633725989417
64.54 0.571781689116
64.61 0.563356293391
64.68 0.556641529245
64.75 0.500436025096
64.82 0.427966548814
64.89 0.371186311731
64.96 0.357637308666
65.03 0.192129672641
65.1 0.149633601942
65.17 0.418689924395
65.24 0.44124635935
65.31 0.281097608708
65.38 0.149076410631
65.45 0.0960117729096
65.52 0.325723200874
65.59 0.68746768281
65.66 0.70194650716
65.73 0.731089606515
65.8 0.421969024934
65.87 0.237938653318
65.94 0.113033442209
66.01 0.586511681977
66.08 0.653196829356
66.15 0.560859462568
66.22 0.26069195526
66.29 0.109517748004
66.36 0.11569023122
66.43 0.155759881337
66.5 0.506714566803
66.57 0.510717372512
66.64 0.514972427786
66.71 0.683001901646
66.78 0.75191386429
66.85 0.697043397006
66.92 0.330326451254
66.99 0.221190779185
67.06 0.10558406343
67.13 0.0583124244576
67.2 0.0352808430175
67.27 0.291987573967
67.34 0.329945514504
67.41 0.233833447363
67.48 0.289944232864
67.55 0.333576909993
67.62 0.379216259093
67.69 0.448457643226
67.76 0.434265110408
67.83 0.37891026179
67.9 0.329105942831
67.97 0.370693003546
68.04 0.506876320968
68.11 0.514025064877
68.18 0.457341485199
68.25 0.200157123381
68.32 0.165907614615
68.39 0.166105377042
68.46 0.0496118200387
68.53 0.473732957399
68.6 0.493404845759
68.67 0.329644693
68.74 0.182863882215
68.81 0.142654738457
68.88 0.159821972634
68.95 0.395384528412
69.02 0.693086865488
69.09 0.673966992639
69.16 0.642850227101
69.23 0.589945433343
69.3 0.786334382466
69.37 0.679457976646
69.44 0.809096175778
69.51 0.859856811012
69.58 0.795766398132
69.65 0.646256883798
69.72 0.491729547293
69.79 0.432744627987
69.86 0.628606741987
69.93 0.795101394168
70.0 0.776601234239
70.07 0.748842244441
70.14 0.798591696873
70.21 0.543863126637
70.28 0.804063333081
70.35 0.849968632569
70.42 0.859827675599
70.49 0.525428300076
70.56 0.181752124719
70.63 0.158801900716
70.7 0.616059857192
70.77 0.711835193495
70.84 0.698768525921
70.91 0.439302258961
70.98 0.775070272738
71.05 0.826257638557
71.12 0.794193399966
71.19 0.746449233512
71.26 0.679655006812
71.33 0.763209454093
71.4 0.787279241614
71.47 0.800917848719
71.54 0.773769823466
71.61 0.731478495128
71.68 0.758464624455
71.75 0.584257878109
71.82 0.637279213517
71.89 0.529543862729
71.96 0.619473406115
72.03 0.609961181377
72.1 0.63815442936
72.17 0.49213058246
72.24 0.454210145301
72.31 0.429254949438
72.38 0.563980789462
72.45 0.728108752329
72.52 0.766141180515
72.59 0.753142068589
72.66 0.636650297364
72.73 0.712898084311
72.8 0.609932270334
72.87 0.754207606967
72.94 0.748756025322
73.01 0.677506361916
73.08 0.551844328682
73.15 0.775599975712
73.22 0.658908364602
73.29 0.6860187131
73.36 0.806318349565
73.43 0.784535946903
73.5 0.752076027419
73.57 0.545053843875
73.64 0.329766442065
73.71 0.709073496397
73.78 0.853847799409
73.85 0.80909867138
73.92 0.733003770899
73.99 0.59500943078
74.06 0.381043216112
74.13 0.579350113306
74.2 0.663709472255
74.27 0.698482468957
74.34 0.486637653576
74.41 0.667086466271
74.48 0.76189506433
74.55 0.75841440136
74.62 0.709075854317
74.69 0.737498084738
74.76 0.756550414177
74.83 0.743045106073
74.9 0.741331911581
74.97 0.682974997691
75.04 0.647108920222
75.11 0.588908626513
75.18 0.578258971296
75.25 0.51471229061
75.32 0.705170126196
75.39 0.71439415124
75.46 0.628557110411
75.53 0.598431645469
75.6 0.285048396365
75.67 0.226460840723
75.74 0.305645172939
75.81 0.656113914642
75.88 0.711309004964
75.95 0.456272312033
76.02 0.46695525758
76.09 0.606099596954
76.16 0.611292899612
76.23 0.584962895331
76.3 0.744111599041
76.37 0.672977233054
76.44 0.473085480781
76.51 0.461290382032
76.58 0.421743373366
76.65 0.558703774506
76.72 0.602932808699
76.79 0.517784098113
76.86 0.409547377132
76.93 0.288893179584
77.0 0.298145864785
77.07 0.643721589907
77.14 0.587304516442
77.21 0.443914796203
77.28 0.391647878084
77.35 0.239093751883
77.42 0.187181169457
77.49 0.494647644281
77.56 0.761357805199
77.63 0.778588884767
77.7 0.626893637242
77.77 0.473686698506
77.84 0.150655361731
77.91 0.75413444412
77.98 0.904796434952
78.05 0.79346906656
78.12 0.889221673202
78.19 0.714247486951
78.26 0.768407350208
78.33 0.548191320282
78.4 0.741646115711
78.47 0.859244994883
78.54 0.779566123508
78.61 0.804319151142
78.68 0.526766417944
78.75 0.45537118762
78.82 0.549191700708
78.89 0.588999721591
78.96 0.501712568807
79.03 0.228985051776
79.1 0.186491475659
79.17 0.0850774987342
79.24 0.0702410098611
79.31 0.111608103717
79.38 0.177636914938
79.45 0.134875951447
79.52 0.106073327863
79.59 0.122564521133
79.66 0.0895901823238
79.73 0.128356102274
79.8 0.128146250405
79.87 0.132332127431
79.94 0.111481581699
80.01 0.0842201049762
80.08 0.150956188334
80.15 0.178619124486
80.22 0.311999424088
80.29 0.223173818917
80.36 0.144497784816
80.43 0.0891989470094
80.5 0.0706700820493
80.57 0.307358161419
80.64 0.281901552528
80.71 0.195451670608
80.78 0.106666262271
80.85 0.113050394352
80.92 0.16244684099
80.99 0.350690165943
81.06 0.514399950786
81.13 0.510379179191
81.2 0.443342252912
81.27 0.580441850914
81.34 0.631692586868
81.41 0.645719580814
81.48 0.85492394231
81.55 0.748913451194
81.62 0.576199958997
81.69 0.348844907504
81.76 0.243872254298
81.83 0.379295292265
81.9 0.730130325501
81.97 0.752550233593
82.04 0.722391984172
82.11 0.651796827292
82.18 0.717487919428
82.25 0.740203846494
82.32 0.899100868703
82.39 0.885070057414
82.46 0.61060382487
82.53 0.16480286153
82.6 0.139907378576
82.67 0.273211819836
82.74 0.565991186988
82.81 0.697105478036
82.88 0.511963825199
82.95 0.35307529232
83.02 0.299469198736
83.09 0.268404760269
83.16 0.459495768911
83.23 0.450640306633
83.3 0.347685765188
83.37 0.212314369964
83.44 0.14214645462
83.51 0.273567485429
83.58 0.447523011252
83.65 0.416746448163
83.72 0.408548083879
83.79 0.410559156553
83.86 0.520026360205
83.93 0.531354979254
84.0 0.680727497588
84.07 0.436194793009
84.14 0.183141646683
84.21 0.141561690326
84.28 0.161641171564
84.35 0.306138840116
84.42 0.661829042861
84.49 0.575716287486
84.56 0.651166906575
84.63 0.574432407909
84.7 0.672677209082
84.77 0.657459892585
84.84 0.865923574331
84.91 0.750534194191
84.98 0.624751816242
85.05 0.32175792506
85.12 0.240209253291
85.19 0.424704082221
85.26 0.73939573144
85.33 0.736302632281
85.4 0.68455417214
85.47 0.748894302268
85.54 0.66169065373
85.61 0.760424571456
85.68 0.898923324017
85.75 0.757172963333
85.82 0.657856450558
85.89 0.339683998648
85.96 0.140669595769
86.03 0.498533081232
86.1 0.797639878188
86.17 0.709690750429
86.24 0.551765325086
86.31 0.66726568557
86.38 0.738853636124
86.45 0.810274381351
86.52 0.738972310306
86.59 0.730884639785
86.66 0.741777712562
86.73 0.712558185782
86.8 0.761297514028
86.87 0.738458223456
86.94 0.651827143705
87.01 0.542449170823
87.08 0.35234509267
87.15 0.257309778307
87.22 0.516766251534
87.29 0.762461890275
87.36 0.860483163232
87.43 0.859909343075
87.5 0.800634215967
87.57 0.315747994562
87.64 0.165195448161
87.71 0.530295426445
87.78 0.798597817063
87.85 0.754504455089
87.92 0.51952043225
87.99 0.694242479082
88.06 0.811033052485
88.13 0.767827550601
88.2 0.770540701256
88.27 0.728218531276
88.34 0.715278236822
88.41 0.758800027434
88.48 0.788181493995
88.55 0.755569365233
88.62 0.750598254772
88.69 0.667606851788
88.76 0.420761783894
88.83 0.223465375996
88.9 0.226404106829
88.97 0.599851938704
89.04 0.630079399007
89.11 0.537627015262
89.18 0.291999537966
89.25 0.233760305932
89.32 0.186673698451
89.39 0.499009503565
89.46 0.42610966089
89.53 0.0538404935267
89.6 0.032112766677
89.67 0.0779749831219
89.74 0.204331072103
89.81 0.320186124212
89.88 0.250917786151
89.95 0.0925256740756
90.02 0.0738112676931
90.09 0.0792221384939
90.16 0.133560750894
90.23 0.0924886102571
90.3 0.138729359637
90.37 0.232517288139
90.44 0.207661755213
90.51 0.895488648656
90.58 0.990700676517
90.65 1.0
90.72 0.749904429513
90.79 0.741732058448
90.86 0.789432292313
90.93 0.679296992477
91.0 0.619162786799
91.07 0.589631977791
91.14 0.530998154078
91.21 0.69612414149
91.28 0.583675299378
91.35 0.504292789651
91.42 0.218428080583
91.49 0.128760499925
91.56 0.473873449485
91.63 0.540749307965
91.7 0.434967772769
91.77 0.382117439633
91.84 0.545674927489
91.91 0.500821351331
91.98 0.47525144599
92.05 0.506145557334
92.12 0.612300635281
92.19 0.530064797951
92.26 0.530082074411
92.33 0.530397979671
92.4 0.513965571237
92.47 0.366652069282
92.54 0.295289640774
92.61 0.383591339865
92.68 0.287374404411
92.75 0.246318527511
92.82 0.305720863004
92.89 0.467724615845
92.96 0.492683315954
93.03 0.45105012179
93.1 0.538806616006
93.17 0.534594723325
93.24 0.470932266904
93.31 0.399277603108
93.38 0.433513794518
93.45 0.371632227957
93.52 0.183626117765
93.59 0.277947235129
93.66 0.616847524017
93.73 0.541362724258
93.8 0.422255598968
93.87 0.370893139191
93.94 0.257666397471
94.01 0.374793030643
94.08 0.542332235506
94.15 0.438855928671
94.22 0.336868977055
94.29 0.225610006716
94.36 0.259748069061
94.43 0.568337223081
94.5 0.338339941105
94.57 0.198488677366
94.64 0.20364576371
94.71 0.608600218604
94.78 0.502686206416
94.85 0.358949581196
94.92 0.277715670402
94.99 0.181692092592
95.06 0.234253378529
95.13 0.57691287097
95.2 0.440401844407
95.27 0.299774552506
95.34 0.244862145445
95.41 0.247711069285
95.48 0.490218657692
95.55 0.249314067707
95.62 0.167882637214
95.69 0.255730041914
95.76 0.487821044127
95.83 0.296520385549
95.9 0.260416189722
95.97 0.25987193026
96.04 0.209562449262
96.11 0.218073522559
96.18 0.213363454912
96.25 0.396195444007
96.32 0.221183099625
96.39 0.23418849288
96.46 0.373744854393
96.53 0.313776995318
96.6 0.293506202279
96.67 0.0860486142249
96.74 0.388727692418
96.81 0.351122119241
96.88 0.25585790811
96.95 0.254733763372
97.02 0.31370044041
97.09 0.190709219288
97.16 0.249325272929
97.23 0.314277186551
97.3 0.389740636522
97.37 0.285210483005
97.44 0.208574067511
97.51 0.251222454574
97.58 0.220871262594
97.65 0.129355436321
97.72 0.170179257941
97.79 0.573123793624
97.86 0.42497179799
97.93 0.353262522634
98.0 0.379419812295
98.07 0.403244922725
98.14 0.166112231533
98.21 0.183701162258
98.28 0.528352103192
98.35 0.331264273355
98.42 0.121934093545
98.49 0.17631289564
98.56 0.522238388494
98.63 0.398653061143
98.7 0.390396362802
98.77 0.466796325372
98.84 0.42537059864
98.91 0.167623767726
98.98 0.0848930281667
99.05 0.533812910507
99.12 0.614483407813
99.19 0.548000635696
99.26 0.520763814133
99.33 0.503053689148
99.4 0.442114231168
99.47 0.440785155395
99.54 0.440509441869
99.61 0.53713936425
99.68 0.294737998532
99.75 0.158232817817
99.82 0.398749160683
99.89 0.494997048943
99.96 0.276367972972
100.03 0.140212358057
100.1 0.455132730667
100.17 0.560099456436
100.24 0.396311575674
100.31 0.547320009489
100.38 0.554446179777
100.45 0.476909798432
100.52 0.408290687072
100.59 0.473606810689
100.66 0.478984933727
100.73 0.498723615898
100.8 0.337445782348
100.87 0.440223097304
100.94 0.414011103274
101.01 0.277311900986
101.08 0.224924305677
101.15 0.315373175963
101.22 0.2821739719
101.29 0.11226056746
101.36 0.441539249388
101.43 0.576317703065
101.5 0.51857743435
101.57 0.172787072168
101.64 0.407182741819
101.71 0.288385807504
101.78 0.23644841592
101.85 0.209067796899
101.92 0.33099224561
101.99 0.51593620741
102.06 0.581669652368
102.13 0.527953430025
102.2 0.570621796181
102.27 0.503781503342
102.34 0.426835903476
102.41 0.324976904745
102.48 0.369605614628
102.55 0.499253995041
102.62 0.481317784026
102.69 0.478979106237
102.76 0.391193834579
102.83 0.307709588466
102.9 0.337949610408
102.97 0.323040670551
103.04 0.608909504961
103.11 0.514672952499
103.18 0.595033072197
103.25 0.469165913134
103.32 0.411364603649
103.39 0.347390102145
103.46 0.27233248885
103.53 0.178186354279
103.6 0.165390248909
103.67 0.236737571224
103.74 0.206795451942
103.81 0.117074515173
103.88 0.0388473518374
103.95 0.0342854568551
104.02 0.0283272547682
104.09 0.425470441073
104.16 0.342864768189
104.23 0.300359339238
104.3 0.254345955813
104.37 0.346622745868
104.44 0.246536076277
104.51 0.228999753084
104.58 0.406664024796
104.65 0.471499189736
104.72 0.351499033656
104.79 0.293482633272
104.86 0.407394653809
104.93 0.465712380528
105.0 0.15511970591
105.07 0.0969331038452
105.14 0.384982283516
105.21 0.313995569045
105.28 0.249103076653
105.35 0.305027798562
105.42 0.344301730046
105.49 0.161503958334
105.56 0.26526339105
105.63 0.542557557659
105.7 0.46979369622
105.77 0.254566178657
105.84 0.120393957366
105.91 0.220967082692
105.98 0.147126336913
106.05 0.0588242380358
106.12 0.311541536724
106.19 0.511224784366
106.26 0.34468234044
106.33 0.256475947436
106.4 0.366014101856
106.47 0.41188407231
106.54 0.37233627937
106.61 0.396413098839
106.68 0.521055689409
106.75 0.353256690044
106.82 0.293016948044
106.89 0.409481128947
106.96 0.367924865001
107.03 0.345443359295
107.1 0.318027175652
107.17 0.524422457271
107.24 0.449316509664
107.31 0.22271949903
107.38 0.114036893438
107.45 0.136274220766
107.52 0.426408805741
107.59 0.434525527026
107.66 0.391211746412
107.73 0.471428287922
107.8 0.57154893115
107.87 0.471208170124
107.94 0.51507898091
108.01 0.510590462946
108.08 0.511790421152
108.15 0.364120219464
108.22 0.152164736837
108.29 0.274473492941
108.36 0.295558723158
108.43 0.212374321522
108.5 0.147879646632
108.57 0.156807248837
108.64 0.171594027605
108.71 0.121091713173
108.78 0.107277157465
108.85 0.313010007212
108.92 0.221111779668
108.99 0.1720029718
109.06 0.152357550894
109.13 0.222783778881
109.2 0.156899676874
109.27 0.066764713939
109.34 0.11641201599
109.41 0.289332000631
109.48 0.13871590766
109.55 0.0739260449828
109.62 0.142098222295
109.69 0.201366681546
109.76 0.0996076853658
109.83 0.0574416817282
109.9 0.277000224073
109.97 0.265872458652
110.04 0.178695024643
110.11 0.132333532801
110.18 0.182964673119
110.25 0.166333077512
110.32 0.0742425692992
110.39 0.138313079576
110.46 0.316334031644
110.53 0.210343498203
110.6 0.166760945244
110.67 0.186793879988
110.74 0.223027228058
110.81 0.145920273813
110.88 0.138480215552
110.95 0.301445059661
111.02 0.253183037969
111.09 0.204523921855
111.16 0.176303029497
111.23 0.193326961869
111.3 0.166479832569
111.37 0.11341473183
111.44 0.0977018920078
111.51 0.267568058488
111.58 0.184893260389
111.65 0.115895106163
111.72 0.103009370237
111.79 0.272832976863
111.86 0.140670017992
111.93 0.0674756249428
112.0 0.0816927945629
112.07 0.249760320487
112.14 0.115991063942
112.21 0.291185098748
112.28 0.397332725585
112.35 0.254965116988
112.42 0.123182439095
112.49 0.0683905960201
112.56 0.368499719298
112.63 0.314214990277
112.7 0.115083946821
112.77 0.0649569568387
112.84 0.0401982016607
112.91 0.0717711809695
112.98 0.146262073365
113.05 0.171716061211
113.12 0.064631613777
113.19 0.0730727551488
113.26 0.143599493579
113.33 0.196354481872
113.4 0.258890655925
113.47 0.357619820076
113.54 0.125335978308
113.61 0.0560370984448
113.68 0.259152730839
113.75 0.434639155951
113.82 0.176099975007
113.89 0.0608192754228
113.96 0.0451469047373
114.03 0.0634453818909
114.1 0.122593041569
114.17 0.139415899003
114.24 0.0586024211481
114.31 0.0442573445372
114.38 0.119288067135
114.45 0.202494675243
114.52 0.236897010303
114.59 0.405824305244
114.66 0.23651602256
114.73 0.0899671742479
114.8 0.132500747306
114.87 0.54037284127
114.94 0.518941289434
115.01 0.297372582092
115.08 0.399376147257
115.15 0.516770205538
115.22 0.39988799857
115.29 0.468836224441
115.36 0.430748432037
115.43 0.532865035628
115.5 0.485608611974
115.57 0.215915888601
115.64 0.332596264913
115.71 0.623743043373
115.78 0.444616189856
115.85 0.333276783015
115.92 0.346986033909
115.99 0.399850562502
116.06 0.547078389945
116.13 0.471993283214
116.2 0.422760455049
116.27 0.450673529651
116.34 0.425239042583
116.41 0.476878835427
116.48 0.494522773419
116.55 0.502501831715
116.62 0.54660936263
116.69 0.28519317595
116.76 0.266047814714
116.83 0.624887324263
116.9 0.532053128727
116.97 0.444109771347
117.04 0.465956585422
117.11 0.405613727233
117.18 0.527730400522
117.25 0.416522991337
117.32 0.421787392642
117.39 0.463675981625
117.46 0.370922573423
117.53 0.459728933801
117.6 0.481725636969
117.67 0.324568063555
117.74 0.478421407035
117.81 0.334559907894
117.88 0.149473744719
117.95 0.0870052996906
118.02 0.50683482483
118.09 0.487880867182
118.16 0.213000433055
118.23 0.127790251317
118.3 0.388254749854
118.37 0.619810590792
118.44 0.505562084184
118.51 0.256489193402
118.58 0.148749965099
118.65 0.10569020249
118.72 0.0941785070254
118.79 0.104286290276
118.86 0.103446168898
118.93 0.107200018176
119.0 0.106640481184
119.07 0.100810619529
119.14 0.15634207048
119.21 0.167932079095
119.28 0.134014760744
119.35 0.137397882089
119.42 0.129994283889
119.49 0.133393714865
119.56 0.108859734174
119.63 0.0492073581362
119.7 0.025003457765
119.77 0.394408127998
119.84 0.231465615803
119.91 0.176521439026
119.98 0.146728975288
120.05 0.129662036362
120.12 0.195187533534
120.19 0.264702842355
120.26 0.226294985693
120.33 0.263329433188
120.4 0.208112616749
120.47 0.393578076735
120.54 0.333784953647
120.61 0.216343804266
120.68 0.175950166483
120.75 0.176129289915
120.82 0.285975298806
120.89 0.248644612047
120.96 0.211776571327
121.03 0.173907775892
121.1 0.14391775166
121.17 0.389065903077
121.24 0.318742497559
121.31 0.181862910269
121.38 0.142318168756
121.45 0.119586784664
121.52 0.236291923222
121.59 0.336139308752
121.66 0.262540996367
121.73 0.317604818234
121.8 0.253699461322
121.87 0.359036955818
121.94 0.354551291428
122.01 0.220195095223
122.08 0.204931102709
122.15 0.17617361311
122.22 0.300969987625
122.29 0.243367937724
122.36 0.202577323825
122.43 0.159653042721
122.5 0.103438767761
122.57 0.351844094726
122.64 0.344051822084
122.71 0.224705556533
122.78 0.191719511751
122.85 0.149370410279
122.92 0.319017202441
122.99 0.269711085985
123.06 0.251643010916
123.13 0.297074063436
123.2 0.235264061599
123.27 0.460706314303
123.34 0.304443264757
123.41 0.223073466553
123.48 0.20380046859
123.55 0.182785663912
123.62 0.348830822192
123.69 0.226464637668
123.76 0.20498143085
123.83 0.176732034374
123.9 0.169851165332
123.97 0.353852084358
124.04 0.2634009408
124.11 0.195610075547
124.18 0.113261340532
124.25 0.0881610927806
124.32 0.30841378368
124.39 0.259082757099
124.46 0.293881920396
124.53 0.261281461913
124.6 0.216759080783
124.67 0.430211128032
124.74 0.261146751423
124.81 0.185492347623
124.88 0.186688181509
124.95 0.248109159091
125.02 0.347982974341
125.09 0.200985560202
125.16 0.17858388622
125.23 0.100124559498
125.3 0.432622413865
125.37 0.304921859395
125.44 0.250236490915
125.51 0.209382606827
125.58 0.24273084228
125.65 0.301268181965
125.72 0.369980892165
125.79 0.301641274958
125.86 0.309150768472
125.93 0.258654970957
126.0 0.469056414649
126.07 0.308684630425
126.14 0.181307568988
126.21 0.178362759779
126.28 0.180995516766
126.35 0.386191767232
126.42 0.155774890643
126.49 0.146660275356
126.56 0.147159159126
126.63 0.147591795731
126.7 0.501801646598
126.77 0.417080494725
126.84 0.147702624116
126.91 0.0948515026261
126.98 0.0825448309867
127.05 0.359937405083
127.12 0.312250338654
127.19 0.252424338279
127.26 0.192489778713
127.33 0.199380279329
127.4 0.281335828034
127.47 0.250352945877
127.54 0.218281315327
127.61 0.150007857576
127.68 0.154382605874
127.75 0.195082887551
127.82 0.216817332231
127.89 0.214296556073
127.96 0.240683179003
128.03 0.601326162232
128.1 0.48368780013
128.17 0.423584821602
128.24 0.304932144702
128.31 0.219577384292
128.38 0.146959404909
128.45 0.343654404367
128.52 0.339291129515
128.59 0.285669518734
128.66 0.291690593263
128.73 0.283151677738
128.8 0.381528723374
128.87 0.325095831852
128.94 0.245874614293
129.01 0.0921045476309
129.08 0.0770183670068
129.15 0.461131722128
129.22 0.481456958451
129.29 0.453385361625
129.36 0.449367112148
129.43 0.46534552807
129.5 0.481119245485
129.57 0.557931062935
129.64 0.533419167352
129.71 0.504362130057
129.78 0.559161723062
129.85 0.555206519404
129.92 0.530559173932
129.99 0.513974416499
130.06 0.379506495451
130.13 0.211936149107
130.2 0.473064160569
130.27 0.379907366419
130.34 0.344384065531
130.41 0.343897101906
130.48 0.365865092904
130.55 0.444539521743
130.62 0.382810407188
130.69 0.411012355613
130.76 0.443640737913
130.83 0.448233144101
130.9 0.509445020434
130.97 0.476351903417
131.04 0.462203855952
131.11 0.494187251117
131.18 0.480767073938
131.25 0.583519001474
131.32 0.623700814975
131.39 0.652639249478
131.46 0.54103528742
131.53 0.591313815611
131.6 0.547744021123
131.67 0.583783387394
131.74 0.667748214836
131.81 0.616959491587
131.88 0.594371882516
131.95 0.629706509987
132.02 0.714798057318
132.09 0.67713506592
132.16 0.646647677513
132.23 0.640819705662
132.3 0.795258806781
132.37 0.765959447257
132.44 0.666140946253
132.51 0.708225943285
132.58 0.768986972359
132.65 0.70778939347
132.72 0.723206628382
132.79 0.699743853441
132.86 0.763150163406
132.93 0.760460130979
133.0 0.736431624405
133.07 0.625598869621
133.14 0.683301091371
133.21 0.696071187204
133.28 0.693281073696
133.35 0.702053029688
133.42 0.774722520252
133.49 0.675419473733
133.56 0.693603472417
133.63 0.738251822799
133.7 0.667136393607
133.77 0.654257136863
133.84 0.71033495839
133.91 0.726875510932
133.98 0.756873262657
134.05 0.650618361654
134.12 0.610292117361
134.19 0.696574172858
134.26 0.648834715107
134.33 0.576425466764
134.4 0.441302477247
134.47 0.433767130235
134.54 0.463667959392
134.61 0.391152132429
134.68 0.302728357917
134.75 0.317683905459
134.82 0.298878231642
134.89 0.457791196331
134.96 0.478448733213
135.03 0.427161584112
135.1 0.407096267735
135.17 0.403168057779
135.24 0.631776944739
135.31 0.759596120357
135.38 0.74561674478
135.45 0.786975191228
135.52 0.76363808876
135.59 0.753419528118
135.66 0.768999529918
135.73 0.756431826684
135.8 0.694092098416
135.87 0.720250932148
135.94 0.844781953914
136.01 0.717041851243
136.08 0.727587468314
136.15 0.70303690569
136.22 0.697735944378
136.29 0.652986298259
136.36 0.664612317175
136.43 0.722765205667
136.5 0.649798309117
136.57 0.629079293944
136.64 0.596257610093
136.71 0.598655107394
136.78 0.772101079652
136.85 0.669696761821
136.92 0.67429610409
136.99 0.651481478876
137.06 0.667946325035
137.13 0.611828688102
137.2 0.606865252101
137.27 0.686704056168
137.34 0.643393862408
137.41 0.607333779684
137.48 0.664318556175
137.55 0.580862829479
137.62 0.521631936838
137.69 0.557085375152
137.76 0.447246775557
137.83 0.518452071914
137.9 0.662356104393
137.97 0.63244794345
138.04 0.543166901643
138.11 0.610178301801
138.18 0.554564299154
138.25 0.569435952862
138.32 0.526588061449
138.39 0.37819880312
138.46 0.335061913461
138.53 0.408540050427
138.6 0.3740866876
138.67 0.292619790392
138.74 0.296583448705
138.81 0.298566615921
138.88 0.474425310997
138.95 0.515213320169
139.02 0.446867785724
139.09 0.399403149119
139.16 0.350614151562
139.23 0.773371977407
139.3 0.711177144989
139.37 0.636765236812
139.44 0.325848285907
139.51 0.507767256961
139.58 0.720562768159
139.65 0.699132545203
139.72 0.691789892925
139.79 0.474500473794
139.86 0.516494962169
139.93 0.59150351603
140.0 0.403855915826
140.07 0.316215656282
140.14 0.277660686592
140.21 0.716595127286
140.28 0.787129484084
140.35 0.738172223604
140.42 0.707469231307
140.49 0.638934791935
140.56 0.779426995997
140.63 0.701825249668
140.7 0.612481793337
140.77 0.176212609567
140.84 0.138827478504
140.91 0.226881790731
140.98 0.156258124634
141.05 0.114811097067
141.12 0.115341296714
141.19 0.459545484115
141.26 0.778814438428
141.33 0.795188645387
141.4 0.788862119182
141.47 0.620814904825
141.54 0.767959106657
141.61 0.772182673697
141.68 0.591914215408
141.75 0.320243953437
141.82 0.0949180180144
141.89 0.197554782753
141.96 0.159098481635
142.03 0.118483995833
142.1 0.0924367635414
142.17 0.357700347345
142.24 0.902249500358
142.31 0.803243475337
142.38 0.702137612949
142.45 0.398593680708
142.52 0.593696602425
142.59 0.705847545957
142.66 0.696013653739
142.73 0.713905282513
142.8 0.477660001652
142.87 0.741849332359
142.94 0.778945261204
143.01 0.581627924722
143.08 0.386300794541
143.15 0.52211840277
143.22 0.652897513168
143.29 0.748193181938
143.36 0.611723067132
143.43 0.625170782619
143.5 0.702708261336
143.57 0.749937183396
143.64 0.724302041573
143.71 0.404467641188
143.78 0.333080018013
143.85 0.653198752815
143.92 0.653783536487
143.99 0.685672086542
144.06 0.274216229736
144.13 0.703163998831
144.2 0.891274542874
144.27 0.846240168671
144.34 0.822950399011
144.41 0.868547316759
144.48 0.875700311452
144.55 0.789496134644
144.62 0.907647110915
144.69 0.826832374551
144.76 0.809037349128
144.83 0.805545027097
144.9 0.858165483378
144.97 0.735651479061
145.04 0.734213460627
145.11 0.7843883474
145.18 0.706432196027
145.25 0.762262072827
145.32 0.771623292744
145.39 0.750558594385
145.46 0.772973965111
145.53 0.823814689075
145.6 0.7450182919
145.67 0.729583143115
145.74 0.789445430173
145.81 0.766221162159
145.88 0.789843771885
145.95 0.770115407656
146.02 0.763475370826
146.09 0.702162234453
146.16 0.81943201951
146.23 0.66564702921
146.3 0.533468722438
146.37 0.438953717103
146.44 0.392414504139
146.51 0.335936402143
146.58 0.345788574364
146.65 0.377611361688
146.72 0.343043936495
146.79 0.314374464031
146.86 0.306139631528
146.93 0.370944545326
147.0 0.387427352272
147.07 0.352143571032
147.14 0.355373244987
147.21 0.381041331407
147.28 0.496382599565
147.35 0.403993186169
147.42 0.305783382574
147.49 0.272003082659
147.56 0.377998689912
147.63 0.549258762742
147.7 0.340052948962
147.77 0.247777357245
147.84 0.268439183665
147.91 0.41103178602
147.98 0.552935079065
148.05 0.402281004399
148.12 0.277336259366
148.19 0.25865184712
148.26 0.429238144154
148.33 0.552835168301
148.4 0.592331359292
148.47 0.551040580676
148.54 0.486569323854
148.61 0.341746205155
148.68 0.409669664684
148.75 0.399415632228
148.82 0.378218046893
148.89 0.31742682175
148.96 0.315977499168
149.03 0.368203150618
149.1 0.437375458489
149.17 0.380034038358
149.24 0.332763777218
149.31 0.251813881625
149.38 0.592156613107
149.45 0.381591323512
149.52 0.301154323571
149.59 0.300831683143
149.66 0.281451902588
149.73 0.579071055653
149.8 0.462923388868
149.87 0.3802603202
149.94 0.357689974331
150.01 0.34040851053
150.08 0.602066967426
150.15 0.525408892106
150.22 0.427097925357
150.29 0.354783917831
150.36 0.308675902448
150.43 0.50546616312
150.5 0.61253963888
150.57 0.623944212138
150.64 0.592315607526
150.71 0.540802019524
150.78 0.498360108587
150.85 0.494001728052
150.92 0.52884435684
150.99 0.515956868791
151.06 0.515895363984
151.13 0.494951886402
151.2 0.448269921339
151.27 0.474169073773
151.34 0.494743869265
151.41 0.564506968814
151.48 0.589005389983
151.55 0.55557692608
151.62 0.51943813654
151.69 0.453863715577
151.76 0.641634718042
151.83 0.585470402033
151.9 0.700001410367
151.97 0.594951814706
152.04 0.344524506623
152.11 0.242330162025
152.18 0.190152332916
152.25 0.483151049911
152.32 0.565514735079
152.39 0.661282798747
152.46 0.586078792446
152.53 0.428604923165
152.6 0.262199304921
152.67 0.217661647281
152.74 0.188836150236
152.81 0.544646257116
152.88 0.66730584059
152.95 0.595288217149
153.02 0.545934575132
153.09 0.32846653332
153.16 0.246829673079
153.23 0.226173343714
153.3 0.178117099542
153.37 0.142189860959
153.44 0.686928391094
153.51 0.649754084848
153.58 0.617176873096
153.65 0.621936899694
153.72 0.493152623731
153.79 0.317234166791
153.86 0.231034063311
153.93 0.185127314599
154.0 0.142793637518
154.07 0.08929784811
154.14 0.0635504052221
154.21 0.0453688674652
154.28 0.0291824680616
154.35 0.0164272999457
154.42 0.0129899341892
154.49 0.0187610660809
154.56 0.153803026557
154.63 0.238071065039
154.7 0.0701982032007
154.77 0.0174668073705
154.84 0.044855888185
154.91 0.0613627781476
154.98 0.13005154709
155.05 0.208051454616
155.12 0.147880763381
155.19 0.11906232072
155.26 0.157543456493
155.33 0.263966922299
155.4 0.2786758081
155.47 0.120985404816
155.54 0.231861283437
155.61 0.00898878779512
155.68 0.0669933343249
155.75 0.0653302721609
155.82 0.335783445306
155.89 0.349117848025
155.96 0.235526714774
156.03 0.161375234434
156.1 0.183893012546
156.17 0.191156948828
156.24 0.395392243667
156.31 0.542469709821
156.38 0.718059647849
156.45 0.768515710527
156.52 0.498779290155
156.59 0.833133769321
156.66 0.574921382702
156.73 0.634029712428
156.8 0.747486313666
156.87 0.524166108881
156.94 0.747393255354
157.01 0.652910398103
157.08 0.576796847409
157.15 0.70708325032
157.22 0.682064394682
157.29 0.592138834876
157.36 0.684335581075
157.43 0.633218321577
157.5 0.563355598865
157.57 0.53084313814
157.64 0.543888720069
157.71 0.555671979242
157.78 0.559739925566
157.85 0.526484625023
157.92 0.77533796403
157.99 0.99323167883
158.06 0.815770424893
158.13 0.609883478104
158.2 0.511525898571
158.27 0.498962660292
158.34 0.622787853025
158.41 0.694153175901
158.48 0.790895279004
158.55 0.770127184001
158.62 0.625544289676
158.69 0.614184043692
158.76 0.632493066217
158.83 0.629890655219
158.9 0.51060755583
158.97 0.366838095139
159.04 0.521389517721
159.11 0.278699843184
159.18 0.3588848934
159.25 0.430287007792
159.32 0.373163671853
159.39 0.442138492661
159.46 0.471698744059
159.53 0.376296186632
159.6 0.554152331068
159.67 0.415042069356
159.74 0.455008550251
159.81 0.488589765999
159.88 0.381972504009
159.95 0.592437298459
160.02 0.607492491601
160.09 0.644230426508
160.16 0.657736306756
160.23 0.642613017439
160.3 0.682007971846
160.37 0.729103936559
160.44 0.712904983676
160.51 0.783727390248
160.58 0.717590302337
160.65 0.665578421065
160.72 0.63760344085
160.79 0.632288334055
160.86 0.595102478893
160.93 0.603739064546
161.0 0.620883355911
161.07 0.64240922049
161.14 0.570149488991
161.21 0.550830552372
161.28 0.647719397273
161.35 0.633146082725
161.42 0.653227083557
161.49 0.636686535095
161.56 0.642957507387
161.63 0.690514436387
161.7 0.644558887287
161.77 0.557594114866
161.84 0.505665894899
161.91 0.619137764489
161.98 0.55310044864
162.05 0.622192158871
162.12 0.370447762472
162.19 0.228815030611
162.26 0.1187774162
162.33 0.121553586157
162.4 0.427512706221
162.47 0.334091969791
162.54 0.261457526779
162.61 0.21320647166
162.68 0.178686738265
162.75 0.182927757181
162.82 0.511483837429
162.89 0.535008900431
162.96 0.467657577267
163.03 0.44037849875
163.1 0.38623954062
163.17 0.632639945697
163.24 0.618949416407
163.31 0.582051724224
163.38 0.455614114628
163.45 0.214530145225
163.52 0.194625933361
163.59 0.419028259477
163.66 0.298981188733
163.73 0.190791582309
163.8 0.0975511686682
163.87 0.184607075942
163.94 0.158342732405
164.01 0.289382926411
164.08 0.516557889683
164.15 0.426578324114
164.22 0.44448226568
164.29 0.410830605017
164.36 0.619891588219
164.43 0.508152463873
164.5 0.446428820876
164.57 0.479044591564
164.64 0.394510584337
164.71 0.548502234338
164.78 0.702329226628
164.85 0.720349185636
164.92 0.548270373851
164.99 0.327464284508
165.06 0.137053395201
165.13 0.174622453246
165.2 0.613852320375
165.27 0.401866453004
165.34 0.619676998072
165.41 0.306645938873
165.48 0.224752953592
165.55 0.606050190768
165.62 0.639799975397
165.69 0.582443252239
165.76 0.117026866209
165.83 0.443674742146
165.9 0.486552049434
165.97 0.283446921617
166.04 0.272976081834
166.11 0.441292893605
166.18 0.415295536636
166.25 0.234058611437
166.32 0.539868101454
166.39 0.663669178534
166.46 0.304117968609
166.53 0.347624324632
166.6 0.311365059833
166.67 0.190642421398
166.74 0.164141221071
166.81 0.22515811512
166.88 0.171003245105
166.95 0.126914737674
167.02 0.173087914069
167.09 0.156222158186
167.16 0.413130639222
167.23 0.411267568896
167.3 0.197111161216
167.37 0.0750023643202
167.44 0.0577791795031
167.51 0.102154976912
167.58 0.629803635508
167.65 0.557982681202
167.72 0.440400161635
167.79 0.296013807942
167.86 0.266601389595
167.93 0.365561091471
168.0 0.440322191158
168.07 0.381813582
168.14 0.407530004771
168.21 0.383796704342
168.28 0.347506494896
168.35 0.497378909722
168.42 0.530134762512
168.49 0.478840845609
168.56 0.354646499609
168.63 0.320143899893
168.7 0.257167505542
168.77 0.413212126182
168.84 0.549356921383
168.91 0.37514195801
168.98 0.229175956652
169.05 0.149613801324
169.12 0.115466281801
169.19 0.428474335977
169.26 0.392316022202
169.33 0.453452445077
169.4 0.33887916245
169.47 0.400570060743
169.54 0.395508046938
169.61 0.487677780057
169.68 0.515146949601
169.75 0.425199119072
169.82 0.323991207269
169.89 0.581221282355
169.96 0.437280968291
170.03 0.277169310025
170.1 0.207153415284
170.17 0.169598396658
170.24 0.319993326473
170.31 0.375294063262
170.38 0.434260925915
170.45 0.483622730906
170.52 0.366635981982
170.59 0.311399066106
170.66 0.422805687961
170.73 0.380624921823
170.8 0.482932664858
170.87 0.414102247306
170.94 0.339218279765
171.01 0.442772865074
171.08 0.636538096246
171.15 0.575709828701
171.22 0.537034251171
171.29 0.462035927544
171.36 0.468914509035
171.43 0.419211675507
171.5 0.392512584251
171.57 0.476938536098
171.64 0.522486307725
171.71 0.524068353086
171.78 0.508402187239
171.85 0.170503143621
171.92 0.516221240433
171.99 0.620094358167
172.06 0.672103705082
172.13 0.251631552768
172.2 0.397004397388
172.27 0.482959760547
172.34 0.36886387932
172.41 0.252861646871
172.48 0.440525427183
172.55 0.52847523417
172.62 0.362992822387
172.69 0.400839223696
172.76 0.722310504352
172.83 0.484508477843
172.9 0.259132159206
172.97 0.25837705249
173.04 0.180374810501
173.11 0.147961652702
173.18 0.249666568669
173.25 0.18240504026
173.32 0.100033139084
173.39 0.0681539187258
173.46 0.0473790243038
173.53 0.443161075479
173.6 0.410444324191
173.67 0.355364079489
173.74 0.36871124476
173.81 0.418518931302
173.88 0.571657424052
173.95 0.662731131044
174.02 0.558782376277
174.09 0.507449525129
174.16 0.5782059497
174.23 0.578710988336
174.3 0.66411767909
174.37 0.658202277545
174.44 0.651656017009
174.51 0.642451214321
174.58 0.537879711526
174.65 0.406086851333
174.72 0.556601432357
174.79 0.472624988689
174.86 0.333514279258
174.93 0.178273541246
175.0 0.356512261351
175.07 0.311009310611
175.14 0.540158892616
175.21 0.283028109239
175.28 0.148172298023
175.35 0.17738639098
175.42 0.224475715373
175.49 0.321955538587
175.56 0.535165814332
175.63 0.240986244203
175.7 0.099571443556
175.77 0.278253813753
175.84 0.262309098146
175.91 0.434724845762
175.98 0.490191699685
176.05 0.352937306035
176.12 0.276993951923
176.19 0.314520377703
176.26 0.260865215507
176.33 0.53824947059
176.4 0.307945422335
176.47 0.107122518876
176.54 0.0591120899568
176.61 0.0680905271743
176.68 0.127390093231
176.75 0.59754185274
176.82 0.549415466551
176.89 0.389263328949
176.96 0.294165460341
177.03 0.498018735337
177.1 0.330451096726
177.17 0.267706956529
177.24 0.417692372046
177.31 0.535367463452
177.38 0.413730009978
177.45 0.398847740527
177.52 0.641100203359
177.59 0.454418055353
177.66 0.309818774908
177.73 0.190182175093
177.8 0.230694388131
177.87 0.68734626418
177.94 0.699866699878
178.01 0.469191297495
178.08 0.229485430663
178.15 0.12250829921
178.22 0.109018434872
178.29 0.452430583301
178.36 0.542248205011
178.43 0.527177096925
178.5 0.120385229389
178.57 0.496489046623
178.64 0.319912408596
178.71 0.307815787698
178.78 0.326509125775
178.85 0.564628103923
178.92 0.392433775448
178.99 0.271779968507
179.06 0.476337794649
179.13 0.553604894736
179.2 0.617267230814
179.27 0.389688412457
179.34 0.131770583351
179.41 0.387070177283
179.48 0.85110131151
179.55 0.80113219002
179.62 0.595956811026
179.69 0.245262958282
179.76 0.071281313798
179.83 0.109427004778
179.9 0.360800035831
179.97 0.627667881666
180.04 0.578139012089
180.11 0.35589159588
180.18 0.482513904493
180.25 0.456836315001
180.32 0.367794357362
180.39 0.385325156983
180.46 0.549809361665
180.53 0.495667519366
180.6 0.42461854743
180.67 0.441654809932
180.74 0.565807861726
180.81 0.442137192337
180.88 0.396394056999
180.95 0.387027274755
181.02 0.313226155707
181.09 0.410378006656
181.16 0.755329186753
181.23 0.644649927293
181.3 0.71292193174
181.37 0.706838512038
181.44 0.446781707346
181.51 0.184193884023
181.58 0.468092856335
181.65 0.600019465287
181.72 0.58794815328
181.79 0.569142531476
181.86 0.560452801844
181.93 0.579495676144
182.0 0.600901747753
182.07 0.590051121625
182.14 0.612694020464
182.21 0.571727908742
182.28 0.563904802617
182.35 0.611645775883
182.42 0.554944801442
182.49 0.559433545815
182.56 0.558262229408
182.63 0.552297273796
182.7 0.556315013342
182.77 0.538619905822
182.84 0.500815912408
182.91 0.533415035892
182.98 0.451917271546
183.05 0.45949570058
183.12 0.46634145272
183.19 0.554554948041
183.26 0.584573222445
183.33 0.486256643397
183.4 0.405442840206
183.47 0.299334184328
183.54 0.220427200477
183.61 0.210972991598
183.68 0.168776081048
183.75 0.178843093282
183.82 0.178993081301
183.89 0.167277315564
183.96 0.187641562622
184.03 0.145159490546
184.1 0.182513803424
184.17 0.138379859109
184.24 0.142506755486
184.31 0.114302353273
184.38 0.174589340372
184.45 0.164053454822
184.52 0.134668836888
184.59 0.160343952195
184.66 0.159151544025
184.73 0.160738968137
184.8 0.158483103128
184.87 0.229376553274
184.94 0.213887006079
185.01 0.286171718074
185.08 0.263164173758
185.15 0.301343479384
185.22 0.248438647891
185.29 0.229361741821
185.36 0.206120948986
185.43 0.207998690024
185.5 0.187002884352
185.57 0.175291819158
185.64 0.213646072902
185.71 0.281827174005
185.78 0.232060172811
185.85 0.256349171472
185.92 0.279891213134
185.99 0.322460563965
186.06 0.338388094901
186.13 0.346456485954
186.2 0.336585712472
186.27 0.323019533914
186.34 0.284303743233
186.41 0.732000803084
186.48 0.743194120124
186.55 0.805555773381
186.62 0.766513745219
186.69 0.700628225604
186.76 0.645604934066
186.83 0.631546598747
186.9 0.478379603919
186.97 0.631028737388
187.04 0.66891061867
187.11 0.449484466629
187.18 0.455363203122
187.25 0.804319449961
187.32 0.829410233395
187.39 0.811927752788
187.46 0.768128918751
187.53 0.701272677312
187.6 0.569894322621
187.67 0.596250358875
187.74 0.563321226462
187.81 0.451854550044
187.88 0.697835442098
187.95 0.816432348874
188.02 0.679539086257
188.09 0.69207409782
188.16 0.70805585175
188.23 0.705469360794
188.3 0.630477073729
188.37 0.619919451864
188.44 0.491723615777
188.51 0.606362255229
188.58 0.502075770159
188.65 0.558755088854
188.72 0.762101286511
188.79 0.646223607747
188.86 0.611274814402
188.93 0.573355552125
189.0 0.447171547489
189.07 0.418385856671
189.14 0.600751410941
189.21 0.454269640981
189.28 0.457607300966
189.35 0.616861780665
189.42 0.593864429867
189.49 0.614531393332
189.56 0.684654724397
189.63 0.632022794671
189.7 0.300083757274
189.77 0.687286900063
189.84 0.690449403878
189.91 0.690409208064
189.98 0.739535221001
190.05 0.501592326077
190.12 0.657965395258
190.19 0.750315179884
190.26 0.738049446518
190.33 0.830786851048
190.4 0.662070346248
190.47 0.789529854335
190.54 0.728930568208
190.61 0.686484963331
190.68 0.76628544303
190.75 0.686412242084
190.82 0.647776953175
190.89 0.678602142257
190.96 0.601862032311
191.03 0.676709040059
191.1 0.660801154722
191.17 0.577179831021
191.24 0.684220611032
191.31 0.623418899669
191.38 0.524261902463
191.45 0.406349487171
191.52 0.294050359755
191.59 0.334823235197
191.66 0.407701561848
191.73 0.602935507254
191.8 0.670439631215
191.87 0.640508593752
191.94 0.532370822825
192.01 0.415274450993
192.08 0.40363342175
192.15 0.535949201817
192.22 0.641982346104
192.29 0.578529305051
192.36 0.604764361216
192.43 0.406162250738
192.5 0.32773264483
192.57 0.359447128947
192.64 0.643770678916
192.71 0.627215579065
192.78 0.427779546949
192.85 0.495147248074
192.92 0.486680126742
192.99 0.410261667958
193.06 0.370098626034
193.13 0.615734054172
193.2 0.344498156453
193.27 0.182781573246
193.34 0.396313312498
193.41 0.58450505794
193.48 0.569602241333
193.55 0.405493121433
193.62 0.345849412182
193.69 0.240305345693
193.76 0.179878861893
193.83 0.164005397912
193.9 0.271536128723
193.97 0.556688959959
194.04 0.500480023975
194.11 0.427017174737
194.18 0.374431270356
194.25 0.371100542371
194.32 0.417385692456
194.39 0.563917001185
194.46 0.533505360975
194.53 0.336035996749
194.6 0.478402604863
194.67 0.495184735135
194.74 0.384329012043
194.81 0.55373676899
194.88 0.558185866234
194.95 0.598444243822
195.02 0.523761397113
195.09 0.354384090181
195.16 0.317574917925
195.23 0.301497408149
195.3 0.261705926365
195.37 0.582766703457
195.44 0.641220299228
195.51 0.423074621445
195.58 0.243246858709
195.65 0.213501374906
195.72 0.210128758137
195.79 0.608912149462
195.86 0.708724343641
195.93 0.688199173605
196.0 0.512444938897
196.07 0.514202352557
196.14 0.463247099131
196.21 0.291895278511
196.28 0.630068926046
196.35 0.634992281477
196.42 0.576642457666
196.49 0.449512166076
196.56 0.319728006359
196.63 0.400346467256
196.7 0.63728022114
196.77 0.432936171296
196.84 0.230900896892
196.91 0.182850963625
196.98 0.250462947154
197.05 0.362143077593
197.12 0.595390166616
197.19 0.562615057815
197.26 0.36023643265
197.33 0.1294379666
197.4 0.101114050859
197.47 0.520738369601
197.54 0.679921413078
197.61 0.791539128993
197.68 0.603263113389
197.75 0.540814654592
197.82 0.175884936121
197.89 0.6748887305
197.96 0.595558699803
198.03 0.731415911307
198.1 0.689689942352
198.17 0.588109923763
198.24 0.764236319311
198.31 0.637176059593
198.38 0.654756675384
198.45 0.581616563461
198.52 0.619748659683
198.59 0.42829783767
198.66 0.565717553981
198.73 0.676494699779
198.8 0.581039431812
198.87 0.313486494816
198.94 0.143112325981
199.01 0.39012793211
199.08 0.756862590823
199.15 0.737907750995
199.22 0.543127830737
199.29 0.424718111441
199.36 0.5478057503
199.43 0.621294514227
199.5 0.383328051316
199.57 0.0344907132264
199.64 0.0760122835136
199.71 0.558465878477
199.78 0.567943703276
199.85 0.561090972223
199.92 0.55435735899
199.99 0.459964947165
200.06 0.162358018164
200.13 0.250969056645
200.2 0.416087842812
200.27 0.624182838389
200.34 0.549866155731
200.41 0.568811194686
200.48 0.567557027764
200.55 0.373367702351
200.62 0.458395249272
200.69 0.567159043004
200.76 0.465853852701
200.83 0.353033338264
200.9 0.342534821471
200.97 0.35345312971
201.04 0.545193430324
201.11 0.506758398424
201.18 0.559131808475
201.25 0.624148175325
201.32 0.708445886687
201.39 0.658679413781
201.46 0.702004075301
201.53 0.716989223313
201.6 0.608638018762
201.67 0.542858078304
201.74 0.419768834182
201.81 0.369320664214
201.88 0.687091095771
201.95 0.487984594269
202.02 0.325042801077
202.09 0.161562957341
202.16 0.093769556711
202.23 0.333680075136
202.3 0.75591031626
202.37 0.773384466635
202.44 0.705379039791
202.51 0.498571592234
202.58 0.410195575812
202.65 0.537350891752
202.72 0.710634651927
202.79 0.701516735347
202.86 0.452427315664
202.93 0.537256599407
203.0 0.374931479946
203.07 0.522541219126
203.14 0.44371862884
203.21 0.432131256568
203.28 0.234303385414
203.35 0.206554467771
203.42 0.662827445775
203.49 0.656542311681
203.56 0.527040447678
203.63 0.509333656621
203.7 0.464180525628
203.77 0.379061005527
203.84 0.457116971797
203.91 0.400339206859
203.98 0.292531536649
204.05 0.346134055617
204.12 0.427665757906
204.19 0.566927518052
204.26 0.544309440609
204.33 0.592251849844
204.4 0.409269369937
204.47 0.349402324204
204.54 0.45206685468
204.61 0.420949169227
204.68 0.307925938895
204.75 0.515691441592
204.82 0.614282881561
204.89 0.574807005198
204.96 0.825967486848
205.03 0.709506171757
205.1 0.479245542079
205.17 0.120626279851
205.24 0.109958949409
205.31 0.405865691237
205.38 0.46707438662
205.45 0.341801912048
205.52 0.348900189114
205.59 0.423661955791
205.66 0.489958619443
205.73 0.594230735679
205.8 0.453483538624
205.87 0.417143691483
205.94 0.340960776927
206.01 0.300207031033
206.08 0.484606373359
206.15 0.333819219984
206.22 0.236810923766
206.29 0.290470880332
206.36 0.316661096232
206.43 0.485912421673
206.5 0.711692392442
206.57 0.613548780939
206.64 0.592382475786
206.71 0.347066509166
206.78 0.251568071469
206.85 0.693892066797
206.92 0.644317477834
206.99 0.451522163816
207.06 0.511660128705
207.13 0.686824320314
207.2 0.626299956296
207.27 0.662846398887
207.34 0.538562411112
207.41 0.596652414924
207.48 0.533114984384
207.55 0.573545821626
207.62 0.428508805267
207.69 0.314052897518
207.76 0.121725595033
207.83 0.104189680805
207.9 0.348095050017
207.97 0.658943409094
208.04 0.430521833017
208.11 0.184922176532
208.18 0.172732779824
208.25 0.114865932998
208.32 0.610638835706
208.39 0.663292648608
208.46 0.558921465033
208.53 0.505319399904
208.6 0.608024711595
208.67 0.613461515442
208.74 0.697303010993
208.81 0.51591480765
208.88 0.542579094081
208.95 0.532595677881
209.02 0.529682108059
209.09 0.449054232818
209.16 0.247372084552
209.23 0.123356794673
209.3 0.0698620261469
209.37 0.0524237993842
209.44 0.0599468570603
209.51 0.0665182888053
209.58 0.101898846773
209.65 0.0900845287284
209.72 0.0149989151271
209.79 0.0286183722868
209.86 0.0630580373494
209.93 0.0720655426686
210.0 0.0563344789349
210.07 0.0629826716001
210.14 0.0728594377896
210.21 0.102529150958
210.28 0.0740220659936
210.35 0.109401990627
210.42 0.0670944556647
210.49 0.0791609885987
210.56 0.069414469983
210.63 0.428274099366
210.7 0.509192488367
210.77 0.430333178976
210.84 0.396599299092
210.91 0.321951188877
210.98 0.337208578805
211.05 0.505057861437
211.12 0.397279954875
211.19 0.155142380498
211.26 0.0910958583908
211.33 0.0621731470967
211.4 0.447152993143
211.47 0.69475562664
211.54 0.591597098551
211.61 0.274359630467
211.68 0.228954180559
211.75 0.219317561233
211.82 0.510509494076
211.89 0.484271252882
211.96 0.258109839512
212.03 0.123048847395
212.1 0.138115636366
212.17 0.270851247653
212.24 0.403956286548
212.31 0.441843174331
212.38 0.33193192386
212.45 0.218105118898
212.52 0.452383508519
212.59 0.527393815523
212.66 0.514308098971
212.73 0.26347445652
212.8 0.0805437142034
212.87 0.373499361413
212.94 0.638727074637
213.01 0.534201186182
213.08 0.455438483203
213.15 0.470706945771
213.22 0.455781862521
213.29 0.70550925269
213.36 0.837544861414
213.43 0.684849288537
213.5 0.519672761872
213.57 0.478026427808
213.64 0.623232613748
213.71 0.757223422017
213.78 0.735819604303
213.85 0.701204979904
213.92 0.636546618211
213.99 0.63029342925
214.06 0.826455866041
214.13 0.74216235141
214.2 0.684327516008
214.27 0.236342625652
214.34 0.404332721627
214.41 0.804005609921
214.48 0.783302944154
214.55 0.683046121835
214.62 0.45389594321
214.69 0.407920950445
214.76 0.633196912638
214.83 0.793635020516
214.9 0.658893433825
214.97 0.292976373862
215.04 0.433903108413
215.11 0.580140627585
215.18 0.73509620917
215.25 0.763950506093
215.32 0.648919394234
215.39 0.580777339561
215.46 0.570867038275
215.53 0.956467696652
215.6 0.953517066072
215.67 0.928952964781
215.74 0.777229380396
215.81 0.928751243251
215.88 0.729037639421
215.95 0.788339206447
216.02 0.884395528961
216.09 0.755733434484
216.16 0.93490421855
216.23 0.811410203507
216.3 0.815431337153
216.37 0.855772078782
216.44 0.65441149193
216.51 0.904807175117
216.58 0.808325915955
216.65 0.753409596704
216.72 0.840983892605
216.79 0.709236977188
216.86 0.675101784734
216.93 0.623940579391
217.0 0.808522624864
217.07 0.750322835986
217.14 0.658088207019
217.21 0.285073587972
217.28 0.364151136575
217.35 0.615991086889
217.42 0.754006422904
217.49 0.754339176282
217.56 0.568334311376
217.63 0.45499320847
217.7 0.601030523666
217.77 0.816786385748
217.84 0.772032618367
217.91 0.422762780334
217.98 0.429941203242
218.05 0.527320095831
218.12 0.761473547278
218.19 0.740244240161
218.26 0.670781937639
218.33 0.601765362668
218.4 0.550383281769
218.47 0.993447102204
218.54 0.839726776243
218.61 0.956540608614
218.68 0.810828433527
218.75 0.704066487819
218.82 0.873523707045
218.89 0.629055168093
218.96 0.846541566397
219.03 0.765151843153
219.1 0.683117269435
219.17 0.856859926638
219.24 0.711257950681
219.31 0.802804427881
219.38 0.82408634253
219.45 0.600101903778
219.52 0.793239506882
219.59 0.751080485218
219.66 0.702137121375
219.73 0.807308336579
219.8 0.67821926675
219.87 0.763325789732
219.94 0.800921129615
220.01 0.782598780555
220.08 0.574530595107
220.15 0.224813231505
220.22 0.110227531041
220.29 0.0749913294152
220.36 0.053077102473
220.43 0.0367314322679
220.5 0.0272924754228
220.57 0.0227827851277
220.64 0.01961372768
220.71 0.0158760156752
220.78 0.0137428808379
220.85 0.0108250133184
220.92 0.009750340038
220.99 0.0065903134668
221.06 0.00546959240507
221.13 0.00425071270214
221.2 0.0035296132786
221.27 0.00304722883333
221.34 0.00209579565603
221.41 0.00195225010396
221.48 0.00170917725612
221.55 0.001496996023
221.62 0.00140017136106
221.69 0.00112600190627
221.76 0.0010183820069
221.83 0.000563351275671
221.9 0.000422559350535
221.97 0.000732572869079
222.04 0.000501742442599
222.11 0.0514855917751
222.18 0.804014410309
222.25 0.779561776857
222.32 0.761705657631
222.39 0.75950080815
222.46 0.68978096298
222.53 0.591564450735
222.6 0.316544190491
222.67 0.68562611933
222.74 0.650534913499
222.81 0.643837630805
222.88 0.58562911191
222.95 0.200791041956
223.02 0.439075716034
223.09 0.708654092499
223.16 0.846704053843
223.23 0.795425459343
223.3 0.795671582598
223.37 0.798817760465
223.44 0.471870007416
223.51 0.528409776378
223.58 0.608235485419
223.65 0.677009510731
223.72 0.592295040992
223.79 0.219208780731
223.86 0.161519062488
223.93 0.242843457462
224.0 0.632661063976
224.07 0.821498721568
224.14 0.794486737723
224.21 0.766812941063
224.28 0.791595525313
224.35 0.728374659884
224.42 0.810066895562
224.49 0.7750193286
224.56 0.790396147407
224.63 0.810570238168
224.7 0.77564759612
224.77 0.802999629434
224.84 0.802476468873
224.91 0.772026869406
224.98 0.808928665513
225.05 0.795908215018
225.12 0.821848829934
225.19 0.799443892395
225.26 0.764300328898
225.33 0.832651590888
225.4 0.715714868226
225.47 0.670577801076
225.54 0.664336461889
225.61 0.631860113451
225.68 0.55139949555
225.75 0.445610079881
225.82 0.0304180887964
225.89 0.0135049746101
225.96 0.0107900973289
226.03 0.00775028901023
226.1 0.0058062212577
226.17 0.00396351451251
226.24 0.00247468044371
226.31 0.00172768264896
226.38 0.00147676808353
226.45 0.00127827645571
226.52 0.000945966717913
226.59 0.00101307770554
226.66 0.00111500167661
226.73 0.00110768620773
226.8 0.00116563577656
226.87 0.00114611970065
226.94 0.00105746719153
227.01 0.00126648583313
227.08 0.0219963247994
227.15 0.681103571636
227.22 0.734653577919
227.29 0.791775247403
227.36 0.856588841245
227.43 0.879161444069
227.5 0.875458218692
227.57 0.833828516535
227.64 0.820566152775
227.71 0.812875084081
227.78 0.918279700784
227.85 0.858899026135
227.92 0.861577979803
227.99 0.913059489072
228.06 0.923761887462
228.13 0.897607086264
228.2 0.955804850716
228.27 0.918908364011
228.34 0.867685386656
228.41 0.938588516311
228.48 0.872992540568
228.55 0.908202543984
228.62 0.963450794604
228.69 0.944107293593
228.76 0.891629257956
228.83 0.95818357746
228.9 0.966077190712
228.97 0.867520574945
229.04 0.930747838987
229.11 0.923276706556
229.18 0.902754386014
229.25 0.94505473911
229.32 0.920151511326
229.39 0.913163347721
229.46 0.918846248306
229.53 0.893314043177
229.6 0.855723706736
229.67 0.939467705536
229.74 0.964960276795
229.81 0.924117552036
229.88 0.92013871104
229.95 0.911933911428
230.02 0.899667807852
230.09 0.903693339143
230.16 0.888257159277
230.23 0.902545400008
230.3 0.899575620502
230.37 0.955266047515
230.44 0.919127447669
230.51 0.887279324937
230.58 0.948764008188
230.65 0.956206236716
230.72 0.878114258105
230.79 0.924743232167
230.86 0.937690347457
230.93 0.845023873298
231.0 0.881565260434
231.07 0.922153926393
231.14 0.945604655746
231.21 0.843638084028
231.28 0.871724379102
231.35 0.917653090538
231.42 0.866006871545
231.49 0.911227578584
231.56 0.933229751271
231.63 0.91312091229
231.7 0.932532646137
231.77 0.942192300061
231.84 0.895311124367
231.91 0.829480974071
231.98 0.91950327491
232.05 0.900296753581
232.12 0.875383670872
232.19 0.867430427318
232.26 0.87240979764
232.33 0.834560299011
232.4 0.882164417018
232.47 0.836123271935
232.54 0.772357601418
232.61 0.789233959784
232.68 0.805554072252
232.75 0.870039832529
232.82 0.784531365684
232.89 0.772785636406
232.96 0.789901588872
233.03 0.728417101434
233.1 0.875242759623
233.17 0.818342703054
233.24 0.806179674873
233.31 0.883859988298
233.38 0.752530135176
233.45 0.8417729648
233.52 0.834342155665
233.59 0.673523041687
233.66 0.934414308544
233.73 0.765456878726
233.8 0.728565292456
233.87 0.777362896627
233.94 0.686792870835
234.01 0.84015504172
234.08 0.8283096903
234.15 0.702984897836
234.22 0.854363175364
234.29 0.742352485271
234.36 0.77815965246
234.43 0.845925987997
234.5 0.670833881241
234.57 0.878932567698
234.64 0.837170708785
234.71 0.678825374713
234.78 0.941503705674
234.85 0.770231606633
234.92 0.75360167748
234.99 0.904418164121
235.06 0.726932540586
235.13 0.841489667581
235.2 0.850236661435
235.27 0.673560718442
235.34 0.89120357069
235.41 0.758188377542
235.48 0.790750504518
235.55 0.914817768595
235.62 0.695944550961
235.69 0.849306724906
235.76 0.922383227027
235.83 0.679484321717
235.9 0.913437019483
235.97 0.841131274877
236.04 0.758128193456
236.11 0.961029405
236.18 0.781904871668
236.25 0.826389744319
236.32 0.884231282254
236.39 0.687269494081
236.46 0.903059997809
236.53 0.726498724
236.6 0.719946540108
236.67 0.992087827302
236.74 0.985089127505
236.81 0.902424500488
236.88 0.925971955576
236.95 0.874147845145
237.02 0.770607053467
237.09 0.414132824803
237.16 0.603565845094
237.23 0.640140027926
237.3 0.497791586612
237.37 0.174294576847
237.44 0.256637463974
237.51 0.270572940618
237.58 0.146676242313
237.65 0.124053978337
237.72 0.146838449296
237.79 0.0953985503906
237.86 0.072520992563
237.93 0.442622589454
238.0 0.626214569384
238.07 0.628366582884
238.14 0.600293935601
238.21 0.531405305356
238.28 0.364760049158
238.35 0.157554504657
238.42 0.115018902073
238.49 0.0922821157735
238.56 0.0662737463366
238.63 0.0519986067504
238.7 0.0409062917268
238.77 0.0353773148073
238.84 0.031995378541
238.91 0.0237984206467
238.98 0.0195756592976
239.05 0.0163242582061
239.12 0.0139192832785
239.19 0.0123247333923
239.26 0.00380322996829
239.33 0.0
239.4 0.0
239.47 0.0
239.54 0.0
239.61 0.0
239.68 0.0
239.75 0.0
239.82 0.0
239.89 0.0
239.96 0.0
240.03 0.0
240.1 0.0
240.17 0.0
240.24 0.0
240.31 0.0
240.38 0.0
240.45 0.0
240.52 0.0
240.59 0.0
240.66 0.0
240.73 0.0
240.8 0.0
240.87 0.0
240.94 0.0
241.01 0.0
241.08 0.0
241.15 0.0
241.22 0.0
241.29 0.0
241.36 0.0
241.43 0.0
241.5 0.0
241.57 0.0
241.64 0.0
241.71 0.0
241.78 0.0
241.85 0.0
241.92 0.0
241.99 0.0
242.06 0.0
242.13 0.0
242.2 0.0
242.27 0.0
242.34 0.0
242.41 0.0
242.48 0.0
242.55 0.0
242.62 0.0
242.69 0.0
242.76 0.0
242.83 0.0
242.9 0.0
242.97 0.0
243.04 0.0
243.11 0.0
243.18 0.0
243.25 0.0
243.32 0.0
243.39 0.0
243.46 0.0
243.53 0.0
243.6 0.0
243.67 0.0
243.74 0.0
243.81 0.0
243.88 0.0
243.95 0.0
244.02 0.0
244.09 0.0
244.16 0.0
244.23 0.0
244.3 0.0
244.37 0.0
244.44 0.0
244.51 0.0
244.58 0.0
244.65 0.0
244.72 0.0
244.79 0.0
244.86 0.0
244.93 0.0
245.0 0.0
245.07 0.0
245.14 0.0
245.21 0.0
245.28 0.0
245.35 0.0
245.42 0.0
245.49 0.0
245.56 0.0
245.63 0.0
245.7 0.0
245.77 0.0
245.84 0.0
245.91 0.0
245.98 0.0
246.05 0.0
246.12 0.0
246.19 0.0
246.26 0.0
246.33 0.0
246.4 0.0
246.47 0.0
246.54 0.0
246.61 0.0
246.68 0.0
246.75 0.0
246.82 0.0
246.89 0.0
246.96 0.0
247.03 0.0
247.1 0.0
247.17 0.0
247.24 0.0
247.31 0.0
247.38 0.0
247.45 0.0
247.52 0.0
247.59 0.0
247.66 0.0
247.73 0.0
247.8 0.0
247.87 0.0
247.94 0.0
248.01 0.0
248.08 0.0
248.15 0.0
248.22 0.0
