0.0 0
30.6188926018 0
31.8118364695 1
48.2659525035 1
48.3094083157 0.0
51.0800929027 0.0
51.0800929027 1.0
53.8908594661 1
53.9180117728 0
56.4377889331 0.0
56.4377889331 1.0
76.3394510367 1.0
76.4584039994 0.0
79.1236399455 0.0
79.2943115876 1.0
81.8052534734 1.0
81.9759251155 0.0
84.7124179088 0.0
84.963253504 1
125.607043082 1.0
125.882445049 0
128.489066492 0
128.838167578 1
131.33908897 1.0
131.509760612 0.0
133.875890196 0.0
134.069835243 1.0
153.277128655 1.0
153.516592991 0.0
156.012548191 0.0
156.374814752 1.0
158.709762592 1.0
158.903176094 0.0
161.472812628 0.0
161.703066798 1.0
181.32219279 1.0
181.345630947 0.0
184.035810541 0.0
184.153001327 1.0
186.831244822 1.0
186.918052812 0.0
189.466735382 0.0
189.481060724 1.0
191.106468038 1
193.768338922 0
203.993401361 0
