0.0 0.0
0.07 0.0
0.14 0.0
0.21 0.0
0.28 0.0
0.35 0.0
0.42 0.0
0.49 0.0
0.56 0.0
0.63 0.0
0.7 0.0
0.77 0.0
0.84 0.0
0.91 0.0
0.98 0.0
1.05 0.0
1.12 0.0
1.19 0.0
1.26 0.0
1.33 0.0
1.4 0.0
1.47 0.0
1.54 0.0
1.61 0.0
1.68 0.0
1.75 0.0
1.82 0.0
1.89 0.0
1.96 0.0
2.03 0.0
2.1 0.0
2.17 0.0
2.24 0.0
2.31 0.0
2.38 0.0
2.45 0.0
2.52 0.0
2.59 0.0
2.66 0.0
2.73 0.0
2.8 0.0
2.87 0.0
2.94 0.0
3.01 0.0
3.08 0.0
3.15 0.0
3.22 0.0
3.29 0.0
3.36 0.0
3.43 0.0
3.5 0.0
3.57 0.0
3.64 0.0
3.71 0.0
3.78 0.0
3.85 0.0
3.92 0.0
3.99 0.279448039354
4.06 0.397859873646
4.13 0.266286642249
4.2 0.230494211792
4.27 0.190704962126
4.34 0.163033040446
4.41 0.271354581443
4.48 0.201266709953
4.55 0.100937078703
4.62 0.0559511502215
4.69 0.0552372477856
4.76 0.374187828531
4.83 0.433149598802
4.9 0.303151343158
4.97 0.206942207488
5.04 0.170425017419
5.11 0.130375732134
5.18 0.315392381178
5.25 0.180237382436
5.32 0.0907911965837
5.39 0.0438992246958
5.46 0.0280198305313
5.53 0.360910643982
5.6 0.335296457279
5.67 0.224689139012
5.74 0.179409894487
5.81 0.141849108554
5.88 0.12725124935
5.95 0.363742175071
6.02 0.13553089705
6.09 0.081642051997
6.16 0.0554840797474
6.23 0.047084151638
6.3 0.384056225926
6.37 0.407372718801
6.44 0.280347256351
6.51 0.177859470645
6.58 0.136158785617
6.65 0.209376672437
6.72 0.287249610892
6.79 0.0932618527816
6.86 0.0794138199412
6.93 0.0531553371259
7.0 0.0419072070236
7.07 0.289178776541
7.14 0.322345970187
7.21 0.217343489689
7.28 0.178770719049
7.35 0.144118890152
7.42 0.199195117869
7.49 0.307360171366
7.56 0.0980767185729
7.63 0.0740378838518
7.7 0.0634335587835
7.77 0.0524978908207
7.84 0.385507956982
7.91 0.323771052349
7.98 0.225659879121
8.05 0.157301605581
8.12 0.124562724882
8.19 0.228419083155
8.26 0.321745625542
8.33 0.102929274589
8.4 0.074410877276
8.47 0.0333881509538
8.54 0.0254972091888
8.61 0.352466885195
8.68 0.271359921914
8.75 0.201610523849
8.82 0.157361586383
8.89 0.137321030244
8.96 0.253299930245
9.03 0.26026955849
9.1 0.0928299082343
9.17 0.067826945134
9.24 0.0536861289107
9.31 0.0460608503586
9.38 0.457849909439
9.45 0.294955796499
9.52 0.222870022324
9.59 0.149820543522
9.66 0.120117648628
9.73 0.478475961058
9.8 0.451298863671
9.87 0.351163833897
9.94 0.29231253832
10.01 0.323574805365
10.08 0.44292356668
10.15 0.658096880407
10.22 0.555720222845
10.29 0.434180804851
10.36 0.292604757359
10.43 0.284348206159
10.5 0.294425889843
10.57 0.275521260122
10.64 0.0815318268026
10.71 0.0643091149371
10.78 0.0575106392015
10.85 0.0441309461131
10.92 0.402438780493
10.99 0.250531431374
11.06 0.175760108901
11.13 0.117828093226
11.2 0.0915360270231
11.27 0.258068880258
11.34 0.197139917488
11.41 0.0645053876626
11.48 0.0418813383101
11.55 0.0688709528691
11.62 0.228410667507
11.69 0.503527028006
11.76 0.372686880783
11.83 0.342808821589
11.9 0.358312519421
11.97 0.360909398466
12.04 0.424096360926
12.11 0.289188645621
12.18 0.123182089225
12.25 0.100638059819
12.32 0.182559685601
12.39 0.291339463611
12.46 0.524705215475
12.53 0.374889543128
12.6 0.297502001459
12.67 0.298493725245
12.74 0.327529811673
12.81 0.508536556658
12.88 0.540565905118
12.95 0.376822661161
13.02 0.352648504792
13.09 0.366346790572
13.16 0.443761723691
13.23 0.516778937887
13.3 0.365146598301
13.37 0.206874725868
13.44 0.160835538378
13.51 0.18534333858
13.58 0.381922401606
13.65 0.358218971072
13.72 0.144883928049
13.79 0.0670965717887
13.86 0.0450844450332
13.93 0.152698412162
14.0 0.461557450136
14.07 0.28906847412
14.14 0.281092696678
14.21 0.254849158074
14.28 0.224614079348
14.35 0.347259832361
14.42 0.359522558991
14.49 0.18877790336
14.56 0.157650185703
14.63 0.11835731079
14.7 0.213949007158
14.77 0.471375783333
14.84 0.297643816028
14.91 0.193115962267
14.98 0.23312862859
15.05 0.238994446512
15.12 0.447306598813
15.19 0.404896981531
15.26 0.133362513126
15.33 0.0830907831215
15.4 0.0196824554424
15.47 0.146510439254
15.54 0.565391171304
15.61 0.148350715852
15.68 0.220680522053
15.75 0.372017456534
15.82 0.275168216735
15.89 0.643263474131
15.96 0.630812686467
16.03 0.312621898194
16.1 0.457320777022
16.17 0.40393205317
16.24 0.390106530705
16.31 0.499349038695
16.38 0.358742852124
16.45 0.258178050031
16.52 0.250044135621
16.59 0.220127344643
16.66 0.330756618842
16.73 0.213669328425
16.8 0.119849353792
16.87 0.0287218322501
16.94 0.302514534003
17.01 0.294391702508
17.08 0.523348173336
17.15 0.406998166997
17.22 0.321755058989
17.29 0.323100873662
17.36 0.375355928469
17.43 0.482468378389
17.5 0.33762402567
17.57 0.291972910467
17.64 0.2071961779
17.71 0.182765971958
17.78 0.284420677764
17.85 0.441524874012
17.92 0.338173500194
17.99 0.231257267556
18.06 0.251615382747
18.13 0.318695212346
18.2 0.400945836522
18.27 0.309663989807
18.34 0.262599267426
18.41 0.268683151632
18.48 0.332187195928
18.55 0.353953759999
18.62 0.529157990562
18.69 0.43007990684
18.76 0.340917195674
18.83 0.311196582374
18.9 0.440960138451
18.97 0.436394431301
19.04 0.336974618784
19.11 0.277225498257
19.18 0.347908530352
19.25 0.30375541643
19.32 0.331089842882
19.39 0.490376062344
19.46 0.436892910955
19.53 0.354721873073
19.6 0.259447892189
19.67 0.26362406174
19.74 0.355274484159
19.81 0.309344224864
19.88 0.151690942202
19.95 0.169389146131
20.02 0.0759484558675
20.09 0.130147402718
20.16 0.355095894196
20.23 0.357808568605
20.3 0.282955236132
20.37 0.205970407998
20.44 0.1272760369
20.51 0.255181736584
20.58 0.118422123165
20.65 0.0463075239082
20.72 0.0414762208702
20.79 0.0232152595533
20.86 0.0998272031716
20.93 0.45033821244
21.0 0.309466398299
21.07 0.234456178336
21.14 0.18588457765
21.21 0.167526422523
21.28 0.357342323854
21.35 0.321262597018
21.42 0.271804489934
21.49 0.214697906811
21.56 0.224126110343
21.63 0.258288794025
21.7 0.514467367149
21.77 0.334051422472
21.84 0.222731298774
21.91 0.486029625412
21.98 0.444190901966
22.05 0.510825323959
22.12 0.426946026252
22.19 0.244962640303
22.26 0.195441659413
22.33 0.183034722229
22.4 0.230534874226
22.47 0.476450112479
22.54 0.408998833975
22.61 0.305724785117
22.68 0.242435541835
22.75 0.183198344219
22.82 0.325910023086
22.89 0.157916260788
22.96 0.10956925891
23.03 0.0525705327187
23.1 0.0208682975478
23.17 0.235266189458
23.24 0.248389494369
23.31 0.102738637377
23.38 0.078141233291
23.45 0.0562545729644
23.52 0.0513361828152
23.59 0.240454488268
23.66 0.106651480296
23.73 0.0354397236955
23.8 0.019116242688
23.87 0.10084270463
23.94 0.325071107676
24.01 0.47364776488
24.08 0.416637654791
24.15 0.352832603539
24.22 0.389690726381
24.29 0.358937101134
24.36 0.333732196131
24.43 0.196352925639
24.5 0.24278973569
24.57 0.335269447997
24.64 0.444481014123
24.71 0.566073066554
24.78 0.614845395309
24.85 0.497656592368
24.92 0.119075864604
24.99 0.0727961895623
25.06 0.255858954713
25.13 0.564733283425
25.2 0.377694726306
25.27 0.259614419063
25.34 0.0432210956967
25.41 0.0727773286088
25.48 0.310842333074
25.55 0.482339781339
25.62 0.378161099766
25.69 0.283424888725
25.76 0.178398626595
25.83 0.270029104917
25.9 0.257171106792
25.97 0.159834484114
26.04 0.0543596203924
26.11 0.0267329055961
26.18 0.0204830331179
26.25 0.204527498522
26.32 0.206815160897
26.39 0.129830053562
26.46 0.0697447763891
26.53 0.0629019551361
26.6 0.18170712892
26.67 0.288811767138
26.74 0.148053211785
26.81 0.0305747640038
26.88 0.0866636556202
26.95 0.122021462383
27.02 0.252090528284
27.09 0.401200137619
27.16 0.41339435493
27.23 0.311654664935
27.3 0.246578391358
27.37 0.268334389336
27.44 0.272789479221
27.51 0.182552909519
27.58 0.215306777993
27.65 0.269087500773
27.72 0.241555078863
27.79 0.562531100277
27.86 0.531301264171
27.93 0.319992089528
28.0 0.432948013327
28.07 0.0743212912122
28.14 0.400001931441
28.21 0.482977982541
28.28 0.237154409512
28.35 0.073504937661
28.42 0.06959789659
28.49 0.230816006391
28.56 0.671902359768
28.63 0.60197008471
28.7 0.47613558108
28.77 0.514151012029
28.84 0.41194023185
28.91 0.282840670443
28.98 0.311683596945
29.05 0.207998917902
29.12 0.338492055263
29.19 0.427089628898
29.26 0.433421279699
29.33 0.563243260178
29.4 0.483679847629
29.47 0.447661149096
29.54 0.278560206255
29.61 0.162177646206
29.68 0.497980509691
29.75 0.426574163495
29.82 0.353139695504
29.89 0.150311627307
29.96 0.21847450929
30.03 0.352748900508
30.1 0.801798966259
30.17 0.705461879069
30.24 0.60115231733
30.31 0.577702296825
30.38 0.551891102759
30.45 0.462017633639
30.52 0.429768268444
30.59 0.478287878244
30.66 0.447570081878
30.73 0.514807218759
30.8 0.516133721004
30.87 0.633210534434
30.94 0.440612833546
31.01 0.30920623595
31.08 0.21500569777
31.15 0.24874415356
31.22 0.536317089709
31.29 0.365905606633
31.36 0.200766481824
31.43 0.143004390965
31.5 0.103697247071
31.57 0.195227812834
31.64 0.392688986318
31.71 0.252870625241
31.78 0.243374132186
31.85 0.228333130671
31.92 0.205294215588
31.99 0.306731478857
32.06 0.205213878817
32.13 0.149351516657
32.2 0.0610416492941
32.27 0.0460766777183
32.34 0.204216844262
32.41 0.522618623734
32.48 0.401012761719
32.55 0.305655596605
32.62 0.307447197092
32.69 0.335533392438
32.76 0.328255060383
32.83 0.218904400419
32.9 0.0907741692515
32.97 0.139666322981
33.04 0.306793905147
33.11 0.414063741556
33.18 0.494719059751
33.25 0.460591199033
33.32 0.34647139104
33.39 0.292274824334
33.46 0.24521862651
33.53 0.225524244608
33.6 0.232777967327
33.67 0.194883943494
33.74 0.0652808728443
33.81 0.0435724896164
33.88 0.0377459163392
33.95 0.180124307802
34.02 0.173297799046
34.09 0.174419012931
34.16 0.174760030851
34.23 0.22585723301
34.3 0.32391939152
34.37 0.374599322062
34.44 0.328000103855
34.51 0.345390649494
34.58 0.369618289786
34.65 0.411776358382
34.72 0.503004101387
34.79 0.33530296208
34.86 0.270825908421
34.93 0.247702234886
35.0 0.171553696479
35.07 0.313331725476
35.14 0.197876835237
35.21 0.166556068544
35.28 0.138510929682
35.35 0.108389786956
35.42 0.0876457083408
35.49 0.34386535379
35.56 0.224941329267
35.63 0.180106215148
35.7 0.201399138599
35.77 0.138759983375
35.84 0.314399188118
35.91 0.180555404844
35.98 0.0633799322908
36.05 0.205250978956
36.12 0.19273178296
36.19 0.239653665053
36.26 0.575803098806
36.33 0.471284520079
36.4 0.383197918882
36.47 0.381486526456
36.54 0.390566686486
36.61 0.400052698593
36.68 0.272665177122
36.75 0.174326468519
36.82 0.245977931865
36.89 0.249325908532
36.96 0.296148749332
37.03 0.569668546455
37.1 0.402949925204
37.17 0.306982560226
37.24 0.31030869185
37.31 0.257827951131
37.38 0.552795373106
37.45 0.325790546618
37.52 0.198131377913
37.59 0.339591069658
37.66 0.419228284474
37.73 0.34776628609
37.8 0.552977188737
37.87 0.549236743845
37.94 0.372313346777
38.01 0.314623878014
38.08 0.28582037239
38.15 0.500088576186
38.22 0.443603616427
38.29 0.280004986975
38.36 0.202517017907
38.43 0.28363569577
38.5 0.220936882509
38.57 0.438857343122
38.64 0.358379420857
38.71 0.358824135408
38.78 0.354650686587
38.85 0.343869878438
38.92 0.384730622338
38.99 0.496820910548
39.06 0.213026719403
39.13 0.0488410222289
39.2 0.0641050780332
39.27 0.366649092548
39.34 0.643200299342
39.41 0.446275392764
39.48 0.241534077365
39.55 0.146044634097
39.62 0.23092136635
39.69 0.40821032533
39.76 0.297444355257
39.83 0.0837647755819
39.9 0.0758707645803
39.97 0.0842387765901
40.04 0.392629936188
40.11 0.565796207558
40.18 0.493739531725
40.25 0.467617075493
40.32 0.51552974872
40.39 0.455904057044
40.46 0.712975275038
40.53 0.531533967744
40.6 0.274365504455
40.67 0.0967323098078
40.74 0.11382366033
40.81 0.732947250572
40.88 0.693477201505
40.95 0.45606464148
41.02 0.405943296144
41.09 0.361073994691
41.16 0.362289354931
41.23 0.435555573315
41.3 0.203767347642
41.37 0.149950285101
41.44 0.129680231256
41.51 0.135833404962
41.58 0.576135489201
41.65 0.456212844021
41.72 0.303526762269
41.79 0.218152108764
41.86 0.495558232581
41.93 0.596802432952
42.0 0.376124740537
42.07 0.47966980496
42.14 0.554774684139
42.21 0.46060310767
42.28 0.520859260131
42.35 0.608080277224
42.42 0.502677102947
42.49 0.408599460958
42.56 0.376272105473
42.63 0.317660232126
42.7 0.396544052344
42.77 0.627775267032
42.84 0.371544443622
42.91 0.272865018082
42.98 0.274438742379
43.05 0.362246585615
43.12 0.602764145703
43.19 0.549826510514
43.26 0.398909887184
43.33 0.332658030672
43.4 0.524926626238
43.47 0.671190962226
43.54 0.437514738276
43.61 0.203781963148
43.68 0.294315373566
43.75 0.371102788407
43.82 0.408462208661
43.89 0.528027056108
43.96 0.452855425986
44.03 0.407874439965
44.1 0.301052284377
44.17 0.477326098326
44.24 0.624210679492
44.31 0.646560446027
44.38 0.324520520306
44.45 0.193993243133
44.52 0.144952263115
44.59 0.116445845725
44.66 0.344824115955
44.73 0.282170970953
44.8 0.256990211931
44.87 0.238382515994
44.94 0.469250441986
45.01 0.554447360954
45.08 0.461455397031
45.15 0.249530024642
45.22 0.176375593792
45.29 0.219308003042
45.36 0.47057004736
45.43 0.625164596224
45.5 0.627788397424
45.57 0.561114025852
45.64 0.582035411291
45.71 0.790762312494
45.78 0.796445605889
45.85 0.614546774436
45.92 0.497985885805
45.99 0.418416841702
46.06 0.316502965603
46.13 0.253043874732
46.2 0.368791217668
46.27 0.323017576563
46.34 0.298154499363
46.41 0.36902804986
46.48 0.59336759095
46.55 0.644979910005
46.62 0.549547261474
46.69 0.414885692998
46.76 0.300277731847
46.83 0.222961535076
46.9 0.323031491095
46.97 0.673574772891
47.04 0.673592629907
47.11 0.308500563029
47.18 0.106220119893
47.25 0.173677766568
47.32 0.409278815672
47.39 0.268139053222
47.46 0.0687504586033
47.53 0.0459187942113
47.6 0.103460656459
47.67 0.421703932637
47.74 0.655141659087
47.81 0.4778904933
47.88 0.219837664159
47.95 0.111176065617
48.02 0.345452240161
48.09 0.601200512264
48.16 0.478200351539
48.23 0.199764524609
48.3 0.158728450078
48.37 0.17460625418
48.44 0.363631522163
48.51 0.407514388818
48.58 0.262486929409
48.65 0.229008362707
48.72 0.204253088975
48.79 0.387781566215
48.86 0.162154090311
48.93 0.0772360837568
49.0 0.065993747581
49.07 0.0641569659519
49.14 0.161586156804
49.21 0.414307233
49.28 0.318978342485
49.35 0.229225587427
49.42 0.305675299123
49.49 0.561937650523
49.56 0.520209207716
49.63 0.422380829981
49.7 0.333435917779
49.77 0.273664156187
49.84 0.551963352587
49.91 0.498047250734
49.98 0.581679395695
50.05 0.50694542286
50.12 0.453825080971
50.19 0.487259393242
50.26 0.529609687131
50.33 0.59742708991
50.4 0.330517628285
50.47 0.26418320535
50.54 0.339816638741
50.61 0.407006624228
50.68 0.453606872115
50.75 0.474519843885
50.82 0.319895000666
50.89 0.162258206735
50.96 0.142763451937
51.03 0.326680848968
51.1 0.523063243238
51.17 0.296106181992
51.24 0.161574772907
51.31 0.172897954753
51.38 0.227037641576
51.45 0.501765670389
51.52 0.325482672493
51.59 0.230380261931
51.66 0.215983996122
51.73 0.221799777567
51.8 0.376343713732
51.87 0.201645612153
51.94 0.0783709963374
52.01 0.0557332443289
52.08 0.0953377200155
52.15 0.259218487551
52.22 0.472431955145
52.29 0.324922532866
52.36 0.270826209404
52.43 0.414560884607
52.5 0.533857227323
52.57 0.502888076326
52.64 0.438143646622
52.71 0.390509436314
52.78 0.205058935836
52.85 0.129788177295
52.92 0.553922436361
52.99 0.699170227351
53.06 0.662902574132
53.13 0.475544180785
53.2 0.386087759524
53.27 0.42380328052
53.34 0.415477802188
53.41 0.41501288414
53.48 0.28826563115
53.55 0.300895519656
53.62 0.309723198349
53.69 0.549386981983
53.76 0.555999673861
53.83 0.510870172435
53.9 0.236312056557
53.97 0.174862365137
54.04 0.518077284342
54.11 0.501053195643
54.18 0.431956366767
54.25 0.0852868515586
54.32 0.0947231400538
54.39 0.153171528042
54.46 0.541903428892
54.53 0.545269411087
54.6 0.459415176504
54.67 0.423675744832
54.74 0.443909357929
54.81 0.404104235359
54.88 0.260408763218
54.95 0.218573796121
55.02 0.280383376315
55.09 0.54969539273
55.16 0.612967343339
55.23 0.504782749696
55.3 0.42038442033
55.37 0.378042312392
55.44 0.400852604997
55.51 0.456296287651
55.58 0.540413754153
55.65 0.423251299123
55.72 0.26362743394
55.79 0.352432224604
55.86 0.659554460834
55.93 0.753606915282
56.0 0.565688712994
56.07 0.440598431897
56.14 0.393438173093
56.21 0.360495710926
56.28 0.600138796024
56.35 0.632196399281
56.42 0.476872574075
56.49 0.480247128351
56.56 0.452111441071
56.63 0.445571911871
56.7 0.674157335765
56.77 0.559301433767
56.84 0.449911588563
56.91 0.37830129655
56.98 0.537584153713
57.05 0.763619685603
57.12 0.706731562815
57.19 0.296657149552
57.26 0.155076395238
57.33 0.0906852188167
57.4 0.249019440314
57.47 0.576583684861
57.54 0.433320541416
57.61 0.290898277692
57.68 0.191127320755
57.75 0.394518447323
57.82 0.680213018638
57.89 0.662468825666
57.96 0.458473542658
58.03 0.423493107437
58.1 0.462011124877
58.17 0.477241898277
58.24 0.475105804702
58.31 0.408143138752
58.38 0.29289568732
58.45 0.293514694903
58.52 0.522681073787
58.59 0.716996602597
58.66 0.473476121292
58.73 0.301760727532
58.8 0.236418143232
58.87 0.237846435222
58.94 0.581127172718
59.01 0.356019116583
59.08 0.186717956553
59.15 0.119029376562
59.22 0.116129710403
59.29 0.47906471587
59.36 0.347357479626
59.43 0.240702567726
59.5 0.10950151789
59.57 0.565115268722
59.64 0.491100049697
59.71 0.592352701359
59.78 0.43068758003
59.85 0.325223011122
59.92 0.222409529917
59.99 0.291519901056
60.06 0.697396477939
60.13 0.551756670199
60.2 0.30081006023
60.27 0.22397009214
60.34 0.276774916514
60.41 0.527800197946
60.48 0.525589624891
60.55 0.417383574314
60.62 0.277851163113
60.69 0.260488240602
60.76 0.455731445162
60.83 0.483635112022
60.9 0.362147920551
60.97 0.222708572562
61.04 0.199651495519
61.11 0.266920081184
61.18 0.617347027034
61.25 0.45472394154
61.32 0.291217141665
61.39 0.29939927675
61.46 0.402354210156
61.53 0.700644017306
61.6 0.515870204276
61.67 0.309182450357
61.74 0.344083633931
61.81 0.490982561303
61.88 0.641408560244
61.95 0.541435306957
62.02 0.35554245227
62.09 0.191454287512
62.16 0.394181490696
62.23 0.490345494728
62.3 0.338049974315
62.37 0.270346970892
62.44 0.220993015875
62.51 0.472514081974
62.58 0.455029184043
62.65 0.583905380277
62.72 0.392337542895
62.79 0.250588588479
62.86 0.259766520524
62.93 0.451666500783
63.0 0.671703382154
63.07 0.50111971689
63.14 0.446993887174
63.21 0.476910967254
63.28 0.380569260368
63.35 0.373659246597
63.42 0.619830940353
63.49 0.473072017691
63.56 0.324045594566
63.63 0.22129879698
63.7 0.360315142791
63.77 0.471053830322
63.84 0.329454137828
63.91 0.2714944317
63.98 0.256998766191
64.05 0.265469639207
64.12 0.412156824902
64.19 0.33507885831
64.26 0.278911790269
64.33 0.408524197338
64.4 0.473410982192
64.47 0.643284087519
64.54 0.503031859166
64.61 0.317080338498
64.68 0.306799275321
64.75 0.346791706465
64.82 0.492573505007
64.89 0.548604314787
64.96 0.492964492078
65.03 0.257030624866
65.1 0.391029899623
65.17 0.547302015947
65.24 0.461195943577
65.31 0.245293949534
65.38 0.180080285049
65.45 0.501283002253
65.52 0.546957889188
65.59 0.517147963085
65.66 0.50558693719
65.73 0.413968308101
65.8 0.18491525731
65.87 0.29217550582
65.94 0.5254555745
66.01 0.465548907092
66.08 0.236340697484
66.15 0.149454431128
66.22 0.21097695256
66.29 0.605413976009
66.36 0.589972654964
66.43 0.478550327669
66.5 0.223711775293
66.57 0.181973205985
66.64 0.505582464025
66.71 0.662991013687
66.78 0.509984325429
66.85 0.349310056618
66.92 0.220994516831
66.99 0.289326274147
67.06 0.582624863116
67.13 0.471052077887
67.2 0.372455913803
67.27 0.355048224003
67.34 0.219337513256
67.41 0.680874759895
67.48 0.72960608167
67.55 0.405840942056
67.62 0.375189898614
67.69 0.6026016425
67.76 0.559685506145
67.83 0.446430460494
67.9 0.352210960373
67.97 0.276457412906
68.04 0.189219673424
68.11 0.350766167772
68.18 0.481073135146
68.25 0.327815832834
68.32 0.172567174221
68.39 0.126797576588
68.46 0.153118360944
68.53 0.407415337625
68.6 0.294824959896
68.67 0.220374740949
68.74 0.124171874442
68.81 0.066296289156
68.88 0.577397697871
68.95 0.505301116024
69.02 0.314447985019
69.09 0.153017824637
69.16 0.196006591009
69.23 0.261948329882
69.3 0.365658741008
69.37 0.23880497561
69.44 0.150546758547
69.51 0.145384375975
69.58 0.401740457898
69.65 0.768300039628
69.72 0.569752126716
69.79 0.433273455367
69.86 0.283639984781
69.93 0.291166528964
70.0 0.603076558339
70.07 0.603970856637
70.14 0.329503940646
70.21 0.320397666363
70.28 0.42461454904
70.35 0.523371436169
70.42 0.443610612306
70.49 0.319552897622
70.56 0.373306955668
70.63 0.403579578087
70.7 0.374819974427
70.77 0.591165892939
70.84 0.495708902392
70.91 0.395175901549
70.98 0.355420439227
71.05 0.468918960481
71.12 0.599078162928
71.19 0.495978353637
71.26 0.340632041819
71.33 0.261934423271
71.4 0.241700562655
71.47 0.577940616111
71.54 0.455091436081
71.61 0.306045262914
71.68 0.267341990318
71.75 0.256399282912
71.82 0.535926443224
71.89 0.607208168516
71.96 0.33211442532
72.03 0.180959928238
72.1 0.357956141458
72.17 0.423791126344
72.24 0.4961512368
72.31 0.335220413479
72.38 0.241040443144
72.45 0.196978457825
72.52 0.40727772494
72.59 0.511368671892
72.66 0.441279245983
72.73 0.272340566746
72.8 0.300243019772
72.87 0.350083640854
72.94 0.570193702725
73.01 0.652840430686
73.08 0.42176132934
73.15 0.275822962112
73.22 0.186519149232
73.29 0.511193537295
73.36 0.690072515247
73.43 0.374098513748
73.5 0.184140247365
73.57 0.340709843994
73.64 0.312090126234
73.71 0.55657529036
73.78 0.465677361571
73.85 0.374724568694
73.92 0.32744595023
73.99 0.365398028177
74.06 0.53539202578
74.13 0.462518186514
74.2 0.421332743132
74.27 0.387973837052
74.34 0.357413940034
74.41 0.495951055253
74.48 0.485471656032
74.55 0.413450959572
74.62 0.412011063889
74.69 0.410780640628
74.76 0.532485623142
74.83 0.542919706571
74.9 0.276304323348
74.97 0.159159432272
75.04 0.468558234102
75.11 0.38413699239
75.18 0.401367902088
75.25 0.229433699485
75.32 0.169012786447
75.39 0.128656731961
75.46 0.367069783888
75.53 0.535419969693
75.6 0.421509529175
75.67 0.350184945461
75.74 0.259753716857
75.81 0.251042354308
75.88 0.623045840865
75.95 0.616499606868
76.02 0.447956661129
76.09 0.522003400223
76.16 0.347931789224
76.23 0.47574939984
76.3 0.570518784377
76.37 0.346153612191
76.44 0.159879393974
76.51 0.167834134276
76.58 0.312204212726
76.65 0.839538062953
76.72 0.682477081555
76.79 0.482744641359
76.86 0.370501453685
76.93 0.388224554073
77.0 0.53188298944
77.07 0.384873666581
77.14 0.240714896156
77.21 0.237071910414
77.28 0.228446480546
77.35 0.36140773555
77.42 0.466803397128
77.49 0.3639102128
77.56 0.220482993911
77.63 0.182330781941
77.7 0.339531631417
77.77 0.650256307784
77.84 0.398639481505
77.91 0.217580913946
77.98 0.269918673786
78.05 0.387720027032
78.12 0.455959719134
78.19 0.46779300017
78.26 0.367908184459
78.33 0.325434039945
78.4 0.348372161301
78.47 0.542457283515
78.54 0.415991463673
78.61 0.254518654764
78.68 0.244387796063
78.75 0.222448097349
78.82 0.279889593582
78.89 0.439421443053
78.96 0.373015827692
79.03 0.23200967802
79.1 0.304527194766
79.17 0.295271343716
79.24 0.491090194478
79.31 0.374121859747
79.38 0.306051225154
79.45 0.323597125645
79.52 0.559498645085
79.59 0.916359504736
79.66 0.801641536207
79.73 0.720941666558
79.8 0.652691962805
79.87 0.516336656943
79.94 0.56295559747
80.01 0.467084402563
80.08 0.372103108035
80.15 0.285780300042
80.22 0.259555543185
80.29 0.287711760687
80.36 0.54021220234
80.43 0.396837962434
80.5 0.376476635435
80.57 0.384610054806
80.64 0.461165698726
80.71 0.467097881462
80.78 0.360798060426
80.85 0.252452450675
80.92 0.419916147904
80.99 0.435429031664
81.06 0.456352258644
81.13 0.378082283752
81.2 0.27736477625
81.27 0.23394366732
81.34 0.291617641389
81.41 0.49697523176
81.48 0.377787593482
81.55 0.233302883999
81.62 0.108764313018
81.69 0.14693497407
81.76 0.37814544666
81.83 0.304977338896
81.9 0.274885338076
81.97 0.240981034605
82.04 0.259637945256
82.11 0.486772545004
82.18 0.336953318283
82.25 0.234655714353
82.32 0.362231976049
82.39 0.302495049302
82.46 0.537687095906
82.53 0.448463003969
82.6 0.359497603128
82.67 0.266056992071
82.74 0.320309276312
82.81 0.534573779203
82.88 0.404422919138
82.95 0.326237789825
83.02 0.30060152244
83.09 0.593565142854
83.16 0.54642251137
83.23 0.562680484969
83.3 0.517855897341
83.37 0.441603598938
83.44 0.370105690486
83.51 0.447552698118
83.58 0.655934403279
83.65 0.432430068772
83.72 0.278176684359
83.79 0.358789363929
83.86 0.39125278758
83.93 0.486228856485
84.0 0.410655493004
84.07 0.274093920586
84.14 0.149626197485
84.21 0.109447655759
84.28 0.479676256298
84.35 0.361540948336
84.42 0.206671314692
84.49 0.0795715786987
84.56 0.0677820511143
84.63 0.380186778052
84.7 0.4792945205
84.77 0.361980348158
84.84 0.184434280224
84.91 0.166620851216
84.98 0.553415119286
85.05 0.494220980087
85.12 0.255370744129
85.19 0.305199626866
85.26 0.493879378022
85.33 0.423016229267
85.4 0.49469698897
85.47 0.39479129057
85.54 0.329945530517
85.61 0.295272767446
85.68 0.470870135525
85.75 0.548733682117
85.82 0.350016527542
85.89 0.334775431607
85.96 0.524207272441
86.03 0.603956526272
86.1 0.726134852384
86.17 0.479915553779
86.24 0.316777897911
86.31 0.279707076977
86.38 0.608932010162
86.45 0.846383967303
86.52 0.637036826862
86.59 0.597124009734
86.66 0.51153681853
86.73 0.538013585447
86.8 0.511102216618
86.87 0.487808840044
86.94 0.352604135512
87.01 0.203090153275
87.08 0.169223361815
87.15 0.42434257508
87.22 0.519423336634
87.29 0.313574363474
87.36 0.246340913637
87.43 0.208140603761
87.5 0.325431574655
87.57 0.484254390885
87.64 0.437380392843
87.71 0.306200898948
87.78 0.289392704307
87.85 0.384999451815
87.92 0.649858508988
87.99 0.554262689943
88.06 0.427141083164
88.13 0.341695546136
88.2 0.244299714915
88.27 0.689623676038
88.34 0.579705753839
88.41 0.514889201037
88.48 0.344271795952
88.55 0.321921702691
88.62 0.495770415833
88.69 0.434843817365
88.76 0.210575264745
88.83 0.194666906888
88.9 0.371549685086
88.97 0.352344084052
89.04 0.549142553926
89.11 0.492746447575
89.18 0.316307231479
89.25 0.453468059457
89.32 0.438968978185
89.39 0.684929672821
89.46 0.655825037471
89.53 0.52176031471
89.6 0.571319708579
89.67 0.507293238644
89.74 0.415393198188
89.81 0.373429576617
89.88 0.424412628919
89.95 0.295871624996
90.02 0.271819812355
90.09 0.544621633867
90.16 0.328645360341
90.23 0.193557173928
90.3 0.345521892029
90.37 0.255473151681
90.44 0.494536129294
90.51 0.659417048144
90.58 0.52487111464
90.65 0.189155890729
90.72 0.470481892946
90.79 0.541363241284
90.86 0.59797936437
90.93 0.290966452366
91.0 0.343310150684
91.07 0.478350280773
91.14 0.532792115121
91.21 0.624914209889
91.28 0.507477569069
91.35 0.423662663944
91.42 0.281011896551
91.49 0.307304703331
91.56 0.67812631799
91.63 0.533700723982
91.7 0.286569157194
91.77 0.228094112392
91.84 0.28644206506
91.91 0.315678635997
91.98 0.442051717372
92.05 0.258942757242
92.12 0.226728525895
92.19 0.0909562026997
92.26 0.458555950669
92.33 0.777736440992
92.4 0.475300800229
92.47 0.256984633842
92.54 0.268508141786
92.61 0.879777466649
92.68 0.606949501182
92.75 0.62060817599
92.82 0.577449522425
92.89 0.515572884364
92.96 0.49852952878
93.03 0.794570262768
93.1 0.884057934798
93.17 0.526220982685
93.24 0.338119469751
93.31 0.280697228521
93.38 0.560828176963
93.45 0.702520055461
93.52 0.511689395228
93.59 0.354244446401
93.66 0.361844761169
93.73 0.418042897804
93.8 0.744636671542
93.87 0.74429808723
93.94 0.702628258919
94.01 0.629646816181
94.08 0.547219097057
94.15 0.435914901706
94.22 0.599023023599
94.29 0.581034582763
94.36 0.500968320362
94.43 0.329051590626
94.5 0.172282077791
94.57 0.7732877569
94.64 0.677851886661
94.71 0.556035100771
94.78 0.479747494267
94.85 0.457428861671
94.92 0.488829860188
94.99 0.492641590574
95.06 0.435656877922
95.13 0.439992930934
95.2 0.404917226612
95.27 0.376306021527
95.34 0.669131601544
95.41 0.476442544336
95.48 0.244188157078
95.55 0.182474404389
95.62 0.258868010442
95.69 0.491755012891
95.76 0.441112449809
95.83 0.273542042156
95.9 0.188881077231
95.97 0.213292426179
96.04 0.531307816496
96.11 0.467632912753
96.18 0.351161913149
96.25 0.195210017202
96.32 0.18836097035
96.39 0.28107845146
96.46 0.504316633656
96.53 0.414513450052
96.6 0.229919133895
96.67 0.459559224685
96.74 0.725594169737
96.81 0.635492373181
96.88 0.596768336704
96.95 0.454180726278
97.02 0.580368968328
97.09 0.607364186719
97.16 0.565671481706
97.23 0.660779640651
97.3 0.553002346576
97.37 0.42823974113
97.44 0.492298463791
97.51 0.707162661837
97.58 0.533578437678
97.65 0.421815159788
97.72 0.387427310974
97.79 0.386165722092
97.86 0.398648392192
97.93 0.48961716094
98.0 0.455861372875
98.07 0.229669585163
98.14 0.158309572558
98.21 0.324438011307
98.28 0.765725423439
98.35 0.489192457811
98.42 0.293415574404
98.49 0.311923914205
98.56 0.325069927505
98.63 0.583615036442
98.7 0.371887800102
98.77 0.259490730811
98.84 0.201292885591
98.91 0.270987465111
98.98 0.61887922357
99.05 0.465387968209
99.12 0.334281793425
99.19 0.144976064549
99.26 0.148322466995
99.33 0.355916907047
99.4 0.546466361849
99.47 0.34933823419
99.54 0.248962703002
99.61 0.42039596066
99.68 0.654655529644
99.75 0.561279538887
99.82 0.535739762358
99.89 0.342550108712
99.96 0.345052237455
100.03 0.355194402828
100.1 0.535652423767
100.17 0.712825599264
100.24 0.612689858615
100.31 0.371541346663
100.38 0.347097077678
100.45 0.521239077161
100.52 0.474964427747
100.59 0.386284004527
100.66 0.264677330649
100.73 0.218613432836
100.8 0.400895681236
100.87 0.618119886533
100.94 0.472783572822
101.01 0.245102464818
101.08 0.464428966445
101.15 0.521812327378
101.22 0.606382246867
101.29 0.293135747159
101.36 0.190228232468
101.43 0.530423308072
101.5 0.461079478921
101.57 0.457643716149
101.64 0.355031123405
101.71 0.324455606943
101.78 0.693010873588
101.85 0.396242574111
101.92 0.521793224846
101.99 0.406329404119
102.06 0.263392775957
102.13 0.586993277762
102.2 0.526350692581
102.27 0.631728897134
102.34 0.560630080517
102.41 0.452340047709
102.48 0.427082201346
102.55 0.470093529577
102.62 0.687196325778
102.69 0.428885720372
102.76 0.43808237674
102.83 0.669257574892
102.9 0.975469794372
102.97 0.799390704669
103.04 0.429933666631
103.11 0.392762883633
103.18 0.359688620529
103.25 0.536521673135
103.32 0.998836357385
103.39 0.806580282325
103.46 0.743186514708
103.53 0.664760693885
103.6 0.601689503027
103.67 0.589289324104
103.74 0.586109482194
103.81 0.515735013318
103.88 0.473086171821
103.95 0.483561606777
104.02 0.741864925221
104.09 0.556998100463
104.16 0.411700084884
104.23 0.315082524919
104.3 0.183621344417
104.37 0.25206958421
104.44 0.708804693478
104.51 0.654005774252
104.58 0.522232493978
104.65 0.482117400301
104.72 0.928506327094
104.79 0.833650855423
104.86 0.663609787612
104.93 0.76469966083
105.0 0.832722827205
105.07 0.709754400406
105.14 0.631876481867
105.21 0.89823974612
105.28 0.821812839842
105.35 0.645903043285
105.42 0.766157773918
105.49 0.811253272163
105.56 0.829474883887
105.63 0.658517153935
105.7 0.90993591149
105.77 0.724028817525
105.84 0.777538235638
105.91 0.929498090483
105.98 0.841992824466
106.05 0.682381172864
106.12 0.564159942121
106.19 0.538155800006
106.26 0.85098907553
106.33 0.764906802613
106.4 0.481255867588
106.47 0.414489856534
106.54 0.363052232481
106.61 0.412532307378
106.68 0.623555559866
106.75 0.482903297125
106.82 0.36022896853
106.89 0.325670119678
106.96 0.31596103744
107.03 0.799088864069
107.1 0.545774534154
107.17 0.262710417352
107.24 0.310056523377
107.31 0.543575562813
107.38 0.570684776609
107.45 0.454065150711
107.52 0.294233070503
107.59 0.203640578272
107.66 0.2171668977
107.73 0.432518842974
107.8 0.769934479364
107.87 0.400317060846
107.94 0.249601042815
108.01 0.280662872874
108.08 0.311365140884
108.15 0.845710404536
108.22 0.523139366245
108.29 0.290254906311
108.36 0.420709305947
108.43 0.746688305669
108.5 0.739742528361
108.57 0.741911642961
108.64 0.54033703512
108.71 0.544996451012
108.78 0.531862079029
108.85 0.663578160615
108.92 0.668871886709
108.99 0.670460232453
109.06 0.663935443509
109.13 0.632092720471
109.2 0.505603388298
109.27 0.740114676261
109.34 0.460408120064
109.41 0.319512623299
109.48 0.316975616147
109.55 0.28631995697
109.62 0.482170704029
109.69 0.413650182725
109.76 0.393641408036
109.83 0.286336942719
109.9 0.318704356691
109.97 0.691228449128
110.04 0.641200557095
110.11 0.38645364024
110.18 0.261241304516
110.25 0.493738252547
110.32 0.48547460844
110.39 0.485731555021
110.46 0.316048615629
110.53 0.265093477539
110.6 0.514286595058
110.67 0.343697797237
110.74 0.390586289997
110.81 0.274388626697
110.88 0.401158990048
110.95 0.355085128107
111.02 0.500200011254
111.09 0.824882086269
111.16 0.496628930793
111.23 0.271092456762
111.3 0.437504316733
111.37 0.869889855833
111.44 0.740266643072
111.51 0.652474215324
111.58 0.54167956274
111.65 0.531429760233
111.72 0.570333050024
111.79 0.639392362928
111.86 0.832599006283
111.93 0.800228226052
112.0 0.680507518814
112.07 0.456651491384
112.14 0.489692335453
112.21 0.46505915793
112.28 0.347666581446
112.35 0.286005995855
112.42 0.333606553469
112.49 0.63211944065
112.56 0.935836756964
112.63 0.853745576656
112.7 0.591723242531
112.77 0.420926799968
112.84 0.561741934221
112.91 0.55338624272
112.98 0.60067803712
113.05 0.360578918918
113.12 0.238875762105
113.19 0.661994406845
113.26 0.752306865896
113.33 0.778439678326
113.4 0.498632088804
113.47 0.282668395187
113.54 0.25775566764
113.61 0.602184164948
113.68 0.923527387839
113.75 0.637855752632
113.82 0.341191949767
113.89 0.275122778174
113.96 0.472298027524
114.03 0.543134416497
114.1 0.54533951047
114.17 0.461784379584
114.24 0.463102584989
114.31 0.696384404125
114.38 0.552963541525
114.45 0.663806418745
114.52 0.510671283928
114.59 0.410205289469
114.66 0.718186595102
114.73 0.690000598085
114.8 0.725576385986
114.87 0.656621464746
114.94 0.480984659948
115.01 0.405783933463
115.08 0.706831572402
115.15 0.539432000435
115.22 0.433515784462
115.29 0.303635401361
115.36 0.247984899689
115.43 0.251094576872
115.5 0.330239753471
115.57 0.397786665424
115.64 0.340182184811
115.71 0.317910182829
115.78 0.696468509126
115.85 0.501603416685
115.92 0.582659636576
115.99 0.323685959251
116.06 0.20430416107
116.13 0.60873202267
116.2 0.478495986342
116.27 0.873915060531
116.34 0.449663020007
116.41 0.266996524975
116.48 0.463179878266
116.55 0.603051828213
116.62 0.833752017459
116.69 0.798426366394
116.76 0.612930958035
116.83 0.496262598602
116.9 0.463102840429
116.97 0.54665985444
117.04 0.633355051911
117.11 0.551583990992
117.18 0.502684100807
117.25 0.388843284434
117.32 0.398983348865
117.39 0.707586683794
117.46 0.439899327141
117.53 0.276225594461
117.6 0.206672405756
117.67 0.255116607385
117.74 0.549677408984
117.81 0.720310376088
117.88 0.669693196582
117.95 0.593820234032
118.02 0.440671768828
118.09 0.660667811533
118.16 0.513657266919
118.23 0.366789493288
118.3 0.329972024959
118.37 0.401389634262
118.44 0.515861461903
118.51 0.587678428382
118.58 0.563683230284
118.65 0.456948775654
118.72 0.414068887972
118.79 0.511113814371
118.86 0.861438970477
118.93 0.484964546873
119.0 0.241096279487
119.07 0.339486697794
119.14 0.566869533432
119.21 0.538431235272
119.28 0.49443252573
119.35 0.341168708716
119.42 0.357892006295
119.49 0.360010175529
119.56 0.627272377578
119.63 0.447960486784
119.7 0.255634003437
119.77 0.218265973479
119.84 0.307157643338
119.91 0.265630639475
119.98 0.566409947935
120.05 0.326329752072
120.12 0.153617331677
120.19 0.4113745973
120.26 0.565647807002
120.33 0.873868637833
120.4 0.639274159699
120.47 0.581500360198
120.54 0.624007337622
120.61 0.691238456819
120.68 0.56445500862
120.75 0.632798040926
120.82 0.779054062253
120.89 0.718038802452
120.96 0.59048958568
121.03 0.678160362753
121.1 0.374919271159
121.17 0.221276751941
121.24 0.131915512655
121.31 0.102495254842
121.38 0.16404082327
121.45 0.35745463415
121.52 0.314185545494
121.59 0.235881959492
121.66 0.493103211668
121.73 0.590644756378
121.8 0.903811685635
121.87 0.326724180648
121.94 0.549653837247
122.01 0.555659612355
122.08 0.536655543331
122.15 0.429481649276
122.22 0.261221457447
122.29 0.173797132147
122.36 0.458647998063
122.43 0.372053390363
122.5 0.606411667975
122.57 0.34086433352
122.64 0.296803029374
122.71 0.263274246002
122.78 0.241818674797
122.85 0.35660314279
122.92 0.638200986297
122.99 0.498841396874
123.06 0.362018119569
123.13 0.259015652599
123.2 0.707159339141
123.27 0.941465431811
123.34 0.582434499166
123.41 0.506700400758
123.48 0.452894569642
123.55 0.642543431241
123.62 0.537660732155
123.69 0.611813304465
123.76 0.603535955722
123.83 0.67509818151
123.9 0.702237652038
123.97 0.844451873009
124.04 0.58413236517
124.11 0.363979617149
124.18 0.217644859014
124.25 0.281737919501
124.32 0.34055964744
124.39 0.690562907959
124.46 0.513773462274
124.53 0.2490997058
124.6 0.262610465189
124.67 0.42616068189
124.74 0.66691403855
124.81 0.494784864182
124.88 0.235108395058
124.95 0.272643761772
125.02 0.26095521999
125.09 0.553781839586
125.16 0.601544641004
125.23 0.514715341658
125.3 0.400289297126
125.37 0.427062894858
125.44 0.728239093224
125.51 0.541647569415
125.58 0.378178336994
125.65 0.297300538754
125.72 0.275984736619
125.79 0.512822785071
125.86 0.583223987987
125.93 0.361856281697
126.0 0.341230436013
126.07 0.280244308218
126.14 0.577300721878
126.21 0.705558870903
126.28 0.447799393449
126.35 0.318612364741
126.42 0.24204632106
126.49 0.201287224334
126.56 0.398114756908
126.63 0.370311044192
126.7 0.299980978258
126.77 0.268046978107
126.84 0.37009638971
126.91 0.709145574768
126.98 0.515461259202
127.05 0.477059249001
127.12 0.397454718583
127.19 0.347492555735
127.26 0.522236074094
127.33 0.69186794535
127.4 0.585138041111
127.47 0.485306095474
127.54 0.499505258873
127.61 0.499378247925
127.68 0.758387413545
127.75 0.572456219143
127.82 0.478093304489
127.89 0.571313449317
127.96 0.651073011822
128.03 0.635340885567
128.1 0.618531302838
128.17 0.601955582072
128.24 0.534787356482
128.31 0.520237387268
128.38 0.682067968168
128.45 0.726682746747
128.52 0.52431235716
128.59 0.345540547046
128.66 0.4957718059
128.73 0.610677284979
128.8 0.567967874575
128.87 0.454996929338
128.94 0.415387346838
129.01 0.677002460601
129.08 0.79144430081
129.15 0.90636833788
129.22 0.509657394314
129.29 0.232068124204
129.36 0.57997814363
129.43 1.0
129.5 0.723503231562
129.57 0.724030270957
129.64 0.670117028444
129.71 0.644024147771
129.78 0.819159455162
129.85 0.699118474082
129.92 0.478191763617
129.99 0.421877706869
130.06 0.37375843244
130.13 0.352473207822
130.2 0.524000788069
130.27 0.480615308024
130.34 0.440106777828
130.41 0.467588424665
130.48 0.558727320203
130.55 0.767731632865
130.62 0.586853227509
130.69 0.597988243375
130.76 0.45475286959
130.83 0.519334926781
130.9 0.494278056006
130.97 0.519205325793
131.04 0.385070953145
131.11 0.265963095215
131.18 0.208697878106
131.25 0.319953924067
131.32 0.613534736265
131.39 0.327187124484
131.46 0.220670462878
131.53 0.197343336584
131.6 0.187063695157
131.67 0.525204162446
131.74 0.531572089641
131.81 0.455324157475
131.88 0.46270629111
131.95 0.782458582178
132.02 0.693287954361
132.09 0.615841847699
132.16 0.515933559259
132.23 0.66010408783
132.3 0.709789207528
132.37 0.765449756495
132.44 0.764103484406
132.51 0.702619946239
132.58 0.647117847103
132.65 0.643053793792
132.72 0.653012434661
132.79 0.855253983639
132.86 0.497791250666
132.93 0.416611746474
133.0 0.363461931994
133.07 0.209010451135
133.14 0.43523149164
133.21 0.441614545222
133.28 0.354463758202
133.35 0.343690809279
133.42 0.805632420899
133.49 0.81894013346
133.56 0.622081134281
133.63 0.52874466539
133.7 0.427533901876
133.77 0.230699167487
133.84 0.532100529005
133.91 0.527823035045
133.98 0.494007383007
134.05 0.419115944477
134.12 0.571408983759
134.19 0.474660749564
134.26 0.453460328942
134.33 0.278151439394
134.4 0.236536435568
134.47 0.482171527772
134.54 0.385324741383
134.61 0.788068588145
134.68 0.453886439959
134.75 0.503815954051
134.82 0.6248671278
134.89 0.78608560591
134.96 0.822902450491
135.03 0.80440565696
135.1 0.696873563201
135.17 0.635962819815
135.24 0.557750411919
135.31 0.715074771433
135.38 0.795007537886
135.45 0.602108354806
135.52 0.341330988162
135.59 0.187868205415
135.66 0.367658208014
135.73 0.737553723124
135.8 0.513712653768
135.87 0.373075600579
135.94 0.396712882135
136.01 0.570978411458
136.08 0.532306755958
136.15 0.469342127011
136.22 0.361232301951
136.29 0.409423436117
136.36 0.531391285868
136.43 0.800934057386
136.5 0.627392024338
136.57 0.65968521427
136.64 0.479045005431
136.71 0.583118845844
136.78 0.551507127409
136.85 0.589609566263
136.92 0.444371353272
136.99 0.426903599502
137.06 0.333443291867
137.13 0.510415939291
137.2 0.600852664797
137.27 0.462447233686
137.34 0.278488071276
137.41 0.239983685206
137.48 0.298040286141
137.55 0.596306529476
137.62 0.589914592929
137.69 0.490786749953
137.76 0.278496019608
137.83 0.532775652132
137.9 0.80592517656
137.97 0.417514422798
138.04 0.293201601094
138.11 0.366399419068
138.18 0.46051551166
138.25 0.520075699887
138.32 0.495121131716
138.39 0.451564711038
138.46 0.341179462925
138.53 0.24744276361
138.6 0.679983942705
138.67 0.600911208009
138.74 0.401464563237
138.81 0.271251526381
138.88 0.352780256225
138.95 0.499720093549
139.02 0.534899118274
139.09 0.31894402644
139.16 0.345177282112
139.23 0.289003467691
139.3 0.251114709084
139.37 0.672584268879
139.44 0.53933370962
139.51 0.448994199705
139.58 0.338142413779
139.65 0.234403864684
139.72 0.246443786525
139.79 0.32044745136
139.86 0.259303038086
139.93 0.235840847564
140.0 0.234629166447
140.07 0.634676463184
140.14 0.593605203321
140.21 0.368591444033
140.28 0.615903644301
140.35 0.756993364334
140.42 0.699599803635
140.49 0.821725905202
140.56 0.73236730744
140.63 0.66120603087
140.7 0.561495775511
140.77 0.576253003337
140.84 0.845669181719
140.91 0.677790159364
140.98 0.557926300954
141.05 0.418803169473
141.12 0.397541724508
141.19 0.758089311472
141.26 0.839539866872
141.33 0.692389620512
141.4 0.488940521016
141.47 0.336150338682
141.54 0.47032700145
141.61 0.763151757723
141.68 0.597276729003
141.75 0.481245154963
141.82 0.441245066569
141.89 0.414317005053
141.96 0.492481520978
142.03 0.497440617125
142.1 0.473038495687
142.17 0.439769904367
142.24 0.37525991285
142.31 0.710431574972
142.38 0.495517116693
142.45 0.379438577393
142.52 0.186375095111
142.59 0.178194516425
142.66 0.291433406011
142.73 0.398924316556
142.8 0.28296858434
142.87 0.199868050948
142.94 0.188151191003
143.01 0.292562562288
143.08 0.673669863779
143.15 0.43040301626
143.22 0.269536122165
143.29 0.114087008745
143.36 0.104277501088
143.43 0.346620310397
143.5 0.401012593406
143.57 0.324625060482
143.64 0.273841294698
143.71 0.8046581779
143.78 0.813905363803
143.85 0.655008133437
143.92 0.441234617303
143.99 0.269244247673
144.06 0.365521771873
144.13 0.800187423028
144.2 0.63894664642
144.27 0.65912878941
144.34 0.567206349469
144.41 0.299543780366
144.48 0.311168258271
144.55 0.584936538802
144.62 0.498524653644
144.69 0.416757370857
144.76 0.33156163206
144.83 0.173247354659
144.9 0.192790957841
144.97 0.484391464969
145.04 0.499595165722
145.11 0.306071208854
145.18 0.164062622769
145.25 0.478981951432
145.32 0.703264149283
145.39 0.510708180112
145.46 0.321814483368
145.53 0.29874331952
145.6 0.298570816546
145.67 0.367226289209
145.74 0.332207155866
145.81 0.238914151324
145.88 0.204283074425
145.95 0.307401507051
146.02 0.695306454594
146.09 0.543154418018
146.16 0.390381259056
146.23 0.251859305865
146.3 0.225162579637
146.37 0.301312583357
146.44 0.386704828537
146.51 0.323970659651
146.58 0.280086913808
146.65 0.804287919067
146.72 0.731599932963
146.79 0.685016736171
146.86 0.429465511033
146.93 0.201946726038
147.0 0.340597803
147.07 0.562369812887
147.14 0.754155556162
147.21 0.822986894099
147.28 0.613365641133
147.35 0.384951140051
147.42 0.376771430653
147.49 0.652632219621
147.56 0.478723874183
147.63 0.392947614049
147.7 0.355762803651
147.77 0.259163383864
147.84 0.408301251957
147.91 0.627592982105
147.98 0.579941085074
148.05 0.208846191536
148.12 0.363713249001
148.19 0.689984107374
148.26 0.511684672564
148.33 0.268926884655
148.4 0.19596611273
148.47 0.479270497288
148.54 0.548822624631
148.61 0.443054670603
148.68 0.310251372372
148.75 0.301652029035
148.82 0.29972732269
148.89 0.544942618584
148.96 0.514782668827
149.03 0.368476634785
149.1 0.280156555775
149.17 0.491650955872
149.24 0.545217683561
149.31 0.510759963082
149.38 0.48597678702
149.45 0.389515302683
149.52 0.382832054007
149.59 0.387311911641
149.66 0.698009798524
149.73 0.544491371509
149.8 0.337847293816
149.87 0.260959914931
149.94 0.494132463306
150.01 0.492420742175
150.08 0.526390535232
150.15 0.429841882597
150.22 0.414310876481
150.29 0.421062478044
150.36 0.567987844413
150.43 0.666991139752
150.5 0.604223577572
150.57 0.584152628071
150.64 0.476200702359
150.71 0.411192587614
150.78 0.587818890507
150.85 0.454222808481
150.92 0.242178904158
150.99 0.224532708937
151.06 0.380683170626
151.13 0.61756135083
151.2 0.613319499618
151.27 0.606971175932
151.34 0.434166365578
151.41 0.308694014037
151.48 0.257248107006
151.55 0.58651131258
151.62 0.619257424796
151.69 0.522651904159
151.76 0.473640188816
151.83 0.70705123073
151.9 0.609782257985
151.97 0.669100162661
152.04 0.761865844646
152.11 0.735644549096
152.18 0.654097071167
152.25 0.695500099657
152.32 0.76811800618
152.39 0.822872789785
152.46 0.613445251189
152.53 0.651749427989
152.6 0.82673810112
152.67 0.749865228834
152.74 0.57829693269
152.81 0.629901075695
152.88 0.508808180131
152.95 0.720088163364
153.02 0.958406164006
153.09 0.723640062086
153.16 0.646380794703
153.23 0.479235040676
153.3 0.408286577046
153.37 0.759892975049
153.44 0.486090150756
153.51 0.364782174977
153.58 0.338597033053
153.65 0.344020880915
153.72 0.532661324062
153.79 0.626630277455
153.86 0.613205878462
153.93 0.499827601974
154.0 0.401654554918
154.07 0.75710529642
154.14 0.575963128798
154.21 0.426394217128
154.28 0.345962513604
154.35 0.520874776607
154.42 0.689605646749
154.49 0.762406307496
154.56 0.497727814497
154.63 0.299458780336
154.7 0.182483655662
154.77 0.123585951248
154.84 0.888511953421
154.91 0.773541121385
154.98 0.725551103398
155.05 0.641566126927
155.12 0.616404391231
155.19 0.667536762879
155.26 0.835431410619
155.33 0.776769439412
155.4 0.658371971127
155.47 0.506503290427
155.54 0.86206718973
155.61 0.806432190672
155.68 0.764921784448
155.75 0.549013990538
155.82 0.387734396999
155.89 0.426516760851
155.96 0.769646428546
156.03 0.902857400594
156.1 0.849011514952
156.17 0.645546570274
156.24 0.438607727066
156.31 0.802071771882
156.38 0.593961858507
156.45 0.524118248741
156.52 0.473417019678
156.59 0.357555099172
156.66 0.576571275244
156.73 0.773057657228
156.8 0.906394408569
156.87 0.728735557084
156.94 0.52954816181
157.01 0.482753312447
157.08 0.763048736324
157.15 0.348623531772
157.22 0.316364426207
157.29 0.841369880339
157.36 0.932727604522
157.43 0.854947656013
157.5 0.606149961107
157.57 0.371536360639
157.64 0.320789815784
157.71 0.338229045455
157.78 0.841207961281
157.85 0.868881643317
157.92 0.780516157427
157.99 0.743352019822
158.06 0.651665427936
158.13 0.735259019326
158.2 0.821351309835
158.27 0.781454983417
158.34 0.63449254463
158.41 0.565183950315
158.48 0.760372568008
158.55 0.873042638959
158.62 0.74747624007
158.69 0.602699980838
158.76 0.367325380006
158.83 0.349707726704
158.9 0.83756563493
158.97 0.877049012404
159.04 0.830283257423
159.11 0.613318717457
159.18 0.283047400354
159.25 0.614773450424
159.32 0.647630997708
159.39 0.371187467652
159.46 0.279149317494
159.53 0.446585748021
159.6 0.764746202337
159.67 0.685505055662
159.74 0.49561869258
159.81 0.346228974819
159.88 0.816514301977
159.95 0.814252098423
160.02 0.753198011791
160.09 0.688270679351
160.16 0.641025937338
160.23 0.774447520396
160.3 0.68916057379
160.37 0.743813991403
160.44 0.754218485412
160.51 0.794830337991
160.58 0.809111174765
160.65 0.835696351076
160.72 0.459405459895
160.79 0.488065414357
160.86 0.554811186272
160.93 0.679265238399
161.0 0.797189464074
161.07 0.852908354276
161.14 0.55726043702
161.21 0.444695910183
161.28 0.461058849692
161.35 0.802139243602
161.42 0.767986524048
161.49 0.911031989318
161.56 0.775522820482
161.63 0.665240950196
161.7 0.529857653721
161.77 0.562348130216
161.84 0.771857476838
161.91 0.77641542575
161.98 0.682150891018
162.05 0.549431919566
162.12 0.494303241567
162.19 0.801965358482
162.26 0.529226123653
162.33 0.379692492361
162.4 0.289159757175
162.47 0.282818716491
162.54 0.514564923327
162.61 0.655240486523
162.68 0.65732820299
162.75 0.514566042113
162.82 0.170124006502
162.89 0.521628907823
162.96 0.535106137288
163.03 0.324194905992
163.1 0.237075809334
163.17 0.484819078922
163.24 0.574597437353
163.31 0.721488192635
163.38 0.847299001759
163.45 0.810269156123
163.52 0.639041826415
163.59 0.459863613742
163.66 0.700519291455
163.73 0.453251056514
163.8 0.398133023816
163.87 0.366446352644
163.94 0.459625920185
164.01 0.707294233076
164.08 0.583348202959
164.15 0.426617277357
164.22 0.43109283014
164.29 0.471301293952
164.36 0.757427891001
164.43 0.667954060238
164.5 0.665712782937
164.57 0.56994397182
164.64 0.387503408239
164.71 0.293806159504
164.78 0.474104696973
164.85 0.552250498476
164.92 0.545998695349
164.99 0.470375067674
165.06 0.272492402867
165.13 0.893145282782
165.2 0.58345137881
165.27 0.52797063166
165.34 0.49570446289
165.41 0.494719073612
165.48 0.599171271683
165.55 0.604820304478
165.62 0.493228763244
165.69 0.439061995853
165.76 0.413452529833
165.83 0.620312079812
165.9 0.578821734513
165.97 0.475875357346
166.04 0.284046943763
166.11 0.298885318243
166.18 0.440850489481
166.25 0.539259917254
166.32 0.406281312153
166.39 0.255082901227
166.46 0.241322989138
166.53 0.420191288127
166.6 0.744425935782
166.67 0.564091450623
166.74 0.370691603779
166.81 0.247323988117
166.88 0.18747080265
166.95 0.458986720986
167.02 0.423831238295
167.09 0.320434560566
167.16 0.32410507241
167.23 0.603190397312
167.3 0.720478419758
167.37 0.643029647811
167.44 0.463822136801
167.51 0.225659005873
167.58 0.48559839768
167.65 0.787602030531
167.72 0.724420606558
167.79 0.665932884819
167.86 0.567556383023
167.93 0.491090802384
168.0 0.718702838706
168.07 0.757117838707
168.14 0.585872180706
168.21 0.492943514341
168.28 0.429610430481
168.35 0.366844468265
168.42 0.499163339984
168.49 0.652028526538
168.56 0.469962439515
168.63 0.205474950056
168.7 0.144448888523
168.77 0.743277649251
168.84 0.566423171394
168.91 0.382850408041
168.98 0.217929787131
169.05 0.388615186696
169.12 0.458960402778
169.19 0.448584181388
169.26 0.291955366315
169.33 0.23632857301
169.4 0.222216575927
169.47 0.595854791323
169.54 0.613176839524
169.61 0.377421340497
169.68 0.200468470838
169.75 0.138890612062
169.82 0.216625272501
169.89 0.488321770853
169.96 0.373411190901
170.03 0.265182954694
170.1 0.4238053577
170.17 0.558748068242
170.24 0.745147313294
170.31 0.589231169002
170.38 0.388109000288
170.45 0.210174523442
170.52 0.399534589686
170.59 0.880094304926
170.66 0.874489441414
170.73 0.817377282181
170.8 0.580430287714
170.87 0.501667815208
170.94 0.629559152845
171.01 0.719687833933
171.08 0.600647053672
171.15 0.413489360672
171.22 0.228119430623
171.29 0.32022361095
171.36 0.728780607536
171.43 0.701736978374
171.5 0.53466652163
171.57 0.187320566492
171.64 0.163504900909
171.71 0.837396599204
171.78 0.82594394706
171.85 0.488018928295
171.92 0.568457102956
171.99 0.407221266829
172.06 0.712314852564
172.13 0.734681232579
172.2 0.637281551942
172.27 0.65830168561
172.34 0.607147536243
172.41 0.806508214671
172.48 0.50445787002
172.55 0.349376413512
172.62 0.708731681291
172.69 0.897177621969
172.76 0.887282587561
172.83 0.474814969789
172.9 0.241579018908
172.97 0.574672469295
173.04 0.649954665198
173.11 0.745814965306
173.18 0.67552172427
173.25 0.581646707336
173.32 0.606222274299
173.39 0.840867483943
173.46 0.828421474387
173.53 0.722704978585
173.6 0.713071025317
173.67 0.583937258754
173.74 0.561857963242
173.81 0.598233879324
173.88 0.626120031734
173.95 0.458127287235
174.02 0.363098175982
174.09 0.285632701447
174.16 0.288925459579
174.23 0.614298576169
174.3 0.695947273558
174.37 0.577222862278
174.44 0.544910072795
174.51 0.255034302342
174.58 0.68509756996
174.65 0.776283284227
174.72 0.594874467276
174.79 0.28221322741
174.86 0.182109668201
174.93 0.809586971771
175.0 0.942243489211
175.07 0.747052768596
175.14 0.592011841851
175.21 0.655780697894
175.28 0.864874279795
175.35 0.532168301708
175.42 0.31502830042
175.49 0.57916738995
175.56 0.875059877834
175.63 0.955365907013
175.7 0.422950371372
175.77 0.260148505821
175.84 0.423498657805
175.91 0.818132514362
175.98 0.785591316258
176.05 0.700176766638
176.12 0.573818989863
176.19 0.554568037394
176.26 0.581198483954
176.33 0.562894321648
176.4 0.88173391088
176.47 0.823903134468
176.54 0.693411830727
176.61 0.55530270965
176.68 0.416160271682
176.75 0.68981938046
176.82 0.512097728435
176.89 0.491477149958
176.96 0.315529734462
177.03 0.272693758645
177.1 0.575961320919
177.17 0.698522145187
177.24 0.624873773192
177.31 0.260222086312
177.38 0.649065057882
177.45 0.838323106664
177.52 0.606994999148
177.59 0.350726554819
177.66 0.331090512173
177.73 0.669359168601
177.8 0.758503759391
177.87 0.621612879676
177.94 0.409036159852
178.01 0.375638541788
178.08 0.336990440203
178.15 0.695023431383
178.22 0.536384747563
178.29 0.308077521248
178.36 0.442005138243
178.43 0.741433893524
178.5 0.658282196949
178.57 0.604864424258
178.64 0.444922639636
178.71 0.423398040311
178.78 0.518409070791
178.85 0.820140995023
178.92 0.779320226445
178.99 0.68861063987
179.06 0.742510979709
179.13 0.604912233063
179.2 0.511542123359
179.27 0.685159160626
179.34 0.552020121582
179.41 0.493451366058
179.48 0.44978361328
179.55 0.392229759229
179.62 0.727079624772
179.69 0.555714874453
179.76 0.444249403594
179.83 0.411338746638
179.9 0.538176274784
179.97 0.757900488081
180.04 0.780335104155
180.11 0.444221119094
180.18 0.336566416267
180.25 0.369903221864
180.32 0.693209611604
180.39 0.741273109094
180.46 0.501464617889
180.53 0.409230341536
180.6 0.390843145491
180.67 0.53814248546
180.74 0.549839359724
180.81 0.646051039891
180.88 0.514387287797
180.95 0.426710801945
181.02 0.567517302732
181.09 0.690728195257
181.16 0.638981568391
181.23 0.565962944327
181.3 0.466635753448
181.37 0.570053963356
181.44 0.671280249286
181.51 0.660527398912
181.58 0.668252479135
181.65 0.585522996637
181.72 0.437067140622
181.79 0.753111485062
181.86 0.659106013695
181.93 0.497956314206
182.0 0.456517068725
182.07 0.501517531527
182.14 0.608901198987
182.21 0.624985970619
182.28 0.537705412318
182.35 0.492524189307
182.42 0.605354369455
182.49 0.52711302955
182.56 0.64433544162
182.63 0.62544015228
182.7 0.528385792434
182.77 0.533597108537
182.84 0.561813665249
182.91 0.794602166987
182.98 0.682265571556
183.05 0.58157513274
183.12 0.630446603775
183.19 0.653191988958
183.26 0.660254727939
183.33 0.72558563924
183.4 0.673897688256
183.47 0.70520185335
183.54 0.725261591227
183.61 0.856696877274
183.68 0.836871993416
183.75 0.785443986964
183.82 0.656026240776
183.89 0.52710082983
183.96 0.91399099867
184.03 0.704869096627
184.1 0.786322224244
184.17 0.743694427809
184.24 0.649787692791
184.31 0.539508374921
184.38 0.571649103004
184.45 0.532631784145
184.52 0.589452035223
184.59 0.553394957372
184.66 0.615173067
184.73 0.732293669525
184.8 0.650972212154
184.87 0.557377285825
184.94 0.52020393655
185.01 0.759431672759
185.08 0.698364822063
185.15 0.680940681155
185.22 0.625890365715
185.29 0.602640069341
185.36 0.629566829897
185.43 0.735972830675
185.5 0.726103851115
185.57 0.714389801007
185.64 0.665469681583
185.71 0.653606048767
185.78 0.708980869635
185.85 0.712358962443
185.92 0.616261501439
185.99 0.584565935422
186.06 0.549243119936
186.13 0.784647591371
186.2 0.718798723635
186.27 0.631367739081
186.34 0.549104335001
186.41 0.584763099216
186.48 0.57954200512
186.55 0.640923375334
186.62 0.488628132142
186.69 0.419494872419
186.76 0.388790422281
186.83 0.477658451098
186.9 0.753543356344
186.97 0.750521708825
187.04 0.712852943191
187.11 0.667025535002
187.18 0.62439361193
187.25 0.695544055084
187.32 0.65958581853
187.39 0.559661775996
187.46 0.574893737487
187.53 0.554038805969
187.6 0.589343924832
187.67 0.620586730937
187.74 0.489563465142
187.81 0.42833602605
187.88 0.418703157906
187.95 0.460246828714
188.02 0.975732095286
188.09 0.900673824939
188.16 0.673276615374
188.23 0.492480158633
188.3 0.664618109037
188.37 0.905243266657
188.44 0.585799485344
188.51 0.459518326613
188.58 0.680263971925
188.65 0.694080971814
188.72 0.546886995764
188.79 0.415390673494
188.86 0.760999807086
188.93 0.553190360085
189.0 0.487051520783
189.07 0.399413772655
189.14 0.631189782767
189.21 0.409399919824
189.28 0.414680832351
189.35 0.437244445466
189.42 0.636083131907
189.49 0.380578266102
189.56 0.222054854884
189.63 0.224464906532
189.7 0.897864837889
189.77 0.559358656216
189.84 0.444217636006
189.91 0.380776614027
189.98 0.329550373245
190.05 0.406540953722
190.12 0.873659060462
190.19 0.619522893954
190.26 0.60536156731
190.33 0.599401212943
190.4 0.681713459468
190.47 0.730166546041
190.54 0.733173318654
190.61 0.769224172886
190.68 0.794686266048
190.75 0.79095521896
190.82 0.659905335954
190.89 0.679441537325
190.96 0.6993930262
191.03 0.871076301885
191.1 0.725445650371
191.17 0.771879900086
191.24 0.800785894448
191.31 0.646858649088
191.38 0.793627624985
191.45 0.747031335424
191.52 0.650824433366
191.59 0.731941540969
191.66 0.687209410626
191.73 0.647003869519
191.8 0.76604802792
191.87 0.759609258785
191.94 0.646292844245
192.01 0.736175693348
192.08 0.654021261025
192.15 0.626358958926
192.22 0.636258199178
192.29 0.680236315134
192.36 0.691930690445
192.43 0.685944229747
192.5 0.687654952881
192.57 0.795773738133
192.64 0.833393792013
192.71 0.684774668456
192.78 0.73227724812
192.85 0.622804089975
192.92 0.700889669097
192.99 0.615013286507
193.06 0.9436676209
193.13 0.69903915511
193.2 0.605071910588
193.27 0.825177014157
193.34 0.71063995633
193.41 0.69361935468
193.48 0.681201366264
193.55 0.826711582917
193.62 0.7613225878
193.69 0.727943216843
193.76 0.708343096146
193.83 0.770895118715
193.9 0.620713965642
193.97 0.484591080192
194.04 0.587022714711
194.11 0.561333264387
194.18 0.611682255986
194.25 0.572335091228
194.32 0.586537765439
194.39 0.929020741037
194.46 0.836382186829
194.53 0.662705016287
194.6 0.52742536496
194.67 0.349819975615
194.74 0.198175862041
194.81 0.108460624935
194.88 0.0838645178484
194.95 0.0663215063993
195.02 0.0537699012465
195.09 0.0379336110437
195.16 0.029828396966
195.23 0.0254030786747
195.3 0.0245392133421
195.37 0.0151964573549
195.44 0.0132739370984
195.51 0.0122623741637
195.58 0.00598937746347
195.65 0.0
195.72 0.0
195.79 0.0
195.86 0.0
195.93 0.0
196.0 0.0
196.07 0.0
196.14 0.0
196.21 0.0
196.28 0.0
196.35 0.0
196.42 0.0
196.49 0.0
196.56 0.0
196.63 0.0
196.7 0.0
196.77 0.0
196.84 0.0
196.91 0.0
196.98 0.0
197.05 0.0
197.12 0.0
197.19 0.0
197.26 0.0
197.33 0.0
197.4 0.0
197.47 0.0
197.54 0.0
197.61 0.0
197.68 0.0
197.75 0.0
197.82 0.0
197.89 0.0
197.96 0.0
198.03 0.0
198.1 0.0
198.17 0.0
198.24 0.0
198.31 0.0
198.38 0.0
198.45 0.0
198.52 0.0
198.59 0.0
198.66 0.0
198.73 0.0
198.8 0.0
198.87 0.0
198.94 0.0
199.01 0.0
199.08 0.0
199.15 0.0
199.22 0.0
199.29 0.0
199.36 0.0
199.43 0.0
199.5 0.0
199.57 0.0
199.64 0.0
199.71 0.0
199.78 0.0
199.85 0.0
199.92 0.0
199.99 0.0
200.06 0.0
200.13 0.0
200.2 0.0
200.27 0.0
200.34 0.0
200.41 0.0
200.48 0.0
200.55 0.0
200.62 0.0
200.69 0.0
200.76 0.0
200.83 0.0
200.9 0.0
200.97 0.0
201.04 0.0
201.11 0.0
201.18 0.0
201.25 0.0
201.32 0.0
201.39 0.0
201.46 0.0
201.53 0.0
201.6 0.0
201.67 0.0
201.74 0.0
201.81 0.0
201.88 0.0
201.95 0.0
202.02 0.0
202.09 0.0
202.16 0.0
202.23 0.0
202.3 0.0
202.37 0.0
202.44 0.0
202.51 0.0
202.58 0.0
202.65 0.0
202.72 0.0
202.79 0.0
202.86 0.0
202.93 0.0
203.0 0.0
203.07 0.0
203.14 0.0
203.21 0.0
203.28 0.0
203.35 0.0
203.42 0.0
203.49 0.0
203.56 0.0
203.63 0.0
203.7 0.0
203.77 0.0
203.84 0.0
203.91 0.0
203.98 0.0
204.05 0.0
204.12 0.0
204.19 0.0
204.26 0.0
204.33 0.0
204.4 0.0
204.47 0.0
204.54 0.0
204.61 0.0
