0.0 0.0
0.07 0.0
0.14 0.0
0.21 0.0
0.28 0.0
0.35 0.0
0.42 0.0
0.49 0.0
0.56 0.0
0.63 0.0
0.7 0.0
0.77 0.0
0.84 0.0
0.91 0.0
0.98 0.0
1.05 0.0
1.12 0.0
1.19 0.0
1.26 0.0
1.33 0.0
1.4 0.0
1.47 0.0
1.54 0.0
1.61 0.0
1.68 0.0
1.75 0.0
1.82 0.0
1.89 0.0
1.96 0.0
2.03 0.0
2.1 0.0
2.17 0.0
2.24 0.0
2.31 0.0
2.38 0.0
2.45 0.0
2.52 0.0
2.59 0.0
2.66 0.0
2.73 0.0
2.8 0.0
2.87 0.0
2.94 0.0
3.01 0.0
3.08 0.0
3.15 0.0
3.22 0.0
3.29 0.0
3.36 0.0
3.43 0.0
3.5 0.0
3.57 0.0
3.64 0.0
3.71 0.0
3.78 0.0
3.85 0.0
3.92 0.0
3.99 9.65880944982e-05
4.06 0.000144090669238
4.13 0.000269165678022
4.2 0.00064051360669
4.27 0.00317243924551
4.34 0.00199403116747
4.41 0.0012697007236
4.48 0.00992644095135
4.55 0.0266614027547
4.62 0.0370816493994
4.69 0.0383804425798
4.76 0.052109759587
4.83 0.0685370448342
4.9 0.0827804532089
4.97 0.0870667228781
5.04 0.109967818403
5.11 0.113494430928
5.18 0.126482574062
5.25 0.154369405881
5.32 0.125305490863
5.39 0.101976276783
5.46 0.0920178071033
5.53 0.0977298001976
5.6 0.0926999283893
5.67 0.0977242222976
5.74 0.0860759171531
5.81 0.0888361404465
5.88 0.101778063212
5.95 0.106529755293
6.02 0.0785174908302
6.09 0.0910697246377
6.16 0.0808206453534
6.23 0.0829044146697
6.3 0.0927083694081
6.37 0.111887780342
6.44 0.0991526279916
6.51 0.0964365544369
6.58 0.0991617538017
6.65 0.0856182265841
6.72 0.101428270971
6.79 0.114320898918
6.86 0.114292513605
6.93 0.0978763618054
7.0 0.119283464067
7.07 0.0995831748128
7.14 0.107979359039
7.21 0.112969890904
7.28 0.110917672791
7.35 0.0826786346901
7.42 0.092534627476
7.49 0.0935287433646
7.56 0.106039434517
7.63 0.106854612594
7.7 0.0926072560009
7.77 0.103080056827
7.84 0.135138302343
7.91 0.112006639396
7.98 0.0969027754336
8.05 0.090992286317
8.12 0.100660030567
8.19 0.102616331153
8.26 0.100603473303
8.33 0.100017328473
8.4 0.1110416627
8.47 0.122520040018
8.54 0.116059502907
8.61 0.0886474367376
8.68 0.0722834652271
8.75 0.0856829769603
8.82 0.0950126720235
8.89 0.111256081646
8.96 0.131684814156
9.03 0.142932274543
9.1 0.146024406253
9.17 0.105425099448
9.24 0.128620387032
9.31 0.138425231796
9.38 0.101952341598
9.45 0.125741845202
9.52 0.108443655711
9.59 0.110007853297
9.66 0.12119489761
9.73 0.102523095894
9.8 0.149077939708
9.87 0.133324995135
9.94 0.135662421738
10.01 0.117275261579
10.08 0.11492341778
10.15 0.100781594242
10.22 0.111605095622
10.29 0.14856046096
10.36 0.106399372643
10.43 0.108884732469
10.5 0.113196085416
10.57 0.114088648981
10.64 0.106270672508
10.71 0.0778832988435
10.78 0.0661540338845
10.85 0.0724581012488
10.92 0.0959192118345
10.99 0.126118966105
11.06 0.111979585057
11.13 0.0759549873267
11.2 0.0984479207827
11.27 0.111929444918
11.34 0.142635050707
11.41 0.142903629131
11.48 0.109224417434
11.55 0.104492171801
11.62 0.0887440573445
11.69 0.0796567845197
11.76 0.0797248348994
11.83 0.0802246696015
11.9 0.0947547982909
11.97 0.101194547818
12.04 0.0856518016811
12.11 0.107156310942
12.18 0.081686418742
12.25 0.0858947014447
12.32 0.0727904851585
12.39 0.103512182529
12.46 0.0847442052188
12.53 0.0935486368585
12.6 0.0937350992473
12.67 0.117252496838
12.74 0.105617353099
12.81 0.0892203896819
12.88 0.0804319703744
12.95 0.0894040682008
13.02 0.0831570457859
13.09 0.0890090980182
13.16 0.0961446077619
13.23 0.122176553141
13.3 0.107244232463
13.37 0.118646345969
13.44 0.134471356196
13.51 0.130785991964
13.58 0.0981099041084
13.65 0.0960715362562
13.72 0.114784947684
13.79 0.100494020478
13.86 0.119396974839
13.93 0.0885925132191
14.0 0.0766668147401
14.07 0.0804991937212
14.14 0.105923347141
14.21 0.142407878792
14.28 0.122191634807
14.35 0.0772221256707
14.42 0.0830561985736
14.49 0.0888330131649
14.56 0.0958650462601
14.63 0.102892486986
14.7 0.114683750964
14.77 0.12854283695
14.84 0.137485033575
14.91 0.132827326568
14.98 0.082205124831
15.05 0.0763919126644
15.12 0.0917805848087
15.19 0.121601594591
15.26 0.127499336834
15.33 0.125789085646
15.4 0.128190488426
15.47 0.109850712984
15.54 0.130768228029
15.61 0.118922824893
15.68 0.108785222328
15.75 0.0792291942904
15.82 0.0905980984628
15.89 0.0886791362785
15.96 0.080773738161
16.03 0.0738528343087
16.1 0.0733103027635
16.17 0.0929238185885
16.24 0.10529299974
16.31 0.144630101949
16.38 0.134267798408
16.45 0.105031246877
16.52 0.0959312088915
16.59 0.069757562501
16.66 0.0953044744249
16.73 0.108234418421
16.8 0.1039785986
16.87 0.113743885994
16.94 0.11103824484
17.01 0.115538053589
17.08 0.0909485754951
17.15 0.105268326931
17.22 0.0958352385316
17.29 0.109110032892
17.36 0.124842815744
17.43 0.11539832567
17.5 0.106980248441
17.57 0.123160128932
17.64 0.137615666163
17.71 0.155690427348
17.78 0.134145558069
17.85 0.118589786673
17.92 0.126004414937
17.99 0.101332757816
18.06 0.121493336595
18.13 0.090717347665
18.2 0.0701949308195
18.27 0.102369751398
18.34 0.119126543212
18.41 0.100877206966
18.48 0.120625803475
18.55 0.105240963724
18.62 0.108228300004
18.69 0.104875744374
18.76 0.0993188006423
18.83 0.0997616452597
18.9 0.130004019156
18.97 0.133536898437
19.04 0.114396705525
19.11 0.0729197583244
19.18 0.146703489666
19.25 0.791708982252
19.32 0.658144877074
19.39 0.57932368229
19.46 0.430350235242
19.53 0.227364753386
19.6 0.462603908428
19.67 0.648067716998
19.74 0.54551707908
19.81 0.36991381096
19.88 0.279836775732
19.95 0.262593662161
20.02 0.600956991256
20.09 0.523302617962
20.16 0.365579477878
20.23 0.254766598486
20.3 0.168721708274
20.37 0.497247292139
20.44 0.581146688339
20.51 0.482823775508
20.58 0.267117385775
20.65 0.193678947778
20.72 0.194051547432
20.79 0.637842511938
20.86 0.53572810847
20.93 0.357177256515
21.0 0.202453559497
21.07 0.430343033757
21.14 0.591451211339
21.21 0.526233709908
21.28 0.257656452581
21.35 0.659547937359
21.42 0.435915424918
21.49 0.269975125797
21.56 0.710436033219
21.63 0.479625840485
21.7 0.273020374699
21.77 0.151977033406
21.84 0.104914031729
21.91 0.775774112795
21.98 0.668201103261
22.05 0.614999459086
22.12 0.404549121449
22.19 0.282402569079
22.26 0.506455374759
22.33 0.638747759383
22.4 0.388675029766
22.47 0.337411444716
22.54 0.434181673397
22.61 0.420146311547
22.68 0.526293197348
22.75 0.585513363081
22.82 0.530166669907
22.89 0.416606805843
22.96 0.297928983856
23.03 0.734291608014
23.1 0.418515699359
23.17 0.290870083368
23.24 0.358538759922
23.31 0.468440255163
23.38 0.548492731233
23.45 0.560679400246
23.52 0.386106759384
23.59 0.511433531611
23.66 0.688988991568
23.73 0.438747559433
23.8 0.51245448238
23.87 0.5324927497
23.94 0.413561313098
24.01 0.311464322026
24.08 0.20256858819
24.15 0.557644183436
24.22 0.581763289112
24.29 0.452645643982
24.36 0.656434349531
24.43 0.771290623213
24.5 0.59431866849
24.57 0.42501847814
24.64 0.271569824031
24.71 0.564828053268
24.78 0.618236837686
24.85 0.504746802021
24.92 0.479541928142
24.99 0.304680413022
25.06 0.275605179642
25.13 0.336581105725
25.2 0.244338116056
25.27 0.407930730927
25.34 0.494645357252
25.41 0.473601743059
25.48 0.442050639395
25.55 0.241815909578
25.62 0.414426891413
25.69 0.486829611938
25.76 0.373026921264
25.83 0.315402349887
25.9 0.427580053009
25.97 0.311398854346
26.04 0.40937203996
26.11 0.27333372466
26.18 0.251467344821
26.25 0.34686689958
26.32 0.178178614001
26.39 0.351915372516
26.46 0.412710296252
26.53 0.38508256754
26.6 0.415318969324
26.67 0.299206619625
26.74 0.485218060115
26.81 0.554189453683
26.88 0.330577755242
26.95 0.34865883195
27.02 0.296188014593
27.09 0.310950354611
27.16 0.73139864899
27.23 0.570647022152
27.3 0.459482867143
27.37 0.366263176013
27.44 0.274736409022
27.51 0.519270968758
27.58 0.603687142658
27.65 0.4435165237
27.72 0.382395742908
27.79 0.255327284114
27.86 0.443592706231
27.93 0.557388158843
28.0 0.511208641657
28.07 0.372852959873
28.14 0.265467827015
28.21 0.199241459249
28.28 0.713039471803
28.35 0.337026795173
28.42 0.249114887351
28.49 0.321858654296
28.56 0.454315386815
28.63 0.562396546085
28.7 0.497504824492
28.77 0.356802872746
28.84 0.206412143291
28.91 0.234368250798
28.98 0.599629469351
29.05 0.501537430778
29.12 0.299349393544
29.19 0.280966171443
29.26 0.386253497778
29.33 0.332409129156
29.4 0.614996677248
29.47 0.421819157277
29.54 0.263489613106
29.61 0.44325337687
29.68 0.413062474087
29.75 0.433048134393
29.82 0.561154041941
29.89 0.476471148918
29.96 0.39889887337
30.03 0.293339231724
30.1 0.2359804041
30.17 0.489089279162
30.24 0.395966584563
30.31 0.287856753465
30.38 0.65371974716
30.45 0.68617394839
30.52 0.494100836357
30.59 0.30151384632
30.66 0.308576247982
30.73 0.598344272428
30.8 0.520524642925
30.87 0.560055910919
30.94 0.425896449756
31.01 0.308616010585
31.08 0.474927730787
31.15 0.454004863396
31.22 0.378609230724
31.29 0.576010096775
31.36 0.449100889566
31.43 0.285050149273
31.5 0.349556373969
31.57 0.195588377748
31.64 0.490108360471
31.71 0.292217445935
31.78 0.26307067929
31.85 0.317526093137
31.92 0.205893993976
31.99 0.34165982937
32.06 0.316696747804
32.13 0.203586690064
32.2 0.382388204107
32.27 0.266214914072
32.34 0.321836824285
32.41 0.503270916104
32.48 0.252244056724
32.55 0.373271450709
32.62 0.305426130496
32.69 0.229673691043
32.76 0.665566028129
32.83 0.491497978932
32.9 0.336609799905
32.97 0.319853310863
33.04 0.177490983904
33.11 0.491013770478
33.18 0.570077915825
33.25 0.427682574608
33.32 0.287236151641
33.39 0.199598993493
33.46 0.261569458125
33.53 0.511951922737
33.6 0.489554772695
33.67 0.399233403095
33.74 0.260374891409
33.81 0.16006477094
33.88 0.563462012356
33.95 0.534238542983
34.02 0.370382927588
34.09 0.421765044536
34.16 0.506859777587
34.23 0.302567524833
34.3 0.678799259514
34.37 0.632723615221
34.44 0.578350095918
34.51 0.580178228758
34.58 0.397444177378
34.65 0.503820958002
34.72 0.319118304176
34.79 0.248779561074
34.86 0.627408575563
34.93 0.650391653009
35.0 0.620083270914
35.07 0.462244661189
35.14 0.24233078937
35.21 0.491864224454
35.28 0.379329056175
35.35 0.279894710707
35.42 0.418546718173
35.49 0.244803262114
35.56 0.326491082951
35.63 0.520112599695
35.7 0.303918890482
35.77 0.643724959153
35.84 0.552818982964
35.91 0.404436220283
35.98 0.253978645438
36.05 0.285190604655
36.12 0.257396242023
36.19 0.253088863711
36.26 0.150139766628
36.33 0.396319113937
36.4 0.582076189997
36.47 0.447072637118
36.54 0.362089332017
36.61 0.195601813476
36.68 0.254000731483
36.75 0.488587060898
36.82 0.237845355143
36.89 0.361346567071
36.96 0.404346150915
37.03 0.248879063088
37.1 0.455093809681
37.17 0.444444594814
37.24 0.352615056567
37.31 0.61441795133
37.38 0.468387349442
37.45 0.415174590108
37.52 0.41134004296
37.59 0.211656488909
37.66 0.577895800858
37.73 0.598307011244
37.8 0.433705639767
37.87 0.451799548693
37.94 0.296588769942
38.01 0.537129963767
38.08 0.691153958446
38.15 0.375065120458
38.22 0.463021994891
38.29 0.57795609501
38.36 0.62382179487
38.43 0.56197741313
38.5 0.438336832952
38.57 0.308380168033
38.64 0.391103978633
38.71 0.22681974887
38.78 0.710292040087
38.85 0.791333255316
38.92 0.70341088055
38.99 0.63257995534
39.06 0.400707590241
39.13 0.536970789399
39.2 0.570967051369
39.27 0.325191572467
39.34 0.821300312604
39.41 0.906955538242
39.48 0.629738266259
39.55 0.450986311197
39.62 0.240411924723
39.69 0.153424229206
39.76 0.129270477557
39.83 0.122610261788
39.9 0.776268259868
39.97 0.873439975425
40.04 0.572264976876
40.11 0.523340628962
40.18 0.444884980685
40.25 0.355262348214
40.32 0.316581154209
40.39 0.466280801161
40.46 0.43146372835
40.53 0.40147938262
40.6 0.381072886525
40.67 0.308543156506
40.74 0.246260622087
40.81 0.211037819537
40.88 0.362957149619
40.95 0.340559316818
41.02 0.229649501855
41.09 0.198559252618
41.16 0.314017943562
41.23 0.311927580334
41.3 0.260618624302
41.37 0.182786361719
41.44 0.154511013419
41.51 0.0946212599111
41.58 0.109679832138
41.65 0.126580968624
41.72 0.725499638764
41.79 0.611827068609
41.86 0.398475458946
41.93 0.306377328051
42.0 0.225686750384
42.07 0.223668150041
42.14 0.375065360237
42.21 0.484312479419
42.28 0.573842094057
42.35 0.399002167137
42.42 0.289205008089
42.49 0.263133824369
42.56 0.276172449022
42.63 0.432598510951
42.7 0.490581035169
42.77 0.370225419479
42.84 0.369390177218
42.91 0.501485815391
42.98 0.698141201715
43.05 0.639861274844
43.12 0.418410137856
43.19 0.335837247551
43.26 0.3430986634
43.33 0.364530395799
43.4 0.377941225894
43.47 0.374140150209
43.54 0.445005542573
43.61 0.74363882317
43.68 0.757564327822
43.75 0.590314821409
43.82 0.407310179903
43.89 0.381023016644
43.96 0.353457542985
44.03 0.542958635556
44.1 0.545497362372
44.17 0.388532666315
44.24 0.285167567623
44.31 0.263171615911
44.38 0.549356584361
44.45 0.656186755797
44.52 0.651193998867
44.59 0.58492545852
44.66 0.384043901604
44.73 0.271064315924
44.8 0.403149517633
44.87 0.513458425127
44.94 0.453724125354
45.01 0.378792232579
45.08 0.364389237337
45.15 0.44976162179
45.22 0.483917401539
45.29 0.402996742102
45.36 0.355648773745
45.43 0.296655334914
45.5 0.242068443157
45.57 0.221369142874
45.64 0.278480519006
45.71 0.345396361945
45.78 0.298562600781
45.85 0.574135723246
45.92 0.671613894114
45.99 0.510456771221
46.06 0.428581719891
46.13 0.509212109071
46.2 0.414705638074
46.27 0.413884932898
46.34 0.363473693637
46.41 0.292830013145
46.48 0.220714967984
46.55 0.471675166888
46.62 0.61396257117
46.69 0.633908982974
46.76 0.363622378708
46.83 0.411147793373
46.9 0.36057847094
46.97 0.502766584538
47.04 0.619649391577
47.11 0.592167998918
47.18 0.443505422764
47.25 0.338148184718
47.32 0.3753175565
47.39 0.769663571127
47.46 0.892127880914
47.53 0.727203228985
47.6 0.583053470584
47.67 0.546064434645
47.74 0.571151530505
47.81 0.50521936699
47.88 0.507080367783
47.95 0.444396250982
48.02 0.445241655384
48.09 0.596290406346
48.16 0.590474782169
48.23 0.529900086928
48.3 0.367404867488
48.37 0.317127796534
48.44 0.308078943147
48.51 0.316098512444
48.58 0.32059282051
48.65 0.317389720086
48.72 0.313743594196
48.79 0.333880534465
48.86 0.339984195706
48.93 0.354151494703
49.0 0.360961047822
49.07 0.392474343687
49.14 0.393546901715
49.21 0.354412635926
49.28 0.389105015749
49.35 0.351384957917
49.42 0.358080662948
49.49 0.389804795305
49.56 0.289746285877
49.63 0.331739923401
49.7 0.304406075849
49.77 0.270951741913
49.84 0.305857364141
49.91 0.312867613962
49.98 0.292862714472
50.05 0.325645034398
50.12 0.320100288894
50.19 0.299830600702
50.26 0.312031944977
50.33 0.355535878675
50.4 0.406804641316
50.47 0.434987453373
50.54 0.420696304677
50.61 0.48156165829
50.68 0.460426694555
50.75 0.499703413203
50.82 0.553161766762
50.89 0.477961419517
50.96 0.481551823304
51.03 0.454927958089
51.1 0.46108140793
51.17 0.583276279748
51.24 0.54336394873
51.31 0.625153047568
51.38 0.611752379614
51.45 0.561167205379
51.52 0.532840574944
51.59 0.488400078312
51.66 0.64866814491
51.73 0.711269773815
51.8 0.777556287396
51.87 0.715925895845
51.94 0.79758988513
52.01 0.723480069146
52.08 0.653852883199
52.15 0.592616525069
52.22 0.699362790258
52.29 0.702174860589
52.36 0.559069610186
52.43 0.502352436133
52.5 0.565387885447
52.57 0.575385036695
52.64 0.580241715217
52.71 0.655220084395
52.78 0.578610332892
52.85 0.712130597199
52.92 0.70381765678
52.99 0.733703965584
53.06 0.651514491385
53.13 0.536319256138
53.2 0.385863119964
53.27 0.364513607234
53.34 0.366047698384
53.41 0.251919483906
53.48 0.176625169875
53.55 0.132588870836
53.62 0.110509701733
53.69 0.112540414959
53.76 0.110650325773
53.83 0.132784016054
53.9 0.171329525865
53.97 0.227913425701
54.04 0.233646070233
54.11 0.222891980687
54.18 0.272017261018
54.25 0.327492146322
54.32 0.34516875721
54.39 0.320550867387
54.46 0.33080357383
54.53 0.355618870512
54.6 0.400508417556
54.67 0.364685642268
54.74 0.42965619818
54.81 0.434363691754
54.88 0.317142500244
54.95 0.254691830242
55.02 0.192336963973
55.09 0.191594003953
55.16 0.130128486591
55.23 0.280238979912
55.3 0.499327476969
55.37 0.376772488207
55.44 0.274322738142
55.51 0.188030327349
55.58 0.15686134133
55.65 0.132193860013
55.72 0.099779815599
55.79 0.0897616227652
55.86 0.0717552269236
55.93 0.0664114910527
56.0 0.0556282460571
56.07 0.0474765709557
56.14 0.0435474799268
56.21 0.143106376143
56.28 0.494117381079
56.35 0.351244110355
56.42 0.629006273061
56.49 0.199180679444
56.56 0.107521894024
56.63 0.11164970663
56.7 0.0744177262223
56.77 0.176738757864
56.84 0.40356500514
56.91 0.393737178209
56.98 0.280491765462
57.05 0.120219884759
57.12 0.107927739588
57.19 0.0656567514018
57.26 0.043361478807
57.33 0.0264623723108
57.4 0.019955868834
57.47 0.0163699293986
57.54 0.0301229174283
57.61 0.0775942986002
57.68 0.478744497745
57.75 0.358207205077
57.82 0.232504905052
57.89 0.151780047176
57.96 0.130339475483
58.03 0.10751682413
58.1 0.101151666061
58.17 0.0663637263471
58.24 0.0391654613881
58.31 0.0477471163766
58.38 0.219472721908
58.45 0.383729177997
58.52 0.344721545777
58.59 0.18732262494
58.66 0.127896050492
58.73 0.0745434331899
58.8 0.0532074923336
58.87 0.0350227967349
58.94 0.023761829499
59.01 0.0168393935022
59.08 0.0152487024154
59.15 0.270422038522
59.22 0.602735896334
59.29 0.433973192019
59.36 0.276168931592
59.43 0.108892025396
59.5 0.0838263084377
59.57 0.0707923289867
59.64 0.0591676745444
59.71 0.0340390827662
59.78 0.0401739477352
59.85 0.527595581111
59.92 0.496845606125
59.99 0.420847005513
60.06 0.472443474349
60.13 0.319436307467
60.2 0.362099835538
60.27 0.358974338029
60.34 0.309946359033
60.41 0.28089815764
60.48 0.307869449822
60.55 0.211795052479
60.62 0.277118462889
60.69 0.231132908284
60.76 0.27240942701
60.83 0.221343714153
60.9 0.376236119785
60.97 0.321792410383
61.04 0.234833717915
61.11 0.150616875198
61.18 0.148514679508
61.25 0.131713004395
61.32 0.29593213021
61.39 0.271712002568
61.46 0.165932152745
61.53 0.107890951865
61.6 0.0767330586523
61.67 0.0519584775924
61.74 0.208325915692
61.81 0.799151591457
61.88 0.748268902808
61.95 0.615302019011
62.02 0.547622979146
62.09 0.348196455539
62.16 0.215858567849
62.23 0.144922877689
62.3 0.104600088418
62.37 0.0776730191266
62.44 0.0551071381183
62.51 0.037613153162
62.58 0.0262048440219
62.65 0.446918957338
62.72 0.765323440687
62.79 0.669898154435
62.86 0.635735039087
62.93 0.440454354152
63.0 0.241247849742
63.07 0.178825668686
63.14 0.119241031387
63.21 0.0882134720557
63.28 0.059864072816
63.35 0.0489542308273
63.42 0.0342020427903
63.49 0.0338830803849
63.56 0.49435614771
63.63 0.648563369799
63.7 0.513589155252
63.77 0.433553384434
63.84 0.404486823723
63.91 0.34993340343
63.98 0.418715766134
64.05 0.523008375102
64.12 0.267501500897
64.19 0.168194016584
64.26 0.121286923816
64.33 0.28080616801
64.4 0.375127822556
64.47 0.600516583033
64.54 0.604353590959
64.61 0.506124470161
64.68 0.424562279075
64.75 0.37964626901
64.82 0.362751204205
64.89 0.447936933227
64.96 0.52900254491
65.03 0.287681180681
65.1 0.16313157553
65.17 0.11037119506
65.24 0.334615140843
65.31 0.328563294127
65.38 0.786225965507
65.45 0.55849316826
65.52 0.318925487655
65.59 0.215025398251
65.66 0.154205399365
65.73 0.116413609131
65.8 0.0981009835325
65.87 0.0604863429305
65.94 0.039644246376
66.01 0.028772137001
66.08 0.0273149070771
66.15 0.222111292118
66.22 0.567288423289
66.29 0.71284441193
66.36 0.649209138214
66.43 0.320261558276
66.5 0.204324137209
66.57 0.103061683285
66.64 0.0900339421411
66.71 0.068532560162
66.78 0.0563554944844
66.85 0.0341515409514
66.92 0.0258850566156
66.99 0.0202119950278
67.06 0.0232973601051
67.13 0.492881858963
67.2 0.544910882258
67.27 0.482474353095
67.34 0.304880144514
67.41 0.162070510618
67.48 0.166696099487
67.55 0.313174390332
67.62 0.663435619847
67.69 0.502007593897
67.76 0.371296677013
67.83 0.304437753037
67.9 0.261476257411
67.97 0.118143688788
68.04 0.55090244295
68.11 0.559437450845
68.18 0.457695618583
68.25 0.224671019879
68.32 0.145158586128
68.39 0.104410013094
68.46 0.31625090189
68.53 0.633368680557
68.6 0.364629032171
68.67 0.282036864075
68.74 0.225709370851
68.81 0.226313799814
68.88 0.653219922618
68.95 0.663688159522
69.02 0.699183470426
69.09 0.695328194622
69.16 0.686184730297
69.23 0.639311474756
69.3 0.517634061366
69.37 0.479386819851
69.44 0.574390772468
69.51 0.311579627073
69.58 0.179867329822
69.65 0.128765814771
69.72 0.234488475371
69.79 0.572567238094
69.86 0.683467159143
69.93 0.67178594134
70.0 0.551394358863
70.07 0.601237274125
70.14 0.483874631543
70.21 0.472344149121
70.28 0.511388447143
70.35 0.431636486784
70.42 0.246074767273
70.49 0.188150438128
70.56 0.189896912138
70.63 0.414214291127
70.7 0.41445968215
70.77 0.587775708509
70.84 0.568250670979
70.91 0.547054829901
70.98 0.527856391115
71.05 0.440506631978
71.12 0.383847321779
71.19 0.399381309902
71.26 0.318661208989
71.33 0.378625263376
71.4 0.353286985231
71.47 0.388434861039
71.54 0.404503549295
71.61 0.676741276555
71.68 0.511121348031
71.75 0.345574795815
71.82 0.296563885803
71.89 0.250546830795
71.96 0.153803065135
72.03 0.097553121994
72.1 0.103708038955
72.17 0.0746828034724
72.24 0.0493879536986
72.31 0.0391428531131
72.38 0.194358776943
72.45 0.543829736906
72.52 0.585113262043
72.59 0.720856056341
72.66 0.65970874344
72.73 0.645230295163
72.8 0.531554288858
72.87 0.475161628694
72.94 0.454813364249
73.01 0.451627129607
73.08 0.254995808518
73.15 0.147517292064
73.22 0.109776686428
73.29 0.316568925501
73.36 0.45127470793
73.43 0.604094463469
73.5 0.557937461085
73.57 0.485061574113
73.64 0.509495464358
73.71 0.537760424961
73.78 0.500360896224
73.85 0.504237589538
73.92 0.422830646953
73.99 0.206090378727
74.06 0.13353533378
74.13 0.0971079527436
74.2 0.36996550966
74.27 0.445900705094
74.34 0.70579355012
74.41 0.787714224405
74.48 0.698257541062
74.55 0.720207432936
74.62 0.673516789102
74.69 0.617345812362
74.76 0.599842252518
74.83 0.608219744176
74.9 0.644363331009
74.97 0.485187908975
75.04 0.488888537756
75.11 0.438278009984
75.18 0.641772836405
75.25 0.70873983143
75.32 0.632540625557
75.39 0.519847449292
75.46 0.362831332923
75.53 0.194694172309
75.6 0.104205740034
75.67 0.0830596225304
75.74 0.0816000070129
75.81 0.0534026009754
75.88 0.0498138390616
75.95 0.0351462461263
76.02 0.0213673802983
76.09 0.55105941867
76.16 0.502724029936
76.23 0.327555801438
76.3 0.225708421897
76.37 0.125287856977
76.44 0.084922517168
76.51 0.217861363127
76.58 0.738023379561
76.65 0.420633145374
76.72 0.228248410599
76.79 0.15436304362
76.86 0.113002346357
76.93 0.0722371290329
77.0 0.630743015718
77.07 0.439420711374
77.14 0.262280139478
77.21 0.190954833513
77.28 0.126914356353
77.35 0.0937006056764
77.42 0.182356335095
77.49 0.633658463128
77.56 0.337141002929
77.63 0.210012922582
77.7 0.11967046466
77.77 0.260225814158
77.84 0.306446999984
77.91 0.584429645189
77.98 0.396195735667
78.05 0.247172306977
78.12 0.161628472713
78.19 0.171926917936
78.26 0.317877510995
78.33 0.45189599861
78.4 0.554672875745
78.47 0.28620652617
78.54 0.194675912561
78.61 0.16720086997
78.68 0.121878250301
78.75 0.180637533159
78.82 0.828760202124
78.89 0.662330699839
78.96 0.74793152622
79.03 0.694616330633
79.1 0.567290882036
79.17 0.368391655906
79.24 0.59344090414
79.31 0.69984738886
79.38 0.448349234524
79.45 0.360443237854
79.52 0.19936768235
79.59 0.119671696065
79.66 0.100631939897
79.73 0.178104353763
79.8 0.138080334695
79.87 0.159955045825
79.94 0.160750673819
80.01 0.128552842626
80.08 0.143522652074
80.15 0.183520636878
80.22 0.144950555859
80.29 0.103842745747
80.36 0.182026220954
80.43 0.187329566327
80.5 0.139823839921
80.57 0.15525383323
80.64 0.174592654245
80.71 0.132872730064
80.78 0.20234577293
80.85 0.177976781399
80.92 0.129200305747
80.99 0.128984903303
81.06 0.245898989255
81.13 0.101720912597
81.2 0.0846798490548
81.27 0.24450514622
81.34 0.113895860908
81.41 0.10539267854
81.48 0.191194977855
81.55 0.164002626079
81.62 0.129742591418
81.69 0.174499577485
81.76 0.165630025641
81.83 0.134523282483
81.9 0.194219116082
81.97 0.168195560921
82.04 0.154291252288
82.11 0.163847753502
82.18 0.187397222494
82.25 0.13304369219
82.32 0.137039142957
82.39 0.220756159099
82.46 0.138997170761
82.53 0.121381171021
82.6 0.254157493841
82.67 0.218234682117
82.74 0.149527195354
82.81 0.223709895897
82.88 0.140241387899
82.95 0.105427730916
83.02 0.244680184582
83.09 0.196532782254
83.16 0.127252015391
83.23 0.517567600028
83.3 0.800753101028
83.37 0.638254583617
83.44 0.568156586336
83.51 0.481823577778
83.58 0.52978077067
83.65 0.439316562126
83.72 0.569123763711
83.79 0.328961367207
83.86 0.224496802454
83.93 0.132777651762
84.0 0.130576260893
84.07 0.524729081043
84.14 0.573943355802
84.21 0.790602286257
84.28 0.715255381468
84.35 0.682297612712
84.42 0.67050072613
84.49 0.56229023883
84.56 0.344645576609
84.63 0.539657134475
84.7 0.321026626694
84.77 0.187726290144
84.84 0.133141802269
84.91 0.163780016054
84.98 0.46545352849
85.05 0.60820251263
85.12 0.821080082077
85.19 0.691648302625
85.26 0.662383581176
85.33 0.576945952565
85.4 0.543514921857
85.47 0.474076429458
85.54 0.520623417475
85.61 0.507793036453
85.68 0.501995210756
85.75 0.402328521877
85.82 0.354006347382
85.89 0.291659086971
85.96 0.421138635192
86.03 0.494360349931
86.1 0.383098897652
86.17 0.384729249741
86.24 0.324132852507
86.31 0.260563263898
86.38 0.265357758488
86.45 0.4474630637
86.52 0.369587279273
86.59 0.247020346287
86.66 0.186345013133
86.73 0.124923259425
86.8 0.129845190233
86.87 0.331408254763
86.94 0.271870494176
87.01 0.215428258775
87.08 0.173577722325
87.15 0.202278555679
87.22 0.247520847493
87.29 0.266914884638
87.36 0.232318152084
87.43 0.152294286881
87.5 0.0868384130313
87.57 0.0565295960843
87.64 0.0438569974947
87.71 0.227040802367
87.78 0.362447315338
87.85 0.506518048409
87.92 0.400057005935
87.99 0.400594481809
88.06 0.454553529616
88.13 0.23483326071
88.2 0.321752235279
88.27 0.258043694984
88.34 0.169063024952
88.41 0.109868068482
88.48 0.0698467194916
88.55 0.0647743581065
88.62 0.245040055652
88.69 0.471090239239
88.76 0.50189639963
88.83 0.467069611722
88.9 0.332291903848
88.97 0.344622055956
89.04 0.240295756066
89.11 0.348799537271
89.18 0.249803149407
89.25 0.173481869823
89.32 0.0991414559355
89.39 0.0756743021168
89.46 0.0648254126554
89.53 0.257440005678
89.6 0.36986826319
89.67 0.283094127074
89.74 0.222672532488
89.81 0.2418146355
89.88 0.252791398065
89.95 0.298318331434
90.02 0.379933452626
90.09 0.226700985321
90.16 0.135210406606
90.23 0.0942403696079
90.3 0.0753971810732
90.37 0.05500778241
90.44 0.486042979705
90.51 0.474915044875
90.58 0.370971860352
90.65 0.337954837839
90.72 0.25738796763
90.79 0.174039119302
90.86 0.271638358032
90.93 0.445456541694
91.0 0.285444524073
91.07 0.244704316874
91.14 0.15520678786
91.21 0.211965083939
91.28 0.419147205013
91.35 0.575873280744
91.42 0.673606000957
91.49 0.677931415495
91.56 0.587797373926
91.63 0.589651098049
91.7 0.500924993617
91.77 0.581821179383
91.84 0.555957475253
91.91 0.403366053945
91.98 0.316968303139
92.05 0.212626734637
92.12 0.14017748894
92.19 0.209156155114
92.26 0.337127823235
92.33 0.192015502181
92.4 0.164070995486
92.47 0.144554963878
92.54 0.114262279152
92.61 0.0500508398658
92.68 0.129335396591
92.75 0.13420550881
92.82 0.10528112054
92.89 0.0643037601347
92.96 0.0434630372269
93.03 0.066743468558
93.1 0.201529773917
93.17 0.298559792526
93.24 0.206839648175
93.31 0.1051404457
93.38 0.0858215994587
93.45 0.0777456131071
93.52 0.123327618333
93.59 0.328932490144
93.66 0.670455005638
93.73 0.234616019286
93.8 0.16872451856
93.87 0.130013504634
93.94 0.12235503578
94.01 0.521825153164
94.08 0.858955252264
94.15 0.749530392131
94.22 0.571224549178
94.29 0.460369659766
94.36 0.220383888633
94.43 0.118604717969
94.5 0.522430401032
94.57 0.580584310036
94.64 0.57808662803
94.71 0.562888539215
94.78 0.497383238465
94.85 0.652802856229
94.92 0.669668820449
94.99 0.551667602809
95.06 0.694789684448
95.13 0.675159865712
95.2 0.60091214047
95.27 0.575133832058
95.34 0.549158385014
95.41 0.736147605969
95.48 0.634317768873
95.55 0.310722134174
95.62 0.194785125607
95.69 0.144497043127
95.76 0.098591737129
95.83 0.527259750892
95.9 0.362833935943
95.97 0.302224139557
96.04 0.324278349336
96.11 0.279516508768
96.18 0.16639915607
96.25 0.471364257386
96.32 0.759421329596
96.39 0.561623455245
96.46 0.508054514993
96.53 0.241784549385
96.6 0.155600618078
96.67 0.183197267017
96.74 0.855211412539
96.81 0.652497794885
96.88 0.655547040774
96.95 0.489302145643
97.02 0.238244147559
97.09 0.157765402074
97.16 0.622682984802
97.23 0.684821550473
97.3 0.534936855419
97.37 0.518813406206
97.44 0.429108724757
97.51 0.370388877348
97.58 0.296476870563
97.65 0.195633551626
97.72 0.166631597018
97.79 0.11048953798
97.86 0.0864861092114
97.93 0.0510958375815
98.0 0.0351106410394
98.07 0.030294300183
98.14 0.0278046141823
98.21 0.0206118786393
98.28 0.0146006134312
98.35 0.01378612421
98.42 0.0110155477652
98.49 0.00897266679253
98.56 0.0088827904662
98.63 0.00639166173002
98.7 0.00544348172736
98.77 0.00613296299654
98.84 0.00658363496208
98.91 0.00571075965708
98.98 0.00606434365076
99.05 0.00401747788322
99.12 0.00521836215491
99.19 0.0045313518243
99.26 0.00533923087847
99.33 0.00321025720412
99.4 0.00278063901694
99.47 0.0036063836072
99.54 0.00171422582305
99.61 0.0641856874732
99.68 0.501432005421
99.75 0.568020782251
99.82 0.510765055352
99.89 0.413545440976
99.96 0.382961459822
100.03 0.515747316888
100.1 0.4806800839
100.17 0.531886634159
100.24 0.497034699982
100.31 0.340255517359
100.38 0.242914125946
100.45 0.31360424017
100.52 0.606262579981
100.59 0.622195838044
100.66 0.475672068518
100.73 0.406514165825
100.8 0.437449631893
100.87 0.540391696148
100.94 0.551412665348
101.01 0.540871497147
101.08 0.527139233708
101.15 0.454617599264
101.22 0.285634948905
101.29 0.445997697561
101.36 0.646669767248
101.43 0.585604466748
101.5 0.570092320828
101.57 0.490332035276
101.64 0.510903555929
101.71 0.560269726353
101.78 0.610292493837
101.85 0.542675192892
101.92 0.410860111912
101.99 0.343247923533
102.06 0.269322379419
102.13 0.623403535685
102.2 0.439909325252
102.27 0.29437977728
102.34 0.529845945738
102.41 0.37883787179
102.48 0.411637829665
102.55 0.661677528768
102.62 0.353953815553
102.69 0.503435792325
102.76 0.599483580342
102.83 0.448714492483
102.9 0.427394372949
102.97 0.570183778068
103.04 0.542450178985
103.11 0.549091468503
103.18 0.519818310099
103.25 0.549334772639
103.32 0.493899794212
103.39 0.587071696252
103.46 0.455696231006
103.53 0.353402357336
103.6 0.452228847853
103.67 0.383156621297
103.74 0.459158842971
103.81 0.387408667654
103.88 0.351545312889
103.95 0.372664065154
104.02 0.355109178471
104.09 0.35100446589
104.16 0.511507054226
104.23 0.50145503026
104.3 0.448701607433
104.37 0.294342093434
104.44 0.135244213354
104.51 0.237690066002
104.58 0.537392206346
104.65 0.546422021721
104.72 0.49146862028
104.79 0.460761205991
104.86 0.48124077156
104.93 0.498874732341
105.0 0.498156160647
105.07 0.369944470106
105.14 0.355324367553
105.21 0.497795113037
105.28 0.395803285191
105.35 0.434785574034
105.42 0.461434075482
105.49 0.315623907325
105.56 0.344881648779
105.63 0.408889629845
105.7 0.410628936914
105.77 0.373687440126
105.84 0.485618689479
105.91 0.542608459263
105.98 0.542365965903
106.05 0.371953519947
106.12 0.227750085689
106.19 0.384065591406
106.26 0.32924662853
106.33 0.17464871976
106.4 0.267372969419
106.47 0.200413403466
106.54 0.118950257188
106.61 0.264006815499
106.68 0.466568265196
106.75 0.405299677167
106.82 0.336243154075
106.89 0.188708189517
106.96 0.155428745607
107.03 0.431786216313
107.1 0.322363272377
107.17 0.220813141056
107.24 0.247667238411
107.31 0.319481863365
107.38 0.286912162013
107.45 0.412344674561
107.52 0.34106588564
107.59 0.368100316806
107.66 0.45987786171
107.73 0.443538713378
107.8 0.422318126338
107.87 0.514744101606
107.94 0.433988556137
108.01 0.381262835863
108.08 0.399521793732
108.15 0.325201801665
108.22 0.275038271963
108.29 0.509802649164
108.36 0.551141544865
108.43 0.491158812133
108.5 0.459652406854
108.57 0.277018062721
108.64 0.349155964063
108.71 0.522754148849
108.78 0.413284954063
108.85 0.306334614952
108.92 0.266633213897
108.99 0.176603215911
109.06 0.248888820857
109.13 0.573182928522
109.2 0.479397016536
109.27 0.48620978025
109.34 0.322634128697
109.41 0.183444742894
109.48 0.230300917259
109.55 0.402588441856
109.62 0.328808609964
109.69 0.271494891193
109.76 0.324478141788
109.83 0.284536043681
109.9 0.2921696223
109.97 0.420396213658
110.04 0.369085957131
110.11 0.329749379183
110.18 0.407080031077
110.25 0.371310537434
110.32 0.4280092526
110.39 0.268416087515
110.46 0.233618908197
110.53 0.291145034212
110.6 0.25395693938
110.67 0.203289214258
110.74 0.513381838223
110.81 0.500798640467
110.88 0.45039073169
110.95 0.39009845091
111.02 0.265564663017
111.09 0.253413798229
111.16 0.400735386268
111.23 0.410332269852
111.3 0.292722612662
111.37 0.298989652524
111.44 0.313271010939
111.51 0.319526543461
111.58 0.405238679935
111.65 0.41213728438
111.72 0.386694361174
111.79 0.455105865666
111.86 0.384199796289
111.93 0.293313481943
112.0 0.411378891153
112.07 0.280121691611
112.14 0.304352704795
112.21 0.277040085774
112.28 0.207452040632
112.35 0.361663030089
112.42 0.421161690512
112.49 0.320709604869
112.56 0.328938472417
112.63 0.372797304827
112.7 0.260145025034
112.77 0.436543925211
112.84 0.72812039627
112.91 0.567590020036
112.98 0.547619317443
113.05 0.576442220445
113.12 0.537572834801
113.19 0.58235571289
113.26 0.746212996575
113.33 0.656670710248
113.4 0.722406348802
113.47 0.720928160605
113.54 0.531794047116
113.61 0.538745760484
113.68 0.656241589906
113.75 0.540959256107
113.82 0.532083313554
113.89 0.618896661596
113.96 0.515170937955
114.03 0.637258155288
114.1 0.553449844467
114.17 0.600074866187
114.24 0.656260875825
114.31 0.649119137935
114.38 0.550426584074
114.45 0.637399959932
114.52 0.677428410839
114.59 0.675272679501
114.66 0.694713392188
114.73 0.498016802557
114.8 0.606199859594
114.87 0.711270334653
114.94 0.697927298903
115.01 0.674534866592
115.08 0.588656778958
115.15 0.5226897175
115.22 0.582338790212
115.29 0.644317815752
115.36 0.663774357889
115.43 0.610503557915
115.5 0.639603555545
115.57 0.378894717601
115.64 0.425720950125
115.71 0.466925388972
115.78 0.208246896458
115.85 0.416985471082
115.92 0.423309690007
115.99 0.341535235951
116.06 0.611611190672
116.13 0.646564441459
116.2 0.609739915976
116.27 0.534569691423
116.34 0.335944209117
116.41 0.253528018177
116.48 0.41057683181
116.55 0.421950511234
116.62 0.42881341915
116.69 0.565569536008
116.76 0.570742297561
116.83 0.561185320854
116.9 0.602119295561
116.97 0.550366671942
117.04 0.543212457437
117.11 0.517649222281
117.18 0.462494807143
117.25 0.478778365453
117.32 0.519790174724
117.39 0.561012617285
117.46 0.413376673433
117.53 0.349116937052
117.6 0.180526962722
117.67 0.177838423063
117.74 0.557099095607
117.81 0.573350275681
117.88 0.533013325249
117.95 0.39891851083
118.02 0.327751328677
118.09 0.253445534346
118.16 0.436814560041
118.23 0.374391210572
118.3 0.351932278938
118.37 0.551871833197
118.44 0.555321488991
118.51 0.527009623227
118.58 0.663413694331
118.65 0.55717595277
118.72 0.522353850705
118.79 0.430408808272
118.86 0.497501869933
118.93 0.510420440703
119.0 0.680462207266
119.07 0.551806367549
119.14 0.479260050136
119.21 0.316082453375
119.28 0.197271153969
119.35 0.354644652181
119.42 0.322686615822
119.49 0.17802057147
119.56 0.256134433672
119.63 0.318043197992
119.7 0.430746304748
119.77 0.458548108645
119.84 0.479137354625
119.91 0.451832719418
119.98 0.493733310662
120.05 0.352033428921
120.12 0.181579795914
120.19 0.425045522319
120.26 0.423650476327
120.33 0.328640661327
120.4 0.282803549982
120.47 0.461379700609
120.54 0.535319903729
120.61 0.464500613877
120.68 0.434216739998
120.75 0.404285572279
120.82 0.418076701359
120.89 0.421803594022
120.96 0.388089811537
121.03 0.603429506672
121.1 0.462453116151
121.17 0.355950309531
121.24 0.389728807848
121.31 0.36104259489
121.38 0.335763371365
121.45 0.477603932009
121.52 0.529061709258
121.59 0.526479543911
121.66 0.410588190812
121.73 0.233792182764
121.8 0.400093832266
121.87 0.412640536942
121.94 0.269034622773
122.01 0.302878702563
122.08 0.250236303313
122.15 0.217253987733
122.22 0.395456876267
122.29 0.533521690379
122.36 0.533323466648
122.43 0.48990719234
122.5 0.295474823693
122.57 0.185949465856
122.64 0.546896045682
122.71 0.712377191178
122.78 0.523014822707
122.85 0.542568050476
122.92 0.491936227116
122.99 0.428974227263
123.06 0.423598460632
123.13 0.37401001953
123.2 0.29342498711
123.27 0.528478181672
123.34 0.665474763932
123.41 0.506516306966
123.48 0.422422751079
123.55 0.364540062127
123.62 0.246372842525
123.69 0.284122801558
123.76 0.231632523528
123.83 0.312447601142
123.9 0.633929449498
123.97 0.605797519268
124.04 0.497750178938
124.11 0.374057020195
124.18 0.265529608608
124.25 0.44364401275
124.32 0.665343489224
124.39 0.498267066368
124.46 0.352649741148
124.53 0.386369408368
124.6 0.404790348859
124.67 0.380187617918
124.74 0.350305104931
124.81 0.227893893907
124.88 0.439187691301
124.95 0.572043734402
125.02 0.507873372437
125.09 0.372791214858
125.16 0.36784508267
125.23 0.283929245381
125.3 0.270764901569
125.37 0.237960562654
125.44 0.155079420731
125.51 0.599681365156
125.58 0.587611171636
125.65 0.437543545847
125.72 0.47712317596
125.79 0.316613688911
125.86 0.220694596965
125.93 0.554311151472
126.0 0.62891782931
126.07 0.560535244552
126.14 0.460320326339
126.21 0.416645150095
126.28 0.317615396433
126.35 0.493456203842
126.42 0.437955773991
126.49 0.351055042914
126.56 0.514401555555
126.63 0.476481581318
126.7 0.309278965841
126.77 0.694927703436
126.84 0.583394358505
126.91 0.458455277758
126.98 0.66784887869
127.05 0.600419462548
127.12 0.602211480264
127.19 0.620665284644
127.26 0.402332551377
127.33 0.415285319043
127.4 0.628640549769
127.47 0.602775563433
127.54 0.654411026768
127.61 0.537441558061
127.68 0.545608119754
127.75 0.563083534063
127.82 0.597787973935
127.89 0.655825187989
127.96 0.757722886487
128.03 0.749547491595
128.1 0.507714884893
128.17 0.718175329807
128.24 0.689641538808
128.31 0.463330209933
128.38 0.721514167257
128.45 0.649967761059
128.52 0.416442321803
128.59 0.240215905735
128.66 0.193705546944
128.73 0.194638092571
128.8 0.562141047786
128.87 0.471481935835
128.94 0.289978877194
129.01 0.190939219457
129.08 0.119171708961
129.15 0.119562103031
129.22 0.632995948821
129.29 0.500322214656
129.36 0.319463804787
129.43 0.241123274611
129.5 0.138020635926
129.57 0.138595204327
129.64 0.113415952212
129.71 0.0928048904458
129.78 0.146126202419
129.85 0.468145016613
129.92 0.409512647744
129.99 0.259405373145
130.06 0.219870896589
130.13 0.121252759432
130.2 0.0957070565614
130.27 0.102167827354
130.34 0.0734310353416
130.41 0.283172124201
130.48 0.584034207641
130.55 0.341879501092
130.62 0.209246941786
130.69 0.113899152784
130.76 0.0907460357494
130.83 0.629544523136
130.9 0.60936043996
130.97 0.330486956378
131.04 0.229794027377
131.11 0.161295800256
131.18 0.117635797119
131.25 0.157088060103
131.32 0.131508048575
131.39 0.0777184856155
131.46 0.554982220591
131.53 0.621835030213
131.6 0.453314059281
131.67 0.281103989261
131.74 0.137660470213
131.81 0.10328856462
131.88 0.157414146777
131.95 0.107322896093
132.02 0.182752260328
132.09 0.581382575595
132.16 0.401165567326
132.23 0.201352766526
132.3 0.165209431663
132.37 0.0968273284944
132.44 0.261263275105
132.51 0.668869142635
132.58 0.483555963781
132.65 0.39596961634
132.72 0.482541216774
132.79 0.397124503765
132.86 0.380199854754
132.93 0.36527663347
133.0 0.269743641932
133.07 0.385059378107
133.14 0.5846349241
133.21 0.552743009732
133.28 0.460568736946
133.35 0.459954160066
133.42 0.45071406091
133.49 0.373301319398
133.56 0.353174075938
133.63 0.307784996962
133.7 0.472213496212
133.77 0.510168242407
133.84 0.48192568078
133.91 0.472884293041
133.98 0.405197295778
134.05 0.416255007997
134.12 0.385944780826
134.19 0.424499522112
134.26 0.318113154409
134.33 0.516900216996
134.4 0.524718979862
134.47 0.500824719435
134.54 0.459193998981
134.61 0.463440508079
134.68 0.529900127569
134.75 0.499251806508
134.82 0.505839139749
134.89 0.433438778401
134.96 0.645569067749
135.03 0.435132590533
135.1 0.312204333582
135.17 0.526614994424
135.24 0.351553912406
135.31 0.259515984222
135.38 0.693727050815
135.45 0.403743953112
135.52 0.279072916367
135.59 0.621510617925
135.66 0.398627234722
135.73 0.432010098385
135.8 0.746654615883
135.87 0.506538882729
135.94 0.522888404532
136.01 0.503461229175
136.08 0.36110061521
136.15 0.336120958441
136.22 0.339465759876
136.29 0.304538957885
136.36 0.354565385041
136.43 0.484205653998
136.5 0.453015910875
136.57 0.414410269474
136.64 0.582925477592
136.71 0.506519877229
136.78 0.607466335499
136.85 0.623966980799
136.92 0.536515185717
136.99 0.534443567891
137.06 0.382789191106
137.13 0.315978096861
137.2 0.456144100813
137.27 0.381240528327
137.34 0.27830864247
137.41 0.567604656689
137.48 0.636188291721
137.55 0.514123898058
137.62 0.569990457605
137.69 0.403941177088
137.76 0.293299024107
137.83 0.445421785993
137.9 0.245885445829
137.97 0.238952784698
138.04 0.408174413019
138.11 0.410920601138
138.18 0.428907381873
138.25 0.538590983411
138.32 0.560784797155
138.39 0.422831449601
138.46 0.623486549874
138.53 0.584533213278
138.6 0.525477015452
138.67 0.480857597264
138.74 0.337027514509
138.81 0.391699692254
138.88 0.401164626499
138.95 0.296886735466
139.02 0.51297082726
139.09 0.656204590852
139.16 0.458893127666
139.23 0.46411716729
139.3 0.524231692895
139.37 0.485543642848
139.44 0.408522413017
139.51 0.426430731292
139.58 0.287671851669
139.65 0.289726148541
139.72 0.379128706949
139.79 0.219315565338
139.86 0.396856258593
139.93 0.598783532559
140.0 0.470828079973
140.07 0.514316932005
140.14 0.563621542328
140.21 0.41713086631
140.28 0.508010765562
140.35 0.528090717778
140.42 0.489649601058
140.49 0.426520603554
140.56 0.403268795283
140.63 0.313536289359
140.7 0.550657411596
140.77 0.441436605065
140.84 0.447389953586
140.91 0.573330101768
140.98 0.546505541883
141.05 0.412678235012
141.12 0.493218957163
141.19 0.300403563806
141.26 0.274175489711
141.33 0.46483406663
141.4 0.514544561125
141.47 0.481649321745
141.54 0.551512951722
141.61 0.54261326093
141.68 0.40087415304
141.75 0.492930968867
141.82 0.33401607845
141.89 0.304295361138
141.96 0.546169845778
142.03 0.360278383986
142.1 0.301479885139
142.17 0.428898207294
142.24 0.218789592739
142.31 0.499568043972
142.38 0.631359287304
142.45 0.470897672657
142.52 0.42194585384
142.59 0.58962668737
142.66 0.511272721466
142.73 0.536654373117
142.8 0.540913612832
142.87 0.442576496169
142.94 0.444617030156
143.01 0.580879633932
143.08 0.506848310888
143.15 0.56851082464
143.22 0.618498062222
143.29 0.494912610797
143.36 0.460271216435
143.43 0.358727884259
143.5 0.291838479956
143.57 0.557108164521
143.64 0.598732715757
143.71 0.497148466789
143.78 0.41414312769
143.85 0.276023253913
143.92 0.268436743017
143.99 0.576220081849
144.06 0.405176798774
144.13 0.313290662622
144.2 0.450288468158
144.27 0.498839781566
144.34 0.395212708521
144.41 0.49118553322
144.48 0.346952025039
144.55 0.399548592036
144.62 0.524153224339
144.69 0.477496269396
144.76 0.401571197495
144.83 0.548639792718
144.9 0.531460454153
144.97 0.563075554313
145.04 0.523957497963
145.11 0.399706660984
145.18 0.347755608399
145.25 0.544452382944
145.32 0.501336701564
145.39 0.49380587213
145.46 0.410802827184
145.53 0.28553851118
145.6 0.526995317793
145.67 0.387922407481
145.74 0.252445523562
145.81 0.320479610476
145.88 0.26110970099
145.95 0.158285595603
146.02 0.491159234794
146.09 0.402419968957
146.16 0.214133925882
146.23 0.383175216328
146.3 0.224907762617
146.37 0.177150026894
146.44 0.500842698765
146.51 0.328779298049
146.58 0.235630463521
146.65 0.519392331263
146.72 0.632335775403
146.79 0.509544728695
146.86 0.48331555934
146.93 0.286986479148
147.0 0.208153313724
147.07 0.572588667797
147.14 0.579408033549
147.21 0.509530061562
147.28 0.546777052515
147.35 0.470324861954
147.42 0.527031758041
147.49 0.471727054566
147.56 0.545431252573
147.63 0.527270012602
147.7 0.558683371601
147.77 0.562237735449
147.84 0.494149757283
147.91 0.452359655195
147.98 0.479287267036
148.05 0.426098058835
148.12 0.727132498369
148.19 0.457767733006
148.26 0.366883013798
148.33 0.203737675384
148.4 0.137442434269
148.47 0.124416899901
148.54 0.32798509247
148.61 0.259455952201
148.68 0.153228198027
148.75 0.289335350099
148.82 0.169323664266
148.89 0.181039160245
148.96 0.408503411581
149.03 0.224299576446
149.1 0.180549524261
149.17 0.108185365414
149.24 0.0760639138578
149.31 0.192506032255
149.38 0.246033409532
149.45 0.121320003099
149.52 0.308403613501
149.59 0.410837271986
149.66 0.227386467571
149.73 0.158169359889
149.8 0.0819441868095
149.87 0.080418540742
149.94 0.240935786051
150.01 0.220337060689
150.08 0.0930041159639
150.15 0.286308619012
150.22 0.179446138429
150.29 0.110606405653
150.36 0.280251243164
150.43 0.211042298114
150.5 0.111892888845
150.57 0.468395784365
150.64 0.339143595004
150.71 0.236395267776
150.78 0.14410002873
150.85 0.0822081687998
150.92 0.0619684122895
150.99 0.0403400025286
151.06 0.0267169399438
151.13 0.0246247844733
151.2 0.0237185128893
151.27 0.0188665364657
151.34 0.0174017453885
151.41 0.0425098462584
151.48 0.0457260857348
151.55 0.0470092404751
151.62 0.335099587044
151.69 0.222072063936
151.76 0.147670868211
151.83 0.100204052992
151.9 0.0869591395134
151.97 0.147072460129
152.04 0.18250504455
152.11 0.109521596565
152.18 0.159120567604
152.25 0.420695554861
152.32 0.2275658443
152.39 0.152172259905
152.46 0.104422134104
152.53 0.0605363062837
152.6 0.140487063404
152.67 0.168270963156
152.74 0.102095267918
152.81 0.321742404358
152.88 0.354593640304
152.95 0.218117466969
153.02 0.175294886452
153.09 0.118790540271
153.16 0.0586031240105
153.23 0.175269248432
153.3 0.16956859402
153.37 0.0951575958217
153.44 0.241415719131
153.51 0.207092693824
153.58 0.161500989758
153.65 0.209579791029
153.72 0.147977228017
153.79 0.0868270987337
153.86 0.491222199023
153.93 0.30752081177
154.0 0.190690920611
154.07 0.119125311806
154.14 0.0749700846252
154.21 0.0657461562991
154.28 0.050488275241
154.35 0.0297391782304
154.42 0.027899363297
154.49 0.0221312457593
154.56 0.0177914587306
154.63 0.0169048815023
154.7 0.0215910977757
154.77 0.0187445806104
154.84 0.0180508056791
154.91 0.483665613712
154.98 0.396766500124
155.05 0.296437103896
155.12 0.217931010676
155.19 0.185712782047
155.26 0.2027707703
155.33 0.207053483931
155.4 0.131686931523
155.47 0.127974730378
155.54 0.481413428392
155.61 0.286684163066
155.68 0.218895251779
155.75 0.145320725215
155.82 0.0794760341443
155.89 0.184197613084
155.96 0.298535123781
156.03 0.141053751625
156.1 0.341618977603
156.17 0.445048753518
156.24 0.266130552653
156.31 0.187516209565
156.38 0.15473639309
156.45 0.0904749498107
156.52 0.173648944691
156.59 0.254963747277
156.66 0.126074926095
156.73 0.172156908265
156.8 0.159502622256
156.87 0.0827371914637
156.94 0.305669450888
157.01 0.311014773768
157.08 0.161662452182
157.15 0.497448567967
157.22 0.28183923979
157.29 0.20545445749
157.36 0.167282734035
157.43 0.0940664061854
157.5 0.0682758487459
157.57 0.0543086876455
157.64 0.0414899419806
157.71 0.0251745439203
157.78 0.0222046119081
157.85 0.0187432577642
157.92 0.0187691741709
157.99 0.0174252497852
158.06 0.0142820025656
158.13 0.123003661218
158.2 0.573719408706
158.27 0.360037126096
158.34 0.244362910787
158.41 0.190135008202
158.48 0.129962462278
158.55 0.11784624143
158.62 0.0925343897295
158.69 0.086799221426
158.76 0.189568767026
158.83 0.422112640161
158.9 0.271293072815
158.97 0.139393345933
159.04 0.0974162043619
159.11 0.0714795872239
159.18 0.128921215674
159.25 0.129801556627
159.32 0.0623813557054
159.39 0.256963348217
159.46 0.393933705202
159.53 0.24362152152
159.6 0.122279751402
159.67 0.122016114856
159.74 0.0838150469726
159.81 0.157296754843
159.88 0.216751369161
159.95 0.103714492656
160.02 0.242374827347
160.09 0.223908869445
160.16 0.147186820287
160.23 0.325194618467
160.3 0.254484226698
160.37 0.145358234306
160.44 0.391282493785
160.51 0.265212308396
160.58 0.216121972745
160.65 0.155846360641
160.72 0.12449553305
160.79 0.0692110197447
160.86 0.127630402244
160.93 0.131521600129
161.0 0.0837998108728
161.07 0.204907908638
161.14 0.152796464505
161.21 0.0827907799439
161.28 0.302859235793
161.35 0.203671644834
161.42 0.138689362124
161.49 0.381864387483
161.56 0.223736405654
161.63 0.28625860689
161.7 0.634243063622
161.77 0.556429278214
161.84 0.500824152501
161.91 0.575610276156
161.98 0.373582449621
162.05 0.388604589728
162.12 0.761631222445
162.19 0.692423701842
162.26 0.640900314671
162.33 0.569311120189
162.4 0.507755057965
162.47 0.679364931724
162.54 0.574004728958
162.61 0.389359252162
162.68 0.394088392865
162.75 0.656058807509
162.82 0.548872871721
162.89 0.541446124477
162.96 0.54775972812
163.03 0.466215786622
163.1 0.35467559581
163.17 0.371155575447
163.24 0.23281520698
163.31 0.701005799811
163.38 0.584365561316
163.45 0.389106521477
163.52 0.447779567359
163.59 0.325433515148
163.66 0.239874969045
163.73 0.584044778219
163.8 0.498912143896
163.87 0.416724319699
163.94 0.339768996464
164.01 0.3263163372
164.08 0.482365546453
164.15 0.628984973408
164.22 0.501093874953
164.29 0.442136366332
164.36 0.386508059315
164.43 0.297101877811
164.5 0.304751993024
164.57 0.449879521729
164.64 0.428684343091
164.71 0.197931107928
164.78 0.332236736487
164.85 0.428789947266
164.92 0.568435040386
164.99 0.433700515008
165.06 0.314254501385
165.13 0.220367455672
165.2 0.378045779514
165.27 0.260217056144
165.34 0.369923408199
165.41 0.588963957669
165.48 0.425162125828
165.55 0.354785237612
165.62 0.355721522159
165.69 0.262703639247
165.76 0.591012957059
165.83 0.384248446956
165.9 0.311231643332
165.97 0.348798899216
166.04 0.463858436044
166.11 0.42626345119
166.18 0.578708629917
166.25 0.50929458071
166.32 0.341612718976
166.39 0.348542838047
166.46 0.344440084335
166.53 0.2668231673
166.6 0.633813305225
166.67 0.360009106547
166.74 0.232539786739
166.81 0.367027063826
166.88 0.279232801942
166.95 0.240985036165
167.02 0.57655442666
167.09 0.676262428575
167.16 0.51187426699
167.23 0.471961025626
167.3 0.407991340043
167.37 0.452553357678
167.44 0.587526720808
167.51 0.414199174917
167.58 0.334394902187
167.65 0.366287869143
167.72 0.279047215355
167.79 0.298720482782
167.86 0.524496593359
167.93 0.375199437102
168.0 0.338840653059
168.07 0.297153448494
168.14 0.219465203427
168.21 0.426507096705
168.28 0.571592973027
168.35 0.270130337722
168.42 0.266562393872
168.49 0.470687870465
168.56 0.239239553782
168.63 0.547146114419
168.7 0.802722861727
168.77 0.634289818412
168.84 0.565891859378
168.91 0.54439708147
168.98 0.557948255185
169.05 0.531924141219
169.12 0.625609228344
169.19 0.469058176751
169.26 0.589520727591
169.33 0.640903070093
169.4 0.509042414926
169.47 0.67499612336
169.54 0.446407178411
169.61 0.298984363171
169.68 0.409968921994
169.75 0.533435711471
169.82 0.267307363562
169.89 0.517524106632
169.96 0.379727553948
170.03 0.218946842782
170.1 0.484078865995
170.17 0.3377190278
170.24 0.170898121531
170.31 0.604547309698
170.38 0.73108582329
170.45 0.724635710452
170.52 0.63964030466
170.59 0.686757130532
170.66 0.685715540517
170.73 0.604588549582
170.8 0.519975988898
170.87 0.469836737794
170.94 0.671702532939
171.01 0.585905535169
171.08 0.40379868562
171.15 0.476514599641
171.22 0.441731660733
171.29 0.334767727396
171.36 0.501396203228
171.43 0.281045844987
171.5 0.248222094168
171.57 0.45794273276
171.64 0.245981672224
171.71 0.272506336164
171.78 0.469622580979
171.85 0.238119259496
171.92 0.510785030127
171.99 0.697529290848
172.06 0.628377207865
172.13 0.530294132541
172.2 0.426909412647
172.27 0.255287336597
172.34 0.558213029664
172.41 0.802429090296
172.48 0.646036195027
172.55 0.556958597553
172.62 0.376070542516
172.69 0.237157489332
172.76 0.574140799237
172.83 0.722943702755
172.9 0.653035656844
172.97 0.613592220964
173.04 0.531220636967
173.11 0.290133339303
173.18 0.709468740019
173.25 0.754940239833
173.32 0.641671647813
173.39 0.578197389477
173.46 0.415560572658
173.53 0.305920568148
173.6 0.753393607043
173.67 0.681449300487
173.74 0.548401332923
173.81 0.466469598343
173.88 0.378167408213
173.95 0.393059826078
174.02 0.747003201103
174.09 0.660772135018
174.16 0.649051057075
174.23 0.547150034189
174.3 0.344124300012
174.37 0.392427129659
174.44 0.731496675756
174.51 0.496980841243
174.58 0.43027451398
174.65 0.600611210226
174.72 0.402197090704
174.79 0.431873930568
174.86 0.670761875482
174.93 0.384749332213
175.0 0.644461693059
175.07 0.809407855971
175.14 0.560017330952
175.21 0.722355881507
175.28 0.806179881568
175.35 0.613440416739
175.42 0.656859428181
175.49 0.585628284076
175.56 0.558593928096
175.63 0.611330491238
175.7 0.401513181239
175.77 0.293901197526
175.84 0.467667883659
175.91 0.560806751119
175.98 0.540432505243
176.05 0.487274494674
176.12 0.499751206357
176.19 0.428776674099
176.26 0.443360078338
176.33 0.489807934169
176.4 0.486253104988
176.47 0.535317294613
176.54 0.475310927435
176.61 0.398327157927
176.68 0.417146687632
176.75 0.400302071833
176.82 0.443736526641
176.89 0.613979664537
176.96 0.497907370052
177.03 0.41780207767
177.1 0.51630365399
177.17 0.445320418583
177.24 0.436259826205
177.31 0.510554592753
177.38 0.340970774826
177.45 0.228503772752
177.52 0.44734627934
177.59 0.513764854021
177.66 0.462731797787
177.73 0.595311492012
177.8 0.500553259605
177.87 0.427555849597
177.94 0.586625352493
178.01 0.522664668767
178.08 0.52977205736
178.15 0.492635988383
178.22 0.457612407288
178.29 0.474895641098
178.36 0.410093137457
178.43 0.318376512568
178.5 0.387547647788
178.57 0.25295674165
178.64 0.207427967269
178.71 0.296067493346
178.78 0.234326478525
178.85 0.279815786978
178.92 0.728030448823
178.99 0.724385316591
179.06 0.549286711258
179.13 0.370076179666
179.2 0.366089671828
179.27 0.301728948025
179.34 0.391474190662
179.41 0.427424680555
179.48 0.324154186705
179.55 0.303882192168
179.62 0.352420968
179.69 0.296320457713
179.76 0.414626086451
179.83 0.415367309092
179.9 0.431935533343
179.97 0.846227250598
180.04 0.821748885491
180.11 0.737460302243
180.18 0.687116834975
180.25 0.671823968597
180.32 0.735917780234
180.39 0.735817499956
180.46 0.667699228409
180.53 0.751960052206
180.6 0.869460108234
180.67 0.622511209867
180.74 0.812594688027
180.81 0.625695237733
180.88 0.67970890019
180.95 0.504296317001
181.02 0.591421816111
181.09 0.406106202894
181.16 0.366934655601
181.23 0.387169210135
181.3 0.305855334151
181.37 0.537379384289
181.44 0.621049375382
181.51 0.402008827944
181.58 0.339133390191
181.65 0.375960599974
181.72 0.223490665124
181.79 0.30311264111
181.86 0.511759067607
181.93 0.427053743095
182.0 0.373913579773
182.07 0.581601812464
182.14 0.433142507584
182.21 0.250487617679
182.28 0.272273681855
182.35 0.21485435078
182.42 0.508345602122
182.49 0.679623449608
182.56 0.558486903537
182.63 0.612975504365
182.7 0.582743920504
182.77 0.509152140042
182.84 0.607552572474
182.91 0.45679972047
182.98 0.354698738506
183.05 0.487387332847
183.12 0.467121038131
183.19 0.268204968573
183.26 0.324762328171
183.33 0.194129479534
183.4 0.248902937313
183.47 0.75182708076
183.54 0.594321935981
183.61 0.345121971939
183.68 0.421787906813
183.75 0.294782792237
183.82 0.211608610411
183.89 0.324243798868
183.96 0.240708378422
184.03 0.242234028554
184.1 0.566771094911
184.17 0.530518223911
184.24 0.515722948882
184.31 0.605573631101
184.38 0.391652888695
184.45 0.486202601117
184.52 0.577541826716
184.59 0.382016571695
184.66 0.420370256611
184.73 0.45910892229
184.8 0.289758455656
184.87 0.37092983814
184.94 0.346730166862
185.01 0.248064071957
185.08 0.514488965007
185.15 0.617356667422
185.22 0.520391039521
185.29 0.575075576023
185.36 0.483721835692
185.43 0.441587448143
185.5 0.658188262772
185.57 0.77443098293
185.64 0.624254133935
185.71 0.655832529684
185.78 0.380814435698
185.85 0.322981854372
185.92 0.6625052241
185.99 0.609888540086
186.06 0.537302518998
186.13 0.520942392073
186.2 0.585438096991
186.27 0.511838373356
186.34 0.479200499703
186.41 0.371465621341
186.48 0.45969498584
186.55 0.692926409823
186.62 0.618303993976
186.69 0.657608451754
186.76 0.726552321587
186.83 0.574118910297
186.9 0.563765480595
186.97 0.627183145091
187.04 0.604446911563
187.11 0.645975065714
187.18 0.849654507416
187.25 0.744873981554
187.32 0.686708666811
187.39 0.702813894883
187.46 0.534805777818
187.53 0.682906069142
187.6 0.779845073493
187.67 0.770942074569
187.74 0.715590449679
187.81 0.707380132459
187.88 0.658082292833
187.95 0.87898558657
188.02 0.934523468616
188.09 0.814652571417
188.16 0.74978162928
188.23 0.598954307739
188.3 0.420557787843
188.37 0.565587797788
188.44 0.924505172149
188.51 0.51396505491
188.58 0.387550177655
188.65 0.355126479105
188.72 0.356202650068
188.79 0.397455611565
188.86 0.448812889077
188.93 0.363418026399
189.0 0.770491410732
189.07 0.7654507306
189.14 0.741944897245
189.21 0.697719201578
189.28 0.718628054114
189.35 0.722879572146
189.42 0.617961244723
189.49 0.669729571806
189.56 0.713956901219
189.63 0.623392812706
189.7 0.499156549387
189.77 0.421675913961
189.84 0.488243417555
189.91 0.399418674719
189.98 0.515871190972
190.05 0.707931909703
190.12 0.467498711744
190.19 0.321399740449
190.26 0.287677476306
190.33 0.227533900916
190.4 0.280086137325
190.47 0.386511684442
190.54 0.317832562672
190.61 0.591126894556
190.68 0.818178232956
190.75 0.729473572451
190.82 0.690994658093
190.89 0.674746887752
190.96 0.677973143064
191.03 0.685630528851
191.1 0.723854704886
191.17 0.668202962561
191.24 0.820215336891
191.31 0.67064510941
191.38 0.507482907247
191.45 0.497903293817
191.52 0.371287821461
191.59 0.289830767185
191.66 0.406641232215
191.73 0.312349972652
191.8 0.233431362741
191.87 0.519310745586
191.94 0.504056310837
192.01 0.482848176027
192.08 0.667555223084
192.15 0.495879662187
192.22 0.408460259565
192.29 0.424105143248
192.36 0.303195076172
192.43 0.397604926562
192.5 0.465763946244
192.57 0.414300060737
192.64 0.358149050644
192.71 0.513146656079
192.78 0.484853397538
192.85 0.487224283414
192.92 0.432167827984
192.99 0.333539597775
193.06 0.34836638743
193.13 0.366159077566
193.2 0.40506303603
193.27 0.446249485388
193.34 0.547819424858
193.41 0.534196128591
193.48 0.506465790903
193.55 0.58002379713
193.62 0.531521532666
193.69 0.584365059406
193.76 0.646725623464
193.83 0.501589607003
193.9 0.555546777221
193.97 0.493982881553
194.04 0.559162341503
194.11 0.507562038242
194.18 0.565724331368
194.25 0.340162227236
194.32 0.370875119856
194.39 0.294284215356
194.46 0.257619721754
194.53 0.471258193973
194.6 0.651992140473
194.67 0.614268067366
194.74 0.568175597932
194.81 0.433196228146
194.88 0.282176768779
194.95 0.659601680273
195.02 0.853183763602
195.09 0.666325352021
195.16 0.412755527027
195.23 0.577037527662
195.3 0.421207752384
195.37 0.350755297339
195.44 0.332947259342
195.51 0.395460092957
195.58 0.776773044575
195.65 0.80778628628
195.72 0.714098661159
195.79 0.586912032167
195.86 0.514629641879
195.93 0.406781874543
196.0 0.485087336086
196.07 0.368530859563
196.14 0.541860374483
196.21 0.809744177939
196.28 0.690614379428
196.35 0.508660931273
196.42 0.420688715075
196.49 0.341936655771
196.56 0.703480562643
196.63 0.939616574912
196.7 0.619104984476
196.77 0.37114558806
196.84 0.5604414322
196.91 0.531447625999
196.98 0.511810386319
197.05 0.48968306033
197.12 0.311488200314
197.19 0.602422483381
197.26 0.689938350144
197.33 0.569403432909
197.4 0.488280101646
197.47 0.51420653429
197.54 0.43319438307
197.61 0.4798661291
197.68 0.428772337765
197.75 0.384860128204
197.82 0.69104612311
197.89 0.701089108643
197.96 0.602542882707
198.03 0.61890594184
198.1 0.624818022029
198.17 0.554614069033
198.24 0.790514738627
198.31 0.664734173249
198.38 0.5487782872
198.45 0.569918038378
198.52 0.468224866943
198.59 0.310682613381
198.66 0.66983700277
198.73 0.424185948629
198.8 0.38329796264
198.87 0.624684579155
198.94 0.335049747644
199.01 0.591956134224
199.08 0.78056915603
199.15 0.631779379373
199.22 0.424500779934
199.29 0.654525805522
199.36 0.867679725876
199.43 0.764349317861
199.5 0.599389847238
199.57 0.53498552031
199.64 0.484776839083
199.71 0.852735026121
199.78 0.654430808501
199.85 0.708510082912
199.92 0.819002467754
199.99 0.881660838838
200.06 0.777081637573
200.13 0.866711243943
200.2 0.842573644836
200.27 0.846011614472
200.34 1.0
200.41 0.872657996521
200.48 0.730416706944
200.55 0.843057810617
200.62 0.766412750703
200.69 0.799818750966
200.76 0.94089711444
200.83 0.738582596038
200.9 0.425113078917
200.97 0.22669026031
201.04 0.187617623712
201.11 0.65768837727
201.18 0.950912767247
201.25 0.718842867272
201.32 0.512777527118
201.39 0.336789198986
201.46 0.197361660222
201.53 0.406961834462
201.6 0.400714472699
201.67 0.307272049623
201.74 0.235208894173
201.81 0.165265663803
201.88 0.145825837078
201.95 0.331920025562
202.02 0.283972147459
202.09 0.234622836719
202.16 0.172960365639
202.23 0.194135703617
202.3 0.260947567998
202.37 0.37662056003
202.44 0.361918130112
202.51 0.257592882809
202.58 0.221665234874
202.65 0.17912033827
202.72 0.186620309421
202.79 0.441247627033
202.86 0.280894203325
202.93 0.237471948777
203.0 0.189732663812
203.07 0.185493681323
203.14 0.204540328078
203.21 0.375511667419
203.28 0.390623555836
203.35 0.344203447263
203.42 0.271688664797
203.49 0.216741548399
203.56 0.195775581825
203.63 0.476907722716
203.7 0.397039398626
203.77 0.283236451916
203.84 0.225430400668
203.91 0.19543068066
203.98 0.261988229379
204.05 0.4540498422
204.12 0.329999661282
204.19 0.242398721892
204.26 0.175568234031
204.33 0.19484359094
204.4 0.254246973923
204.47 0.348720999627
204.54 0.244383680082
204.61 0.217712046098
204.68 0.148601578922
204.75 0.120319610295
204.82 0.327913301138
204.89 0.342057435085
204.96 0.292017659578
205.03 0.301798563061
205.1 0.249807347565
205.17 0.206108774621
205.24 0.335225117225
205.31 0.305554761543
205.38 0.267362654876
205.45 0.172990246521
205.52 0.172866333828
205.59 0.250585274617
205.66 0.364070656952
205.73 0.338080201395
205.8 0.255691971075
205.87 0.262261733424
205.94 0.269421472996
206.01 0.309783240511
206.08 0.381761406647
206.15 0.36921005677
206.22 0.334019136643
206.29 0.291366770468
206.36 0.259939837563
206.43 0.241510943739
206.5 0.316064634575
206.57 0.311396172077
206.64 0.242411921906
206.71 0.213191031168
206.78 0.236063154125
206.85 0.254163512689
206.92 0.267734183655
206.99 0.291057409366
207.06 0.252771299337
207.13 0.225341578961
207.2 0.192320061615
207.27 0.218786737748
207.34 0.250440793799
207.41 0.231508452338
207.48 0.206810009105
207.55 0.195285033462
207.62 0.191972331877
207.69 0.254387110277
207.76 0.206051709352
207.83 0.18992241198
207.9 0.142468059151
207.97 0.116394144393
208.04 0.0951484009229
208.11 0.150194915701
208.18 0.179331900193
208.25 0.21023579677
208.32 0.166015299015
208.39 0.140687536584
208.46 0.148397702106
208.53 0.178352998052
208.6 0.159624620784
208.67 0.118813489926
208.74 0.107723899348
208.81 0.102823603477
208.88 0.114445455761
208.95 0.127392647559
209.02 0.135554795701
209.09 0.119381470513
209.16 0.104438851548
209.23 0.0838909694049
209.3 0.0668025191129
209.37 0.0786824747481
209.44 0.0800008159787
209.51 0.0537671050545
209.58 0.0483593665914
209.65 0.0469929070835
209.72 0.0518550903528
209.79 0.0738031473105
209.86 0.0847240638182
209.93 0.0603290786636
210.0 0.0547424978937
210.07 0.0533884560713
210.14 0.0512124065468
210.21 0.0580846170596
210.28 0.0519181765031
210.35 0.0448454521704
210.42 0.0461378973146
210.49 0.0518423170635
210.56 0.0517674634747
210.63 0.0573610648801
210.7 0.0490199017094
210.77 0.0403226592221
210.84 0.0301110890291
210.91 0.0284885907043
210.98 0.0298384790741
211.05 0.0352852933173
211.12 0.0314708692812
211.19 0.0261893335991
211.26 0.0206811624562
211.33 0.0186758942079
211.4 0.023732623249
211.47 0.0265950003448
211.54 0.02585793522
211.61 0.0249416335761
211.68 0.0220069327587
211.75 0.0189909510674
211.82 0.0231902237852
211.89 0.0208590923853
211.96 0.0179609435769
212.03 0.0179222904573
212.1 0.0177073919548
212.17 0.0178668203249
212.24 0.0168261630079
212.31 0.0153612256252
212.38 0.0132669893643
212.45 0.0129421300315
212.52 0.0114504674974
212.59 0.00889329398713
212.66 0.0102869663317
212.73 0.00849397324571
212.8 0.00257226736857
212.87 0.0
212.94 0.0
213.01 0.0
213.08 0.0
213.15 0.0
213.22 0.0
213.29 0.0
213.36 0.0
213.43 0.0
213.5 0.0
213.57 0.0
213.64 0.0
213.71 0.0
213.78 0.0
213.85 0.0
213.92 0.0
213.99 0.0
214.06 0.0
214.13 0.0
214.2 0.0
214.27 0.0
214.34 0.0
214.41 0.0
214.48 0.0
214.55 0.0
214.62 0.0
214.69 0.0
214.76 0.0
214.83 0.0
214.9 0.0
214.97 0.0
215.04 0.0
215.11 0.0
215.18 0.0
215.25 0.0
215.32 0.0
215.39 0.0
215.46 0.0
215.53 0.0
215.6 0.0
215.67 0.0
215.74 0.0
215.81 0.0
215.88 0.0
215.95 0.0
216.02 0.0
216.09 0.0
216.16 0.0
216.23 0.0
216.3 0.0
216.37 0.0
216.44 0.0
216.51 0.0
216.58 0.0
216.65 0.0
216.72 0.0
216.79 0.0
216.86 0.0
216.93 0.0
217.0 0.0
217.07 0.0
217.14 0.0
217.21 0.0
217.28 0.0
217.35 0.0
217.42 0.0
217.49 0.0
217.56 0.0
217.63 0.0
217.7 0.0
217.77 0.0
217.84 0.0
217.91 0.0
217.98 0.0
218.05 0.0
218.12 0.0
218.19 0.0
218.26 0.0
218.33 0.0
218.4 0.0
218.47 0.0
218.54 0.0
218.61 0.0
218.68 0.0
218.75 0.0
218.82 0.0
218.89 0.0
218.96 0.0
219.03 0.0
219.1 0.0
219.17 0.0
219.24 0.0
219.31 0.0
219.38 0.0
219.45 0.0
219.52 0.0
219.59 0.0
219.66 0.0
219.73 0.0
219.8 0.0
219.87 0.0
219.94 0.0
220.01 0.0
220.08 0.0
220.15 0.0
220.22 0.0
220.29 0.0
220.36 0.0
220.43 0.0
220.5 0.0
220.57 0.0
220.64 0.0
220.71 0.0
220.78 0.0
220.85 0.0
220.92 0.0
220.99 0.0
221.06 0.0
221.13 0.0
221.2 0.0
221.27 0.0
221.34 0.0
221.41 0.0
221.48 0.0
221.55 0.0
221.62 0.0
221.69 0.0
221.76 0.0
