0.0 0.0
0.07 0.0
0.14 0.0
0.21 0.0
0.28 0.0
0.35 0.0
0.42 0.0
0.49 0.0
0.56 0.0
0.63 0.0
0.7 0.0
0.77 0.0
0.84 0.0
0.91 0.0
0.98 0.0
1.05 0.0
1.12 0.0
1.19 0.0
1.26 0.0
1.33 0.0
1.4 0.0
1.47 0.0
1.54 0.0
1.61 0.0
1.68 0.0
1.75 0.0
1.82 0.0
1.89 0.0
1.96 0.0
2.03 0.0
2.1 0.0
2.17 0.0
2.24 0.0
2.31 0.0
2.38 0.0
2.45 0.0
2.52 0.0
2.59 0.0
2.66 0.0
2.73 0.0
2.8 0.0
2.87 0.0
2.94 0.0
3.01 0.0
3.08 0.0
3.15 0.0
3.22 0.0
3.29 0.0
3.36 0.0
3.43 0.0
3.5 0.0
3.57 0.0
3.64 0.0
3.71 0.0
3.78 0.0
3.85 0.0
3.92 0.0
3.99 0.00168723877975
4.06 0.218484601385
4.13 0.301700695434
4.2 0.264104683722
4.27 0.235221413599
4.34 0.226935670626
4.41 0.195650298326
4.48 0.206796432952
4.55 0.194732553007
4.62 0.253429720676
4.69 0.265898640512
4.76 0.223811081069
4.83 0.150733994152
4.9 0.156357598591
4.97 0.18067485437
5.04 0.151155018973
5.11 0.144001201402
5.18 0.125288722553
5.25 0.145671829482
5.32 0.169657983213
5.39 0.15577452067
5.46 0.145033535947
5.53 0.144003810946
5.6 0.162252369574
5.67 0.185954227424
5.74 0.189668786651
5.81 0.27853040128
5.88 0.230491614346
5.95 0.246508943823
6.02 0.169749773833
6.09 0.179352419307
6.16 0.175509348954
6.23 0.152932572076
6.3 0.108514719026
6.37 0.0838455049646
6.44 0.278629852553
6.51 0.246613280596
6.58 0.230803429906
6.65 0.194974392356
6.72 0.14508368389
6.79 0.0796871921037
6.86 0.0314379690588
6.93 0.0266181015316
7.0 0.0237947284842
7.07 0.0165712895812
7.14 0.0124892887039
7.21 0.00915299375202
7.28 0.00690373674993
7.35 0.00738856998659
7.42 0.00844712653585
7.49 0.00840568732248
7.56 0.00775825920365
7.63 0.00604453699182
7.7 0.00460580691881
7.77 0.00544930919864
7.84 0.0160582907863
7.91 0.111448351775
7.98 0.138404844568
8.05 0.0897318558536
8.12 0.0999774118374
8.19 0.0489925536474
8.26 0.0366855627043
8.33 0.0136371682813
8.4 0.00728638851159
8.47 0.00569173409748
8.54 0.00362514038138
8.61 0.0050540178322
8.68 0.00565464806573
8.75 0.00562431774598
8.82 0.00432494981412
8.89 0.00376937737618
8.96 0.00575385210646
9.03 0.00579974623341
9.1 0.00416150203958
9.17 0.0063753243799
9.24 0.0308708949945
9.31 0.0797671865476
9.38 0.084263793669
9.45 0.0660758388991
9.52 0.0502047538492
9.59 0.0247364044729
9.66 0.0130110837647
9.73 0.00742362137911
9.8 0.0071989652686
9.87 0.00811285068783
9.94 0.006257674915
10.01 0.00432699628265
10.08 0.00579976870907
10.15 0.00587488475055
10.22 0.00598246748297
10.29 0.00542189480082
10.36 0.00432230951483
10.43 0.00420149334689
10.5 0.00604946744318
10.57 0.00671813979805
10.64 0.00916760648368
10.71 0.0237737196512
10.78 0.0365202671934
10.85 0.063031672007
10.92 0.0528268099907
10.99 0.0567348243721
11.06 0.0360691995046
11.13 0.0343417446609
11.2 0.0263672399775
11.27 0.027998194958
11.34 0.0278968640095
11.41 0.0295074039877
11.48 0.0282122177126
11.55 0.0283583911635
11.62 0.0270758551396
11.69 0.0294269623963
11.76 0.0304905925314
11.83 0.0279265626447
11.9 0.0291582977489
11.97 0.0287613490979
12.04 0.0280304286117
12.11 0.0279074535969
12.18 0.0275095160166
12.25 0.0230196078266
12.32 0.0293292784204
12.39 0.0268792391967
12.46 0.0279352595445
12.53 0.0283643152759
12.6 0.0224368504792
12.67 0.0243896865694
12.74 0.0218462645025
12.81 0.0216376725785
12.88 0.0228401644755
12.95 0.0205782382953
13.02 0.15056633633
13.09 0.228014891775
13.16 0.155377179286
13.23 0.0355877896667
13.3 0.0234778547163
13.37 0.0641077926977
13.44 0.119145442863
13.51 0.0580530635829
13.58 0.0960547208462
13.65 0.0691914736773
13.72 0.0454405916685
13.79 0.0134521107454
13.86 0.00843570771462
13.93 0.00903712459645
14.0 0.0103916111417
14.07 0.139879451718
14.14 0.0988218337529
14.21 0.0486392373616
14.28 0.0160610138907
14.35 0.0104827783575
14.42 0.00914925805975
14.49 0.00836241220208
14.56 0.00784329174553
14.63 0.00731133176908
14.7 0.0538783612298
14.77 0.215440866262
14.84 0.124285101263
14.91 0.157809615331
14.98 0.216433010767
15.05 0.242211348077
15.12 0.273915677436
15.19 0.1910451503
15.26 0.0800533337143
15.33 0.0306614265196
15.4 0.0836437551065
15.47 0.105808556576
15.54 0.099638576978
15.61 0.0775021835671
15.68 0.0177057772106
15.75 0.16225534346
15.82 0.406591514972
15.89 0.291665672562
15.96 0.150121211681
16.03 0.0443110356735
16.1 0.142764202261
16.17 0.174207168015
16.24 0.165159550831
16.31 0.144615512219
16.38 0.123847607693
16.45 0.152478102281
16.52 0.181524929007
16.59 0.146901456605
16.66 0.191645843228
16.73 0.11679286759
16.8 0.247205502564
16.87 0.156458996967
16.94 0.0959396655463
17.01 0.0585801794618
17.08 0.042778421195
17.15 0.0164530025172
17.22 0.0159390396345
17.29 0.0177665123747
17.36 0.0129939419291
17.43 0.0877136830024
17.5 0.100268836054
17.57 0.0135995806874
17.64 0.0615509112557
17.71 0.0632415308488
17.78 0.136917078506
17.85 0.194506954102
17.92 0.209570279095
17.99 0.173864579719
18.06 0.180275587176
18.13 0.282497151674
18.2 0.346765996713
18.27 0.125285540472
18.34 0.0590381093263
18.41 0.105944549733
18.48 0.387951523693
18.55 0.325097488704
18.62 0.0464346939225
18.69 0.184390014525
18.76 0.354383216381
18.83 0.0805233933409
18.9 0.0289174804517
18.97 0.265951634584
19.04 0.367764781926
19.11 0.341240052591
19.18 0.344467671783
19.25 0.186117329783
19.32 0.0522727434224
19.39 0.142374693055
19.46 0.178300721385
19.53 0.184536415098
19.6 0.127655689349
19.67 0.0262346997924
19.74 0.121881783034
19.81 0.482008270215
19.88 0.380594351029
19.95 0.0670493960285
20.02 0.0420683474805
20.09 0.153072022937
20.16 0.158185037026
20.23 0.106732604545
20.3 0.483256780446
20.37 0.275258174988
20.44 0.305245631993
20.51 0.25100021948
20.58 0.0798120396964
20.65 0.0311898708287
20.72 0.0366867006827
20.79 0.145808929861
20.86 0.0825997107398
20.93 0.13191129227
21.0 0.159305135498
21.07 0.0986289262949
21.14 0.308015695127
21.21 0.336030848566
21.28 0.28321954087
21.35 0.255912989581
21.42 0.130997494388
21.49 0.172303319413
21.56 0.234953424405
21.63 0.194532661532
21.7 0.0583308616311
21.77 0.107410165434
21.84 0.449528943223
21.91 0.467307760433
21.98 0.372617977317
22.05 0.218070937936
22.12 0.0721066882104
22.19 0.108787762879
22.26 0.11479732182
22.33 0.0734092914552
22.4 0.370438778148
22.47 0.299672033545
22.54 0.324933242452
22.61 0.138563235318
22.68 0.0723325698361
22.75 0.0394657209607
22.82 0.281679077653
22.89 0.558732000811
22.96 0.33200458734
23.03 0.0485192137566
23.1 0.137021593902
23.17 0.11472374477
23.24 0.0881458604855
23.31 0.136579557882
23.38 0.0836269504059
23.45 0.135442080989
23.52 0.249881286194
23.59 0.24025903011
23.66 0.105233451602
23.73 0.0964289998308
23.8 0.101942381238
23.87 0.198606118107
23.94 0.188759764256
24.01 0.113763215247
24.08 0.081982558526
24.15 0.0341924565559
24.22 0.167813731797
24.29 0.0683823295931
24.36 0.0806981676681
24.43 0.313405918165
24.5 0.405869080824
24.57 0.358847658459
24.64 0.256146861897
24.71 0.0588124453597
24.78 0.0374262932271
24.85 0.246063390953
24.92 0.153797429787
24.99 0.220033379416
25.06 0.140861223112
25.13 0.0212573168836
25.2 0.106890966905
25.27 0.240682165278
25.34 0.128909518033
25.41 0.0471371507521
25.48 0.0705363512839
25.55 0.121166173208
25.62 0.218671318571
25.69 0.111013108138
25.76 0.225009846737
25.83 0.210516014899
25.9 0.259716514591
25.97 0.296776882684
26.04 0.292224539459
26.11 0.172664361413
26.18 0.0265676401127
26.25 0.184859026076
26.32 0.234561438144
26.39 0.180300489031
26.46 0.143823751288
26.53 0.0977206657068
26.6 0.285934919526
26.67 0.382549948078
26.74 0.336178914705
26.81 0.0542068312584
26.88 0.0497132678154
26.95 0.260804664495
27.02 0.188341791394
27.09 0.17423909529
27.16 0.0205465606186
27.23 0.0217266430936
27.3 0.261771223411
27.37 0.21132991791
27.44 0.090882852451
27.51 0.0907652148154
27.58 0.130800814567
27.65 0.396216460115
27.72 0.270291710521
27.79 0.0496055466802
27.86 0.0394239351489
27.93 0.0579232819901
28.0 0.152713184735
28.07 0.173824245362
28.14 0.107571722887
28.21 0.121720154605
28.28 0.157550176353
28.35 0.0590564151648
28.42 0.0203242952092
28.49 0.334073233439
28.56 0.451564953472
28.63 0.293964153638
28.7 0.25386000074
28.77 0.206657965106
28.84 0.259540249772
28.91 0.22129779887
28.98 0.231829518582
29.05 0.238004911267
29.12 0.123639171916
29.19 0.141753289391
29.26 0.111837825493
29.33 0.49862966397
29.4 0.201136712484
29.47 0.0920153965267
29.54 0.049445731683
29.61 0.0547707125952
29.68 0.221640797642
29.75 0.116036081161
29.82 0.0928276978505
29.89 0.0917532545542
29.96 0.0847160750438
30.03 0.233588822627
30.1 0.0951368134657
30.17 0.0324667370702
30.24 0.0219440786007
30.31 0.271611946517
30.38 0.346388813636
30.45 0.152782189761
30.52 0.0690605174352
30.59 0.0255499171168
30.66 0.063365594159
30.73 0.159645142641
30.8 0.0374449373835
30.87 0.025351649804
30.94 0.0154948897191
31.01 0.117035533807
31.08 0.360842933338
31.15 0.166839539434
31.22 0.0860807182242
31.29 0.214871129423
31.36 0.240278327244
31.43 0.144266911091
31.5 0.0320750725664
31.57 0.357412497285
31.64 0.205522689646
31.71 0.270634414744
31.78 0.199122340386
31.85 0.232566641169
31.92 0.209555566998
31.99 0.325621784478
32.06 0.529863242871
32.13 0.486465529543
32.2 0.282070082081
32.27 0.0439146938654
32.34 0.153720771205
32.41 0.253705718305
32.48 0.199474513962
32.55 0.176963749298
32.62 0.161721779431
32.69 0.205652664056
32.76 0.368386923738
32.83 0.341430099725
32.9 0.355964710701
32.97 0.260415181313
33.04 0.47542057445
33.11 0.424222106348
33.18 0.237363582334
33.25 0.150130879766
33.32 0.118362270002
33.39 0.18842782706
33.46 0.153204285133
33.53 0.0501441239659
33.6 0.0319095724087
33.67 0.0866063613556
33.74 0.327419589339
33.81 0.184773053105
33.88 0.0939781763247
33.95 0.241748755103
34.02 0.219612233936
34.09 0.199051206086
34.16 0.168483937229
34.23 0.15292828987
34.3 0.328649758244
34.37 0.222622222438
34.44 0.452207821397
34.51 0.326840010524
34.58 0.209696634924
34.65 0.346592430157
34.72 0.427270427689
34.79 0.365121751256
34.86 0.102832104134
34.93 0.04708079716
35.0 0.256205360141
35.07 0.398320493559
35.14 0.367911009791
35.21 0.393413276131
35.28 0.447811429721
35.35 0.228276374856
35.42 0.275856270203
35.49 0.274056674386
35.56 0.0592900721881
35.63 0.0347940118405
35.7 0.114507449607
35.77 0.263984461384
35.84 0.171308913146
35.91 0.213002196177
35.98 0.136727718655
36.05 0.108301123309
36.12 0.398014385635
36.19 0.332684180503
36.26 0.372519736181
36.33 0.346467629882
36.4 0.109795697131
36.47 0.240830382831
36.54 0.158822787596
36.61 0.45887783133
36.68 0.430041130788
36.75 0.368558446191
36.82 0.320618204406
36.89 0.191526515186
36.96 0.0430083555382
37.03 0.0311061276803
37.1 0.119114257285
37.17 0.316202740354
37.24 0.132672454356
37.31 0.231085349282
37.38 0.10336578409
37.45 0.260986440583
37.52 0.467887755639
37.59 0.341451087265
37.66 0.29908865161
37.73 0.195361653995
37.8 0.251314002252
37.87 0.306586901664
37.94 0.256974834675
38.01 0.162874924228
38.08 0.133880804122
38.15 0.535712958425
38.22 0.423522774819
38.29 0.338871797584
38.36 0.186559807036
38.43 0.170011201316
38.5 0.228490624733
38.57 0.173704977649
38.64 0.185207570423
38.71 0.367257702512
38.78 0.370372493861
38.85 0.519094116249
38.92 0.472837028588
38.99 0.424754367971
39.06 0.385322413742
39.13 0.393402233481
39.2 0.386574744836
39.27 0.388122416828
39.34 0.396115422533
39.41 0.336536592453
39.48 0.468070976085
39.55 0.288629402909
39.62 0.248262737781
39.69 0.374238022136
39.76 0.241865402627
39.83 0.363320060471
39.9 0.289796162046
39.97 0.110970295544
40.04 0.109830146412
40.11 0.250294832533
40.18 0.481117758305
40.25 0.39322309296
40.32 0.282214007966
40.39 0.054659553866
40.46 0.0394347814321
40.53 0.172187509404
40.6 0.0881158980569
40.67 0.0430786629701
40.74 0.10508938968
40.81 0.0785100574897
40.88 0.216507064538
40.95 0.157282119732
41.02 0.216306013791
41.09 0.310810186943
41.16 0.172282304665
41.23 0.404630381812
41.3 0.215476124667
41.37 0.334180114695
41.44 0.241088470904
41.51 0.355089398257
41.58 0.45926551291
41.65 0.267895522993
41.72 0.0490678151893
41.79 0.114413148811
41.86 0.264055802697
41.93 0.235179588751
42.0 0.11694589257
42.07 0.319347207862
42.14 0.343678474261
42.21 0.519468776137
42.28 0.316773960587
42.35 0.166843036175
42.42 0.199921948873
42.49 0.329896539033
42.56 0.358044727122
42.63 0.239161613134
42.7 0.224680976878
42.77 0.247770020317
42.84 0.503839975217
42.91 0.372516700783
42.98 0.269401696625
43.05 0.256356723105
43.12 0.153235133576
43.19 0.193442710026
43.26 0.247814494929
43.33 0.297399072995
43.4 0.267548986078
43.47 0.285345489271
43.54 0.349696355113
43.61 0.36273061129
43.68 0.302908008953
43.75 0.298078312462
43.82 0.324814445545
43.89 0.592855739793
43.96 0.421266728983
44.03 0.312840004555
44.1 0.295154379736
44.17 0.305916722256
44.24 0.370614297721
44.31 0.315363051839
44.38 0.28346776804
44.45 0.274758432104
44.52 0.364794074973
44.59 0.542331850414
44.66 0.412045836244
44.73 0.273879682066
44.8 0.30825077758
44.87 0.25081954943
44.94 0.338136497892
45.01 0.300815837929
45.08 0.268882597461
45.15 0.231758540429
45.22 0.618270983902
45.29 0.41676530024
45.36 0.155745489207
45.43 0.0670926179171
45.5 0.0453720113141
45.57 0.407093510154
45.64 0.313776773751
45.71 0.12586836288
45.78 0.194921038674
45.85 0.337132526455
45.92 0.21229462909
45.99 0.244176872272
46.06 0.226007969769
46.13 0.264533396403
46.2 0.2271555962
46.27 0.415067464775
46.34 0.308413987586
46.41 0.227461866185
46.48 0.129552390689
46.55 0.106119701415
46.62 0.379996270009
46.69 0.181851363214
46.76 0.239098062597
46.83 0.108909629489
46.9 0.236286691556
46.97 0.466531426089
47.04 0.278208183035
47.11 0.104904718963
47.18 0.0424256395934
47.25 0.234687674497
47.32 0.266624658937
47.39 0.154465550897
47.46 0.271714144553
47.53 0.291407877856
47.6 0.388496299531
47.67 0.381571288972
47.74 0.291988103734
47.81 0.165066772465
47.88 0.124208230936
47.95 0.17401454446
48.02 0.234223046884
48.09 0.111762522549
48.16 0.0384271381809
48.23 0.169400808363
48.3 0.478202123832
48.37 0.325557157475
48.44 0.135384493601
48.51 0.217096335096
48.58 0.0672467879733
48.65 0.166034261165
48.72 0.169392358695
48.79 0.122085676361
48.86 0.138404431725
48.93 0.033737245064
49.0 0.193234077882
49.07 0.136164163807
49.14 0.108519955856
49.21 0.191565370881
49.28 0.13395777618
49.35 0.36569379126
49.42 0.283148936523
49.49 0.214438505975
49.56 0.141306444762
49.63 0.0667960384926
49.7 0.17329675686
49.77 0.143177620843
49.84 0.317921723054
49.91 0.383217411478
49.98 0.318153957013
50.05 0.240413073593
50.12 0.232501448725
50.19 0.272463146121
50.26 0.367465158823
50.33 0.30555728076
50.4 0.303412141689
50.47 0.187489807507
50.54 0.138251237586
50.61 0.0862802761135
50.68 0.435694894022
50.75 0.4403786986
50.82 0.35957782187
50.89 0.305041052567
50.96 0.264920904092
51.03 0.45354280971
51.1 0.242833353852
51.17 0.117097988951
51.24 0.382314197269
51.31 0.240789745644
51.38 0.42290460292
51.45 0.277155565976
51.52 0.248209379367
51.59 0.122051246007
51.66 0.358106238288
51.73 0.430471731426
51.8 0.220327035821
51.87 0.173142701548
51.94 0.11330558348
52.01 0.196085402378
52.08 0.29624055533
52.15 0.148071899386
52.22 0.194819863872
52.29 0.111905250125
52.36 0.47825329146
52.43 0.429792384312
52.5 0.237179719557
52.57 0.32641482179
52.64 0.342298538165
52.71 0.341812698255
52.78 0.172387328721
52.85 0.227371963521
52.92 0.25900647045
52.99 0.337042160083
53.06 0.469896164588
53.13 0.364596852188
53.2 0.248512314673
53.27 0.243521123425
53.34 0.168551189153
53.41 0.370160935149
53.48 0.275956842893
53.55 0.210968812031
53.62 0.200162076522
53.69 0.435194097148
53.76 0.380463474044
53.83 0.260056332465
53.9 0.189384445818
53.97 0.270057789704
54.04 0.262444432302
54.11 0.26025963551
54.18 0.190931454186
54.25 0.292911140298
54.32 0.0569304419222
54.39 0.284699264192
54.46 0.26474591802
54.53 0.147793867117
54.6 0.406029540518
54.67 0.493828450063
54.74 0.43758780289
54.81 0.292487102555
54.88 0.257944455014
54.95 0.320858308397
55.02 0.473448574897
55.09 0.59531158247
55.16 0.431924017874
55.23 0.264456358101
55.3 0.0991898928927
55.37 0.247695964181
55.44 0.161975229235
55.51 0.293622711602
55.58 0.255551779604
55.65 0.169156907168
55.72 0.154972256505
55.79 0.363687510402
55.86 0.323669218096
55.93 0.327514818736
56.0 0.4723688096
56.07 0.492476302169
56.14 0.37699741406
56.21 0.338646747558
56.28 0.314302224065
56.35 0.292707846717
56.42 0.6535524054
56.49 0.425021786994
56.56 0.136914724476
56.63 0.128622805426
56.7 0.201903391754
56.77 0.137676280478
56.84 0.144137543524
56.91 0.129361282467
56.98 0.0261118111315
57.05 0.0888408009792
57.12 0.165142891631
57.19 0.0820383478606
57.26 0.0979413566367
57.33 0.0769013333087
57.4 0.0463901577989
57.47 0.0806402727185
57.54 0.0722605684488
57.61 0.0262953687124
57.68 0.0099416187361
57.75 0.192284608752
57.82 0.427557079967
57.89 0.26464849074
57.96 0.137236339427
58.03 0.0880768341666
58.1 0.100180504321
58.17 0.223994765223
58.24 0.144463676083
58.31 0.100476093633
58.38 0.0918025070188
58.45 0.1257125036
58.52 0.169188851004
58.59 0.0744581302363
58.66 0.0494827680317
58.73 0.0430638751648
58.8 0.348682256614
58.87 0.345682423565
58.94 0.151351927099
59.01 0.0602408129677
59.08 0.0428876801389
59.15 0.254911375722
59.22 0.263638211921
59.29 0.131809929383
59.36 0.117192267272
59.43 0.0595338988587
59.5 0.418909878602
59.57 0.317444077299
59.64 0.176014633864
59.71 0.20372648174
59.78 0.33064734102
59.85 0.411849107923
59.92 0.351496978896
59.99 0.22307753921
60.06 0.411761295496
60.13 0.222175933785
60.2 0.400687777381
60.27 0.314505611098
60.34 0.276878671686
60.41 0.104137286166
60.48 0.406780644152
60.55 0.50709904733
60.62 0.46036226153
60.69 0.288146532153
60.76 0.151664409832
60.83 0.200751436984
60.9 0.201985890461
60.97 0.167251240403
61.04 0.162600916287
61.11 0.164726128906
61.18 0.226875180328
61.25 0.243446413129
61.32 0.145775910742
61.39 0.151597910251
61.46 0.125359197961
61.53 0.519638860148
61.6 0.33239851124
61.67 0.222582481912
61.74 0.161330802209
61.81 0.167117111543
61.88 0.245578690204
61.95 0.124891900475
62.02 0.0927845670475
62.09 0.092858066024
62.16 0.166860243071
62.23 0.254000972849
62.3 0.159489215934
62.37 0.187770821942
62.44 0.235559194468
62.51 0.179180126766
62.58 0.161751644859
62.65 0.0645203997904
62.72 0.33236475279
62.79 0.24943753256
62.86 0.31968092655
62.93 0.225165878725
63.0 0.168513538864
63.07 0.232439690327
63.14 0.257648548676
63.21 0.439919404817
63.28 0.242771940869
63.35 0.15023749841
63.42 0.106245511913
63.49 0.308081159644
63.56 0.245316666525
63.63 0.191287430881
63.7 0.356822325334
63.77 0.280875222447
63.84 0.328191034634
63.91 0.24311098629
63.98 0.118257575984
64.05 0.091829695477
64.12 0.114457733434
64.19 0.208351077132
64.26 0.275720844852
64.33 0.198398673625
64.4 0.139017279258
64.47 0.0683337513985
64.54 0.377441493
64.61 0.369555294025
64.68 0.232064711048
64.75 0.219213195048
64.82 0.236484538928
64.89 0.347784305259
64.96 0.268362029098
65.03 0.267683363353
65.1 0.253593173183
65.17 0.281053033355
65.24 0.440276214295
65.31 0.340729083704
65.38 0.279817380388
65.45 0.235201132268
65.52 0.0948913827423
65.59 0.224017055169
65.66 0.1188061786
65.73 0.183047954657
65.8 0.109966229472
65.87 0.266308775282
65.94 0.362408458106
66.01 0.309189020707
66.08 0.227014381591
66.15 0.0617132281494
66.22 0.153584184217
66.29 0.207086361946
66.36 0.344238216527
66.43 0.319285956941
66.5 0.198380887093
66.57 0.457503656102
66.64 0.330528490881
66.71 0.278373149691
66.78 0.153556643246
66.85 0.143556553474
66.92 0.429262398646
66.99 0.282799127624
67.06 0.206431055514
67.13 0.217860687544
67.2 0.209416762016
67.27 0.541710397067
67.34 0.353972026438
67.41 0.289074510998
67.48 0.0812408142323
67.55 0.0393171615404
67.62 0.0426136142341
67.69 0.0634884248564
67.76 0.0327826301893
67.83 0.0216607680997
67.9 0.0173546978449
67.97 0.132238743796
68.04 0.245522658369
68.11 0.204656822895
68.18 0.104377656315
68.25 0.104773153512
68.32 0.440643962324
68.39 0.369825767372
68.46 0.285076086476
68.53 0.248817722303
68.6 0.210875870421
68.67 0.459424290477
68.74 0.355977984357
68.81 0.0809979776739
68.88 0.187237912073
68.95 0.107059424387
69.02 0.241243710328
69.09 0.0804282112614
69.16 0.0769638475991
69.23 0.0618686225379
69.3 0.0416750079482
69.37 0.322753171464
69.44 0.196204810859
69.51 0.268335174226
69.58 0.49649307275
69.65 0.417248848814
69.72 0.317049043811
69.79 0.273510598509
69.86 0.2721913751
69.93 0.300102149181
70.0 0.45506204407
70.07 0.327541388522
70.14 0.143675254563
70.21 0.136628015418
70.28 0.0450146955427
70.35 0.24437258564
70.42 0.200738977184
70.49 0.128549492169
70.56 0.0696619354999
70.63 0.0857534465035
70.7 0.406537244519
70.77 0.0660009736388
70.84 0.163982904767
70.91 0.413800520948
70.98 0.388517178242
71.05 0.367479720689
71.12 0.351800711497
71.19 0.399790570089
71.26 0.405127823897
71.33 0.626592988405
71.4 0.485305612472
71.47 0.448762995003
71.54 0.248273187783
71.61 0.119851531287
71.68 0.0536463674058
71.75 0.0398400070429
71.82 0.0310191740604
71.89 0.0227337528435
71.96 0.0174662067213
72.03 0.0177967196697
72.1 0.0150450262528
72.17 0.0132119381449
72.24 0.0267446596407
72.31 0.102811598046
72.38 0.403001593959
72.45 0.371758643888
72.52 0.413338157463
72.59 0.392191986296
72.66 0.35981726342
72.73 0.28936100358
72.8 0.2286131526
72.87 0.0560354159526
72.94 0.0302619605939
73.01 0.0260313896499
73.08 0.0246502848186
73.15 0.0196355201455
73.22 0.0714265106804
73.29 0.152103326466
73.36 0.278103532785
73.43 0.278833191085
73.5 0.120915452423
73.57 0.257396413107
73.64 0.315766970313
73.71 0.486338662689
73.78 0.371721880796
73.85 0.268786299879
73.92 0.239013929082
73.99 0.381990210544
74.06 0.715131076469
74.13 0.617913823094
74.2 0.400515022315
74.27 0.530155198223
74.34 0.40348983285
74.41 0.43124129113
74.48 0.437202303816
74.55 0.421836802957
74.62 0.346262727516
74.69 0.401216125873
74.76 0.547800711076
74.83 0.470993852455
74.9 0.415052034639
74.97 0.331281085007
75.04 0.421702902403
75.11 0.553680495522
75.18 0.435518566508
75.25 0.393264558198
75.32 0.344300669305
75.39 0.378191662119
75.46 0.45306605825
75.53 0.379462422077
75.6 0.41151984888
75.67 0.423345613339
75.74 0.391294544784
75.81 0.433662586343
75.88 0.364373998862
75.95 0.331804773938
76.02 0.401000457663
76.09 0.449728601661
76.16 0.414156549692
76.23 0.404063139772
76.3 0.484903648198
76.37 0.412199555604
76.44 0.42397487284
76.51 0.383154725663
76.58 0.328418422129
76.65 0.280382851582
76.72 0.332113066733
76.79 0.539104621588
76.86 0.420407505566
76.93 0.369496345085
77.0 0.338473843443
77.07 0.330065502809
77.14 0.374311896101
77.21 0.36968352598
77.28 0.3412123259
77.35 0.297467119848
77.42 0.34452628832
77.49 0.433815406677
77.56 0.374817745268
77.63 0.353869796463
77.7 0.296785484949
77.77 0.450234253279
77.84 0.474941578972
77.91 0.350293990169
77.98 0.38719376253
78.05 0.363576119818
78.12 0.344869345056
78.19 0.42977880901
78.26 0.391113279721
78.33 0.37042501476
78.4 0.444098824694
78.47 0.424141925001
78.54 0.409235384339
78.61 0.325949090504
78.68 0.396328398395
78.75 0.334004036779
78.82 0.495185613578
78.89 0.420385461669
78.96 0.392125573069
79.03 0.438156628873
79.1 0.426908242979
79.17 0.395229636428
79.24 0.205069291585
79.31 0.211370105583
79.38 0.155730218766
79.45 0.455743211712
79.52 0.312854936678
79.59 0.194332687251
79.66 0.128934728633
79.73 0.253885703438
79.8 0.251697583796
79.87 0.310783056449
79.94 0.17021706777
80.01 0.199780980313
80.08 0.123273232586
80.15 0.401513612604
80.22 0.314889364167
80.29 0.111049201692
80.36 0.184190401038
80.43 0.181279526674
80.5 0.312337213261
80.57 0.228477698859
80.64 0.158551542979
80.71 0.133682334528
80.78 0.310101581245
80.85 0.496991129958
80.92 0.303543042333
80.99 0.077231796574
81.06 0.0674459767884
81.13 0.173366897499
81.2 0.263658979436
81.27 0.0908191327551
81.34 0.0458758140129
81.41 0.0420696806424
81.48 0.414079283084
81.55 0.419439772
81.62 0.252098787446
81.69 0.163028282795
81.76 0.126585728174
81.83 0.363170961635
81.9 0.29507453789
81.97 0.18950016001
82.04 0.157514753521
82.11 0.174826191624
82.18 0.703942216785
82.25 0.502701437236
82.32 0.254205276652
82.39 0.164462081234
82.46 0.0961826038367
82.53 0.242882117766
82.6 0.146362958576
82.67 0.0684232317563
82.74 0.0449973384139
82.81 0.0377613249673
82.88 0.29336877443
82.95 0.17695809371
83.02 0.0548471322253
83.09 0.0358070480686
83.16 0.337340659402
83.23 0.315448412053
83.3 0.199118119693
83.37 0.0927900700369
83.44 0.0599023767557
83.51 0.0806136343226
83.58 0.162650727095
83.65 0.0629161494498
83.72 0.0567744548858
83.79 0.0355093176534
83.86 0.442350029797
83.93 0.401753533241
84.0 0.201881032016
84.07 0.0846283856416
84.14 0.0481131813877
84.21 0.147520846922
84.28 0.160588460536
84.35 0.0613310554743
84.42 0.0467527730959
84.49 0.319780918422
84.56 0.462892768369
84.63 0.425979722352
84.7 0.167262397796
84.77 0.106130049685
84.84 0.140024378361
84.91 0.465253983761
84.98 0.388881123152
85.05 0.264506281287
85.12 0.303451685849
85.19 0.231923342658
85.26 0.334197522689
85.33 0.27038969851
85.4 0.162178613902
85.47 0.150101218984
85.54 0.331826740944
85.61 0.275046150202
85.68 0.263064423547
85.75 0.259115935223
85.82 0.271111523449
85.89 0.263732247742
85.96 0.20173490115
86.03 0.130683769579
86.1 0.241731848671
86.17 0.351498341631
86.24 0.427939897339
86.31 0.220615927385
86.38 0.125934092374
86.45 0.216710647937
86.52 0.265341490046
86.59 0.204572983929
86.66 0.179427070457
86.73 0.108508631669
86.8 0.280725173719
86.87 0.303938053345
86.94 0.420897129668
87.01 0.164084348094
87.08 0.199097702324
87.15 0.225515624929
87.22 0.346610402409
87.29 0.38493654796
87.36 0.365383881399
87.43 0.278594818904
87.5 0.178710259957
87.57 0.317496762626
87.64 0.377571178775
87.71 0.300613210337
87.78 0.0774911941494
87.85 0.0452572209905
87.92 0.381026720147
87.99 0.309280322776
88.06 0.205577054733
88.13 0.106202846001
88.2 0.078347302912
88.27 0.425290066006
88.34 0.36583479649
88.41 0.276572173395
88.48 0.159820994617
88.55 0.0466609552687
88.62 0.209140081837
88.69 0.162836630425
88.76 0.133734187072
88.83 0.26619870958
88.9 0.323784681507
88.97 0.389456211566
89.04 0.176283235816
89.11 0.120016339431
89.18 0.216135328852
89.25 0.165319557463
89.32 0.175066089784
89.39 0.0309468426357
89.46 0.104110136744
89.53 0.195979356271
89.6 0.298061569274
89.67 0.201565864032
89.74 0.201966445461
89.81 0.240696478728
89.88 0.208288979233
89.95 0.287856448196
90.02 0.178317806439
90.09 0.149760696084
90.16 0.139933924452
90.23 0.112952284938
90.3 0.480123341392
90.37 0.376418211417
90.44 0.23303191821
90.51 0.170607149513
90.58 0.167215181154
90.65 0.239819676975
90.72 0.221223458831
90.79 0.167848054505
90.86 0.14673334099
90.93 0.264557012414
91.0 0.476511805886
91.07 0.342094325447
91.14 0.243226003736
91.21 0.123613755487
91.28 0.180749520898
91.35 0.424735184399
91.42 0.336243910782
91.49 0.28100577531
91.56 0.240978962361
91.63 0.376686380416
91.7 0.543959448239
91.77 0.445065452221
91.84 0.291506975434
91.91 0.155680197397
91.98 0.259274695047
92.05 0.43513304141
92.12 0.371459342542
92.19 0.325326065044
92.26 0.351148664037
92.33 0.50046937057
92.4 0.39772139522
92.47 0.342825739215
92.54 0.20527250591
92.61 0.170339627576
92.68 0.369249067808
92.75 0.272840781078
92.82 0.232776054046
92.89 0.144940097506
92.96 0.20802873468
93.03 0.493050571996
93.1 0.346852065501
93.17 0.151432598179
93.24 0.102202506316
93.31 0.0579126557318
93.38 0.0475264422986
93.45 0.0377414056126
93.52 0.0254557263325
93.59 0.0207152215647
93.66 0.024920060237
93.73 0.0965546044985
93.8 0.118429032193
93.87 0.0889866124536
93.94 0.0594015337473
94.01 0.0331145780315
94.08 0.00889534336389
94.15 0.00954237520124
94.22 0.00966683124414
94.29 0.00935763823932
94.36 0.0654477658775
94.43 0.278760330891
94.5 0.156921282379
94.57 0.117524103919
94.64 0.0348073931422
94.71 0.0199167191169
94.78 0.012403884722
94.85 0.00997541740597
94.92 0.0113007766711
94.99 0.01420580263
95.06 0.442385132055
95.13 0.353183668796
95.2 0.348448898872
95.27 0.123863548855
95.34 0.0709766909825
95.41 0.0306306904549
95.48 0.024351112412
95.55 0.0215861465228
95.62 0.0344959277293
95.69 0.14866520965
95.76 0.334791347528
95.83 0.346195908544
95.9 0.397316235853
95.97 0.296807370333
96.04 0.286187141449
96.11 0.366212615984
96.18 0.406683885227
96.25 0.327609824559
96.32 0.126666284509
96.39 0.384544761614
96.46 0.384307982839
96.53 0.453518092392
96.6 0.310708939983
96.67 0.282296228683
96.74 0.276757849604
96.81 0.296326549594
96.88 0.32183171766
96.95 0.228496068576
97.02 0.303716807622
97.09 0.436791146995
97.16 0.37786454063
97.23 0.350887427006
97.3 0.238769216397
97.37 0.176378000321
97.44 0.258643342944
97.51 0.250885546266
97.58 0.221037445487
97.65 0.249951629114
97.72 0.334070343542
97.79 0.459229052648
97.86 0.360191161501
97.93 0.318853602018
98.0 0.267356550609
98.07 0.544110082519
98.14 0.535563963686
98.21 0.380987327402
98.28 0.258637649503
98.35 0.192666460853
98.42 0.345001602521
98.49 0.432981544092
98.56 0.37436551476
98.63 0.226974442332
98.7 0.178945687826
98.77 0.221562809447
98.84 0.350741041811
98.91 0.320473136995
98.98 0.262955169335
99.05 0.184853381135
99.12 0.425212612495
99.19 0.431062290195
99.26 0.31703137084
99.33 0.224211496887
99.4 0.130111862064
99.47 0.231574864555
99.54 0.278348297519
99.61 0.183705070971
99.68 0.155221619287
99.75 0.241401979236
99.82 0.346174485685
99.89 0.332929032774
99.96 0.292899567696
100.03 0.261834978595
100.1 0.302985786586
100.17 0.313330059244
100.24 0.152697954514
100.31 0.240430512344
100.38 0.364474402394
100.45 0.300946755134
100.52 0.291011664988
100.59 0.221042696513
100.66 0.341323001994
100.73 0.406386918985
100.8 0.3289267519
100.87 0.304169002642
100.94 0.254765482626
101.01 0.199113997182
101.08 0.138463439812
101.15 0.363641655311
101.22 0.247484231578
101.29 0.173080525576
101.36 0.152218804072
101.43 0.182578369385
101.5 0.228538704914
101.57 0.206835133683
101.64 0.177277080191
101.71 0.152994319828
101.78 0.36618731075
101.85 0.460544041167
101.92 0.337249787919
101.99 0.305466608009
102.06 0.25308498418
102.13 0.276698306833
102.2 0.412791289022
102.27 0.265451579407
102.34 0.196765959628
102.41 0.216505765681
102.48 0.478528472867
102.55 0.549889920044
102.62 0.39492189961
102.69 0.289623128991
102.76 0.207234451743
102.83 0.217004090232
102.9 0.447446883883
102.97 0.269166695793
103.04 0.359907018217
103.11 0.413355241335
103.18 0.493898416811
103.25 0.483299894688
103.32 0.509432990275
103.39 0.372934434693
103.46 0.362920255044
103.53 0.379828474968
103.6 0.327637965276
103.67 0.247034476942
103.74 0.257484071753
103.81 0.312153571692
103.88 0.712287590067
103.95 0.535876669993
104.02 0.326004506033
104.09 0.178565078985
104.16 0.177309908858
104.23 0.225269650057
104.3 0.16053481467
104.37 0.0645280521632
104.44 0.0455489669639
104.51 0.0932673999499
104.58 0.176858352619
104.65 0.164726547663
104.72 0.100134648048
104.79 0.132135627807
104.86 0.272420720344
104.93 0.240794957633
105.0 0.161330789197
105.07 0.2591719434
105.14 0.319010516472
105.21 0.380407972161
105.28 0.0616300610878
105.35 0.0713303574156
105.42 0.030799907378
105.49 0.298143493076
105.56 0.109129484087
105.63 0.0811010191388
105.7 0.173758608137
105.77 0.0587661218292
105.84 0.0370474859873
105.91 0.135862289588
105.98 0.204689354647
106.05 0.271401715053
106.12 0.154686316351
106.19 0.15624256695
106.26 0.320256587502
106.33 0.40434828618
106.4 0.252158541961
106.47 0.0599951598535
106.54 0.130642007426
106.61 0.551732516541
106.68 0.507891227018
106.75 0.438222002305
106.82 0.176110531615
106.89 0.0551418639134
106.96 0.214290152385
107.03 0.232842943994
107.1 0.225902343603
107.17 0.218477326367
107.24 0.149263168828
107.31 0.175170249118
107.38 0.196296877102
107.45 0.072400082005
107.52 0.0652059513704
107.59 0.304432118166
107.66 0.384448229812
107.73 0.397742656017
107.8 0.337378278935
107.87 0.301249184147
107.94 0.273841723032
108.01 0.233264780305
108.08 0.0936236936701
108.15 0.0484923778114
108.22 0.0430850614373
108.29 0.0774437598479
108.36 0.187312531284
108.43 0.174179732324
108.5 0.0721250875003
108.57 0.196771531228
108.64 0.439576266459
108.71 0.477179265738
108.78 0.519283335332
108.85 0.273298177441
108.92 0.414178545089
108.99 0.277853477989
109.06 0.338543792447
109.13 0.323502653301
109.2 0.149152058599
109.27 0.27956241525
109.34 0.579222084813
109.41 0.463158679156
109.48 0.338557426896
109.55 0.0832884006326
109.62 0.0615641577035
109.69 0.236953775236
109.76 0.156498931493
109.83 0.14106827013
109.9 0.13216571326
109.97 0.137147122862
110.04 0.334781545772
110.11 0.312503042274
110.18 0.337210834041
110.25 0.25984449813
110.32 0.411943343658
110.39 0.497134890232
110.46 0.347284433436
110.53 0.226078888776
110.6 0.191784560673
110.67 0.18108484837
110.74 0.260285966344
110.81 0.0813592941139
110.88 0.0523323559861
110.95 0.0391434163621
111.02 0.200928223475
111.09 0.225109670633
111.16 0.10488804675
111.23 0.231161942803
111.3 0.366589749378
111.37 0.397402484447
111.44 0.255577095485
111.51 0.0553265748509
111.58 0.355205001253
111.65 0.260419973362
111.72 0.366477433744
111.79 0.33055957591
111.86 0.250617033034
111.93 0.177050396539
112.0 0.399879946349
112.07 0.48101438562
112.14 0.28923102917
112.21 0.107864535863
112.28 0.0676031372911
112.35 0.12473251843
112.42 0.241919092261
112.49 0.122931530305
112.56 0.384518974928
112.63 0.328893406293
112.7 0.487722123916
112.77 0.298523642941
112.84 0.163963006705
112.91 0.10681534102
112.98 0.143801579635
113.05 0.18869889897
113.12 0.188397583094
113.19 0.356373538333
113.26 0.119838237522
113.33 0.27038458707
113.4 0.574191464149
113.47 0.427774161778
113.54 0.306828168474
113.61 0.182334949642
113.68 0.229632820333
113.75 0.34671985772
113.82 0.166844135117
113.89 0.416231791808
113.96 0.415441854955
114.03 0.531001677937
114.1 0.36225739324
114.17 0.204051187686
114.24 0.112577116391
114.31 0.143097601558
114.38 0.28178806334
114.45 0.324658658424
114.52 0.160818465855
114.59 0.152374097911
114.66 0.151200866965
114.73 0.452571185488
114.8 0.493260842497
114.87 0.360994822706
114.94 0.407623006087
115.01 0.240738126137
115.08 0.413858632374
115.15 0.38534605341
115.22 0.257374979602
115.29 0.222989026489
115.36 0.237024166656
115.43 0.409847086795
115.5 0.379485624062
115.57 0.358132777318
115.64 0.345116293478
115.71 0.212012189226
115.78 0.356284393928
115.85 0.179475908896
115.92 0.241096595265
115.99 0.25272378485
116.06 0.449379817179
116.13 0.410832037904
116.2 0.4276746277
116.27 0.430214392148
116.34 0.333216320285
116.41 0.335709732812
116.48 0.345063007223
116.55 0.259712476069
116.62 0.289527023044
116.69 0.280859455176
116.76 0.485001170113
116.83 0.368752812201
116.9 0.242241047895
116.97 0.118273536073
117.04 0.0887861862939
117.11 0.067605396687
117.18 0.0517810113392
117.25 0.0361011942065
117.32 0.0316818974614
117.39 0.130061555609
117.46 0.342149593109
117.53 0.383106813458
117.6 0.287054153275
117.67 0.226711001503
117.74 0.16257530704
117.81 0.310673431979
117.88 0.309766302272
117.95 0.241844456489
118.02 0.184545851329
118.09 0.0349905982101
118.16 0.406555216771
118.23 0.356584587203
118.3 0.079815060899
118.37 0.277630231931
118.44 0.338773129411
118.51 0.35154510048
118.58 0.214938294993
118.65 0.327033311898
118.72 0.334474325894
118.79 0.317282693737
118.86 0.400536568198
118.93 0.343308540178
119.0 0.276807005068
119.07 0.238752742917
119.14 0.27105539343
119.21 0.294341331984
119.28 0.161359496537
119.35 0.178125896191
119.42 0.217377679568
119.49 0.515910486667
119.56 0.402216692838
119.63 0.256448155297
119.7 0.223438065453
119.77 0.225906145539
119.84 0.221580553394
119.91 0.195084478168
119.98 0.175037506652
120.05 0.220660697728
120.12 0.317185789312
120.19 0.387697506083
120.26 0.334862025217
120.33 0.293089264683
120.4 0.220623339623
120.47 0.127975928552
120.54 0.17767134714
120.61 0.162808824478
120.68 0.172034094057
120.75 0.216353153543
120.82 0.109325656431
120.89 0.168207590635
120.96 0.166843832286
121.03 0.131461752927
121.1 0.127752917897
121.17 0.0824725043852
121.24 0.0867222092185
121.31 0.0574481818997
121.38 0.043384164051
121.45 0.036773916913
121.52 0.0506648118044
121.59 0.0775958349354
121.66 0.0675987829266
121.73 0.0488337784456
121.8 0.0421387199735
121.87 0.0965313871356
121.94 0.0676338165752
122.01 0.121681724765
122.08 0.143921240081
122.15 0.156038580171
122.22 0.183579728913
122.29 0.12513545034
122.36 0.206037724263
122.43 0.273731546134
122.5 0.323062696872
122.57 0.364116208888
122.64 0.145109618442
122.71 0.149102562451
122.78 0.148480793262
122.85 0.140076489967
122.92 0.14580842475
122.99 0.148852616484
123.06 0.153996227053
123.13 0.207993800397
123.2 0.187448699514
123.27 0.060972876164
123.34 0.0651171476483
123.41 0.290774714688
123.48 0.321431810502
123.55 0.282169691867
123.62 0.0577496965072
123.69 0.0705989235379
123.76 0.293299666489
123.83 0.300125431605
123.9 0.25606093506
123.97 0.0584276524951
124.04 0.0543133860248
124.11 0.0473460620671
124.18 0.0313186043457
124.25 0.0333249124111
124.32 0.0420821073198
124.39 0.0307234297844
124.46 0.0301781795917
124.53 0.0383452936348
124.6 0.0321251270575
124.67 0.026409468205
124.74 0.0534864151888
124.81 0.0708562261447
124.88 0.162397713791
124.95 0.221902517309
125.02 0.115915810324
125.09 0.141996324682
125.16 0.137845815609
125.23 0.10997025025
125.3 0.0924159897845
125.37 0.127644941249
125.44 0.171328841964
125.51 0.158208229548
125.58 0.168258540604
125.65 0.16053789147
125.72 0.14256950503
125.79 0.0553654991555
125.86 0.170378182807
125.93 0.23678975374
126.0 0.249300652206
126.07 0.212235544113
126.14 0.248609585807
126.21 0.300790156523
126.28 0.25202313672
126.35 0.263609628789
126.42 0.271869992004
126.49 0.250136128307
126.56 0.275377190737
126.63 0.276663512136
126.7 0.251827863403
126.77 0.307901135474
126.84 0.26194986237
126.91 0.273722474246
126.98 0.220484037811
127.05 0.255058463578
127.12 0.22779168712
127.19 0.230445605475
127.26 0.223295819329
127.33 0.237573691957
127.4 0.0745199690738
127.47 0.0873118500343
127.54 0.0849531921367
127.61 0.0447839213193
127.68 0.0298533127672
127.75 0.0296540494275
127.82 0.0345771169323
127.89 0.0445665532392
127.96 0.0584497389771
128.03 0.0577941711184
128.1 0.325977272623
128.17 0.455909169664
128.24 0.305796115467
128.31 0.278158100154
128.38 0.320370298994
128.45 0.400424051465
128.52 0.377790606336
128.59 0.246649181332
128.66 0.149700933288
128.73 0.245932201673
128.8 0.325100604541
128.87 0.29433472887
128.94 0.212796552114
129.01 0.178325713142
129.08 0.158756372004
129.15 0.222281796538
129.22 0.228029356641
129.29 0.233775432167
129.36 0.220240535263
129.43 0.242525674997
129.5 0.191619175259
129.57 0.218965248233
129.64 0.151393987351
129.71 0.0997413108812
129.78 0.0866297644385
129.85 0.0961370503935
129.92 0.0727274507259
129.99 0.0737727217908
130.06 0.118737006781
130.13 0.15003812979
130.2 0.128774184951
130.27 0.134615023799
130.34 0.118078418902
130.41 0.172019656399
130.48 0.171328682269
130.55 0.150474168356
130.62 0.162563394937
130.69 0.166691804516
130.76 0.162339901647
130.83 0.18139033289
130.9 0.205112526486
130.97 0.201979633945
131.04 0.203387268343
131.11 0.184769319778
131.18 0.185654978127
131.25 0.173149330687
131.32 0.160617920219
131.39 0.155810278271
131.46 0.136148997464
131.53 0.133907579737
131.6 0.129136409881
131.67 0.122715857363
131.74 0.0964265073978
131.81 0.112927993475
131.88 0.107683389093
131.95 0.108389251578
132.02 0.106005087348
132.09 0.111049609803
132.16 0.0989242719237
132.23 0.0985492583396
132.3 0.0874536892304
132.37 0.0989802327831
132.44 0.0913565850746
132.51 0.0662601748478
132.58 0.0935129702591
132.65 0.0825182175239
132.72 0.0844285462151
132.79 0.0978201749435
132.86 0.0796202654851
132.93 0.0883111997648
133.0 0.0905160673266
133.07 0.074773119597
133.14 0.0852150774135
133.21 0.0806532056899
133.28 0.0710549169464
133.35 0.068091000011
133.42 0.0559274168289
133.49 0.0575155142632
133.56 0.0469585070615
133.63 0.0293604580837
133.7 0.0209128347173
133.77 0.0182295134592
133.84 0.0144176062084
133.91 0.0149621998749
133.98 0.0196209701091
134.05 0.0145933552697
134.12 0.0178452328032
134.19 0.015881025209
134.26 0.0187762032773
134.33 0.0184786242772
134.4 0.0176616515637
134.47 0.0194418390514
134.54 0.018192804782
134.61 0.0642485909156
134.68 0.233683504327
134.75 0.376397908793
134.82 0.455322507465
134.89 0.460290390265
134.96 0.0930666780578
135.03 0.240446231115
135.1 0.617916009148
135.17 0.554471474536
135.24 0.340083754102
135.31 0.271164053812
135.38 0.107779021869
135.45 0.202858995558
135.52 0.234938316026
135.59 0.276280377739
135.66 0.202718144109
135.73 0.24850239699
135.8 0.277717579467
135.87 0.293206081365
135.94 0.398997991753
136.01 0.493375153734
136.08 0.419361400536
136.15 0.370651269009
136.22 0.357040128732
136.29 0.423681831558
136.36 0.247780684429
136.43 0.508967810234
136.5 0.340882310965
136.57 0.149411844175
136.64 0.258738296718
136.71 0.364730099765
136.78 0.107095336952
136.85 0.0647789361929
136.92 0.241104304419
136.99 0.0938475950714
137.06 0.234541634717
137.13 0.202854265022
137.2 0.312824278687
137.27 0.386142658439
137.34 0.470138285474
137.41 0.379277401212
137.48 0.30999390861
137.55 0.328677299216
137.62 0.237713291867
137.69 0.419103932319
137.76 0.436523356533
137.83 0.347642159684
137.9 0.277713689994
137.97 0.206735652837
138.04 0.260211704378
138.11 0.242883329087
138.18 0.166295828233
138.25 0.16624903508
138.32 0.133497404748
138.39 0.26037444476
138.46 0.157578615168
138.53 0.117663414011
138.6 0.0756150663242
138.67 0.130738000995
138.74 0.202065379794
138.81 0.0706592624205
138.88 0.0390104136515
138.95 0.472878233581
139.02 0.698719144091
139.09 0.440074628864
139.16 0.0884801150408
139.23 0.0540833156447
139.3 0.0602950786888
139.37 0.260902501069
139.44 0.159455068299
139.51 0.16497573064
139.58 0.26604511561
139.65 0.467564762576
139.72 0.427658458233
139.79 0.185162362395
139.86 0.210430043111
139.93 0.296079730111
140.0 0.344054330091
140.07 0.217168348313
140.14 0.108037083917
140.21 0.238898064658
140.28 0.269345519289
140.35 0.777840449792
140.42 0.563040181412
140.49 0.467408593368
140.56 0.41837293021
140.63 0.392502073596
140.7 0.495536850273
140.77 0.454071004421
140.84 0.388167628405
140.91 0.404965556687
140.98 0.400409696612
141.05 0.468190897958
141.12 0.368156969284
141.19 0.287430151057
141.26 0.314468491944
141.33 0.666821011796
141.4 0.609080603654
141.47 0.388667848009
141.54 0.422086440179
141.61 0.376339773708
141.68 0.446831226892
141.75 0.483700556556
141.82 0.442574209187
141.89 0.359551483938
141.96 0.37271989145
142.03 0.500443270407
142.1 0.38409749113
142.17 0.401491665708
142.24 0.425770449061
142.31 0.423803718277
142.38 0.449589592033
142.45 0.377416336815
142.52 0.596525316931
142.59 0.477680101649
142.66 0.500088756996
142.73 0.454356984795
142.8 0.384690924419
142.87 0.281580607028
142.94 0.58600241951
143.01 0.607988539436
143.08 0.412601154352
143.15 0.433749162608
143.22 0.41446825524
143.29 0.467102147126
143.36 0.45989442936
143.43 0.397472935013
143.5 0.372680186411
143.57 0.499124961404
143.64 0.450974460947
143.71 0.415418288628
143.78 0.334309122651
143.85 0.275303418503
143.92 0.730610473357
143.99 0.487769541657
144.06 0.425083854137
144.13 0.374475196009
144.2 0.198520484637
144.27 0.229877378054
144.34 0.116587626906
144.41 0.184389340255
144.48 0.290464776437
144.55 0.533540084382
144.62 0.496407662853
144.69 0.3647423076
144.76 0.26890039464
144.83 0.199600467594
144.9 0.421651875543
144.97 0.492519023679
145.04 0.294601285536
145.11 0.369257330572
145.18 0.367628354633
145.25 0.527455126679
145.32 0.366195323916
145.39 0.327290676017
145.46 0.209536248571
145.53 0.515398759521
145.6 0.331595028658
145.67 0.270455063661
145.74 0.190072079354
145.81 0.205159449762
145.88 0.327539679188
145.95 0.167488210812
146.02 0.101116349649
146.09 0.168914820587
146.16 0.553912718834
146.23 0.584424969627
146.3 0.368674040907
146.37 0.108018464602
146.44 0.117441624139
146.51 0.306864641749
146.58 0.296578094882
146.65 0.279012393119
146.72 0.273493605722
146.79 0.389738210197
146.86 0.688579494628
146.93 0.585658037893
147.0 0.476729787907
147.07 0.318427785149
147.14 0.3517560973
147.21 0.346678934264
147.28 0.209787241431
147.35 0.133958873939
147.42 0.172434059179
147.49 0.632394913595
147.56 0.541258105046
147.63 0.39610148762
147.7 0.189643881247
147.77 0.490220017381
147.84 0.510729493151
147.91 0.274977298956
147.98 0.317584992627
148.05 0.315159618672
148.12 0.59460270588
148.19 0.713446430671
148.26 0.4088503679
148.33 0.406990000249
148.4 0.394304294334
148.47 0.595433559092
148.54 0.527828796455
148.61 0.447294627807
148.68 0.44169546388
148.75 0.48746467226
148.82 0.690897018508
148.89 0.431445675373
148.96 0.512834748562
149.03 0.519934437631
149.1 0.465684056812
149.17 0.407917523665
149.24 0.339337751261
149.31 0.43794019649
149.38 0.3964228234
149.45 0.66258225971
149.52 0.535091243651
149.59 0.503812773747
149.66 0.511266306689
149.73 0.475280976906
149.8 0.419497086131
149.87 0.42626501781
149.94 0.385295011173
150.01 0.378881429661
150.08 0.517845333944
150.15 0.517258056622
150.22 0.545306744938
150.29 0.51218785631
150.36 0.594243357835
150.43 0.548341893173
150.5 0.452855916688
150.57 0.434322432859
150.64 0.461020341932
150.71 0.662286698788
150.78 0.546480684458
150.85 0.455868624745
150.92 0.421981154696
150.99 0.410300484855
151.06 0.477369760019
151.13 0.445930985385
151.2 0.362360964658
151.27 0.362119117029
151.34 0.442579507529
151.41 0.545358842348
151.48 0.437971378519
151.55 0.367185485831
151.62 0.612911573818
151.69 0.749905859786
151.76 0.551834254417
151.83 0.499048389175
151.9 0.463505863134
151.97 0.421881289397
152.04 0.537043532044
152.11 0.41190307318
152.18 0.397840354188
152.25 0.447911345885
152.32 0.564467392115
152.39 0.631587366466
152.46 0.513785724744
152.53 0.40370411585
152.6 0.415851423101
152.67 0.727282072095
152.74 0.492322537858
152.81 0.425359674326
152.88 0.551371616492
152.95 0.483921222644
153.02 0.486483013245
153.09 0.409657602736
153.16 0.431905474267
153.23 0.394522043318
153.3 0.564544879931
153.37 0.674554991366
153.44 0.556325280476
153.51 0.513530607009
153.58 0.448255007098
153.65 0.463079000555
153.72 0.629955130373
153.79 0.726939570154
153.86 0.585131838785
153.93 0.464392225326
154.0 0.419638685192
154.07 0.392945945523
154.14 0.361030588588
154.21 0.300571004585
154.28 0.62691250957
154.35 0.74577109196
154.42 0.71589356462
154.49 0.655710439589
154.56 0.590248758908
154.63 0.599505243639
154.7 0.563815737388
154.77 0.581730687341
154.84 0.593085637465
154.91 0.665120617655
154.98 0.739332122408
155.05 0.596028295969
155.12 0.66935391052
155.19 0.591966543301
155.26 0.606088936369
155.33 0.757687986964
155.4 0.604074831613
155.47 0.422201967468
155.54 0.283617004096
155.61 0.258838779506
155.68 0.162592199278
155.75 0.143164569579
155.82 0.110382323842
155.89 0.0997896311972
155.96 0.0776522476741
156.03 0.154586144674
156.1 0.25725638261
156.17 0.307830131297
156.24 0.405908247629
156.31 0.423331292791
156.38 0.468281929137
156.45 0.477057239433
156.52 0.406335983211
156.59 0.311594801795
156.66 0.282356094394
156.73 0.293915823859
156.8 0.234449213595
156.87 0.225158908903
156.94 0.451924387871
157.01 0.391574388118
157.08 0.313957912241
157.15 0.197735943127
157.22 0.212232829289
157.29 0.335848349707
157.36 0.452560112082
157.43 0.394489931506
157.5 0.215641675691
157.57 0.105396572888
157.64 0.111983310479
157.71 0.402132107443
157.78 0.67902083285
157.85 0.490149887389
157.92 0.310795935005
157.99 0.218913154371
158.06 0.166946011396
158.13 0.0968833832718
158.2 0.0625656248783
158.27 0.057357569478
158.34 0.177901981778
158.41 0.281198728903
158.48 0.666609003571
158.55 0.577479063796
158.62 0.189563976706
158.69 0.239884503893
158.76 0.469915926613
158.83 0.118454443891
158.9 0.099456334815
158.97 0.388775472144
159.04 0.395360728707
159.11 0.327544458225
159.18 0.292526610044
159.25 0.191447437513
159.32 0.139505862382
159.39 0.139010367399
159.46 0.105921935665
159.53 0.0748579297481
159.6 0.0532276457491
159.67 0.252735185927
159.74 0.469737123227
159.81 0.309022865206
159.88 0.152129861947
159.95 0.104574830601
160.02 0.195915281696
160.09 0.605613516887
160.16 0.506255280074
160.23 0.312326635503
160.3 0.260153615428
160.37 0.401518495738
160.44 0.339769796256
160.51 0.205417514175
160.58 0.175155361947
160.65 0.140866295515
160.72 0.450328802491
160.79 0.469304655926
160.86 0.373110486585
160.93 0.414275624587
161.0 0.475251238051
161.07 0.272044985173
161.14 0.370374905855
161.21 0.191639283883
161.28 0.251589092574
161.35 0.261124053171
161.42 0.170663464069
161.49 0.105185669519
161.56 0.515376884784
161.63 0.521810546529
161.7 0.41365524889
161.77 0.279436482911
161.84 0.15722362622
161.91 0.151579835084
161.98 0.162307848981
162.05 0.280198993537
162.12 0.189435341372
162.19 0.117920901155
162.26 0.321948673928
162.33 0.290604284079
162.4 0.147271449835
162.47 0.138014533336
162.54 0.133434168871
162.61 0.270228304301
162.68 0.47759052429
162.75 0.407454951984
162.82 0.229638011029
162.89 0.297630846794
162.96 0.453125459069
163.03 0.333862328888
163.1 0.114388765079
163.17 0.097661848072
163.24 0.162488149956
163.31 0.422067490826
163.38 0.470902013335
163.45 0.158673475833
163.52 0.275701344255
163.59 0.466251039791
163.66 0.443188025539
163.73 0.208556177048
163.8 0.295491525372
163.87 0.241021954762
163.94 0.207936784365
164.01 0.0863208186661
164.08 0.484762230125
164.15 0.431899009555
164.22 0.445420074461
164.29 0.25950718097
164.36 0.267952994454
164.43 0.228223312175
164.5 0.179560607852
164.57 0.159632029864
164.64 0.118872465253
164.71 0.160510897013
164.78 0.283557961704
164.85 0.366775222122
164.92 0.395424773709
164.99 0.412626472598
165.06 0.412806968757
165.13 0.451793627995
165.2 0.455776747772
165.27 0.447821306002
165.34 0.468951327811
165.41 0.528287471565
165.48 0.576682488341
165.55 0.492484154457
165.62 0.449575418168
165.69 0.383991242742
165.76 0.334649560381
165.83 0.318766867241
165.9 0.264531568777
165.97 0.179963822482
166.04 0.26369860995
166.11 0.590732487288
166.18 0.503368467685
166.25 0.242558108566
166.32 0.17318236755
166.39 0.349216229937
166.46 0.304668711221
166.53 0.263368036672
166.6 0.254992395767
166.67 0.143845730123
166.74 0.408570556505
166.81 0.460643869795
166.88 0.235274471549
166.95 0.242410887039
167.02 0.5506020698
167.09 0.553153490838
167.16 0.334797094201
167.23 0.161705078828
167.3 0.130154407316
167.37 0.176463413766
167.44 0.334802655154
167.51 0.287395510141
167.58 0.186115972962
167.65 0.166916589566
167.72 0.39350406126
167.79 0.326423356629
167.86 0.109769182943
167.93 0.14343888035
168.0 0.219845501775
168.07 0.674228093451
168.14 0.575172981213
168.21 0.517020432052
168.28 0.44260613173
168.35 0.390963970323
168.42 0.355165842728
168.49 0.1753980672
168.56 0.118822976203
168.63 0.207312435206
168.7 0.259214049786
168.77 0.31577979682
168.84 0.288964019441
168.91 0.239987763017
168.98 0.366140767194
169.05 0.170140956884
169.12 0.118937816209
169.19 0.126246941815
169.26 0.419289418075
169.33 0.470582147937
169.4 0.231903258876
169.47 0.246265405787
169.54 0.176352263317
169.61 0.172179018334
169.68 0.147017673542
169.75 0.10784182716
169.82 0.0795067397135
169.89 0.104198644734
169.96 0.545900843033
170.03 0.449147887233
170.1 0.255947353691
170.17 0.170765419604
170.24 0.235560042629
170.31 0.372811017263
170.38 0.147384896351
170.45 0.0985490525099
170.52 0.120019842086
170.59 0.415195066228
170.66 0.222595036345
170.73 0.223397073387
170.8 0.18874628832
170.87 0.188591152993
170.94 0.285006210813
171.01 0.264755564813
171.08 0.20532062986
171.15 0.0888626165704
171.22 0.292806928916
171.29 0.354287439288
171.36 0.229968602051
171.43 0.213954193228
171.5 0.331916985475
171.57 0.3056728045
171.64 0.168523625706
171.71 0.13173882229
171.78 0.629046702992
171.85 0.680174462649
171.92 0.697286525034
171.99 0.65658565385
172.06 0.548051886106
172.13 0.33848210739
172.2 0.263376263949
172.27 0.237995158011
172.34 0.249701686696
172.41 0.256766155214
172.48 0.351815864828
172.55 0.31738741023
172.62 0.234837853348
172.69 0.375383631671
172.76 0.479553766614
172.83 0.404140299916
172.9 0.165466646501
172.97 0.156033129231
173.04 0.226292657201
173.11 0.311492498479
173.18 0.238060283027
173.25 0.11530041831
173.32 0.0889781533227
173.39 0.139939377758
173.46 0.295762894197
173.53 0.214437584473
173.6 0.129965683881
173.67 0.378248520822
173.74 0.471440448669
173.81 0.428695343508
173.88 0.238964447129
173.95 0.257222040976
174.02 0.163021381582
174.09 0.20400845553
174.16 0.117692040912
174.23 0.0817179844498
174.3 0.25844654483
174.37 0.3110405223
174.44 0.438909968244
174.51 0.460782893618
174.58 0.432796285458
174.65 0.34121000026
174.72 0.221984087415
174.79 0.169835052424
174.86 0.142200746779
174.93 0.486669627516
175.0 0.541022697287
175.07 0.487291524462
175.14 0.494140751807
175.21 0.491066976182
175.28 0.53986761485
175.35 0.493812831841
175.42 0.50533563142
175.49 0.497272323015
175.56 0.633392930164
175.63 0.529505922368
175.7 0.488585318428
175.77 0.484853347658
175.84 0.426085230226
175.91 0.61294702859
175.98 0.451282838913
176.05 0.330777379308
176.12 0.248009328196
176.19 0.204508122706
176.26 0.262050178365
176.33 0.212366479063
176.4 0.190884910631
176.47 0.159381130456
176.54 0.273221077626
176.61 0.217845480982
176.68 0.196459678997
176.75 0.153264786077
176.82 0.177598829995
176.89 0.26143549256
176.96 0.216315872328
177.03 0.167143573682
177.1 0.170887786593
177.17 0.399679779251
177.24 0.507395516742
177.31 0.309346234441
177.38 0.170008186028
177.45 0.180988577996
177.52 0.526666540732
177.59 0.313002878609
177.66 0.316562871498
177.73 0.221887452698
177.8 0.169001442986
177.87 0.294231150355
177.94 0.278866404205
178.01 0.130648177588
178.08 0.105465161522
178.15 0.336437350558
178.22 0.617247773295
178.29 0.577051058506
178.36 0.3040221218
178.43 0.132455568912
178.5 0.351279819012
178.57 0.329562447722
178.64 0.10620849804
178.71 0.0820358613422
178.78 0.218069919433
178.85 0.393389861218
178.92 0.378371087726
178.99 0.308906542988
179.06 0.272621280175
179.13 0.192781902971
179.2 0.183166425075
179.27 0.0897219239751
179.34 0.0736223761465
179.41 0.187644890785
179.48 0.226015800765
179.55 0.154039099977
179.62 0.181878363586
179.69 0.133137785813
179.76 0.182786691601
179.83 0.408483880874
179.9 0.317425265167
179.97 0.0674376809018
180.04 0.169291932688
180.11 0.352788022551
180.18 0.321789051748
180.25 0.306581377382
180.32 0.244019658538
180.39 0.175379621776
180.46 0.402560201453
180.53 0.595280822746
180.6 0.537660974076
180.67 0.283852608221
180.74 0.21163778485
180.81 0.338343931728
180.88 0.321199739787
180.95 0.314627978087
181.02 0.363787820482
181.09 0.291430954451
181.16 0.328612669847
181.23 0.164230606716
181.3 0.0716882575544
181.37 0.289947614913
181.44 0.443305489284
181.51 0.417583116382
181.58 0.330562129855
181.65 0.366232340155
181.72 0.319048951043
181.79 0.280591649336
181.86 0.148274907881
181.93 0.0955965390176
182.0 0.210555892645
182.07 0.216679552262
182.14 0.128257050633
182.21 0.139788304612
182.28 0.0976536397222
182.35 0.238340437471
182.42 0.427959155436
182.49 0.335615472235
182.56 0.172644207839
182.63 0.287941511494
182.7 0.404060795205
182.77 0.258851906478
182.84 0.143711597715
182.91 0.175204497301
182.98 0.49207514702
183.05 0.0617629265785
183.12 0.0578223733475
183.19 0.361187015674
183.26 0.345394919578
183.33 0.203589652251
183.4 0.134797677622
183.47 0.0970868968783
183.54 0.122985311025
183.61 0.0517005827601
183.68 0.0488268618551
183.75 0.0505167965318
183.82 0.561017240171
183.89 0.141605639644
183.96 0.363494718871
184.03 0.660437773616
184.1 0.476968694772
184.17 0.225461040999
184.24 0.284208761173
184.31 0.510558066515
184.38 0.194581769679
184.45 0.179325060507
184.52 0.452285069078
184.59 0.280038749136
184.66 0.170632623906
184.73 0.130669268043
184.8 0.099073318711
184.87 0.0658897261899
184.94 0.0508440434111
185.01 0.0419759902374
185.08 0.0413760851398
185.15 0.238289294685
185.22 0.513080192297
185.29 0.537962394049
185.36 0.352348913099
185.43 0.24819883828
185.5 0.157918650702
185.57 0.125665910362
185.64 0.240009291156
185.71 0.468579848821
185.78 0.289205464874
185.85 0.254951203785
185.92 0.286695115158
185.99 0.187651065679
186.06 0.329887056667
186.13 0.504070864185
186.2 0.387061904896
186.27 0.158077939295
186.34 0.179390097986
186.41 0.282604572345
186.48 0.534600761924
186.55 0.439598785893
186.62 0.362689660626
186.69 0.394882910244
186.76 0.391955977609
186.83 0.47414517859
186.9 0.57469919654
186.97 0.548688437186
187.04 0.284332438848
187.11 0.146180419498
187.18 0.167780858178
187.25 0.231922102947
187.32 0.361462938778
187.39 0.297929818103
187.46 0.208092973682
187.53 0.184107601867
187.6 0.273040912688
187.67 0.470126108395
187.74 0.411656592014
187.81 0.223341023808
187.88 0.152585365622
187.95 0.32279291199
188.02 0.607762508761
188.09 0.408181635216
188.16 0.103217883562
188.23 0.154595194087
188.3 0.376088345531
188.37 0.446432811408
188.44 0.242668774013
188.51 0.283864068445
188.58 0.240452855522
188.65 0.121413180777
188.72 0.0948265321655
188.79 0.0657511648922
188.86 0.169606276169
188.93 0.539693228523
189.0 0.47461182783
189.07 0.195900504537
189.14 0.336602219031
189.21 0.474524991321
189.28 0.136971859985
189.35 0.12972440051
189.42 0.284677195454
189.49 0.250765823125
189.56 0.407650961084
189.63 0.290089565304
189.7 0.241003001861
189.77 0.133167809754
189.84 0.126902759271
189.91 0.127976861884
189.98 0.0855107010307
190.05 0.0649264475374
190.12 0.105765761725
190.19 0.515735485217
190.26 0.635669905577
190.33 0.363378093823
190.4 0.184720864608
190.47 0.195152983998
190.54 0.549355990489
190.61 0.380804406237
190.68 0.109207746722
190.75 0.087453089485
190.82 0.322814983094
190.89 0.428608156851
190.96 0.401917510968
191.03 0.304997542043
191.1 0.363221821701
191.17 0.370869074773
191.24 0.276151240843
191.31 0.135753612646
191.38 0.167152133362
191.45 0.347450509681
191.52 0.421499032734
191.59 0.277377168945
191.66 0.144967862051
191.73 0.587325463782
191.8 0.480367421209
191.87 0.136861897198
191.94 0.111746057349
192.01 0.533008856639
192.08 0.529668976227
192.15 0.273758393909
192.22 0.181241008114
192.29 0.152400554136
192.36 0.140689584732
192.43 0.143740823178
192.5 0.144895194674
192.57 0.129149462328
192.64 0.171590611314
192.71 0.562837590491
192.78 0.68160899687
192.85 0.526825139677
192.92 0.36796305397
192.99 0.342709101155
193.06 0.330365084509
193.13 0.193695649988
193.2 0.130134458389
193.27 0.112969138139
193.34 0.318739400794
193.41 0.62052991727
193.48 0.61174862963
193.55 0.546352967078
193.62 0.461154222376
193.69 0.351988337173
193.76 0.305294885641
193.83 0.182445951042
193.9 0.199358530062
193.97 0.435738629302
194.04 0.439177278437
194.11 0.261923562292
194.18 0.248699813776
194.25 0.261976391937
194.32 0.2508405003
194.39 0.217146895881
194.46 0.0881824697965
194.53 0.475431235013
194.6 0.413203851164
194.67 0.146308206671
194.74 0.140681993871
194.81 0.121367965652
194.88 0.147472332606
194.95 0.401890071728
195.02 0.27521450122
195.09 0.120671838679
195.16 0.238474029281
195.23 0.323249424705
195.3 0.439905731332
195.37 0.476635174816
195.44 0.413711668726
195.51 0.181746188926
195.58 0.229503028094
195.65 0.130798350524
195.72 0.112472809191
195.79 0.18068845333
195.86 0.280134475364
195.93 0.493575454503
196.0 0.432856981585
196.07 0.310631616594
196.14 0.124737544699
196.21 0.32606493955
196.28 0.271911128387
196.35 0.0724046741384
196.42 0.22388009201
196.49 0.311770708186
196.56 0.527920184879
196.63 0.508756756633
196.7 0.28644648461
196.77 0.153470858361
196.84 0.212619622488
196.91 0.358508155244
196.98 0.27886632968
197.05 0.455543568652
197.12 0.523121003245
197.19 0.370178978377
197.26 0.362833167753
197.33 0.255255698193
197.4 0.284115310903
197.47 0.211211466419
197.54 0.110032115112
197.61 0.270932468099
197.68 0.478677021641
197.75 0.477894725332
197.82 0.442564123527
197.89 0.396836110677
197.96 0.383589465372
198.03 0.465912415493
198.1 0.409980822922
198.17 0.434436524071
198.24 0.376484722827
198.31 0.484664883284
198.38 0.477012438333
198.45 0.40023797661
198.52 0.293759666481
198.59 0.287034911739
198.66 0.443001326096
198.73 0.338399833441
198.8 0.170094551732
198.87 0.13443716794
198.94 0.359118697246
199.01 0.564210291789
199.08 0.652162663998
199.15 0.521990105807
199.22 0.496614640078
199.29 0.604074884845
199.36 0.522470614253
199.43 0.41908005843
199.5 0.267575216363
199.57 0.286365708249
199.64 0.509158237088
199.71 0.419951249547
199.78 0.308899139031
199.85 0.43599585147
199.92 0.419926470717
199.99 0.420260907443
200.06 0.330523703564
200.13 0.430328822861
200.2 0.641040756957
200.27 0.728893015453
200.34 0.532530970749
200.41 0.309104292178
200.48 0.418782804735
200.55 0.596624361277
200.62 0.660601989112
200.69 0.43226926303
200.76 0.229347937718
200.83 0.337855911678
200.9 0.66438524817
200.97 0.547681209143
201.04 0.325113252426
201.11 0.218736192807
201.18 0.288249584264
201.25 0.274360386877
201.32 0.211007552982
201.39 0.149612456055
201.46 0.376526125369
201.53 0.807072539884
201.6 0.701123127127
201.67 0.439873082469
201.74 0.610382291311
201.81 0.590615780619
201.88 0.311298903738
201.95 0.23877268593
202.02 0.298458993463
202.09 0.402002907852
202.16 0.409159181185
202.23 0.371327618578
202.3 0.294713379963
202.37 0.291549814053
202.44 0.34362404293
202.51 0.226880153365
202.58 0.163723446862
202.65 0.191090090985
202.72 0.388423271361
202.79 0.765816215739
202.86 0.494610998336
202.93 0.270533093259
203.0 0.21188791772
203.07 0.552598399853
203.14 0.69255755738
203.21 0.511851645189
203.28 0.473288833242
203.35 0.346273744141
203.42 0.63277191805
203.49 0.501348617439
203.56 0.356584046604
203.63 0.352498202387
203.7 0.420693454
203.77 0.680806957462
203.84 0.512031502565
203.91 0.411922580875
203.98 0.335797823227
204.05 0.648610116469
204.12 0.648521759895
204.19 0.492935115683
204.26 0.487696457889
204.33 0.518653111744
204.4 0.411453699446
204.47 0.253864802252
204.54 0.581531073854
204.61 0.695806360479
204.68 0.564660990404
204.75 0.466959671514
204.82 0.311493765396
204.89 0.330616971663
204.96 0.330198645105
205.03 0.304868440635
205.1 0.301683857612
205.17 0.305761452075
205.24 0.306300185508
205.31 0.500750884201
205.38 0.317177221351
205.45 0.378347897571
205.52 0.229017197647
205.59 0.571124220662
205.66 0.660057196714
205.73 0.594646067354
205.8 0.415536436106
205.87 0.433305361657
205.94 0.66516577245
206.01 0.696896729559
206.08 0.681856288342
206.15 0.461466527669
206.22 0.410212686624
206.29 0.576537053038
206.36 0.624379281992
206.43 0.522873625419
206.5 0.304382591262
206.57 0.628914104843
206.64 0.754520266604
206.71 0.618938164582
206.78 0.441605672411
206.85 0.50579001013
206.92 0.419172841528
206.99 0.300406243758
207.06 0.326676948385
207.13 0.61901003703
207.2 0.713833736079
207.27 0.624289599353
207.34 0.458353035177
207.41 0.379477853396
207.48 0.519984772476
207.55 0.54756726698
207.62 0.441126430884
207.69 0.32095880538
207.76 0.397693554967
207.83 0.666897752001
207.9 0.695042012763
207.97 0.600117052559
208.04 0.688047380871
208.11 0.738226008533
208.18 0.716651921979
208.25 0.5172787366
208.32 0.445162215877
208.39 0.624176408351
208.46 0.640200002624
208.53 0.563065045414
208.6 0.575119949287
208.67 0.58509384308
208.74 0.654064541839
208.81 0.696258727025
208.88 0.623946425507
208.95 0.546849064172
209.02 0.558593297562
209.09 0.612419938735
209.16 0.544433878792
209.23 0.378314224291
209.3 0.433453552003
209.37 0.566565824386
209.44 0.567542603817
209.51 0.52801999458
209.58 0.384059362937
209.65 0.341631022715
209.72 0.406302541786
209.79 0.35619556773
209.86 0.239262746534
209.93 0.255455971755
210.0 0.530215152654
210.07 0.472402950137
210.14 0.469849933326
210.21 0.410745707688
210.28 0.484959081471
210.35 0.487720570729
210.42 0.584827591609
210.49 0.435272838869
210.56 0.422574378606
210.63 0.542355294899
210.7 0.74462063951
210.77 0.551450255299
210.84 0.30234863103
210.91 0.232920750018
210.98 0.60376892597
211.05 0.738166580506
211.12 0.582213126328
211.19 0.418341505681
211.26 0.320691880822
211.33 0.292395852534
211.4 0.219251791681
211.47 0.163273028602
211.54 0.192114165131
211.61 0.46378804512
211.68 0.666351734087
211.75 0.60290052775
211.82 0.468883400434
211.89 0.628316456776
211.96 0.534072689055
212.03 0.306451304788
212.1 0.253513181104
212.17 0.451095736092
212.24 0.568713134134
212.31 0.591524614928
212.38 0.4607951606
212.45 0.287340094612
212.52 0.289885434208
212.59 0.310875217325
212.66 0.239155922059
212.73 0.175708304732
212.8 0.169063109116
212.87 0.584716134782
212.94 0.717563621344
213.01 0.473935160053
213.08 0.289147952011
213.15 0.306154602339
213.22 0.538208941458
213.29 0.464688490091
213.36 0.2649632376
213.43 0.199710297893
213.5 0.450394582851
213.57 0.680859221666
213.64 0.369943014641
213.71 0.244286422217
213.78 0.259647863261
213.85 0.556063466175
213.92 0.603492340425
213.99 0.533428198151
214.06 0.458696936524
214.13 0.403193702939
214.2 0.576620080514
214.27 0.427460163713
214.34 0.329126630364
214.41 0.515614621732
214.48 0.609299341567
214.55 0.467049416848
214.62 0.251844048248
214.69 0.344012027339
214.76 0.862637678551
214.83 0.872042906056
214.9 0.861593817539
214.97 0.77674225918
215.04 0.698027793789
215.11 0.511913017952
215.18 0.396835430492
215.25 0.396813721365
215.32 0.411616901171
215.39 0.602315538214
215.46 0.380575418238
215.53 0.42100878996
215.6 0.328523083025
215.67 0.660427307054
215.74 0.701016989934
215.81 0.486325910706
215.88 0.331417795019
215.95 0.468021935365
216.02 0.647381315031
216.09 0.690997231588
216.16 0.388288937854
216.23 0.273424864489
216.3 0.333023870621
216.37 0.485481139142
216.44 0.390888428427
216.51 0.270965816072
216.58 0.229185217446
216.65 0.750080699174
216.72 0.625260002792
216.79 0.405671868684
216.86 0.375089369606
216.93 0.551917749151
217.0 0.424423384217
217.07 0.274818801743
217.14 0.395379511266
217.21 0.656735206932
217.28 0.662021385381
217.35 0.596564463627
217.42 0.607206509285
217.49 0.481081109957
217.56 0.615613346415
217.63 0.633770933012
217.7 0.554464174676
217.77 0.369658821674
217.84 0.565911557751
217.91 0.756745058253
217.98 0.569991632818
218.05 0.717203008747
218.12 0.781008383079
218.19 0.867696780616
218.26 0.687416066622
218.33 0.69832981824
218.4 0.617828598918
218.47 0.702186505298
218.54 0.804595301556
218.61 0.792784463305
218.68 0.621385086786
218.75 0.575890016469
218.82 0.65039173057
218.89 0.72835011101
218.96 0.60665521787
219.03 0.549699809032
219.1 0.498119291279
219.17 0.646918446435
219.24 0.483437859789
219.31 0.400218334061
219.38 0.360142556099
219.45 0.458806594116
219.52 0.479283547597
219.59 0.33186114764
219.66 0.249097214307
219.73 0.286345538113
219.8 0.408701218198
219.87 0.261990458155
219.94 0.20250944927
220.01 0.255967954413
220.08 0.673402232203
220.15 0.604669816906
220.22 0.575889880432
220.29 0.312978677048
220.36 0.318097741824
220.43 0.700352813896
220.5 0.612244828456
220.57 0.495831522815
220.64 0.400918370616
220.71 0.585810595616
220.78 0.603713523454
220.85 0.44353863883
220.92 0.245275640154
220.99 0.246025156296
221.06 0.647506357807
221.13 0.855334973889
221.2 0.620460500584
221.27 0.40091562267
221.34 0.324043637849
221.41 0.50326650032
221.48 0.383684552817
221.55 0.233629524875
221.62 0.175633407532
221.69 0.593253560263
221.76 0.696200599038
221.83 0.743541269311
221.9 0.534747170778
221.97 0.382337978889
222.04 0.500233354785
222.11 0.409286029111
222.18 0.246939316155
222.25 0.242817306226
222.32 0.336371166819
222.39 0.352067330859
222.46 0.321785633081
222.53 0.28360174785
222.6 0.356774132774
222.67 0.653312651557
222.74 0.501058476701
222.81 0.22318032398
222.88 0.264095665065
222.95 0.588017655147
223.02 0.562685306025
223.09 0.460925863695
223.16 0.431605642968
223.23 0.325745262238
223.3 0.693234176657
223.37 0.848050351492
223.44 0.540505610286
223.51 0.31645944913
223.58 0.562348192328
223.65 0.769837748794
223.72 0.588145131209
223.79 0.622077311273
223.86 0.499004448066
223.93 0.483450161076
224.0 0.417795624986
224.07 0.212397190286
224.14 0.222243875358
224.21 0.605221380395
224.28 0.727486333313
224.35 0.698023468998
224.42 0.611715249717
224.49 0.522969167109
224.56 0.419320294909
224.63 0.433111509038
224.7 0.310596153542
224.77 0.287410262458
224.84 0.342846452315
224.91 0.354478000996
224.98 0.222796811045
225.05 0.213067278608
225.12 0.234899253318
225.19 0.501909856111
225.26 0.628382342416
225.33 0.518176232527
225.4 0.305848610342
225.47 0.63895489923
225.54 0.516800549063
225.61 0.349927290215
225.68 0.581448904003
225.75 0.845716238204
225.82 0.592878301812
225.89 0.258203806455
225.96 0.370960115415
226.03 0.831047663978
226.1 0.493499362545
226.17 0.364061155336
226.24 0.354897954083
226.31 0.310370605503
226.38 0.258930326442
226.45 0.193212904622
226.52 0.157403607804
226.59 0.746350932202
226.66 0.519813576511
226.73 0.413356552021
226.8 0.758908129356
226.87 0.638522081782
226.94 0.480313725661
227.01 0.656878798047
227.08 0.473843223933
227.15 0.268285821213
227.22 0.633945898974
227.29 0.525243402856
227.36 0.408912647971
227.43 0.338156069465
227.5 0.397304339128
227.57 0.286122698983
227.64 0.204014133593
227.71 0.181048147974
227.78 0.139996577145
227.85 0.14680172971
227.92 0.652164930492
227.99 0.711156540031
228.06 0.634772474711
228.13 0.573955406961
228.2 0.456864432784
228.27 0.312414646662
228.34 0.336453723489
228.41 0.655443182628
228.48 0.532681660626
228.55 0.378079240021
228.62 0.329977743614
228.69 0.22808650043
228.76 0.258828542432
228.83 0.578249702333
228.9 0.594675596831
228.97 0.371434018381
229.04 0.230718166693
229.11 0.280423219061
229.18 1.0
229.25 0.702260181714
229.32 0.614446993023
229.39 0.651456143805
229.46 0.538555539886
229.53 0.664445061831
229.6 0.502943632647
229.67 0.692338585247
229.74 0.587547970509
229.81 0.500001179972
229.88 0.42146045976
229.95 0.333172762444
230.02 0.428068680539
230.09 0.370807994194
230.16 0.292267163968
230.23 0.175241758407
230.3 0.242029113012
230.37 0.743317081641
230.44 0.849035917724
230.51 0.751249812341
230.58 0.472445284828
230.65 0.375618004367
230.72 0.845383897629
230.79 0.734778350205
230.86 0.550795749711
230.93 0.450874057415
231.0 0.664545782388
231.07 0.796260543886
231.14 0.660545474642
231.21 0.505930951482
231.28 0.594460054011
231.35 0.519923710823
231.42 0.32243080417
231.49 0.245104256103
231.56 0.206258334753
231.63 0.512595188719
231.7 0.913758938009
231.77 0.749854019071
231.84 0.532934206672
231.91 0.744434225153
231.98 0.653432568698
232.05 0.437743903487
232.12 0.297811897747
232.19 0.49980993808
232.26 0.663400928745
232.33 0.631117195645
232.4 0.465662969906
232.47 0.335507909612
232.54 0.272325126605
232.61 0.273154626545
232.68 0.205664500451
232.75 0.147252214214
232.82 0.160237427304
232.89 0.445202252136
232.96 0.863030321338
233.03 0.695327464367
233.1 0.583811165104
233.17 0.36687232528
233.24 0.742059914729
233.31 0.708433977443
233.38 0.592723947219
233.45 0.349095451623
233.52 0.286008721332
233.59 0.696470490383
233.66 0.700578858766
233.73 0.566073933791
233.8 0.366726562305
233.87 0.556722607665
233.94 0.726820998004
234.01 0.6257820995
234.08 0.320625229826
234.15 0.327757010598
234.22 0.696780174304
234.29 0.660677452935
234.36 0.431804747795
234.43 0.656388203942
234.5 0.792499271945
234.57 0.505205570656
234.64 0.404086296805
234.71 0.75274388815
234.78 0.774960376554
234.85 0.786251069932
234.92 0.550166367186
234.99 0.397818746792
235.06 0.399818866952
235.13 0.384880519673
235.2 0.367508739139
235.27 0.277614306147
235.34 0.185589886232
235.41 0.57436862208
235.48 0.813316415923
235.55 0.77355654291
235.62 0.58484584185
235.69 0.440727985827
235.76 0.586126685101
235.83 0.484964302923
235.9 0.312432613
235.97 0.193527468128
236.04 0.237440606441
236.11 0.734406672483
236.18 0.720224729547
236.25 0.645746541553
236.32 0.662289516527
236.39 0.579664073515
236.46 0.594396014924
236.53 0.400227049887
236.6 0.426259824748
236.67 0.342014079039
236.74 0.550037274058
236.81 0.672013545975
236.88 0.350354948906
236.95 0.48122048866
237.02 0.495782761266
237.09 0.581427944853
237.16 0.328448728791
237.23 0.378191263472
237.3 0.765527654213
237.37 0.541945757509
237.44 0.321040196864
237.51 0.236442398238
237.58 0.227927331312
237.65 0.34993660697
237.72 0.69409613619
237.79 0.586111704479
237.86 0.245770705733
237.93 0.346920606819
238.0 0.567708464768
238.07 0.616033881503
238.14 0.591893007654
238.21 0.522193471547
238.28 0.46840822227
238.35 0.472822607491
238.42 0.527640049361
238.49 0.322077898361
238.56 0.214422548252
238.63 0.395826476555
238.7 0.750623372946
238.77 0.695408898436
238.84 0.606076215142
238.91 0.319971141813
238.98 0.641208243254
239.05 0.686775714789
239.12 0.397160849745
239.19 0.280910911439
239.26 0.301011134905
239.33 0.701412994607
239.4 0.674869050944
239.47 0.415901808812
239.54 0.380608619528
239.61 0.453186324356
239.68 0.635092600353
239.75 0.433702284284
239.82 0.371781683811
239.89 0.498304025875
239.96 0.813473840219
240.03 0.669224131293
240.1 0.401547812287
240.17 0.581299123799
240.24 0.724932288537
240.31 0.63062441312
240.38 0.3896145479
240.45 0.570627422091
240.52 0.825538795448
240.59 0.856896742855
240.66 0.80951193274
240.73 0.55185521475
240.8 0.322769502993
240.87 0.239725844618
240.94 0.220422505352
241.01 0.445896746665
241.08 0.599491468421
241.15 0.65532499493
241.22 0.660414687559
241.29 0.642171895713
241.36 0.582868760431
241.43 0.532503001557
241.5 0.442796890987
241.57 0.34795332345
241.64 0.370211420226
241.71 0.545211819554
241.78 0.476882035702
241.85 0.432247592939
241.92 0.504617858016
241.99 0.546411135284
242.06 0.676987998767
242.13 0.704283602041
242.2 0.543585512304
242.27 0.543882884292
242.34 0.505937961524
242.41 0.424556136147
242.48 0.368503395004
242.55 0.599794944326
242.62 0.480436241699
242.69 0.399759869512
242.76 0.504318181681
242.83 0.33421379862
242.9 0.512486728252
242.97 0.678411496253
243.04 0.460169165986
243.11 0.501337478972
243.18 0.712231784171
243.25 0.944076670194
243.32 0.746787494806
243.39 0.364673586477
243.46 0.445555981264
243.53 0.60990380331
243.6 0.641481550901
243.67 0.576238268632
243.74 0.482190778537
243.81 0.678758806804
243.88 0.800043566358
243.95 0.620959896869
244.02 0.450597126455
244.09 0.320137406143
244.16 0.653716211602
244.23 0.640729008824
244.3 0.499041793159
244.37 0.290763687416
244.44 0.529151015042
244.51 0.807925190943
244.58 0.464650173812
244.65 0.572754465885
244.72 0.758871210118
244.79 0.720129558114
244.86 0.705924430937
244.93 0.687188137344
245.0 0.647772977169
245.07 0.617056605926
245.14 0.700140214205
245.21 0.633801341405
245.28 0.440281894723
245.35 0.561655468645
245.42 0.849455041577
245.49 0.788235606175
245.56 0.584975935736
245.63 0.305607914887
245.7 0.770414250809
245.77 0.787522472221
245.84 0.4608886712
245.91 0.432930136329
245.98 0.304132873601
246.05 0.191896930722
246.12 0.408898845546
246.19 0.597711310507
246.26 0.557942686179
246.33 0.30868713672
246.4 0.275483560966
246.47 0.343557962106
246.54 0.436953785646
246.61 0.496970208662
246.68 0.469030914144
246.75 0.493700199181
246.82 0.540994980059
246.89 0.225130936162
246.96 0.190292760821
247.03 0.159459555152
247.1 0.498994989359
247.17 0.652882138456
247.24 0.744519071975
247.31 0.611400350259
247.38 0.513259092684
247.45 0.44483064539
247.52 0.22695341339
247.59 0.301689974541
247.66 0.312429260577
247.73 0.27791764365
247.8 0.404739048108
247.87 0.321908986634
247.94 0.468161421714
248.01 0.58453654593
248.08 0.451554417117
248.15 0.588311897102
248.22 0.354700513638
248.29 0.29661065739
248.36 0.74234794512
248.43 0.814867120947
248.5 0.827102615614
248.57 0.695507007084
248.64 0.634234550403
248.71 0.535029411911
248.78 0.599471777372
248.85 0.487544879632
248.92 0.345468035285
248.99 0.274433254169
249.06 0.876203855667
249.13 0.625017021916
249.2 0.397477566183
249.27 0.347120611856
249.34 0.385681675433
249.41 0.682524960697
249.48 0.653888120874
249.55 0.433407340851
249.62 0.312201867167
249.69 0.787237603801
249.76 0.775500937613
249.83 0.704120229974
249.9 0.749574311774
249.97 0.44803429251
250.04 0.621384720078
250.11 0.620468487726
250.18 0.511518748637
250.25 0.443419511886
250.32 0.544068797086
250.39 0.532024079421
250.46 0.369881509389
250.53 0.481321526241
250.6 0.555003873379
250.67 0.937127679282
250.74 0.805011786292
250.81 0.649077435247
250.88 0.391487409657
250.95 0.512262966437
251.02 0.87754018424
251.09 0.908005379269
251.16 0.899860456989
251.23 0.883919935143
251.3 0.905276941069
251.37 0.800939725574
251.44 0.838446969052
251.51 0.710858886506
251.58 0.72351784283
251.65 0.894081254697
251.72 0.693490808543
251.79 0.601160136386
251.86 0.427033129608
251.93 0.350007473928
252.0 0.293472433385
252.07 0.218310488315
252.14 0.152510844595
252.21 0.141213232261
252.28 0.537649881744
252.35 0.901037912177
252.42 0.893496733601
252.49 0.838701866763
252.56 0.78246370256
252.63 0.703565851112
252.7 0.769357954839
252.77 0.746756904242
252.84 0.656026876856
252.91 0.478321416386
252.98 0.779370070275
253.05 0.904652312739
253.12 0.830121778919
253.19 0.721943637723
253.26 0.759535906645
253.33 0.633541400865
253.4 0.72189037276
253.47 0.655061063185
253.54 0.49888719015
253.61 0.575801637419
253.68 0.816076930448
253.75 0.887884279458
253.82 0.939938565322
253.89 0.799401425935
253.96 0.710472596053
254.03 0.762555722928
254.1 0.800408370075
254.17 0.704472139757
254.24 0.776065107585
254.31 0.874471115493
254.38 0.861145303795
254.45 0.749491241713
254.52 0.749554061199
254.59 0.742411464901
254.66 0.662399430814
254.73 0.915582413629
254.8 0.741777719731
254.87 0.789031073224
254.94 0.747502391325
255.01 0.844628049264
255.08 0.79568634267
255.15 0.763201366006
255.22 0.647673956482
255.29 0.659390121314
255.36 0.769451981196
255.43 0.827074647605
255.5 0.726820722381
255.57 0.794973459497
255.64 0.810259689866
255.71 0.869531663228
255.78 0.825224548967
255.85 0.712384334796
255.92 0.742104302986
255.99 0.724177528467
256.06 0.799483553201
256.13 0.764373746425
256.2 0.7169812449
256.27 0.728140572742
256.34 0.871517837828
256.41 0.890366589006
256.48 0.700702159086
256.55 0.47488209653
256.62 0.276093626248
256.69 0.275710720156
256.76 0.248934265729
256.83 0.184771111917
256.9 0.143043887082
256.97 0.446714520222
257.04 0.583378553486
257.11 0.478402212857
257.18 0.35227012761
257.25 0.304385378244
257.32 0.29375725567
257.39 0.696634644367
257.46 0.555453320454
257.53 0.50734198562
257.6 0.354366618693
257.67 0.293431925137
257.74 0.314737071421
257.81 0.237171948891
257.88 0.215213898707
257.95 0.132160813565
258.02 0.097722347833
258.09 0.0774754635491
258.16 0.0829234182931
258.23 0.0619312385603
258.3 0.0474043947008
258.37 0.0375621515303
258.44 0.0291378153197
258.51 0.0250939177937
258.58 0.0209999728742
258.65 0.0158294222629
258.72 0.0131036468376
258.79 0.0104071583879
258.86 0.00874017728079
258.93 0.0
259.0 0.0
259.07 0.0
259.14 0.0
259.21 0.0
259.28 0.0
259.35 0.0
259.42 0.0
259.49 0.0
259.56 0.0
259.63 0.0
259.7 0.0
259.77 0.0
259.84 0.0
259.91 0.0
259.98 0.0
260.05 0.0
260.12 0.0
260.19 0.0
260.26 0.0
260.33 0.0
260.4 0.0
260.47 0.0
260.54 0.0
260.61 0.0
260.68 0.0
260.75 0.0
260.82 0.0
260.89 0.0
260.96 0.0
261.03 0.0
261.1 0.0
261.17 0.0
261.24 0.0
261.31 0.0
261.38 0.0
261.45 0.0
261.52 0.0
261.59 0.0
261.66 0.0
261.73 0.0
261.8 0.0
261.87 0.0
261.94 0.0
262.01 0.0
262.08 0.0
262.15 0.0
262.22 0.0
262.29 0.0
262.36 0.0
262.43 0.0
262.5 0.0
262.57 0.0
262.64 0.0
262.71 0.0
262.78 0.0
262.85 0.0
262.92 0.0
262.99 0.0
263.06 0.0
263.13 0.0
263.2 0.0
263.27 0.0
263.34 0.0
263.41 0.0
263.48 0.0
263.55 0.0
263.62 0.0
263.69 0.0
263.76 0.0
263.83 0.0
263.9 0.0
263.97 0.0
264.04 0.0
264.11 0.0
264.18 0.0
264.25 0.0
264.32 0.0
264.39 0.0
264.46 0.0
264.53 0.0
264.6 0.0
264.67 0.0
264.74 0.0
264.81 0.0
264.88 0.0
264.95 0.0
265.02 0.0
265.09 0.0
265.16 0.0
265.23 0.0
265.3 0.0
265.37 0.0
265.44 0.0
265.51 0.0
265.58 0.0
265.65 0.0
265.72 0.0
265.79 0.0
265.86 0.0
265.93 0.0
266.0 0.0
266.07 0.0
266.14 0.0
266.21 0.0
266.28 0.0
266.35 0.0
266.42 0.0
266.49 0.0
266.56 0.0
266.63 0.0
266.7 0.0
266.77 0.0
266.84 0.0
266.91 0.0
266.98 0.0
267.05 0.0
267.12 0.0
267.19 0.0
267.26 0.0
267.33 0.0
267.4 0.0
267.47 0.0
267.54 0.0
267.61 0.0
267.68 0.0
267.75 0.0
267.82 0.0
267.89 0.0
