0.0 0.0
0.07 0.0
0.14 0.0
0.21 0.0
0.28 0.0
0.35 0.0
0.42 0.0
0.49 0.0
0.56 0.0
0.63 0.0
0.7 0.0
0.77 0.0
0.84 0.0
0.91 0.0
0.98 0.0
1.05 0.0
1.12 0.0
1.19 0.0
1.26 0.0
1.33 0.0
1.4 0.0
1.47 0.0
1.54 0.0
1.61 0.0
1.68 0.0
1.75 0.0
1.82 0.0
1.89 0.0
1.96 0.0
2.03 0.0
2.1 0.0
2.17 0.0
2.24 0.0
2.31 0.0
2.38 0.0
2.45 0.0
2.52 0.0
2.59 0.0
2.66 0.0
2.73 0.0
2.8 0.0
2.87 0.0
2.94 0.0
3.01 0.0
3.08 0.0
3.15 0.0
3.22 0.0
3.29 0.0
3.36 0.0
3.43 0.0
3.5 0.0
3.57 0.0
3.64 0.0
3.71 0.0
3.78 0.0
3.85 0.0
3.92 0.0
3.99 8.45884503482e-05
4.06 9.37334776736e-05
4.13 9.24941982697e-05
4.2 0.00501569747807
4.27 0.0104802867825
4.34 0.0888740596367
4.41 0.0898875114021
4.48 0.0408821487085
4.55 0.0114238993539
4.62 0.00933435421738
4.69 0.493884815463
4.76 0.561366230535
4.83 0.35096789329
4.9 0.204389987138
4.97 0.138459433581
5.04 0.276943601876
5.11 0.361374334079
5.18 0.207130357456
5.25 0.515536923215
5.32 0.427796071654
5.39 0.467426680435
5.46 0.33896264166
5.53 0.208954424118
5.6 0.180786960573
5.67 0.238322777895
5.74 0.440638376141
5.81 0.295107931733
5.88 0.246008540495
5.95 0.196057689014
6.02 0.29382771948
6.09 0.271744489011
6.16 0.166721403881
6.23 0.140797778811
6.3 0.139208782492
6.37 0.445947288347
6.44 0.433835477002
6.51 0.242872357766
6.58 0.536913896694
6.65 0.540465581929
6.72 0.45822071475
6.79 0.538886432692
6.86 0.436954942686
6.93 0.483871704456
7.0 0.558299227679
7.07 0.603457138594
7.14 0.471276403209
7.21 0.209209998532
7.28 0.156147454844
7.35 0.417086273988
7.42 0.61448597643
7.49 0.420451125134
7.56 0.263314234905
7.63 0.257472882277
7.7 0.491333210393
7.77 0.352650781813
7.84 0.222091614021
7.91 0.5442196421
7.98 0.526701131468
8.05 0.505367862428
8.12 0.386178633445
8.19 0.34152765089
8.26 0.288675094855
8.33 0.514428470203
8.4 0.424221251169
8.47 0.265293712088
8.54 0.245896168988
8.61 0.245724940866
8.68 0.299643977208
8.75 0.321615908584
8.82 0.19370363607
8.89 0.188347482696
8.96 0.310939601987
9.03 0.43980183202
9.1 0.232895149234
9.17 0.403280939517
9.24 0.299721750639
9.31 0.450855728126
9.38 0.507560552647
9.45 0.310573766299
9.52 0.225104184225
9.59 0.236105226795
9.66 0.615180111272
9.73 0.483919574421
9.8 0.253395960315
9.87 0.128698075368
9.94 0.195388830181
10.01 0.559063820337
10.08 0.718449266036
10.15 0.721176738894
10.22 0.631209325512
10.29 0.66755370922
10.36 0.537677445428
10.43 0.215641791486
10.5 0.0875225389617
10.57 0.5568789097
10.64 0.534135920657
10.71 0.369278085723
10.78 0.244731228034
10.85 0.32462336498
10.92 0.360319316598
10.99 0.551387499866
11.06 0.495209069956
11.13 0.237366170187
11.2 0.172959954715
11.27 0.396020675055
11.34 0.529017299905
11.41 0.506907676244
11.48 0.349023386578
11.55 0.301310647246
11.62 0.705267014387
11.69 0.852016160871
11.76 0.536217800169
11.83 0.297315275566
11.9 0.294795303663
11.97 0.747662343597
12.04 0.671495606706
12.11 0.453055172316
12.18 0.523676530689
12.25 0.700458097495
12.32 0.642848360922
12.39 0.374610544238
12.46 0.257277611321
12.53 0.372725732536
12.6 0.51746915516
12.67 0.502253034376
12.74 0.34975131366
12.81 0.288017009002
12.88 0.272637315546
12.95 0.592514793913
13.02 0.54485274294
13.09 0.504156854467
13.16 0.360619751298
13.23 0.420765615176
13.3 0.639065313008
13.37 0.560207687437
13.44 0.346869451821
13.51 0.285612318572
13.58 0.521711578919
13.65 0.587954909098
13.72 0.367353816504
13.79 0.426607859108
13.86 0.375631889541
13.93 0.445819785015
14.0 0.407986568881
14.07 0.268434864144
14.14 0.225410190596
14.21 0.297812271376
14.28 0.344336948748
14.35 0.323828960428
14.42 0.374441395826
14.49 0.574096853361
14.56 0.595133124716
14.63 0.559214635961
14.7 0.480515715481
14.77 0.47052783368
14.84 0.45223201404
14.91 0.561960132296
14.98 0.47330138779
15.05 0.269065868995
15.12 0.175968866094
15.19 0.209813187767
15.26 0.355459143597
15.33 0.188022445552
15.4 0.222719914434
15.47 0.151434892434
15.54 0.365341495365
15.61 0.294878978424
15.68 0.222857209906
15.75 0.213032471404
15.82 0.281725348229
15.89 0.300265106487
15.96 0.234473331873
16.03 0.323182972303
16.1 0.360986386717
16.17 0.569460401834
16.24 0.69262733717
16.31 0.477907339612
16.38 0.328411774965
16.45 0.21802471618
16.52 0.533166407349
16.59 0.598271195871
16.66 0.382008380923
16.73 0.2372623027
16.8 0.331274687428
16.87 0.492143147654
16.94 0.368219273075
17.01 0.156318644302
17.08 0.303032191518
17.15 0.4961052399
17.22 0.502777672831
17.29 0.343618724267
17.36 0.258702479429
17.43 0.267420228043
17.5 0.375262769459
17.57 0.274991519076
17.64 0.205271110725
17.71 0.0948982558325
17.78 0.235504455071
17.85 0.502242892227
17.92 0.267052084732
17.99 0.357045030526
18.06 0.520687313474
18.13 0.792932685033
18.2 0.752891123875
18.27 0.316796188187
18.34 0.427447567564
18.41 0.357677486289
18.48 0.808116667985
18.55 0.65031190587
18.62 0.275049832361
18.69 0.412073158851
18.76 0.434723910099
18.83 0.5564000208
18.9 0.33195870861
18.97 0.187509031834
19.04 0.400594997781
19.11 0.578939249111
19.18 0.412374307816
19.25 0.450939685745
19.32 0.702813206574
19.39 0.571857170236
19.46 0.68417892528
19.53 0.425799853006
19.6 0.328410085963
19.67 0.436580366925
19.74 0.471341419591
19.81 0.510904745066
19.88 0.276575948986
19.95 0.414060751381
20.02 0.396602346818
20.09 0.448329272899
20.16 0.415200056142
20.23 0.303258440389
20.3 0.467349759645
20.37 0.435987785841
20.44 0.370998293038
20.51 0.309311433043
20.58 0.273663107197
20.65 0.503354411896
20.72 0.568824384923
20.79 0.46421100475
20.86 0.247511552394
20.93 0.162217302918
21.0 0.126461914728
21.07 0.393814016997
21.14 0.512186933247
21.21 0.296565371116
21.28 0.42616753642
21.35 0.420090576225
21.42 0.817324031675
21.49 0.555570303907
21.56 0.163075506958
21.63 0.169641514481
21.7 0.483246562273
21.77 0.630935062195
21.84 0.417832149254
21.91 0.384513054136
21.98 0.409351414353
22.05 0.599614074149
22.12 0.546606773019
22.19 0.38538571847
22.26 0.418351641343
22.33 0.531638854056
22.4 0.70609515827
22.47 0.487625437002
22.54 0.333630744789
22.61 0.234337409987
22.68 0.349035881119
22.75 0.438566748665
22.82 0.239822855408
22.89 0.311792802105
22.96 0.436147056647
23.03 0.669606277433
23.1 0.614959183773
23.17 0.422878910115
23.24 0.494144408886
23.31 0.669301909191
23.38 0.728639789351
23.45 0.55349316581
23.52 0.308596476679
23.59 0.452603344069
23.66 0.470968799409
23.73 0.654364677146
23.8 0.474049829117
23.87 0.268678283852
23.94 0.298225773533
24.01 0.490071255635
24.08 0.574993336686
24.15 0.338413895252
24.22 0.203249683222
24.29 0.206302038568
24.36 0.659832123508
24.43 0.654932843001
24.5 0.325951937619
24.57 0.255157796429
24.64 0.445412349018
24.71 0.680324302367
24.78 0.441621806414
24.85 0.0998139929117
24.92 0.386533315617
24.99 0.737838270521
25.06 0.665919288935
25.13 0.348738586333
25.2 0.678377846181
25.27 0.838490746854
25.34 0.645613394731
25.41 0.556831351081
25.48 0.343795469116
25.55 0.343658889944
25.62 0.486771217378
25.69 0.836500905714
25.76 0.564104828419
25.83 0.411685296957
25.9 0.277784789734
25.97 0.600505991065
26.04 0.694276984921
26.11 0.529915856836
26.18 0.450636141653
26.25 0.624520462463
26.32 0.666057984447
26.39 0.640213296794
26.46 0.550799706999
26.53 0.401528289129
26.6 0.460581818767
26.67 0.640806899419
26.74 0.484758214533
26.81 0.286713698127
26.88 0.194771380076
26.95 0.326574355016
27.02 0.47720606009
27.09 0.390565291826
27.16 0.253524591005
27.23 0.156998902878
27.3 0.7691558419
27.37 0.71183444637
27.44 0.320156265359
27.51 0.329060577414
27.58 0.387986351387
27.65 0.783566166529
27.72 0.645685382823
27.79 0.359572602936
27.86 0.278743469013
27.93 0.550768637512
28.0 0.737047258217
28.07 0.571403561416
28.14 0.250355566354
28.21 0.265500299354
28.28 0.480412057594
28.35 0.532306864318
28.42 0.370292742174
28.49 0.237824512282
28.56 0.3494974954
28.63 0.470086080429
28.7 0.251107298182
28.77 0.348523824707
28.84 0.693729445233
28.91 0.440532270219
28.98 0.448820127255
29.05 0.318905838546
29.12 0.458524466405
29.19 0.462792668804
29.26 0.638047392511
29.33 0.580730382279
29.4 0.476608780326
29.47 0.545560446773
29.54 0.413473896622
29.61 0.469895097094
29.68 0.462954373399
29.75 0.327066182074
29.82 0.27993753405
29.89 0.452805312018
29.96 0.340779124095
30.03 0.238389363217
30.1 0.606842215024
30.17 0.461561612599
30.24 0.502914695621
30.31 0.445437427637
30.38 0.34349174188
30.45 0.416898168061
30.52 0.55999695703
30.59 0.507068208713
30.66 0.256323942069
30.73 0.410800984617
30.8 0.594294566002
30.87 0.659840503398
30.94 0.645510872341
31.01 0.603351228026
31.08 0.654701297177
31.15 0.608149335309
31.22 0.692425961389
31.29 0.578893615547
31.36 0.585894575547
31.43 0.600808682516
31.5 0.564910258284
31.57 0.671190530303
31.64 0.516702710705
31.71 0.461872622891
31.78 0.472266040053
31.85 0.600228022119
31.92 0.556561680627
31.99 0.377443998887
32.06 0.365324033531
32.13 0.178327562775
32.2 0.809724300299
32.27 0.785148848425
32.34 0.57026772623
32.41 0.460126134305
32.48 0.438908401107
32.55 0.647058217476
32.62 0.506488740793
32.69 0.287335909995
32.76 0.0833975760989
32.83 0.424834564238
32.9 0.736708704991
32.97 0.526053393293
33.04 0.195184837465
33.11 0.285443280048
33.18 0.670863635258
33.25 0.525602226402
33.32 0.225871953427
33.39 0.707014064617
33.46 0.679324710589
33.53 0.724223785078
33.6 0.517641885068
33.67 0.404220250222
33.74 0.356301613469
33.81 0.414196264244
33.88 0.383525663867
33.95 0.349370991224
34.02 0.218158666208
34.09 0.171629695109
34.16 0.65357632858
34.23 0.563532747336
34.3 0.380740671351
34.37 0.248357780802
34.44 0.499820798977
34.51 0.69728384508
34.58 0.575955271871
34.65 0.371671813922
34.72 0.411411338881
34.79 0.399100526532
34.86 0.472346452804
34.93 0.358826823312
35.0 0.3169494376
35.07 0.287211318664
35.14 0.399864413065
35.21 0.327285369699
35.28 0.196039425413
35.35 0.288704369524
35.42 0.282706185986
35.49 0.478461916128
35.56 0.327944841346
35.63 0.165602770057
35.7 0.148729470202
35.77 0.580948318414
35.84 0.585994108608
35.91 0.357696419386
35.98 0.225598001456
36.05 0.251223448576
36.12 0.735849031724
36.19 0.688082150737
36.26 0.548548815417
36.33 0.754747202203
36.4 0.562681260638
36.47 0.612269463151
36.54 0.457749194374
36.61 0.397252974609
36.68 0.60296047041
36.75 0.702097983632
36.82 0.725623944926
36.89 0.620587408833
36.96 0.326100771209
37.03 0.307445934971
37.1 0.618292450591
37.17 0.688477991637
37.24 0.589384901189
37.31 0.253076914039
37.38 0.293220326056
37.45 0.863610704318
37.52 0.717847527715
37.59 0.59992231285
37.66 0.413732346409
37.73 0.430347544452
37.8 0.498329538866
37.87 0.363470903834
37.94 0.281421065454
38.01 0.624518248446
38.08 0.552887465457
38.15 0.519980087853
38.22 0.329283800327
38.29 0.298303243758
38.36 0.245999694604
38.43 0.428885355516
38.5 0.459764122274
38.57 0.295662266091
38.64 0.163674310893
38.71 0.163657825832
38.78 0.370393357824
38.85 0.340275549319
38.92 0.280454451938
38.99 0.579349920666
39.06 0.452783035513
39.13 0.671607463373
39.2 0.528598283056
39.27 0.449520863448
39.34 0.602403144688
39.41 0.560372118854
39.48 0.740362723366
39.55 0.613162908308
39.62 0.549684025875
39.69 0.656024963572
39.76 0.65511288649
39.83 0.559463784029
39.9 0.348657970089
39.97 0.269178102126
40.04 0.189034991768
40.11 0.395903773768
40.18 0.414086359086
40.25 0.385300419825
40.32 0.626958932922
40.39 0.573735510824
40.46 0.661953409663
40.53 0.382912210387
40.6 0.449888567211
40.67 0.470750627221
40.74 0.649493879716
40.81 0.649689268699
40.88 0.401414470778
40.95 0.428663359672
41.02 0.473133533601
41.09 0.504185431151
41.16 0.473142422226
41.23 0.327014252401
41.3 0.298774831288
41.37 0.335406194662
41.44 0.37076670855
41.51 0.367258355361
41.58 0.259437329382
41.65 0.273718300917
41.72 0.62859982025
41.79 0.504519100517
41.86 0.300915785153
41.93 0.531235951908
42.0 0.508258574227
42.07 0.532249780138
42.14 0.52515527591
42.21 0.30218784136
42.28 0.278181015238
42.35 0.399969597159
42.42 0.715762477764
42.49 0.450211927563
42.56 0.406908874011
42.63 0.521127096902
42.7 0.587194184863
42.77 0.668462192595
42.84 0.445967194146
42.91 0.417917598485
42.98 0.389378955496
43.05 0.542517883565
43.12 0.394731555863
43.19 0.268882335581
43.26 0.354661192142
43.33 0.245085838983
43.4 0.642861950261
43.47 0.445430256503
43.54 0.268387962811
43.61 0.243267685861
43.68 0.444900288536
43.75 0.506587382549
43.82 0.374876592496
43.89 0.283209911347
43.96 0.302737135168
44.03 0.298593815097
44.1 0.284318641111
44.17 0.189196777761
44.24 0.107986344631
44.31 0.448651829449
44.38 0.69046983109
44.45 0.507130056692
44.52 0.283472154265
44.59 0.300162095711
44.66 0.318376605192
44.73 0.556748779258
44.8 0.35414929649
44.87 0.344878204536
44.94 0.530465811999
45.01 0.589507168617
45.08 0.490372221456
45.15 0.271384477327
45.22 0.156408794247
45.29 0.246580615473
45.36 0.730633930323
45.43 0.517426974891
45.5 0.349624705701
45.57 0.487170104586
45.64 0.406117440473
45.71 0.375108463911
45.78 0.265371420401
45.85 0.617367040572
45.92 0.609301433747
45.99 0.444533315316
46.06 0.363454701629
46.13 0.202682681353
46.2 0.456751959058
46.27 0.527521408267
46.34 0.586462981526
46.41 0.469737324006
46.48 0.213625866464
46.55 0.173962493089
46.62 0.305584738765
46.69 0.600911603755
46.76 0.462400653594
46.83 0.252939881075
46.9 0.229466193359
46.97 0.461194220182
47.04 0.446755837778
47.11 0.224836581272
47.18 0.263552432953
47.25 0.394638583453
47.32 0.333561682943
47.39 0.196635685672
47.46 0.126020658002
47.53 0.155099563728
47.6 0.231364722602
47.67 0.497201924845
47.74 0.309527749364
47.81 0.105932122009
47.88 0.0600632330411
47.95 0.243564058818
48.02 0.328368306578
48.09 0.228281611149
48.16 0.140478966553
48.23 0.142567001763
48.3 0.877076317508
48.37 0.597701992195
48.44 0.232657641031
48.51 0.102643721583
48.58 0.31425945854
48.65 0.674529102214
48.72 0.586002197501
48.79 0.185381933886
48.86 0.0836015850941
48.93 0.552242226191
49.0 0.585175630697
49.07 0.36504327468
49.14 0.359858947701
49.21 0.285959917113
49.28 0.65416138038
49.35 0.739688020181
49.42 0.694581139495
49.49 0.810701259457
49.56 0.778117885247
49.63 0.74990244185
49.7 0.653759294245
49.77 0.526876211734
49.84 0.447192975782
49.91 0.427997136088
49.98 0.453705452133
50.05 0.436980452714
50.12 0.247110996534
50.19 0.216148095118
50.26 0.496648616098
50.33 0.424567431356
50.4 0.191025431181
50.47 0.201438161974
50.54 0.233004629089
50.61 0.341571927148
50.68 0.377661920777
50.75 0.251121890748
50.82 0.122235245486
50.89 0.259612839021
50.96 0.433716487865
51.03 0.256653215961
51.1 0.316182647204
51.17 0.29367018855
51.24 0.386957822739
51.31 0.337039125369
51.38 0.258284650986
51.45 0.184970242826
51.52 0.168518625594
51.59 0.473156634258
51.66 0.321738666433
51.73 0.391327131209
51.8 0.539359959521
51.87 0.474873003673
51.94 0.544811871139
52.01 0.531932986542
52.08 0.531132892293
52.15 0.59211886958
52.22 0.675134641806
52.29 0.686538844961
52.36 0.564055397653
52.43 0.522349573793
52.5 0.505695256034
52.57 0.567508036178
52.64 0.483244498842
52.71 0.480595074132
52.78 0.484190795501
52.85 0.533203422936
52.92 0.776485894683
52.99 0.588277422914
53.06 0.570490196215
53.13 0.452865739607
53.2 0.36687767681
53.27 0.781152744166
53.34 0.638952976094
53.41 0.400931316641
53.48 0.451250683827
53.55 0.595654263073
53.62 0.624458368256
53.69 0.420669769429
53.76 0.353481770544
53.83 0.378313226205
53.9 0.497953770629
53.97 0.567259700051
54.04 0.332144569997
54.11 0.321131720696
54.18 0.476961195573
54.25 0.742292653792
54.32 0.359009025873
54.39 0.263544797852
54.46 0.28170580465
54.53 0.360921543305
54.6 0.541793851361
54.67 0.352717149396
54.74 0.275998196521
54.81 0.249919529254
54.88 0.402648998593
54.95 0.442152407249
55.02 0.322155450951
55.09 0.206820932384
55.16 0.235927877569
55.23 0.539197805203
55.3 0.504105728595
55.37 0.2899736867
55.44 0.252887475225
55.51 0.435636784878
55.58 0.634259092413
55.65 0.473325015496
55.72 0.330365768575
55.79 0.408857759918
55.86 0.344403428253
55.93 0.369469577793
56.0 0.295880686542
56.07 0.247104787927
56.14 0.278995309309
56.21 0.433079416854
56.28 0.394253588791
56.35 0.214602282294
56.42 0.419815159096
56.49 0.333737731841
56.56 0.328648766292
56.63 0.211901904682
56.7 0.1593808508
56.77 0.407461639429
56.84 0.478645022204
56.91 0.493134882523
56.98 0.311967125373
57.05 0.151410961521
57.12 0.257209640203
57.19 0.533907262415
57.26 0.387586178096
57.33 0.227619414715
57.4 0.192938860267
57.47 0.308198944742
57.54 0.401457658342
57.61 0.263280414176
57.68 0.205752838368
57.75 0.130047860238
57.82 0.259016770047
57.89 0.255883192043
57.96 0.160310178082
58.03 0.20815693663
58.1 0.278178382024
58.17 0.607446175501
58.24 0.504874448115
58.31 0.321494121402
58.38 0.404800414093
58.45 0.204343519248
58.52 0.500989138284
58.59 0.461316100971
58.66 0.336696858375
58.73 0.255948177902
58.8 0.426335498461
58.87 0.612256846513
58.94 0.378532474877
59.01 0.296644448944
59.08 0.28225361295
59.15 0.46243176785
59.22 0.560888460853
59.29 0.330784958394
59.36 0.254406821599
59.43 0.236144297673
59.5 0.426067242291
59.57 0.364860569488
59.64 0.170810380838
59.71 0.0797697128278
59.78 0.101381396466
59.85 0.330107359487
59.92 0.222155932419
59.99 0.173177117572
60.06 0.502969429443
60.13 0.416183927997
60.2 0.46600187134
60.27 0.328371542135
60.34 0.265896880973
60.41 0.33828529712
60.48 0.415099696894
60.55 0.639900886462
60.62 0.430338104358
60.69 0.483087891775
60.76 0.442494643718
60.83 0.614685754782
60.9 0.477551987944
60.97 0.278910879584
61.04 0.250746415543
61.11 0.254646492945
61.18 0.579424008818
61.25 0.389494987864
61.32 0.399078129965
61.39 0.512998750794
61.46 0.418902076753
61.53 0.396701478995
61.6 0.280506849648
61.67 0.270039910047
61.74 0.322904339966
61.81 0.501046025075
61.88 0.54878163308
61.95 0.326193452622
62.02 0.407006138112
62.09 0.368056005645
62.16 0.50486802177
62.23 0.402758539497
62.3 0.209128385166
62.37 0.302772946069
62.44 0.353533659518
62.51 0.375736422454
62.58 0.305478278763
62.65 0.277777946226
62.72 0.303732272459
62.79 0.416516793561
62.86 0.309970351187
62.93 0.289802226595
63.0 0.311952195007
63.07 0.272516030995
63.14 0.36009033073
63.21 0.372835151343
63.28 0.234492627189
63.35 0.338996073715
63.42 0.518250304103
63.49 0.834621653472
63.56 0.458925895255
63.63 0.186694517989
63.7 0.146379997912
63.77 0.364322577746
63.84 0.622233135252
63.91 0.404248078048
63.98 0.244860397983
64.05 0.180263821869
64.12 0.539935852049
64.19 0.535605276657
64.26 0.438619846395
64.33 0.447394237606
64.4 0.553388626792
64.47 0.523742501459
64.54 0.417343103961
64.61 0.297502628565
64.68 0.357679338086
64.75 0.412788151844
64.82 0.438718396579
64.89 0.354121413721
64.96 0.198025723721
65.03 0.302134271524
65.1 0.325627708347
65.17 0.295071738262
65.24 0.188935338646
65.31 0.210735579968
65.38 0.484444320729
65.45 0.56099179722
65.52 0.44258773212
65.59 0.231539888336
65.66 0.323689465185
65.73 0.42626727908
65.8 0.428084396417
65.87 0.338818166915
65.94 0.245041222889
66.01 0.352927035303
66.08 0.488202694976
66.15 0.499274087511
66.22 0.281404743187
66.29 0.113567808768
66.36 0.188086690691
66.43 0.55706275039
66.5 0.565410084697
66.57 0.251823530455
66.64 0.347779261978
66.71 0.517778254641
66.78 0.762928719298
66.85 0.569556174323
66.92 0.350579978488
66.99 0.380645100321
67.06 0.540101534955
67.13 0.683038515546
67.2 0.494641732322
67.27 0.308136901409
67.34 0.289152103468
67.41 0.89133594454
67.48 0.828925325024
67.55 0.305884050178
67.62 0.187201741415
67.69 0.184403816845
67.76 0.624435922851
67.83 0.450349218965
67.9 0.261165179938
67.97 0.396479694785
68.04 0.362639038043
68.11 0.56991922621
68.18 0.237212458842
68.25 0.34490975834
68.32 0.6878842893
68.39 0.607356959594
68.46 0.594178739164
68.53 0.391629865393
68.6 0.21355134487
68.67 0.329108390401
68.74 0.423822199131
68.81 0.358833335125
68.88 0.22075039829
68.95 0.209375345673
69.02 0.184967868049
69.09 0.420286823953
69.16 0.397748334326
69.23 0.251344594751
69.3 0.356432228227
69.37 0.546248784066
69.44 0.928896964857
69.51 0.516842494909
69.58 0.191854834693
69.65 0.372644800875
69.72 0.558644943899
69.79 0.703837178987
69.86 0.515485123778
69.93 0.219839894218
70.0 0.247512030605
70.07 0.749154690368
70.14 0.741498967574
70.21 0.393606713432
70.28 0.132362201298
70.35 0.15449282759
70.42 0.618508858485
70.49 0.615561156113
70.56 0.353661246284
70.63 0.340560502184
70.7 0.346403094091
70.77 0.503840323379
70.84 0.32455304554
70.91 0.283264720463
70.98 0.594017040674
71.05 0.530200990811
71.12 0.523674363476
71.19 0.468949614412
71.26 0.467302418764
71.33 0.418574432849
71.4 0.616048970266
71.47 0.527024263906
71.54 0.514710604674
71.61 0.635398450082
71.68 0.701253200032
71.75 0.585463788596
71.82 0.392105942004
71.89 0.37317085972
71.96 0.289239842008
72.03 0.441457904082
72.1 0.39947501072
72.17 0.215757455528
72.24 0.439399996182
72.31 0.61868417277
72.38 0.486373829922
72.45 0.478771430738
72.52 0.377731780321
72.59 0.387393754023
72.66 0.411912323176
72.73 0.710008820943
72.8 0.49529144032
72.87 0.201131016037
72.94 0.114556535994
73.01 0.436774966351
73.08 0.740690928914
73.15 0.698722184501
73.22 0.660123842554
73.29 0.669296105537
73.36 0.729152600727
73.43 0.594050900066
73.5 0.519778675443
73.57 0.589734972184
73.64 0.603326588954
73.71 0.59928244176
73.78 0.586435129281
73.85 0.497700961701
73.92 0.647214285283
73.99 0.59942639149
74.06 0.721105961592
74.13 0.534723770502
74.2 0.34377197775
74.27 0.356914364894
74.34 0.682529509512
74.41 0.775023990638
74.48 0.664924583052
74.55 0.472049369652
74.62 0.492998370504
74.69 0.660507292695
74.76 0.534740265738
74.83 0.463711239385
74.9 0.324393788979
74.97 0.469128084891
75.04 0.731539627864
75.11 0.68334773509
75.18 0.443534462221
75.25 0.261273811222
75.32 0.453615487367
75.39 0.63145328855
75.46 0.362707259458
75.53 0.140786867454
75.6 0.0908183974491
75.67 0.665123846563
75.74 0.537482459363
75.81 0.40711013787
75.88 0.27584798324
75.95 0.300185949296
76.02 0.53735446968
76.09 0.484065939627
76.16 0.35094233239
76.23 0.46934099472
76.3 0.421474120775
76.37 0.60528854936
76.44 0.315645141813
76.51 0.270552351063
76.58 0.318431550649
76.65 0.667507921
76.72 0.742669567701
76.79 0.467852978306
76.86 0.491725616312
76.93 0.543047601235
77.0 0.417545977459
77.07 0.432692604989
77.14 0.346136244066
77.21 0.276048315096
77.28 0.226851100148
77.35 0.331113007252
77.42 0.352596446838
77.49 0.29584174997
77.56 0.519358626878
77.63 0.432377038464
77.7 0.405949004292
77.77 0.295088701535
77.84 0.344298134272
77.91 0.453820578951
77.98 0.516787356133
78.05 0.485480293193
78.12 0.262727907196
78.19 0.277596000067
78.26 0.329852126943
78.33 0.696380833662
78.4 0.701627545845
78.47 0.486462565584
78.54 0.688147938362
78.61 0.527163268729
78.68 0.635633732059
78.75 0.434547140831
78.82 0.423181188473
78.89 0.413082870394
78.96 0.535474495034
79.03 0.656752626111
79.1 0.405646953847
79.17 0.275892340896
79.24 0.26005102502
79.31 0.803783266059
79.38 0.583057107993
79.45 0.360275681346
79.52 0.209380060633
79.59 0.504155037264
79.66 0.86643189234
79.73 0.632494633259
79.8 0.417983143952
79.87 0.397039425808
79.94 0.421152180812
80.01 0.440441621713
80.08 0.234233290168
80.15 0.493539164361
80.22 0.587511074101
80.29 0.512056373432
80.36 0.500555266361
80.43 0.363663504947
80.5 0.295280671816
80.57 0.223888186588
80.64 0.602824312471
80.71 0.418139466127
80.78 0.216308997946
80.85 0.139736204748
80.92 0.197264093937
80.99 0.353744796914
81.06 0.386675470529
81.13 0.479590777568
81.2 0.708494224122
81.27 0.555322238428
81.34 0.656819941978
81.41 0.507671233118
81.48 0.460079800721
81.55 0.48039268495
81.62 0.567708701764
81.69 0.521271950146
81.76 0.471781205054
81.83 0.876014708851
81.9 0.908004669686
81.97 0.699139740262
82.04 0.394308560702
82.11 0.266418810922
82.18 0.673529553169
82.25 0.680067047091
82.32 0.640129310686
82.39 0.519718573444
82.46 0.480626463105
82.53 0.465628361889
82.6 0.560284508515
82.67 0.38658162513
82.74 0.342371657142
82.81 0.188929075096
82.88 0.300990064589
82.95 0.482083922837
83.02 0.413553481152
83.09 0.315306836851
83.16 0.87242130935
83.23 0.875866632259
83.3 0.720061786279
83.37 0.325036205782
83.44 0.13685429
83.51 0.104200451869
83.58 0.490623548947
83.65 0.929226342532
83.72 0.642919793475
83.79 0.257126602379
83.86 0.302075007921
83.93 0.693847150323
84.0 0.791188904955
84.07 0.524756242186
84.14 0.42769192131
84.21 0.447155514543
84.28 0.875877620943
84.35 0.888205516626
84.42 0.581463299038
84.49 0.259783517708
84.56 0.413453600115
84.63 0.911182401852
84.7 0.844896057078
84.77 0.388990263346
84.84 0.365137925917
84.91 0.504320844301
84.98 0.792790532156
85.05 0.669778728555
85.12 0.346020734679
85.19 0.373684837117
85.26 0.594746475647
85.33 0.358222779402
85.4 0.225005811081
85.47 0.864175593918
85.54 0.891432081284
85.61 0.761032880248
85.68 0.643583170175
85.75 0.634894456108
85.82 0.598832145824
85.89 0.652057322041
85.96 0.693860709138
86.03 0.54547784239
86.1 0.416650765973
86.17 0.267291776427
86.24 0.474783521188
86.31 0.645227563708
86.38 0.44296128227
86.45 0.359719633567
86.52 0.408726555026
86.59 0.468952090936
86.66 0.471120081034
86.73 0.344758851144
86.8 0.32141620349
86.87 0.315530102498
86.94 0.436775084378
87.01 0.419526435484
87.08 0.313118967408
87.15 0.239709238516
87.22 0.54430023189
87.29 0.486856654399
87.36 0.325272867449
87.43 0.254481701344
87.5 0.592988442838
87.57 0.462013265841
87.64 0.456991054515
87.71 0.316607836032
87.78 0.651551232077
87.85 0.652832132141
87.92 0.703773196355
87.99 0.535715601013
88.06 0.331826419095
88.13 0.189611773566
88.2 0.349559257911
88.27 0.505906875711
88.34 0.357633128634
88.41 0.209197280148
88.48 0.19016120575
88.55 0.674314395531
88.62 0.545339397177
88.69 0.240119663842
88.76 0.152076190019
88.83 0.217717560068
88.9 0.351430842493
88.97 0.286793982676
89.04 0.190963709369
89.11 0.165175348899
89.18 0.321969951784
89.25 0.386147688089
89.32 0.190268105299
89.39 0.10839563039
89.46 0.0739882424252
89.53 0.249792925365
89.6 0.212581192591
89.67 0.118499727702
89.74 0.0739106582436
89.81 0.108790885227
89.88 0.437388995719
89.95 0.255001531232
90.02 0.134218035432
90.09 0.0690810602402
90.16 0.268296852373
90.23 0.398560988234
90.3 0.260147003038
90.37 0.167409114413
90.44 0.0982716476278
90.51 0.395988779381
90.58 0.59756811746
90.65 0.332098895734
90.72 0.311568348052
90.79 0.37368020966
90.86 0.325030497771
90.93 0.250931192306
91.0 0.189887282268
91.07 0.387349561197
91.14 0.351318395693
91.21 0.50564281966
91.28 0.413693242972
91.35 0.261943355831
91.42 0.249916881795
91.49 0.273715494732
91.56 0.41448604806
91.63 0.393469334528
91.7 0.330405374642
91.77 0.305512661136
91.84 0.408867118614
91.91 0.299838845246
91.98 0.140727616061
92.05 0.0598616802204
92.12 0.19246352234
92.19 0.366293780857
92.26 0.243790749272
92.33 0.185766973316
92.4 0.129773478894
92.47 0.298909340924
92.54 0.428980902126
92.61 0.198557313537
92.68 0.0879321055427
92.75 0.081814114821
92.82 0.166760002652
92.89 0.332007842274
92.96 0.316122343747
93.03 0.153044091652
93.1 0.13230380051
93.17 0.585839670789
93.24 0.435970444069
93.31 0.193828945735
93.38 0.461598778771
93.45 0.398658622695
93.52 0.31391633687
93.59 0.261438885681
93.66 0.371077110394
93.73 0.6476661176
93.8 0.527992497236
93.87 0.50400894881
93.94 0.341926265415
94.01 0.208251553272
94.08 0.121110238225
94.15 0.387552721622
94.22 0.372483411696
94.29 0.21433815909
94.36 0.123259677796
94.43 0.169162763957
94.5 0.40723669292
94.57 0.192214492298
94.64 0.0966510812257
94.71 0.0677743510131
94.78 0.250686529248
94.85 0.338534215241
94.92 0.232267349416
94.99 0.144556006542
95.06 0.136228950427
95.13 0.392951358471
95.2 0.4628438252
95.27 0.298698734649
95.34 0.258113097273
95.41 0.274237251711
95.48 0.449474739463
95.55 0.327969535362
95.62 0.235466285672
95.69 0.159510568149
95.76 0.265646935207
95.83 0.263703089851
95.9 0.157318254395
95.97 0.0870327549849
96.04 0.145066573377
96.11 0.365284362346
96.18 0.299718759275
96.25 0.187485493665
96.32 0.201784812232
96.39 0.275135542064
96.46 0.329924882208
96.53 0.352867144938
96.6 0.238123721947
96.67 0.222085828682
96.74 0.360211080092
96.81 0.393892266605
96.88 0.272500665151
96.95 0.209077542152
97.02 0.230986465632
97.09 0.324443738654
97.16 0.344596517752
97.23 0.238069793961
97.3 0.196473451992
97.37 0.261666522383
97.44 0.365216747343
97.51 0.335047495515
97.58 0.29305933776
97.65 0.158377099601
97.72 0.29088530999
97.79 0.315356383607
97.86 0.174300397168
97.93 0.101107070065
98.0 0.114729037989
98.07 0.298482925027
98.14 0.211293609779
98.21 0.149177297754
98.28 0.159207374068
98.35 0.227770893729
98.42 0.37975856786
98.49 0.21476534623
98.56 0.265775626946
98.63 0.237625574361
98.7 0.340088469002
98.77 0.380395054843
98.84 0.249454933784
98.91 0.398947977138
98.98 0.412366414278
99.05 0.51048177229
99.12 0.531937829703
99.19 0.274999616108
99.26 0.212450897318
99.33 0.189662761062
99.4 0.280166878068
99.47 0.109842321211
99.54 0.0723219488515
99.61 0.0559293795187
99.68 0.3960121283
99.75 0.336601000419
99.82 0.149974492211
99.89 0.0519861247266
99.96 0.023830866761
100.03 0.506204465563
100.1 0.376130562143
100.17 0.147167023766
100.24 0.0666164265374
100.31 0.138760802319
100.38 0.472435007355
100.45 0.230285236984
100.52 0.122800961272
100.59 0.473138004368
100.66 0.37500839566
100.73 0.373574038619
100.8 0.217498612567
100.87 0.429997257753
100.94 0.381269418353
101.01 0.467514846313
101.08 0.372274565644
101.15 0.314110663613
101.22 0.188728159211
101.29 0.264714848545
101.36 0.594386018311
101.43 0.465612247187
101.5 0.327633415927
101.57 0.292172827684
101.64 0.386272020983
101.71 0.396363294094
101.78 0.209640248259
101.85 0.122659347655
101.92 0.112770520704
101.99 0.335093540138
102.06 0.351916102795
102.13 0.252848225272
102.2 0.144875980752
102.27 0.239488636608
102.34 0.408885357795
102.41 0.286457749284
102.48 0.118611523321
102.55 0.123561490152
102.62 0.357256833347
102.69 0.372960963639
102.76 0.249061492079
102.83 0.237407613806
102.9 0.269612419701
102.97 0.392115603906
103.04 0.265560562113
103.11 0.156986493804
103.18 0.130930017575
103.25 0.239773829596
103.32 0.277371916373
103.39 0.216920766494
103.46 0.168772032795
103.53 0.186282546107
103.6 0.4836787106
103.67 0.294829545624
103.74 0.166920980774
103.81 0.0819163970881
103.88 0.1143103508
103.95 0.478745306158
104.02 0.408801229241
104.09 0.259924834224
104.16 0.23685861303
104.23 0.280020964619
104.3 0.303170459691
104.37 0.182818086608
104.44 0.14767393788
104.51 0.201389726296
104.58 0.304383934001
104.65 0.230805199144
104.72 0.173787530849
104.79 0.310640199001
104.86 0.352974001754
104.93 0.407389399004
105.0 0.294781614611
105.07 0.180922058308
105.14 0.195831185775
105.21 0.320421957503
105.28 0.357142469632
105.35 0.207048896711
105.42 0.0975242542954
105.49 0.156143484673
105.56 0.460936028833
105.63 0.387793009555
105.7 0.263006502904
105.77 0.185865145001
105.84 0.197878318659
105.91 0.34171040899
105.98 0.209263016899
106.05 0.122584541168
106.12 0.0722522052997
106.19 0.355956788553
106.26 0.380290587049
106.33 0.205539782023
106.4 0.376403734731
106.47 0.381301181756
106.54 0.468307622912
106.61 0.330030111071
106.68 0.323716631654
106.75 0.441886788363
106.82 0.36144376018
106.89 0.383544159451
106.96 0.284128467683
107.03 0.191753140524
107.1 0.162703336498
107.17 0.377713567594
107.24 0.305486882496
107.31 0.195890876715
107.38 0.219916025451
107.45 0.222725508488
107.52 0.229265008863
107.59 0.111197954503
107.66 0.120568854235
107.73 0.229882428444
107.8 0.269431171527
107.87 0.273173766838
107.94 0.113361309004
108.01 0.0753177918362
108.08 0.0681153482035
108.15 0.397258584943
108.22 0.376171887736
108.29 0.218387387533
108.36 0.157574437256
108.43 0.124872033209
108.5 0.337136167662
108.57 0.177258632398
108.64 0.161566660882
108.71 0.252681797578
108.78 0.252015472247
108.85 0.393307589234
108.92 0.332112222566
108.99 0.458852824574
109.06 0.337947647409
109.13 0.35762176959
109.2 0.446863982712
109.27 0.342440405607
109.34 0.529892986127
109.41 0.456448262346
109.48 0.509003161375
109.55 0.412236560588
109.62 0.249927864374
109.69 0.120384938253
109.76 0.429810871352
109.83 0.415538080282
109.9 0.180149425595
109.97 0.0995473321361
110.04 0.0786830967739
110.11 0.388289895478
110.18 0.331788770641
110.25 0.211870521814
110.32 0.449580877944
110.39 0.238655179492
110.46 0.24438789473
110.53 0.123604624808
110.6 0.0883944849616
110.67 0.0644119784262
110.74 0.280964353347
110.81 0.537112922118
110.88 0.161066580101
110.95 0.0749003866605
111.02 0.049040968066
111.09 0.270608033169
111.16 0.256393242003
111.23 0.188595033335
111.3 0.313090844516
111.37 0.368437099324
111.44 0.480476534717
111.51 0.411893231354
111.58 0.209149695074
111.65 0.203226631404
111.72 0.35206822892
111.79 0.322763688876
111.86 0.223137712354
111.93 0.155826157923
112.0 0.201126492362
112.07 0.481979792843
112.14 0.335700430931
112.21 0.179625192093
112.28 0.103169753973
112.35 0.323579588516
112.42 0.426514961991
112.49 0.386796103899
112.56 0.315361727364
112.63 0.253826956865
112.7 0.382959032357
112.77 0.255959048559
112.84 0.0975638135591
112.91 0.0378269037449
112.98 0.0339554030268
113.05 0.268973934405
113.12 0.196522247855
113.19 0.111462283235
113.26 0.100858910978
113.33 0.200372540412
113.4 0.301070247391
113.47 0.159930814104
113.54 0.0860547478314
113.61 0.0587602945607
113.68 0.308200238965
113.75 0.354807819855
113.82 0.230931831522
113.89 0.158522728158
113.96 0.130847376563
114.03 0.316982814711
114.1 0.344239755869
114.17 0.210532378844
114.24 0.419299995328
114.31 0.419163548427
114.38 0.403889348376
114.45 0.398102316479
114.52 0.314625955583
114.59 0.566995672489
114.66 0.445811645248
114.73 0.395983478358
114.8 0.235322966774
114.87 0.135034478401
114.94 0.0741771867481
115.01 0.292995696998
115.08 0.226224407339
115.15 0.177011305602
115.22 0.248304265909
115.29 0.285608450149
115.36 0.434482016597
115.43 0.232928752224
115.5 0.159539791945
115.57 0.135875580792
115.64 0.233188372101
115.71 0.395504310672
115.78 0.262222820459
115.85 0.177904876926
115.92 0.176934468244
115.99 0.361666189466
116.06 0.418334777782
116.13 0.228466507974
116.2 0.229172917583
116.27 0.201298434748
116.34 0.321944751068
116.41 0.195706171176
116.48 0.136703283093
116.55 0.0924732363368
116.62 0.267349595221
116.69 0.326784452557
116.76 0.196873665981
116.83 0.120106828896
116.9 0.0851777083728
116.97 0.313634996026
117.04 0.479916891196
117.11 0.308291347368
117.18 0.285253432211
117.25 0.26467741376
117.32 0.356309159032
117.39 0.297576018732
117.46 0.122670454366
117.53 0.0948448019878
117.6 0.391143412616
117.67 0.504864855401
117.74 0.343545486721
117.81 0.306404240252
117.88 0.353534097031
117.95 0.3645818293
118.02 0.404909568357
118.09 0.407391116494
118.16 0.385257014522
118.23 0.264913560587
118.3 0.512874204232
118.37 0.46237259582
118.44 0.301102505285
118.51 0.351730017565
118.58 0.39743885024
118.65 0.347006763572
118.72 0.242741203748
118.79 0.335022760801
118.86 0.256318816051
118.93 0.299199743363
119.0 0.414002572402
119.07 0.325200358412
119.14 0.272330352753
119.21 0.206348956181
119.28 0.418175287203
119.35 0.225415418361
119.42 0.159965434564
119.49 0.121760951485
119.56 0.154099003317
119.63 0.307500768506
119.7 0.267668610973
119.77 0.312230306398
119.84 0.461451847852
119.91 0.543042603418
119.98 0.393109278075
120.05 0.170559287365
120.12 0.101903692704
120.19 0.0722736271294
120.26 0.327577890511
120.33 0.173373422279
120.4 0.105548887572
120.47 0.0456229866314
120.54 0.355403251893
120.61 0.419289395318
120.68 0.173025555126
120.75 0.115095408865
120.82 0.0516734620623
120.89 0.319984318903
120.96 0.425654625333
121.03 0.245215926691
121.1 0.169203208421
121.17 0.173403616742
121.24 0.395548477043
121.31 0.409683984851
121.38 0.223773839152
121.45 0.0942397324674
121.52 0.255528756099
121.59 0.443089632138
121.66 0.302122686602
121.73 0.235635181751
121.8 0.143697737385
121.87 0.37840094236
121.94 0.467052623584
122.01 0.168401677503
122.08 0.350483251611
122.15 0.404535910355
122.22 0.392424135639
122.29 0.293486421118
122.36 0.168086851696
122.43 0.410898275173
122.5 0.3676681641
122.57 0.643996869723
122.64 0.548711940402
122.71 0.245776553088
122.78 0.228697481979
122.85 0.318726480832
122.92 0.367428291295
122.99 0.279144433896
123.06 0.189744789556
123.13 0.725659352909
123.2 0.742849674273
123.27 0.573468243636
123.34 0.280745562536
123.41 0.338970781426
123.48 0.360168104161
123.55 0.516586336467
123.62 0.353545771491
123.69 0.272736946284
123.76 0.233698361013
123.83 0.280796303804
123.9 0.533750789654
123.97 0.258794910544
124.04 0.175632651016
124.11 0.0918250280904
124.18 0.244903491941
124.25 0.199524232294
124.32 0.169228628911
124.39 0.14117136966
124.46 0.158716472908
124.53 0.323905372483
124.6 0.146123228987
124.67 0.109161439943
124.74 0.136876039456
124.81 0.249549351002
124.88 0.460708129624
124.95 0.336814187
125.02 0.282529719925
125.09 0.297487740932
125.16 0.468202044039
125.23 0.283439491418
125.3 0.15250577839
125.37 0.0953791410099
125.44 0.228174609853
125.51 0.263287658568
125.58 0.229180334945
125.65 0.208579683527
125.72 0.203798704347
125.79 0.495738657389
125.86 0.400993980631
125.93 0.287812135157
126.0 0.213963184481
126.07 0.140376720915
126.14 0.499747140198
126.21 0.500971896224
126.28 0.29611977386
126.35 0.169037901979
126.42 0.33014067555
126.49 0.407262359638
126.56 0.219396881337
126.63 0.105726161505
126.7 0.113562066163
126.77 0.335602063891
126.84 0.302495583536
126.91 0.157912485817
126.98 0.122715735885
127.05 0.210219327506
127.12 0.352318284573
127.19 0.226554049555
127.26 0.114884495314
127.33 0.0596202323705
127.4 0.243463168451
127.47 0.364807892991
127.54 0.197024424626
127.61 0.139950339612
127.68 0.135731626992
127.75 0.391691929075
127.82 0.389384490538
127.89 0.148621412771
127.96 0.0939754016998
128.03 0.100830356678
128.1 0.356602426669
128.17 0.300921991724
128.24 0.138999466369
128.31 0.131887683452
128.38 0.176801494989
128.45 0.412016042112
128.52 0.309723907555
128.59 0.239230687417
128.66 0.195497225412
128.73 0.246733447723
128.8 0.275284330885
128.87 0.184930793449
128.94 0.123961529137
129.01 0.123780055084
129.08 0.361580978324
129.15 0.489768830762
129.22 0.31679623906
129.29 0.26724258782
129.36 0.217257172857
129.43 0.266844396562
129.5 0.229295205361
129.57 0.200816635882
129.64 0.196867776861
129.71 0.188365086975
129.78 0.256263791231
129.85 0.174758871534
129.92 0.192117708443
129.99 0.17489045696
130.06 0.241169958225
130.13 0.276732788036
130.2 0.113212925136
130.27 0.0992115973045
130.34 0.104721024511
130.41 0.295435925647
130.48 0.186775164758
130.55 0.0821521857655
130.62 0.0513606996858
130.69 0.0615555431822
130.76 0.17549814952
130.83 0.11330852669
130.9 0.0772178696699
130.97 0.129681139351
131.04 0.185983415804
131.11 0.428298521107
131.18 0.270270210487
131.25 0.0619333341508
131.32 0.33755489962
131.39 0.336178748012
131.46 0.219776752016
131.53 0.127586690006
131.6 0.101572058279
131.67 0.327039589458
131.74 0.274587906734
131.81 0.247820938802
131.88 0.0918714023734
131.95 0.123108884558
132.02 0.250952083016
132.09 0.223004816426
132.16 0.166369503474
132.23 0.123755218623
132.3 0.0909442321297
132.37 0.117701471006
132.44 0.326128668223
132.51 0.268694958163
132.58 0.126412420879
132.65 0.0849119633208
132.72 0.0980474377679
132.79 0.287593470512
132.86 0.158729160769
132.93 0.0994740070872
133.0 0.0679141087638
133.07 0.305081967792
133.14 0.481745391996
133.21 0.230584322518
133.28 0.221771330501
133.35 0.228525700353
133.42 0.217104658057
133.49 0.32956727786
133.56 0.252426052228
133.63 0.188210234028
133.7 0.14059187732
133.77 0.310914881517
133.84 0.150542196135
133.91 0.06463431614
133.98 0.0643295632934
134.05 0.10094866411
134.12 0.201977331948
134.19 0.109335535297
134.26 0.0762711619524
134.33 0.447144894183
134.4 0.375504011779
134.47 0.212111680702
134.54 0.121728386315
134.61 0.117340913957
134.68 0.114077681688
134.75 0.352269268936
134.82 0.307860153428
134.89 0.147623318709
134.96 0.111135884716
135.03 0.246845019499
135.1 0.419037143963
135.17 0.326697161704
135.24 0.174153592415
135.31 0.234710681351
135.38 0.271634982701
135.45 0.353229909898
135.52 0.197354937798
135.59 0.112687661954
135.66 0.101956692757
135.73 0.314630159772
135.8 0.302577044281
135.87 0.191870017392
135.94 0.190836564186
136.01 0.214397613977
136.08 0.192553572573
136.15 0.150560298975
136.22 0.124214679936
136.29 0.351984456482
136.36 0.292759993788
136.43 0.497083898235
136.5 0.316387926003
136.57 0.202011612573
136.64 0.300897020957
136.71 0.258255239976
136.78 0.457467411947
136.85 0.330108602836
136.92 0.173264736051
136.99 0.16256591079
137.06 0.301935545237
137.13 0.28744593725
137.2 0.156426070901
137.27 0.102062086449
137.34 0.105809465907
137.41 0.324555031643
137.48 0.303570612633
137.55 0.143821777247
137.62 0.106796626228
137.69 0.130834338693
137.76 0.319898586816
137.83 0.196566758132
137.9 0.132213626145
137.97 0.330884591167
138.04 0.225123497855
138.11 0.267743307573
138.18 0.179906911436
138.25 0.162821430261
138.32 0.158432285181
138.39 0.279640530261
138.46 0.384166759992
138.53 0.264459872404
138.6 0.155130621006
138.67 0.143295525083
138.74 0.394814968117
138.81 0.409067303954
138.88 0.233326969935
138.95 0.18936481306
139.02 0.183434751225
139.09 0.240391120975
139.16 0.252890550022
139.23 0.196371723229
139.3 0.163210258752
139.37 0.207885375715
139.44 0.436357658852
139.51 0.278185504319
139.58 0.154063707256
139.65 0.191687875879
139.72 0.262966300599
139.79 0.342363265043
139.86 0.180008098905
139.93 0.31309190472
140.0 0.320627087751
140.07 0.355832532987
140.14 0.30103094453
140.21 0.217922568219
140.28 0.128102999446
140.35 0.210308230033
140.42 0.344172283312
140.49 0.217186273458
140.56 0.14142551758
140.63 0.150072201965
140.7 0.248795704294
140.77 0.266248758996
140.84 0.204383920978
140.91 0.181153475931
140.98 0.125133596456
141.05 0.389805637971
141.12 0.265388621762
141.19 0.147228135095
141.26 0.2301748353
141.33 0.140640048456
141.4 0.262697071727
141.47 0.190755335424
141.54 0.173922889056
141.61 0.152252523809
141.68 0.32050264497
141.75 0.329033260359
141.82 0.133549040258
141.89 0.110376377376
141.96 0.102836788697
142.03 0.234376100331
142.1 0.197503101892
142.17 0.125976996296
142.24 0.134279877306
142.31 0.132738854734
142.38 0.355228364946
142.45 0.236051913361
142.52 0.107623215416
142.59 0.0696557480833
142.66 0.160487260731
142.73 0.272792638565
142.8 0.186298972155
142.87 0.132294364486
142.94 0.162169622203
143.01 0.305621359574
143.08 0.338830284992
143.15 0.230321933085
143.22 0.175376020468
143.29 0.104279735226
143.36 0.282456830353
143.43 0.4062188701
143.5 0.263015224663
143.57 0.168332894444
143.64 0.232374295769
143.71 0.541652062739
143.78 0.326992755278
143.85 0.125218524742
143.92 0.0850443199891
143.99 0.234206899011
144.06 0.354653819549
144.13 0.234103684741
144.2 0.164831313541
144.27 0.112744473452
144.34 0.362622349487
144.41 0.291990136736
144.48 0.1726306096
144.55 0.191680212289
144.62 0.180411357167
144.69 0.367418098273
144.76 0.333534585661
144.83 0.197283236632
144.9 0.18347303865
144.97 0.239099077572
145.04 0.450530233121
145.11 0.295785056499
145.18 0.13293744875
145.25 0.13169122409
145.32 0.328993786562
145.39 0.273020381083
145.46 0.152123239902
145.53 0.199648953861
145.6 0.252559377529
145.67 0.379483909764
145.74 0.264119766517
145.81 0.188004379341
145.88 0.429501448315
145.95 0.367998890941
146.02 0.331299096551
146.09 0.250966225859
146.16 0.186783843783
146.23 0.171753106174
146.3 0.328270073845
146.37 0.352277256081
146.44 0.257564552324
146.51 0.123354797069
146.58 0.342429673326
146.65 0.351801049235
146.72 0.279828546651
146.79 0.230224430895
146.86 0.27696173931
146.93 0.302022022113
147.0 0.376806447629
147.07 0.24734771111
147.14 0.18272173823
147.21 0.134678147926
147.28 0.165773420255
147.35 0.308282204376
147.42 0.200981311492
147.49 0.113088740793
147.56 0.100162429848
147.63 0.285918038016
147.7 0.300621325041
147.77 0.209277192302
147.84 0.208992701369
147.91 0.162597126794
147.98 0.246549570405
148.05 0.275346677425
148.12 0.199903466036
148.19 0.196550714653
148.26 0.310241523428
148.33 0.479663990695
148.4 0.391181492477
148.47 0.296848909696
148.54 0.190400616623
148.61 0.238915961322
148.68 0.323777044999
148.75 0.232815080389
148.82 0.16255669047
148.89 0.129233712683
148.96 0.375611477043
149.03 0.361517087264
149.1 0.225698584547
149.17 0.166635844764
149.24 0.231984431492
149.31 0.309067335699
149.38 0.22655825578
149.45 0.146395402419
149.52 0.137893957918
149.59 0.192023185408
149.66 0.363380843426
149.73 0.220780558159
149.8 0.118787785888
149.87 0.0630155262418
149.94 0.166211351886
150.01 0.281582639813
150.08 0.18263852133
150.15 0.133617554705
150.22 0.1209635108
150.29 0.290470615357
150.36 0.274337592644
150.43 0.146563850811
150.5 0.164491907674
150.57 0.170560426932
150.64 0.266441964487
150.71 0.192025938684
150.78 0.10709076075
150.85 0.104889330457
150.92 0.204843703811
150.99 0.355128601937
151.06 0.219622975553
151.13 0.143293443337
151.2 0.184165718509
151.27 0.182262380699
151.34 0.301570698531
151.41 0.209525308656
151.48 0.183439917942
151.55 0.168759792622
151.62 0.380227888465
151.69 0.258558727088
151.76 0.0942854392895
151.83 0.0643716723389
151.9 0.0604846246674
151.97 0.267133864963
152.04 0.227960637784
152.11 0.126172562319
152.18 0.228755717936
152.25 0.255375177025
152.32 0.36258654876
152.39 0.217184142874
152.46 0.103471429988
152.53 0.178848086579
152.6 0.360160674589
152.67 0.429649343797
152.74 0.188141151832
152.81 0.13220439972
152.88 0.109102589433
152.95 0.352402614586
153.02 0.263559882874
153.09 0.151327327458
153.16 0.0777607941104
153.23 0.0872157918725
153.3 0.494064124337
153.37 0.353330417696
153.44 0.183157539278
153.51 0.180030660302
153.58 0.211236808456
153.65 0.403397507074
153.72 0.351938562445
153.79 0.181119651132
153.86 0.385647839291
153.93 0.440008482369
154.0 0.286651886778
154.07 0.210542814025
154.14 0.159572654216
154.21 0.157344378974
154.28 0.368523431719
154.35 0.311305889431
154.42 0.164682278491
154.49 0.159907286109
154.56 0.165402238777
154.63 0.398434223585
154.7 0.365164722027
154.77 0.153534990777
154.84 0.169905491169
154.91 0.246690245914
154.98 0.394513576994
155.05 0.253727242694
155.12 0.123372956888
155.19 0.13609498819
155.26 0.322498059816
155.33 0.493177933747
155.4 0.276378445699
155.47 0.160565302774
155.54 0.120710756815
155.61 0.331811472449
155.68 0.346231265662
155.75 0.209080106178
155.82 0.15965765169
155.89 0.107561436625
155.96 0.367582568354
156.03 0.426750441357
156.1 0.202535111461
156.17 0.109945968924
156.24 0.195492180792
156.31 0.36069872738
156.38 0.251475626673
156.45 0.147511689956
156.52 0.380978885678
156.59 0.353341125559
156.66 0.297531231703
156.73 0.133487719329
156.8 0.126813973861
156.87 0.0888142669492
156.94 0.313342633939
157.01 0.213974665621
157.08 0.0858942275721
157.15 0.0814307827065
157.22 0.12201786082
157.29 0.241884224744
157.36 0.218172652361
157.43 0.201690795898
157.5 0.219291046062
157.57 0.265488226046
157.64 0.436797098375
157.71 0.290616215424
157.78 0.155392766246
157.85 0.10831518915
157.92 0.261378533384
157.99 0.467167772787
158.06 0.35934528165
158.13 0.115225763151
158.2 0.0830420392511
158.27 0.262620116342
158.34 0.257597966065
158.41 0.131715277099
158.48 0.073642430563
158.55 0.0602259021988
158.62 0.421538687436
158.69 0.324415778557
158.76 0.268206863188
158.83 0.239882538208
158.9 0.322722440611
158.97 0.363028137182
159.04 0.181877208998
159.11 0.100773307092
159.18 0.281779512268
159.25 0.358278302782
159.32 0.298814010017
159.39 0.167293366937
159.46 0.111328762581
159.53 0.137575872134
159.6 0.343249608254
159.67 0.398923529351
159.74 0.275532783004
159.81 0.175043789805
159.88 0.122289887737
159.95 0.4027086468
160.02 0.358648210387
160.09 0.20824917646
160.16 0.164127791513
160.23 0.168314734626
160.3 0.37249023282
160.37 0.315275604568
160.44 0.193075329552
160.51 0.140964521921
160.58 0.143214774532
160.65 0.479040861069
160.72 0.41413127635
160.79 0.244976552447
160.86 0.200100279478
160.93 0.288592795714
161.0 0.367732138593
161.07 0.292973269907
161.14 0.197949167185
161.21 0.382757099002
161.28 0.376493491933
161.35 0.344959380389
161.42 0.316611423634
161.49 0.276928504644
161.56 0.216540267018
161.63 0.329181428523
161.7 0.32159165615
161.77 0.217584419947
161.84 0.153388926743
161.91 0.152473628348
161.98 0.281021321536
162.05 0.246849351889
162.12 0.173877001124
162.19 0.106720037133
162.26 0.261767492112
162.33 0.249496955327
162.4 0.216573064171
162.47 0.142660098304
162.54 0.0621014874759
162.61 0.426536043986
162.68 0.434930670335
162.75 0.287679275858
162.82 0.204429517913
162.89 0.222739978958
162.96 0.41384387545
163.03 0.390079911463
163.1 0.230484034494
163.17 0.167502229268
163.24 0.19883972883
163.31 0.342104607693
163.38 0.281092465127
163.45 0.204732948048
163.52 0.171567102342
163.59 0.386911605147
163.66 0.317654455309
163.73 0.253307818856
163.8 0.154481033069
163.87 0.120133631111
163.94 0.299369076954
164.01 0.212965452639
164.08 0.130395009057
164.15 0.175929648701
164.22 0.231497290905
164.29 0.398261424488
164.36 0.196130723066
164.43 0.157143214827
164.5 0.109150565215
164.57 0.241657772378
164.64 0.324685068478
164.71 0.156479585794
164.78 0.110034816507
164.85 0.063214555735
164.92 0.373988202133
164.99 0.283922665905
165.06 0.103267164591
165.13 0.0524617394054
165.2 0.127587455144
165.27 0.423919369625
165.34 0.329834457546
165.41 0.236740551826
165.48 0.190301392873
165.55 0.205301803748
165.62 0.346290854855
165.69 0.187488369037
165.76 0.138746692035
165.83 0.131887622404
165.9 0.278092149341
165.97 0.317166643191
166.04 0.209667821717
166.11 0.162087321027
166.18 0.149414970787
166.25 0.353556308418
166.32 0.301479242153
166.39 0.173589555456
166.46 0.145518702796
166.53 0.202991145933
166.6 0.29273452039
166.67 0.234313660185
166.74 0.212154127547
166.81 0.1744080761
166.88 0.340326829846
166.95 0.360852800944
167.02 0.16711556392
167.09 0.134444778794
167.16 0.126041843779
167.23 0.202190544984
167.3 0.372917232745
167.37 0.229502871146
167.44 0.16253719166
167.51 0.165490449423
167.58 0.336538867548
167.65 0.331305964479
167.72 0.206386230205
167.79 0.0821143480623
167.86 0.12034395046
167.93 0.305658454523
168.0 0.319104381688
168.07 0.18815374405
168.14 0.234149572673
168.21 0.277377140068
168.28 0.320601404754
168.35 0.272014014984
168.42 0.192997841012
168.49 0.136509760151
168.56 0.239963832088
168.63 0.343466923732
168.7 0.265408147026
168.77 0.228313655374
168.84 0.161502643656
168.91 0.414432103795
168.98 0.291613064102
169.05 0.129999638228
169.12 0.0884768370112
169.19 0.234540102375
169.26 0.371924517034
169.33 0.246576012435
169.4 0.136114049488
169.47 0.18236419493
169.54 0.320041049004
169.61 0.287235145795
169.68 0.137352905624
169.75 0.127317314618
169.82 0.0922735434526
169.89 0.249979140832
169.96 0.159054381058
170.03 0.113173571402
170.1 0.15819383073
170.17 0.217742020065
170.24 0.341374838989
170.31 0.172547539216
170.38 0.0805425083356
170.45 0.0602572525083
170.52 0.24449740918
170.59 0.238190799726
170.66 0.16215249003
170.73 0.149581215337
170.8 0.117765443463
170.87 0.495489568334
170.94 0.194078787719
171.01 0.073796799194
171.08 0.0452499635308
171.15 0.219981646211
171.22 0.303030695836
171.29 0.151632619564
171.36 0.372531961331
171.43 0.333143217562
171.5 0.24554360112
171.57 0.369167694214
171.64 0.194672078998
171.71 0.0759053954534
171.78 0.0993724350147
171.85 0.37048296444
171.92 0.291881334516
171.99 0.107597288225
172.06 0.141979339133
172.13 0.109582194633
172.2 0.221044306933
172.27 0.261940283069
172.34 0.225886887863
172.41 0.680846338133
172.48 0.426460272937
172.55 0.388364360094
172.62 0.219124378244
172.69 0.200870040888
172.76 0.203863352405
172.83 0.28841449617
172.9 0.260216998922
172.97 0.134732900064
173.04 0.0731213654647
173.11 0.0884995184697
173.18 0.605780494445
173.25 0.422463975359
173.32 0.204644456579
173.39 0.168642468067
173.46 0.278050121693
173.53 0.647190916014
173.6 0.298054111969
173.67 0.113660233778
173.74 0.0455125625631
173.81 0.249549780374
173.88 0.494396055863
173.95 0.222737679474
174.02 0.161658522213
174.09 0.107590127266
174.16 0.286207282573
174.23 0.303912861312
174.3 0.168496051988
174.37 0.0741200801834
174.44 0.0463357167695
174.51 0.256993232309
174.58 0.214334589803
174.65 0.133829961904
174.72 0.202712989772
174.79 0.168634275392
174.86 0.362586070549
174.93 0.338752216494
175.0 0.314835009198
175.07 0.68973470642
175.14 0.566505219017
175.21 0.550764716179
175.28 0.59247713732
175.35 0.551522408351
175.42 0.599859622406
175.49 0.530648452073
175.56 0.54861034391
175.63 0.341966453476
175.7 0.112311718712
175.77 0.0651846620123
175.84 0.45411862056
175.91 0.503645595752
175.98 0.280576629829
176.05 0.24241161851
176.12 0.313211888944
176.19 0.633150932433
176.26 0.343892987585
176.33 0.197675966107
176.4 0.173614784661
176.47 0.261997741679
176.54 0.557649849341
176.61 0.316814252363
176.68 0.225789025489
176.75 0.196327383887
176.82 0.343359735221
176.89 0.271003768252
176.96 0.173492948641
177.03 0.23118219038
177.1 0.199642144947
177.17 0.295757712989
177.24 0.203862174174
177.31 0.13689661475
177.38 0.129513777619
177.45 0.167735423395
177.52 0.443136873307
177.59 0.336722826265
177.66 0.215132364218
177.73 0.209553655391
177.8 0.349324045122
177.87 0.532262997083
177.94 0.389577797775
178.01 0.309350760323
178.08 0.451813164056
178.15 0.521260827156
178.22 0.347196593094
178.29 0.152263831979
178.36 0.447491768285
178.43 0.573312169724
178.5 0.383720228698
178.57 0.205140288402
178.64 0.131046080466
178.71 0.437000409385
178.78 0.550923374467
178.85 0.361749811319
178.92 0.208038846937
178.99 0.148399628561
179.06 0.158505333478
179.13 0.320405435812
179.2 0.352579935322
179.27 0.261755398455
179.34 0.204428950164
179.41 0.200175460393
179.48 0.763646148116
179.55 0.497918631259
179.62 0.218212991007
179.69 0.213869650427
179.76 0.186942874466
179.83 0.574959916841
179.9 0.407233402419
179.97 0.305518326413
180.04 0.346687973699
180.11 0.355228653908
180.18 0.407948875659
180.25 0.353805653876
180.32 0.365820838056
180.39 0.419554310113
180.46 0.461306866406
180.53 0.592184638891
180.6 0.44521034037
180.67 0.333897952964
180.74 0.279378969049
180.81 0.394244211781
180.88 0.307847939709
180.95 0.13418868547
181.02 0.294328783138
181.09 0.30032315116
181.16 0.300973764707
181.23 0.278896836453
181.3 0.275494328714
181.37 0.339527069328
181.44 0.339529997609
181.51 0.48101240605
181.58 0.345417718414
181.65 0.307416023365
181.72 0.343481729967
181.79 0.392569306334
181.86 0.455780317201
181.93 0.403094445264
182.0 0.308296872234
182.07 0.305770101591
182.14 0.473621799512
182.21 0.43359465795
182.28 0.30737459399
182.35 0.203853515498
182.42 0.224091123169
182.49 0.3025697714
182.56 0.418209862895
182.63 0.276028905824
182.7 0.280280975206
182.77 0.410832817208
182.84 0.664341020828
182.91 0.447766780461
182.98 0.205561262866
183.05 0.221637811881
183.12 0.463258405877
183.19 0.485129571016
183.26 0.352912277907
183.33 0.286381715728
183.4 0.229948618988
183.47 0.464038875149
183.54 0.395920024811
183.61 0.23687863482
183.68 0.177035433904
183.75 0.134710853507
183.82 0.478001091404
183.89 0.38120374672
183.96 0.299286051339
184.03 0.272319093421
184.1 0.323440762768
184.17 0.426563373251
184.24 0.228909952261
184.31 0.162007250147
184.38 0.156247396928
184.45 0.237760177604
184.52 0.324378600175
184.59 0.310518645838
184.66 0.25838251336
184.73 0.260334113879
184.8 0.828950743479
184.87 0.659651400349
184.94 0.424047863974
185.01 0.382597364231
185.08 0.389789006394
185.15 0.442176260833
185.22 0.494585171121
185.29 0.390974854337
185.36 0.31829452379
185.43 0.420001915857
185.5 0.516089833113
185.57 0.327777176407
185.64 0.190723915927
185.71 0.357875624478
185.78 0.342270199026
185.85 0.628404095502
185.92 0.481715173114
185.99 0.33857810486
186.06 0.291825935267
186.13 0.406432243896
186.2 0.368315025215
186.27 0.212590174823
186.34 0.139384343004
186.41 0.198279025105
186.48 0.445972458539
186.55 0.302081137165
186.62 0.285916318491
186.69 0.565470850087
186.76 0.509773785601
186.83 0.656752388023
186.9 0.508459280512
186.97 0.311356254234
187.04 0.515339727204
187.11 0.435380671205
187.18 0.306280293997
187.25 0.198468309263
187.32 0.403341023201
187.39 0.478114667597
187.46 0.451309896556
187.53 0.35134459353
187.6 0.185277339925
187.67 0.157877246734
187.74 0.234775518658
187.81 0.406970168485
187.88 0.297075380376
187.95 0.22230052519
188.02 0.49340933509
188.09 0.513834686468
188.16 0.494932120516
188.23 0.415660943948
188.3 0.411244461464
188.37 0.458354286279
188.44 0.617827271093
188.51 0.653655601763
188.58 0.399925432823
188.65 0.438710275128
188.72 0.4404323261
188.79 0.538120667907
188.86 0.366927437236
188.93 0.239298090786
189.0 0.308656910373
189.07 0.356162865049
189.14 0.369579686445
189.21 0.260969587461
189.28 0.217920492579
189.35 0.242333910197
189.42 0.315315509771
189.49 0.408529393609
189.56 0.398347126052
189.63 0.357093301374
189.7 0.328481917365
189.77 0.450879475894
189.84 0.447421568906
189.91 0.399267141441
189.98 0.36387244257
190.05 0.0985607985775
190.12 0.623530717766
190.19 0.727098209205
190.26 0.396173022989
190.33 0.165167536758
190.4 0.138795693427
190.47 0.545611129027
190.54 0.550409816268
190.61 0.353963237715
190.68 0.314664780232
190.75 0.359682015638
190.82 0.485367335622
190.89 0.284188410957
190.96 0.264154138715
191.03 0.583011053196
191.1 0.496590644683
191.17 0.35128055799
191.24 0.359521186067
191.31 0.339480737778
191.38 0.332673390257
191.45 0.410641475724
191.52 0.437191781394
191.59 0.228326990346
191.66 0.394276201062
191.73 0.327818133676
191.8 0.285865074592
191.87 0.271187773772
191.94 0.226447571239
192.01 0.313231778463
192.08 0.359283838625
192.15 0.444677045273
192.22 0.301915503098
192.29 0.186878722933
192.36 0.19260607203
192.43 0.330580461013
192.5 0.529424567002
192.57 0.377371949746
192.64 0.125185831371
192.71 0.18945428537
192.78 0.501334113785
192.85 0.533086145185
192.92 0.397094794533
192.99 0.353282614884
193.06 0.324640025046
193.13 0.527969982642
193.2 0.633178613743
193.27 0.391933810368
193.34 0.407270678479
193.41 0.401111097622
193.48 0.730656794926
193.55 0.713350152234
193.62 0.441471053874
193.69 0.384122959911
193.76 0.270692859707
193.83 0.620655833742
193.9 0.408523042557
193.97 0.322046068773
194.04 0.250494001393
194.11 0.385061468849
194.18 0.899020897234
194.25 0.474326084642
194.32 0.216258075569
194.39 0.175985255514
194.46 0.205006379074
194.53 0.377659175641
194.6 0.225155114742
194.67 0.406806011785
194.74 0.254121370174
194.81 0.452990571062
194.88 0.521306582817
194.95 0.287235548713
195.02 0.555291628837
195.09 0.434328514851
195.16 0.41139065777
195.23 0.351294281636
195.3 0.236324626053
195.37 0.186308424459
195.44 0.220779009568
195.51 0.424107691256
195.58 0.429316781439
195.65 0.300945194128
195.72 0.280412473129
195.79 0.297940641593
195.86 0.384524372481
195.93 0.287967738997
196.0 0.182774013844
196.07 0.321798919017
196.14 0.662983867435
196.21 0.612147745157
196.28 0.278575928205
196.35 0.230249027234
196.42 0.202043705636
196.49 0.70032544983
196.56 0.627917437196
196.63 0.423152440854
196.7 0.110854989524
196.77 0.248594074145
196.84 0.710682445609
196.91 0.508557661796
196.98 0.287440084758
197.05 0.107555993157
197.12 0.220132370262
197.19 0.621442965413
197.26 0.490467692773
197.33 0.277380056139
197.4 0.243910521862
197.47 0.413278454731
197.54 0.355446913599
197.61 0.255670479603
197.68 0.292022113808
197.75 0.564383147374
197.82 0.481792342167
197.89 0.381729941906
197.96 0.328501100759
198.03 0.271063827517
198.1 0.273368569757
198.17 0.412884683367
198.24 0.311885005306
198.31 0.229447416954
198.38 0.31055792021
198.45 0.155716328057
198.52 0.342058345331
198.59 0.229461014433
198.66 0.233785889954
198.73 0.208607767755
198.8 0.296684669564
198.87 0.454645794553
198.94 0.283971846372
199.01 0.432388546058
199.08 0.54162576112
199.15 0.358508546244
199.22 0.5171821002
199.29 0.477206452834
199.36 0.319951474947
199.43 0.414054640452
199.5 0.516349713464
199.57 0.331385894948
199.64 0.208540614684
199.71 0.556935831085
199.78 0.525544847155
199.85 0.596598860556
199.92 0.55676002231
199.99 0.569019550062
200.06 0.588014473872
200.13 0.537690959475
200.2 0.65225005746
200.27 0.546652365884
200.34 0.469826845155
200.41 0.536465306039
200.48 0.521184327598
200.55 0.444653454195
200.62 0.399175143769
200.69 0.491602732296
200.76 0.539524451986
200.83 0.540311052537
200.9 0.558314221128
200.97 0.394739656965
201.04 0.256483652421
201.11 0.211422732925
201.18 0.6551210812
201.25 0.594249850197
201.32 0.493229214274
201.39 0.416276336727
201.46 0.564222289315
201.53 0.550534008751
201.6 0.392757969835
201.67 0.270432081948
201.74 0.180075231626
201.81 0.249064066281
201.88 0.602228740022
201.95 0.648431322776
202.02 0.506841029874
202.09 0.435496673048
202.16 0.423917532073
202.23 0.426370204389
202.3 0.224367152815
202.37 0.22576759552
202.44 0.433920391043
202.51 0.394255318492
202.58 0.369980783599
202.65 0.279216898164
202.72 0.372691242311
202.79 0.508176018683
202.86 0.364169076
202.93 0.372094640183
203.0 0.341117728194
203.07 0.373241455912
203.14 0.387867217768
203.21 0.596480709814
203.28 0.549715832012
203.35 0.400615973958
203.42 0.421883251879
203.49 0.445765315734
203.56 0.53740442546
203.63 0.430959400503
203.7 0.34834285532
203.77 0.4219065194
203.84 0.510734416388
203.91 0.455732290546
203.98 0.309960725913
204.05 0.338607725469
204.12 0.230026032234
204.19 0.28578300947
204.26 0.316545607519
204.33 0.196427747205
204.4 0.259920764341
204.47 0.240418507219
204.54 0.535208678759
204.61 0.382665642624
204.68 0.208201076547
204.75 0.190294105747
204.82 0.40067664981
204.89 0.663604872583
204.96 0.410221626583
205.03 0.236566381179
205.1 0.18201429894
205.17 0.408124808565
205.24 0.611451103267
205.31 0.483501463121
205.38 0.391958077046
205.45 0.547511992348
205.52 0.537241811246
205.59 0.532387150902
205.66 0.408716534974
205.73 0.238678021711
205.8 0.143985404862
205.87 0.536424090333
205.94 0.621368893541
206.01 0.452887149227
206.08 0.397181092334
206.15 0.259179396471
206.22 0.599573424157
206.29 0.485983371443
206.36 0.268570393286
206.43 0.210068434555
206.5 0.203779240131
206.57 0.631910464623
206.64 0.504082823293
206.71 0.376017747018
206.78 0.371260330427
206.85 0.422659002122
206.92 0.437876463932
206.99 0.253349093576
207.06 0.236493133458
207.13 0.508608085613
207.2 0.376633941564
207.27 0.329542826002
207.34 0.180055989219
207.41 0.203689564327
207.48 0.137386490299
207.55 0.362086946191
207.62 0.399975266506
207.69 0.253067195158
207.76 0.290681048662
207.83 0.292308092283
207.9 0.335485929777
207.97 0.278110775161
208.04 0.261621808612
208.11 0.743239719659
208.18 0.634483009241
208.25 0.616114729402
208.32 0.583532991284
208.39 0.421116091124
208.46 0.506100762907
208.53 0.585093828082
208.6 0.743254949162
208.67 0.593801318555
208.74 0.340386836202
208.81 0.631402663274
208.88 0.587558388527
208.95 0.39614965372
209.02 0.303755340557
209.09 0.268128872018
209.16 0.270625181621
209.23 0.64093829356
209.3 0.552692868067
209.37 0.325660930803
209.44 0.287260039235
209.51 0.390298106036
209.58 0.62432088557
209.65 0.394719791866
209.72 0.247564334708
209.79 0.582472381783
209.86 0.531167081346
209.93 0.445094900171
210.0 0.31191065778
210.07 0.327954952971
210.14 0.497307182196
210.21 0.477927414311
210.28 0.310022386677
210.35 0.163807103039
210.42 0.211348172667
210.49 0.365248895349
210.56 0.390248382239
210.63 0.311282455044
210.7 0.199999702492
210.77 0.304104054245
210.84 0.513617092203
210.91 0.750033323185
210.98 0.748286344179
211.05 0.526610253013
211.12 0.493291575057
211.19 0.531659484293
211.26 0.590335229067
211.33 0.555712149508
211.4 0.482783847088
211.47 0.423963135113
211.54 0.529847594721
211.61 0.715185006121
211.68 0.569408118081
211.75 0.423861129598
211.82 0.347316105212
211.89 0.521607678873
211.96 0.582904395805
212.03 0.390183728076
212.1 0.292161429976
212.17 0.271788181241
212.24 0.482884185986
212.31 0.437939050595
212.38 0.254362653193
212.45 0.182084722162
212.52 0.282631294032
212.59 0.583200076882
212.66 0.444228133097
212.73 0.274216902295
212.8 0.202623018901
212.87 0.37994101258
212.94 0.595561801433
213.01 0.430772458562
213.08 0.290056852726
213.15 0.584857927483
213.22 0.492314794974
213.29 0.44120886183
213.36 0.381236545908
213.43 0.198930731416
213.5 0.210798451522
213.57 0.474287455347
213.64 0.951334035033
213.71 0.761259074176
213.78 0.663979515497
213.85 0.57455224886
213.92 0.584255454548
213.99 0.683825150692
214.06 0.613926947462
214.13 0.4816968505
214.2 0.617645760411
214.27 0.716792166328
214.34 0.673239767318
214.41 0.434579765014
214.48 0.491829974219
214.55 0.432075875254
214.62 0.785350360547
214.69 0.768054065532
214.76 0.525761806518
214.83 0.458143014577
214.9 0.448379692646
214.97 0.817641592444
215.04 0.752923963762
215.11 0.372541533696
215.18 0.371346925329
215.25 0.452289792135
215.32 0.814653256358
215.39 0.606901855091
215.46 0.406431320033
215.53 0.411031846701
215.6 0.460958545461
215.67 0.623583919278
215.74 0.368290807376
215.81 0.293500867168
215.88 0.290319816013
215.95 0.613808169959
216.02 0.669635073891
216.09 0.407118597122
216.16 0.238668404577
216.23 0.22817367378
216.3 0.743690575204
216.37 0.679903763381
216.44 0.38252566917
216.51 0.263734771856
216.58 0.281154815736
216.65 0.58975164039
216.72 0.42040113883
216.79 0.230599775864
216.86 0.362136887726
216.93 0.444590959106
217.0 0.458987568229
217.07 0.316412135703
217.14 0.224833213443
217.21 0.189774092714
217.28 0.464798052828
217.35 0.543121791134
217.42 0.395426797713
217.49 0.244662471428
217.56 0.238817887314
217.63 0.841461018763
217.7 0.742562546055
217.77 0.389902488979
217.84 0.323798588925
217.91 0.31834986199
217.98 0.742865650599
218.05 0.735256580876
218.12 0.505570121373
218.19 0.582343443817
218.26 0.603206114309
218.33 0.734126461841
218.4 0.439011997946
218.47 0.423144262423
218.54 0.529009493869
218.61 0.726745334061
218.68 0.739879314861
218.75 0.560688664187
218.82 0.525284342078
218.89 0.526429377233
218.96 0.710601896517
219.03 0.527801066214
219.1 0.394185682792
219.17 0.253389987761
219.24 0.171075592735
219.31 0.732381477078
219.38 0.599885036791
219.45 0.414372075054
219.52 0.368747291569
219.59 0.470069338965
219.66 0.494434194738
219.73 0.311696012145
219.8 0.19666187537
219.87 0.185627150447
219.94 0.449880816119
220.01 0.423134954601
220.08 0.224679233486
220.15 0.165831446614
220.22 0.140755531389
220.29 0.662925798343
220.36 0.573825290411
220.43 0.395102822809
220.5 0.414106020691
220.57 0.535013330475
220.64 0.605538389309
220.71 0.312995240927
220.78 0.311262327437
220.85 0.419745641423
220.92 0.519253015447
220.99 0.696357378926
221.06 0.445410350705
221.13 0.313369417839
221.2 0.820948197458
221.27 0.612504374768
221.34 0.250404547398
221.41 0.154846632703
221.48 0.38634470299
221.55 0.607591130492
221.62 0.689700989474
221.69 0.38641189676
221.76 0.402561142027
221.83 0.348629598934
221.9 0.429517414466
221.97 0.534842716905
222.04 0.435795198973
222.11 0.350038366584
222.18 0.418271596917
222.25 0.716301733205
222.32 0.714201415088
222.39 0.515307682979
222.46 0.263159868309
222.53 0.231544894292
222.6 0.660520120967
222.67 0.654235574349
222.74 0.641660003895
222.81 0.621019921414
222.88 0.621062048774
222.95 0.780969837514
223.02 0.651739785691
223.09 0.54771804646
223.16 0.606539242751
223.23 0.602879666951
223.3 0.761056855929
223.37 0.630009727468
223.44 0.498827623369
223.51 0.472293003029
223.58 0.660746129715
223.65 0.678017852811
223.72 0.376893683539
223.79 0.223086637356
223.86 0.4356055587
223.93 0.607189699608
224.0 0.615300028343
224.07 0.428780834813
224.14 0.512560379616
224.21 0.451460256352
224.28 0.544791983655
224.35 0.466279050729
224.42 0.366070828591
224.49 0.262318096422
224.56 0.42205606522
224.63 0.555256070268
224.7 0.484442464862
224.77 0.410361062813
224.84 0.326308156172
224.91 0.506409675174
224.98 0.524444981597
225.05 0.374448328872
225.12 0.220344683853
225.19 0.158888321687
225.26 0.472450814781
225.33 0.533411111106
225.4 0.372498569975
225.47 0.259639989211
225.54 0.524651713344
225.61 0.746833988081
225.68 0.48992435524
225.75 0.252487371122
225.82 0.266487248041
225.89 0.359237641382
225.96 0.642849864743
226.03 0.512874216441
226.1 0.226201790998
226.17 0.207506115518
226.24 0.437859634966
226.31 0.533619271382
226.38 0.424988090403
226.45 0.18095331501
226.52 0.506013360132
226.59 0.540594273667
226.66 0.493625165061
226.73 0.380285784587
226.8 0.352885451272
226.87 0.270646939216
226.94 0.551944384006
227.01 0.334398973888
227.08 0.198363033597
227.15 0.272827678223
227.22 0.258842277879
227.29 0.399941272808
227.36 0.324369473462
227.43 0.404263338074
227.5 0.411836456485
227.57 0.739670354853
227.64 0.851519946479
227.71 0.497889037104
227.78 0.133518656546
227.85 0.134724562908
227.92 0.666389498809
227.99 0.661958755455
228.06 0.379315788998
228.13 0.471413611178
228.2 0.487831800425
228.27 0.43101572972
228.34 0.211281326872
228.41 0.477419216148
228.48 0.420093459737
228.55 0.371822592917
228.62 0.712144017958
228.69 0.545723645015
228.76 0.489693100412
228.83 0.362669570306
228.9 0.526166354933
228.97 0.43160738694
229.04 0.342152656732
229.11 0.295249073244
229.18 0.297808411091
229.25 0.497805144603
229.32 0.411472114445
229.39 0.335762032682
229.46 0.385197081423
229.53 0.336697010996
229.6 0.556483978419
229.67 0.476620037623
229.74 0.257485425657
229.81 0.462771611229
229.88 0.431530331844
229.95 0.785121067403
230.02 0.787464552895
230.09 0.698696548307
230.16 0.647003648483
230.23 0.524232220318
230.3 0.467611803138
230.37 0.234266736467
230.44 0.22270751757
230.51 0.402049852788
230.58 0.466382085924
230.65 0.314882227982
230.72 0.249201711762
230.79 0.500253063296
230.86 0.432365777097
230.93 0.65741295447
231.0 0.431706944421
231.07 0.322128019939
231.14 0.392797095657
231.21 0.528948124102
231.28 0.67096280203
231.35 0.498531893454
231.42 0.458784997937
231.49 0.587715345604
231.56 0.585671639561
231.63 0.42203222588
231.7 0.383727727458
231.77 0.59356196873
231.84 0.580645482483
231.91 0.570059657527
231.98 0.496431587546
232.05 0.474231891268
232.12 0.533847606068
232.19 0.464961999929
232.26 0.582033434716
232.33 0.512921520692
232.4 0.375515081861
232.47 0.507675762897
232.54 0.449840086764
232.61 0.532112899794
232.68 0.34965432224
232.75 0.358823313038
232.82 0.36839213322
232.89 0.7112272483
232.96 0.54211403517
233.03 0.270830024942
233.1 0.150149407647
233.17 0.185913076015
233.24 0.587230064953
233.31 0.531540499226
233.38 0.438789346851
233.45 0.342120038654
233.52 0.569782769135
233.59 0.653219692864
233.66 0.528829179733
233.73 0.381441775868
233.8 0.63731596126
233.87 0.51278146991
233.94 0.415641937594
234.01 0.370190419208
234.08 0.394405948935
234.15 0.413493944867
234.22 0.538275775222
234.29 0.484982754054
234.36 0.396023841424
234.43 0.406239642783
234.5 0.384020820089
234.57 0.592090567613
234.64 0.466838382903
234.71 0.395253874485
234.78 0.396591488369
234.85 0.464803805608
234.92 0.436052260929
234.99 0.458794324074
235.06 0.378137272949
235.13 0.148702665952
235.2 0.439379280477
235.27 0.512855879583
235.34 0.383051880635
235.41 0.398506588142
235.48 0.388883913231
235.55 0.673491351211
235.62 0.553258248087
235.69 0.327111886862
235.76 0.501008744946
235.83 0.527810032167
235.9 0.785334184796
235.97 0.657486212365
236.04 0.673371835024
236.11 0.745603741782
236.18 0.703495058509
236.25 0.566781625127
236.32 0.422832295709
236.39 0.315291552405
236.46 0.206228884454
236.53 0.41989700648
236.6 0.451853873061
236.67 0.334892793154
236.74 0.256239919332
236.81 0.294639034396
236.88 0.672126729583
236.95 0.832827773133
237.02 0.406407254814
237.09 0.144752822019
237.16 0.212169670431
237.23 0.525680374262
237.3 0.422266748823
237.37 0.224021222926
237.44 0.268938992424
237.51 0.590992873338
237.58 0.753746853426
237.65 0.560452134791
237.72 0.290778192702
237.79 0.302811070699
237.86 0.619633766034
237.93 0.625177803527
238.0 0.408102076233
238.07 0.344469934213
238.14 0.366590389867
238.21 0.576463815974
238.28 0.429546827511
238.35 0.345328809783
238.42 0.287889298105
238.49 0.180751605499
238.56 0.43524140184
238.63 0.246681047978
238.7 0.300218282482
238.77 0.492685506381
238.84 0.781627839934
238.91 0.796146692066
238.98 0.35854974974
239.05 0.232943692764
239.12 0.244392135548
239.19 0.701293192738
239.26 0.706575750416
239.33 0.503237992889
239.4 0.239611966275
239.47 0.207913651228
239.54 0.699987720756
239.61 0.647110521579
239.68 0.349937421274
239.75 0.148898236045
239.82 0.138383589274
239.89 0.674319342474
239.96 0.580522425497
240.03 0.326597020195
240.1 0.306963706732
240.17 0.45287590007
240.24 0.448309474953
240.31 0.226953744635
240.38 0.304972032109
240.45 0.593770365059
240.52 0.589945120597
240.59 0.546362055018
240.66 0.461139411066
240.73 0.533340388747
240.8 0.557125638223
240.87 0.710363735098
240.94 0.551602896394
241.01 0.440497509348
241.08 0.329564597842
241.15 0.416269383332
241.22 0.616444524239
241.29 0.555189442212
241.36 0.236448509225
241.43 0.222398981767
241.5 0.51391260031
241.57 0.761943880846
241.64 0.527135343226
241.71 0.393955748641
241.78 0.504671529849
241.85 0.492248079415
241.92 0.453165710341
241.99 0.266868294916
242.06 0.382266399302
242.13 0.31499402767
242.2 0.672601864015
242.27 0.530117600941
242.34 0.365717570877
242.41 0.764944300414
242.48 0.777672808936
242.55 0.826667062883
242.62 0.67160181641
242.69 0.659033164757
242.76 0.678234045001
242.83 0.712484498273
242.9 0.696041364713
242.97 0.495612906141
243.04 0.49685133901
243.11 0.454127842916
243.18 0.596766305721
243.25 0.580156158403
243.32 0.498547432267
243.39 0.350561472729
243.46 0.397425177468
243.53 0.601536233133
243.6 0.53790976453
243.67 0.269545639024
243.74 0.505897512944
243.81 0.548153096613
243.88 0.616028600501
243.95 0.557338893993
244.02 0.538443261086
244.09 0.544901369904
244.16 0.638325548671
244.23 0.756546186175
244.3 0.556419694615
244.37 0.379530941333
244.44 0.268191295885
244.51 0.530442868033
244.58 0.697950227389
244.65 0.519884030472
244.72 0.248165352659
244.79 0.225202986742
244.86 0.708669520092
244.93 0.547644157732
245.0 0.252705303188
245.07 0.103765023215
245.14 0.192332803799
245.21 0.639062649269
245.28 0.546256352014
245.35 0.372665422973
245.42 0.440848430948
245.49 0.561578816809
245.56 0.531788806863
245.63 0.370904901431
245.7 0.230474234215
245.77 0.36831503132
245.84 0.520527686554
245.91 0.664091425073
245.98 0.482290508068
246.05 0.290823818126
246.12 0.462857416574
246.19 0.931180148927
246.26 0.731516354237
246.33 0.42361091522
246.4 0.63654776879
246.47 0.528018898567
246.54 0.374033377836
246.61 0.34942158394
246.68 0.251346137237
246.75 0.206567500763
246.82 0.215045502738
246.89 0.417187286452
246.96 0.240869511314
247.03 0.257620798109
247.1 0.166401197688
247.17 0.536833528713
247.24 0.655411617944
247.31 0.445056114185
247.38 0.319895674814
247.45 0.307867249269
247.52 0.772861157082
247.59 0.623294990137
247.66 0.317493292009
247.73 0.236763605679
247.8 0.27464601042
247.87 0.750014845916
247.94 0.749102736275
248.01 0.649571050804
248.08 0.522288674098
248.15 0.712633732747
248.22 0.916252088364
248.29 0.834199435659
248.36 0.669901523033
248.43 0.490230742144
248.5 0.492583779653
248.57 0.78689063426
248.64 0.646336466442
248.71 0.450554760271
248.78 0.400283295609
248.85 0.744008720001
248.92 0.866028534366
248.99 0.623378738157
249.06 0.569686905073
249.13 0.658300213405
249.2 0.8407321027
249.27 0.862276238489
249.34 0.754156033368
249.41 0.393452230844
249.48 0.43027591044
249.55 0.51947587207
249.62 0.328896176521
249.69 0.3753929406
249.76 0.430292873712
249.83 0.402768689785
249.9 0.633365401028
249.97 0.518086428225
250.04 0.386537680567
250.11 0.272965211783
250.18 0.461239214774
250.25 0.449633247165
250.32 0.2777407129
250.39 0.158637415429
250.46 0.0828936391036
250.53 0.341391118521
250.6 0.349982263246
250.67 0.278277306637
250.74 0.914884155885
250.81 0.600219048027
250.88 0.836389140619
250.95 0.651120127675
251.02 0.43946533612
251.09 0.781316119448
251.16 0.588748709272
251.23 0.748948797016
251.3 0.644875651091
251.37 0.50934608362
251.44 0.787047619826
251.51 0.813669016179
251.58 0.486962715553
251.65 0.233267407196
251.72 0.523787650707
251.79 0.787495376155
251.86 0.748783376618
251.93 0.494065711592
252.0 0.386600334382
252.07 0.253463748288
252.14 0.290133730783
252.21 0.444649817755
252.28 0.272350930082
252.35 0.204827332707
252.42 0.193226053602
252.49 0.260003360584
252.56 0.323193346435
252.63 0.283838356241
252.7 0.399341970312
252.77 0.924213691361
252.84 0.933180966542
252.91 0.464779516545
252.98 0.385505350649
253.05 0.717008956791
253.12 0.505672299858
253.19 0.714639774057
253.26 0.786880339491
253.33 0.69968085564
253.4 0.550720384978
253.47 0.599234852616
253.54 0.945930536709
253.61 0.837341839205
253.68 0.761381799466
253.75 0.477258679609
253.82 0.494939082051
253.89 0.916868402971
253.96 0.820920835633
254.03 0.685624771601
254.1 0.697693969235
254.17 0.819408029561
254.24 0.639083474861
254.31 0.320101867302
254.38 0.908513598393
254.45 0.855491609055
254.52 0.939919221693
254.59 1.0
254.66 0.923651001533
254.73 0.863145205334
254.8 0.882327791454
254.87 0.997989288499
254.94 0.816497623597
255.01 0.751893542619
255.08 0.656170522941
255.15 0.548691696803
255.22 0.760647091959
255.29 0.617694830992
255.36 0.558027780721
255.43 0.532922234713
255.5 0.533839857011
255.57 0.366157683966
255.64 0.170008884514
255.71 0.679618067763
255.78 0.846367254701
255.85 0.440438125683
255.92 0.533712135939
255.99 0.441144571922
256.06 0.797179270247
256.13 0.715950819744
256.2 0.912992691959
256.27 0.666922736928
256.34 0.469985218551
256.41 0.658043770071
256.48 0.460669510503
256.55 0.881100860075
256.62 0.66207257177
256.69 0.413363997569
256.76 0.754245896387
256.83 0.634827239954
256.9 0.88179578244
256.97 0.680438440204
257.04 0.64808389924
257.11 0.754238190063
257.18 0.711117200696
257.25 0.940324962584
257.32 0.40718602084
257.39 0.288034306005
257.46 0.309035883642
257.53 0.613924997988
257.6 0.777360939898
257.67 0.314038575809
257.74 0.194647136719
257.81 0.350172375625
257.88 0.733118882917
257.95 0.659766394896
258.02 0.228810512808
258.09 0.171635871157
258.16 0.140396152572
258.23 0.128547872262
258.3 0.11226807532
258.37 0.0852585443909
258.44 0.066878527009
258.51 0.0530896002713
258.58 0.0455702572259
258.65 0.0362956875563
258.72 0.0184461305979
258.79 0.0126816316078
258.86 0.00942474835597
258.93 0.00794927939118
259.0 0.00382574098744
259.07 0.0
259.14 0.0
259.21 0.0
259.28 0.0
259.35 0.0
259.42 0.0
259.49 0.0
259.56 0.0
259.63 0.0
259.7 0.0
259.77 0.0
259.84 0.0
259.91 0.0
259.98 0.0
260.05 0.0
260.12 0.0
260.19 0.0
260.26 0.0
260.33 0.0
260.4 0.0
260.47 0.0
260.54 0.0
260.61 0.0
260.68 0.0
260.75 0.0
260.82 0.0
260.89 0.0
260.96 0.0
261.03 0.0
261.1 0.0
261.17 0.0
261.24 0.0
261.31 0.0
261.38 0.0
261.45 0.0
261.52 0.0
261.59 0.0
261.66 0.0
261.73 0.0
261.8 0.0
261.87 0.0
261.94 0.0
262.01 0.0
262.08 0.0
262.15 0.0
262.22 0.0
262.29 0.0
262.36 0.0
262.43 0.0
262.5 0.0
262.57 0.0
262.64 0.0
262.71 0.0
262.78 0.0
262.85 0.0
262.92 0.0
262.99 0.0
263.06 0.0
263.13 0.0
263.2 0.0
263.27 0.0
263.34 0.0
263.41 0.0
263.48 0.0
263.55 0.0
263.62 0.0
263.69 0.0
263.76 0.0
263.83 0.0
263.9 0.0
263.97 0.0
264.04 0.0
264.11 0.0
264.18 0.0
264.25 0.0
264.32 0.0
264.39 0.0
264.46 0.0
264.53 0.0
264.6 0.0
264.67 0.0
264.74 0.0
264.81 0.0
264.88 0.0
264.95 0.0
265.02 0.0
265.09 0.0
265.16 0.0
265.23 0.0
265.3 0.0
265.37 0.0
265.44 0.0
265.51 0.0
265.58 0.0
265.65 0.0
265.72 0.0
265.79 0.0
265.86 0.0
265.93 0.0
266.0 0.0
266.07 0.0
266.14 0.0
266.21 0.0
266.28 0.0
266.35 0.0
266.42 0.0
266.49 0.0
266.56 0.0
266.63 0.0
266.7 0.0
266.77 0.0
266.84 0.0
266.91 0.0
266.98 0.0
267.05 0.0
267.12 0.0
267.19 0.0
267.26 0.0
267.33 0.0
267.4 0.0
267.47 0.0
267.54 0.0
267.61 0.0
267.68 0.0
267.75 0.0
267.82 0.0
267.89 0.0
267.96 0.0
