0.0 0
48.3199271409 0
51.0717312672 1
51.0762162464 0
53.810695513 0.0
56.4237817908 1
56.4276606917 0
76.4580470866 0.0
79.1795809702 0.9948979591836735
79.1839447338 0
81.8660229217 0
81.8776596246 1
84.8450188563 0
125.881236327 0
128.637680319 1
128.64349867 0
131.352665123 0.0
133.988378323 1
134.011651729 0
153.295548988 0
153.316271864 1
155.91584144 0
158.846977021 0.0
158.853884646 1
161.550160974 0.0
181.449800535 0.0
184.12956317 1
184.133469529 0
186.966448266 0.0
186.966448266 0.9603960396039604
189.644257721 0
203.993401361 0
