0.0 0.0
0.07 0.0
0.14 0.0
0.21 0.0
0.28 0.0
0.35 0.0
0.42 0.0
0.49 0.0
0.56 0.0
0.63 0.0
0.7 0.0
0.77 0.0
0.84 0.0
0.91 0.0
0.98 0.0
1.05 0.0
1.12 0.0
1.19 0.0
1.26 0.0
1.33 0.0
1.4 0.0
1.47 0.0
1.54 0.0
1.61 0.0
1.68 0.0
1.75 0.0
1.82 0.0
1.89 0.0
1.96 0.0
2.03 0.0
2.1 0.0
2.17 0.0
2.24 0.0
2.31 0.0
2.38 0.0
2.45 0.0
2.52 0.0
2.59 0.0
2.66 0.0
2.73 0.0
2.8 0.0
2.87 0.0
2.94 0.0
3.01 0.0
3.08 0.0
3.15 0.0
3.22 0.0
3.29 0.0
3.36 0.0
3.43 0.0
3.5 0.0
3.57 0.0
3.64 0.0
3.71 0.0
3.78 0.0
3.85 0.0
3.92 0.0
3.99 0.437204851079
4.06 0.66820034321
4.13 0.625197743944
4.2 0.600832268707
4.27 0.509938789823
4.34 0.526724813986
4.41 0.542945447056
4.48 0.425988331508
4.55 0.317306962643
4.62 0.677583443804
4.69 0.639483201609
4.76 0.525673319007
4.83 0.578757461128
4.9 0.550598937578
4.97 0.488945471796
5.04 0.75234310906
5.11 0.527520957121
5.18 0.488437147921
5.25 0.889208646463
5.32 0.847605102493
5.39 0.90468199143
5.46 0.731156009899
5.53 0.604503205859
5.6 0.553340343897
5.67 0.813695652841
5.74 0.802862413718
5.81 0.81717798196
5.88 0.729269875591
5.95 0.651320576101
6.02 0.728498633177
6.09 0.695819272265
6.16 0.569380352557
6.23 0.763596342263
6.3 0.784755749709
6.37 0.777456795842
6.44 0.758799139055
6.51 0.62758997967
6.58 0.514626401144
6.65 0.754612195328
6.72 0.573856936007
6.79 0.411646596835
6.86 0.692689020738
6.93 0.667974811358
7.0 0.61264629303
7.07 0.631224020568
7.14 0.511626343176
7.21 0.409032907785
7.28 0.844565170063
7.35 0.776763474997
7.42 0.74248972136
7.49 0.74307238905
7.56 0.619924691168
7.63 0.543228790389
7.7 0.892030815883
7.77 0.676192164241
7.84 0.711030689898
7.91 0.70007255551
7.98 0.752203766094
8.05 0.604868113984
8.12 0.70133001437
8.19 0.48472024321
8.26 0.564493837537
8.33 0.521731841491
8.4 0.410240352719
8.47 0.627469811867
8.54 0.581213748446
8.61 0.453109497671
8.68 0.709557692783
8.75 0.451621160426
8.82 0.326505553257
8.89 0.594936272932
8.96 0.630069242727
9.03 0.501943980245
9.1 0.572777713707
9.17 0.462829443693
9.24 0.333532471339
9.31 0.663188827258
9.38 0.580826992465
9.45 0.327980486839
9.52 0.879599577565
9.59 0.621890513527
9.66 0.309102262266
9.73 0.234886977544
9.8 0.18504500122
9.87 0.0924533413833
9.94 0.344769126266
10.01 0.396641502581
10.08 0.299296989927
10.15 0.279815357017
10.22 0.246154062348
10.29 0.164737238642
10.36 0.440188934912
10.43 0.24336114783
10.5 0.226535673023
10.57 0.746093905513
10.64 0.569046698971
10.71 0.609222794162
10.78 0.517800962861
10.85 0.528275397291
10.92 0.528222184634
10.99 0.584546371167
11.06 0.362052830625
11.13 0.50681765899
11.2 0.334379847019
11.27 0.336383863501
11.34 0.453795490721
11.41 0.380222828377
11.48 0.220341371661
11.55 0.429908966156
11.62 0.514083784794
11.69 0.416721433897
11.76 0.566549996221
11.83 0.467057154311
11.9 0.354416532857
11.97 0.615369151298
12.04 0.346071143405
12.11 0.197259187485
12.18 0.737147245189
12.25 0.659323231474
12.32 0.567079829128
12.39 0.634398967052
12.46 0.359983402659
12.53 0.315934626234
12.6 0.590149681245
12.67 0.412199343459
12.74 0.522940662397
12.81 0.389680702346
12.88 0.180661803514
12.95 0.33731775196
13.02 0.633028161671
13.09 0.358818215443
13.16 0.466258763449
13.23 0.620460323141
13.3 0.507763963352
13.37 0.515172105964
13.44 0.497228712815
13.51 0.279270667521
13.58 0.615322393532
13.65 0.420593071092
13.72 0.201841234908
13.79 0.670185981627
13.86 0.549061962378
13.93 0.39239933737
14.0 0.54410922729
14.07 0.472898937034
14.14 0.469529840729
14.21 0.767552168705
14.28 0.485671272737
14.35 0.340319910639
14.42 0.696430057785
14.49 0.524286717518
14.56 0.444726495267
14.63 0.639508624924
14.7 0.379431594175
14.77 0.475419652671
14.84 0.686573172728
14.91 0.48306504931
14.98 0.507965610955
15.05 0.598189277664
15.12 0.316783402006
15.19 0.633901712971
15.26 0.712188235762
15.33 0.265314811331
15.4 0.393677790708
15.47 0.764121149084
15.54 0.465655960402
15.61 0.613762312807
15.68 0.431662426021
15.75 0.333567960609
15.82 0.477881793037
15.89 0.602144159992
15.96 0.305973513052
16.03 0.584758443076
16.1 0.395667736215
16.17 0.183413755887
16.24 0.628153877637
16.31 0.466860391522
16.38 0.185582045918
16.45 0.538439837267
16.52 0.676455060957
16.59 0.544804752215
16.66 0.779256333527
16.73 0.479116044149
16.8 0.352736406075
16.87 0.795049022204
16.94 0.69372215488
17.01 0.480324410226
17.08 0.638766242308
17.15 0.620104256609
17.22 0.579780607417
17.29 0.550660404916
17.36 0.463667411541
17.43 0.405783354467
17.5 0.598990288386
17.57 0.377609417278
17.64 0.354912585547
17.71 0.501978070573
17.78 0.308216413363
17.85 0.222365159407
17.92 0.314419672323
17.99 0.28884269315
18.06 0.364362923832
18.13 0.593194531797
18.2 0.513184543713
18.27 0.55052584684
18.34 0.649385659121
18.41 0.428725805168
18.48 0.487047866847
18.55 0.539664280849
18.62 0.4638663072
18.69 0.495206121865
18.76 0.708808912703
18.83 0.560813675173
18.9 0.599329418292
18.97 0.397306478181
19.04 0.357247335982
19.11 0.51524508644
19.18 0.616454642423
19.25 0.355146118248
19.32 0.418657464977
19.39 0.284184150666
19.46 0.154810949715
19.53 0.409081977596
19.6 0.380875655687
19.67 0.25058970088
19.74 0.407705453549
19.81 0.43155243903
19.88 0.422067229398
19.95 0.676914238068
20.02 0.56535390822
20.09 0.328967292776
20.16 0.763037039674
20.23 0.280661746087
20.3 0.118047947464
20.37 0.708687908751
20.44 0.645331643668
20.51 0.564060873948
20.58 0.521325965476
20.65 0.317113645525
20.72 0.476646785026
20.79 0.680740003035
20.86 0.420717333501
20.93 0.427157307814
21.0 0.568653822328
21.07 0.399190089109
21.14 0.156530409989
21.21 0.598573789365
21.28 0.556461351835
21.35 0.560609779843
21.42 0.44858405115
21.49 0.29734512943
21.56 0.4358886952
21.63 0.631192428352
21.7 0.445324203314
21.77 0.559271618756
21.84 0.704585731995
21.91 0.449335947266
21.98 0.19426581412
22.05 0.906556265735
22.12 0.592590182792
22.19 0.517165461537
22.26 0.436912312397
22.33 0.318449009875
22.4 0.380685923217
22.47 0.761596006907
22.54 0.480739429905
22.61 0.466628473692
22.68 0.405262584825
22.75 0.173634289332
22.82 0.406316291925
22.89 0.627553555473
22.96 0.438541448979
23.03 0.610268941458
23.1 0.511230325229
23.17 0.591762030514
23.24 0.570204876542
23.31 0.682303482342
23.38 0.403344890461
23.45 0.402381223358
23.52 0.502014576317
23.59 0.498718121664
23.66 0.613065119027
23.73 0.716055058205
23.8 0.613702839363
23.87 0.586902470984
23.94 0.537617887199
24.01 0.419946380523
24.08 0.56742973365
24.15 0.808130697684
24.22 0.59203930487
24.29 0.638631743956
24.36 0.536841812804
24.43 0.330507900862
24.5 0.69281515185
24.57 0.483747749445
24.64 0.280303221642
24.71 0.51374475596
24.78 0.534947675349
24.85 0.421051998966
24.92 0.592589899098
24.99 0.516317327809
25.06 0.280240225574
25.13 0.556446828329
25.2 0.54584839336
25.27 0.332567367391
25.34 0.597857321646
25.41 0.775698423597
25.48 0.601806956216
25.55 0.645975522568
25.62 0.485927838606
25.69 0.415739289953
25.76 0.719092270852
25.83 0.717672549565
25.9 0.589652620122
25.97 0.711135540541
26.04 0.436770087701
26.11 0.465736099836
26.18 0.683682188648
26.25 0.488397311361
26.32 0.248987889624
26.39 0.606644038481
26.46 0.495700230048
26.53 0.410992266063
26.6 0.802282949354
26.67 0.590195354773
26.74 0.469009818798
26.81 0.79109222638
26.88 0.464210074981
26.95 0.257637077064
27.02 0.867043704705
27.09 0.646803334873
27.16 0.507354742739
27.23 0.468007726712
27.3 0.474768528672
27.37 0.491744707974
27.44 0.805224611225
27.51 0.471674386637
27.58 0.553815140238
27.65 0.501639497717
27.72 0.459548730017
27.79 0.489659418432
27.86 0.663178951962
27.93 0.354326186195
28.0 0.628721525643
28.07 0.587561928915
28.14 0.493286595552
28.21 0.680052348024
28.28 0.573421874004
28.35 0.338749811048
28.42 0.691834234566
28.49 0.729295940949
28.56 0.365081689814
28.63 0.708166170875
28.7 0.779251014558
28.77 0.545935012954
28.84 0.594644780587
28.91 0.469299030109
28.98 0.361708266894
29.05 0.664028418017
29.12 0.730352467757
29.19 0.595466119623
29.26 0.735637659635
29.33 0.612983400327
29.4 0.351937448975
29.47 0.772023794982
29.54 0.691335830779
29.61 0.600311867752
29.68 0.756141386755
29.75 0.705723272289
29.82 0.548245814821
29.89 0.701177665142
29.96 0.606694292455
30.03 0.506459506678
30.1 0.735176188855
30.17 0.76608152039
30.24 0.601050166098
30.31 0.609397531068
30.38 0.574118236228
30.45 0.57014666766
30.52 0.671933483925
30.59 0.601460841933
30.66 0.470864460814
30.73 0.638178688656
30.8 0.620797283423
30.87 0.571591078333
30.94 0.756671872043
31.01 0.637109762023
31.08 0.553315095163
31.15 0.714260627006
31.22 0.551975436357
31.29 0.313416309933
31.36 0.637722944582
31.43 0.679014700051
31.5 0.567727560289
31.57 0.772440172256
31.64 0.656683990471
31.71 0.484064698414
31.78 0.800651749963
31.85 0.770846738576
31.92 0.577112993604
31.99 0.775566328027
32.06 0.729987651516
32.13 0.601558755291
32.2 0.643130682925
32.27 0.464416771642
32.34 0.400345310293
32.41 0.737496058582
32.48 0.639012716952
32.55 0.408732268329
32.62 0.606168912504
32.69 0.319532162538
32.76 0.394419270558
32.83 0.488055065418
32.9 0.362474440725
32.97 0.227661641602
33.04 0.6465503548
33.11 0.534633325566
33.18 0.426736342055
33.25 0.672312134538
33.32 0.573261317185
33.39 0.359559518415
33.46 0.860495534002
33.53 0.389092199986
33.6 0.191529448819
33.67 0.881951744722
33.74 0.704212362448
33.81 0.480181212702
33.88 0.566382765136
33.95 0.318282860731
34.02 0.516970765003
34.09 0.799040063411
34.16 0.523780276127
34.23 0.437484471937
34.3 0.6572535313
34.37 0.47587313179
34.44 0.241302327938
34.51 0.77555403387
34.58 0.599568283745
34.65 0.544683727589
34.72 0.493733087997
34.79 0.329481882032
34.86 0.47549142946
34.93 0.844877613242
35.0 0.506082642071
35.07 0.501047047765
35.14 0.701658438575
35.21 0.492245115993
35.28 0.181999770495
35.35 0.869626703157
35.42 0.754655822127
35.49 0.645118326723
35.56 0.625933621132
35.63 0.514380472064
35.7 0.382383755008
35.77 0.828556584782
35.84 0.623758796958
35.91 0.668405536409
35.98 0.676160635196
36.05 0.443227791144
36.12 0.375280789802
36.19 0.782141640287
36.26 0.607701824108
36.33 0.713642758333
36.4 0.457932015081
36.47 0.322722758114
36.54 0.332664275761
36.61 0.629220839087
36.68 0.447510737029
36.75 0.681368381007
36.82 0.732598468024
36.89 0.419273338606
36.96 0.518583909074
37.03 0.476960244678
37.1 0.35488467216
37.17 0.586716375995
37.24 0.568158767734
37.31 0.336484280713
37.38 0.338527793782
37.45 0.796773800297
37.52 0.439050645759
37.59 0.521007072
37.66 0.652089761449
37.73 0.57503450467
37.8 0.349616976255
37.87 0.595920232745
37.94 0.357759769395
38.01 0.592581806364
38.08 0.708419965274
38.15 0.585877503084
38.22 0.647936461261
38.29 0.727484490428
38.36 0.537832096573
38.43 0.725938697755
38.5 0.614938260855
38.57 0.440179915292
38.64 0.638430830281
38.71 0.778095315574
38.78 0.521223155819
38.85 0.762325886329
38.92 0.591520421158
38.99 0.620312960948
39.06 0.769272152721
39.13 0.659279675885
39.2 0.435083609398
39.27 0.800134972706
39.34 0.770865819557
39.41 0.525318984499
39.48 0.785038539437
39.55 0.672974587907
39.62 0.462274924844
39.69 0.864980899321
39.76 0.732328677668
39.83 0.643009381496
39.9 0.806477025622
39.97 0.645340216499
40.04 0.464722627845
40.11 0.701004231848
40.18 0.512212556462
40.25 0.33224078777
40.32 0.797452367924
40.39 0.653148147772
40.46 0.510733312345
40.53 0.77649907482
40.6 0.685575935594
40.67 0.644489151653
40.74 0.805681518787
40.81 0.596358962091
40.88 0.608365669527
40.95 0.726964076839
41.02 0.531719563299
41.09 0.318305139296
41.16 0.744069523962
41.23 0.514940749779
41.3 0.641371576752
41.37 0.69645864882
41.44 0.46989099537
41.51 0.469223127703
41.58 0.853632636787
41.65 0.613711399561
41.72 0.672340499308
41.79 0.873351930313
41.86 0.513425251452
41.93 0.410569806031
42.0 0.765461439596
42.07 0.574030371598
42.14 0.799318348497
42.21 0.663658605552
42.28 0.592723103026
42.35 0.633327820259
42.42 0.669373740313
42.49 0.579171638915
42.56 0.836103969286
42.63 0.659608579038
42.7 0.492852770546
42.77 0.797429273883
42.84 0.752644077003
42.91 0.584973240511
42.98 0.833963214766
43.05 0.726321483174
43.12 0.639046697019
43.19 0.701029650568
43.26 0.504562855031
43.33 0.487132131899
43.4 0.88698835665
43.47 0.535763972219
43.54 0.488730961501
43.61 0.728113191144
43.68 0.601676429576
43.75 0.626360849974
43.82 0.756873791854
43.89 0.542970791121
43.96 0.412939358899
44.03 0.67213758255
44.1 0.497112844062
44.17 0.494708729957
44.24 0.699403906824
44.31 0.585996631442
44.38 0.522400285733
44.45 0.825218122795
44.52 0.50026197787
44.59 0.554380641591
44.66 0.664541063914
44.73 0.543776094
44.8 0.644187209733
44.87 0.837243537933
44.94 0.66170418607
45.01 0.781531404926
45.08 0.686571927692
45.15 0.486225990286
45.22 0.588171669248
45.29 0.63406446698
45.36 0.65520728007
45.43 0.674320870442
45.5 0.716685310622
45.57 0.66652236423
45.64 0.682321611169
45.71 0.59042700384
45.78 0.446525080798
45.85 0.688522676385
45.92 0.84189828903
45.99 0.718152562653
46.06 0.455185892786
46.13 0.634995084347
46.2 0.496479031118
46.27 0.695910901865
46.34 0.626178998904
46.41 0.569338370492
46.48 0.811429157718
46.55 0.5199441305
46.62 0.325574937038
46.69 0.792416840234
46.76 0.59185081399
46.83 0.182884351391
46.9 0.722571147408
46.97 0.55693873243
47.04 0.527338249227
47.11 0.638286296985
47.18 0.471272715491
47.25 0.452622488721
47.32 0.61032308215
47.39 0.420111489075
47.46 0.26644645723
47.53 0.778253094032
47.6 0.397993810448
47.67 0.167718649782
47.74 0.767953139232
47.81 0.604861869279
47.88 0.664443383714
47.95 0.836981353322
48.02 0.578602980178
48.09 0.525648722653
48.16 0.884853706712
48.23 0.636071957847
48.3 0.646199919645
48.37 0.728418127353
48.44 0.514923262995
48.51 0.301626598271
48.58 0.819432814632
48.65 0.7087899684
48.72 0.79326025454
48.79 0.715813359262
48.86 0.542128930812
48.93 0.47934972042
49.0 0.882670387808
49.07 0.633078931347
49.14 0.702964239061
49.21 0.482504045707
49.28 0.147814066406
49.35 0.682338976207
49.42 0.511980875235
49.49 0.225721735289
49.56 0.169008662201
49.63 0.734954999699
49.7 0.663800427105
49.77 0.852141059462
49.84 0.524735495591
49.91 0.425825996723
49.98 0.767536109578
50.05 0.75110480469
50.12 0.403222246369
50.19 0.729302099513
50.26 0.665631562748
50.33 0.575044568329
50.4 0.740914808166
50.47 0.534534564573
50.54 0.399834219543
50.61 0.668622094582
50.68 0.851219427258
50.75 0.668905476965
50.82 0.743348922586
50.89 0.583214476609
50.96 0.485793841025
51.03 0.724355277197
51.1 0.553792891536
51.17 0.282362707697
51.24 0.658191130747
51.31 0.558759966362
51.38 0.437234629723
51.45 0.706870334123
51.52 0.508047554773
51.59 0.40187620503
51.66 0.754298635752
51.73 0.500205432099
51.8 0.280018019944
51.87 0.806666067809
51.94 0.669089723926
52.01 0.576120687226
52.08 0.64394305058
52.15 0.476806250715
52.22 0.398576087628
52.29 0.810458222545
52.36 0.656347357528
52.43 0.572508333386
52.5 0.723907182515
52.57 0.404090093934
52.64 0.470599565609
52.71 0.792736758223
52.78 0.411828094149
52.85 0.525175731844
52.92 0.63793438823
52.99 0.468009678111
53.06 0.503069392924
53.13 0.713118499374
53.2 0.399415639337
53.27 0.686024340386
53.34 0.761648964585
53.41 0.428617583509
53.48 0.588905632939
53.55 0.72824588741
53.62 0.675276682561
53.69 0.672055711091
53.76 0.488149754776
53.83 0.448474218065
53.9 0.643675568824
53.97 0.740639636819
54.04 0.375280259169
54.11 0.6534978088
54.18 0.557108099831
54.25 0.481344898754
54.32 0.718736693605
54.39 0.629743685321
54.46 0.38368530813
54.53 0.785781530788
54.6 0.633581077133
54.67 0.559855006592
54.74 0.745201927908
54.81 0.55427656967
54.88 0.418542903282
54.95 0.919065344075
55.02 0.558131779051
55.09 0.200459803075
55.16 0.788031777271
55.23 0.730260316712
55.3 0.624375839818
55.37 0.703941016945
55.44 0.462540763015
55.51 0.384159643899
55.58 0.849092628857
55.65 0.676951345656
55.72 0.775413692808
55.79 0.673489914536
55.86 0.357163083564
55.93 0.58407998686
56.0 0.774297628237
56.07 0.630119100449
56.14 0.724984353492
56.21 0.7518696416
56.28 0.6081159571
56.35 0.56276899053
56.42 0.694181701827
56.49 0.621032266752
56.56 0.706847387097
56.63 0.794880379542
56.7 0.603190615102
56.77 0.757088181551
56.84 0.730166948195
56.91 0.629044097948
56.98 0.741964869745
57.05 0.602526879944
57.12 0.47924852908
57.19 0.616583546152
57.26 0.786191476141
57.33 0.626085253661
57.4 0.753372340405
57.47 0.611551628378
57.54 0.496394012612
57.61 0.757535673241
57.68 0.556211138637
57.75 0.270489574023
57.82 0.729530320137
57.89 0.712555505321
57.96 0.650488577305
58.03 0.7423507712
58.1 0.657146040123
58.17 0.357476857921
58.24 0.753946089548
58.31 0.671324123765
58.38 0.481483698452
58.45 0.866184179586
58.52 0.762556624591
58.59 0.814192437162
58.66 0.635179223344
58.73 0.577762488949
58.8 0.535693363513
58.87 0.841745362077
58.94 0.636842243513
59.01 0.696788099835
59.08 0.612279325541
59.15 0.301992609011
59.22 0.569216654434
59.29 0.64309994983
59.36 0.511654758482
59.43 0.659349727541
59.5 0.774312551442
59.57 0.689520585425
59.64 0.635664358997
59.71 0.766676697017
59.78 0.652441979166
59.85 0.747138560833
59.92 0.838693177987
59.99 0.532737877607
60.06 0.632241808837
60.13 0.810128526888
60.2 0.635818474707
60.27 0.816316520373
60.34 0.657811875992
60.41 0.480800893798
60.48 0.632143949462
60.55 0.79508255663
60.62 0.67131951805
60.69 0.783964598203
60.76 0.606542434809
60.83 0.46814473581
60.9 0.697134830893
60.97 0.5681122236
61.04 0.298605254091
61.11 0.585470645053
61.18 0.697664392742
61.25 0.58169352608
61.32 0.692011925562
61.39 0.537242563956
61.46 0.365922804709
61.53 0.68475567735
61.6 0.71393777675
61.67 0.668314492572
61.74 0.804878802458
61.81 0.879928148785
61.88 0.794464220495
61.95 0.806865958119
62.02 0.695865499397
62.09 0.625600265023
62.16 0.741268299633
62.23 0.586447563061
62.3 0.549800809735
62.37 0.760376271262
62.44 0.517857708481
62.51 0.421290001852
62.58 0.799006522094
62.65 0.751590313624
62.72 0.730947535271
62.79 0.650480013662
62.86 0.416029618811
62.93 0.231935237083
63.0 0.813819369685
63.07 0.669567583469
63.14 0.578182350945
63.21 0.685292455583
63.28 0.546520624396
63.35 0.293286700071
63.42 0.668237605853
63.49 0.782384633655
63.56 0.701794419714
63.63 0.615494901089
63.7 0.486178662836
63.77 0.314180133816
63.84 0.820618136057
63.91 0.728333127225
63.98 0.646711918904
64.05 0.601156986517
64.12 0.483512864892
64.19 0.332391886219
64.26 0.861222290496
64.33 0.791254532451
64.4 0.750224383868
64.47 0.65945735999
64.54 0.649558208026
64.61 0.638538066478
64.68 0.727476337969
64.75 0.612325656044
64.82 0.696433475891
64.89 0.603771886146
64.96 0.426743840985
65.03 0.482986889988
65.1 0.695218204688
65.17 0.637082491829
65.24 0.640650151861
65.31 0.612946770539
65.38 0.554000061402
65.45 0.560973655416
65.52 0.61336017994
65.59 0.534080784533
65.66 0.555028218846
65.73 0.566860244506
65.8 0.415920919352
65.87 0.59183405654
65.94 0.625994823154
66.01 0.507509192679
66.08 0.485966863135
66.15 0.393511290105
66.22 0.428350181003
66.29 0.620166784066
66.36 0.531157530589
66.43 0.389029654152
66.5 0.631052484691
66.57 0.673765449976
66.64 0.416074985674
66.71 0.768574412228
66.78 0.463661967379
66.85 0.447606102887
66.92 0.524875603496
66.99 0.522147708805
67.06 0.545332650952
67.13 0.645647117889
67.2 0.610798665252
67.27 0.564067845691
67.34 0.650544390296
67.41 0.428817402609
67.48 0.435006664101
67.55 0.645096157271
67.62 0.597901336658
67.69 0.521452850042
67.76 0.521428540828
67.83 0.503870617276
67.9 0.594500035956
67.97 0.673622368456
68.04 0.529784925418
68.11 0.425814188406
68.18 0.437241189133
68.25 0.41176848977
68.32 0.422534632476
68.39 0.699144570636
68.46 0.578380069334
68.53 0.5471416918
68.6 0.520060819323
68.67 0.506698261869
68.74 0.524557260179
68.81 0.673037386423
68.88 0.619431970443
68.95 0.540962871842
69.02 0.5217426609
69.09 0.482496669672
69.16 0.616029717587
69.23 0.72644235734
69.3 0.431073776645
69.37 0.271547026568
69.44 0.390860798984
69.51 0.545652493137
69.58 0.398776436213
69.65 0.533858209068
69.72 0.374096705374
69.79 0.314885934884
69.86 0.485801653511
69.93 0.222737136902
70.0 0.244636349602
70.07 0.799424596935
70.14 0.628799312832
70.21 0.585389195115
70.28 0.448121494984
70.35 0.429662461649
70.42 0.657999752394
70.49 0.609128981154
70.56 0.470082863008
70.63 0.360060844131
70.7 0.556001036504
70.77 0.380142211143
70.84 0.196629842428
70.91 0.618075562227
70.98 0.589365007602
71.05 0.511111829725
71.12 0.624448069138
71.19 0.600137208947
71.26 0.642022406721
71.33 0.508098819477
71.4 0.406906065739
71.47 0.318937173126
71.54 0.672968441977
71.61 0.282669626315
71.68 0.392001534564
71.75 0.917428454732
71.82 0.68256226148
71.89 0.448702777514
71.96 0.496622565169
72.03 0.343022953997
72.1 0.657767532494
72.17 0.566426734205
72.24 0.474779013851
72.31 0.384154145756
72.38 0.590335090546
72.45 0.373700198141
72.52 0.414809884314
72.59 0.685321988436
72.66 0.676083038668
72.73 0.553431988429
72.8 0.439651255061
72.87 0.558660461104
72.94 0.680217968831
73.01 0.553253471621
73.08 0.478230484683
73.15 0.349096629282
73.22 0.623927039922
73.29 0.418176980981
73.36 0.356474942713
73.43 0.708033982272
73.5 0.636281493741
73.57 0.511629631495
73.64 0.557811833496
73.71 0.445084507455
73.78 0.412157244242
73.85 0.470981122072
73.92 0.378035517089
73.99 0.334023078719
74.06 0.299647089704
74.13 0.238366334197
74.2 0.26921103684
74.27 0.435287346226
74.34 0.25938316434
74.41 0.199245009671
74.48 0.161004294329
74.55 0.172779198792
74.62 0.352356484009
74.69 0.397779032538
74.76 0.276467869668
74.83 0.198940167644
74.9 0.186598459364
74.97 0.147102344526
75.04 0.446374339549
75.11 0.34370415986
75.18 0.240371264931
75.25 0.226706310728
75.32 0.206887978259
75.39 0.194364841578
75.46 0.535532143977
75.53 0.41070519796
75.6 0.265021178075
75.67 0.286665940549
75.74 0.205412113197
75.81 0.264940737719
75.88 0.626583211807
75.95 0.383196701537
76.02 0.327478786693
76.09 0.764732211407
76.16 0.592762882158
76.23 0.516823441861
76.3 0.642065980686
76.37 0.505553478773
76.44 0.348071429373
76.51 0.46987868743
76.58 0.376454505056
76.65 0.395946887313
76.72 0.864241508696
76.79 0.778485124421
76.86 0.430802092318
76.93 0.148656612403
77.0 0.0666795178738
77.07 0.0512541584808
77.14 0.0412978255939
77.21 0.0241373798062
77.28 0.0186917608969
77.35 0.0834994129896
77.42 0.0392371381486
77.49 0.0376747465258
77.56 0.0309313463568
77.63 0.0186774774389
77.7 0.0363433883434
77.77 0.0844727612813
77.84 0.0338495294206
77.91 0.0824320415039
77.98 0.771068041439
78.05 0.574886494691
78.12 0.419864096733
78.19 0.303071399453
78.26 0.267552306532
78.33 0.221697877504
78.4 0.911310738019
78.47 0.796940341099
78.54 0.574496856979
78.61 0.33924942886
78.68 0.0759586131635
78.75 0.0561941353954
78.82 0.0272294509927
78.89 0.0248157533265
78.96 0.0603905742454
79.03 0.0653267792981
79.1 0.0337403349338
79.17 0.0426428918071
79.24 0.0188093168805
79.31 0.0135160839536
79.38 0.072888678121
79.45 0.0440003750729
79.52 0.0367653797645
79.59 0.481973784387
79.66 0.721862561089
79.73 0.541171649688
79.8 0.378593320811
79.87 0.281133713531
79.94 0.217405490478
80.01 0.586780629733
80.08 0.882589929076
80.15 0.67695527487
80.22 0.337311962083
80.29 0.0961388709551
80.36 0.0417088345106
80.43 0.0496058961233
80.5 0.0219740756615
80.57 0.0211081404443
80.64 0.113048773909
80.71 0.0425722888441
80.78 0.0390872410898
80.85 0.0389615774405
80.92 0.0157963721004
80.99 0.0412441868215
81.06 0.0831995373244
81.13 0.039235962026
81.2 0.120122998767
81.27 0.834050958798
81.34 0.597838530101
81.41 0.439687378335
81.48 0.299346035619
81.55 0.255449463705
81.62 0.368521854248
81.69 0.945533004132
81.76 0.768463080276
81.83 0.529559331545
81.9 0.32808533978
81.97 0.0931584004829
82.04 0.0650578055658
82.11 0.0372197754316
82.18 0.030462801613
82.25 0.0249106253043
82.32 0.0750240619874
82.39 0.0365471561831
82.46 0.0619515784111
82.53 0.0456087618196
82.6 0.0312958191792
82.67 0.0549289834989
82.74 0.0473016375865
82.81 0.0290833763095
82.88 0.336616416483
82.95 0.860399534141
83.02 0.716283368417
83.09 0.621162943854
83.16 0.73827218581
83.23 0.519768025661
83.3 0.600651971635
83.37 0.706684372366
83.44 0.607608179937
83.51 0.343308162586
83.58 0.0911319216669
83.65 0.0510409896998
83.72 0.0555412816688
83.79 0.026468228592
83.86 0.0221305217938
83.93 0.0846523450995
84.0 0.0429245674341
84.07 0.0381377299554
84.14 0.0441526921418
84.21 0.0316495150889
84.28 0.0385368846126
84.35 0.0845816950456
84.42 0.0415351473853
84.49 0.0690500998493
84.56 0.905161937901
84.63 0.918579850072
84.7 0.7848939981
84.77 0.751775950339
84.84 0.57907071404
84.91 0.272533711907
84.98 0.967502230584
85.05 0.79335612806
85.12 0.641903095742
85.19 0.265962231234
85.26 0.117081583549
85.33 0.0942313436198
85.4 0.0454601695218
85.47 0.0355695203272
85.54 0.0802974409536
85.61 0.06507355688
85.68 0.0509583199943
85.75 0.0715027577262
85.82 0.0418137896726
85.89 0.0193388592031
85.96 0.0986296310704
86.03 0.0659081870206
86.1 0.0346795021615
86.17 0.670615468533
86.24 0.861221262538
86.31 0.657023297255
86.38 0.659269143615
86.45 0.671849279747
86.52 0.502241039648
86.59 0.881221831992
86.66 0.820519716186
86.73 0.525067510185
86.8 0.269335926362
86.87 0.406101068375
86.94 0.30434332554
87.01 0.109304631163
87.08 0.0715534355179
87.15 0.0516406973851
87.22 0.130735828604
87.29 0.0773234517899
87.36 0.0650215237907
87.43 0.667046545088
87.5 0.855360035888
87.57 0.533784737009
87.64 0.248451308942
87.71 0.0967213847383
87.78 0.0752275151225
87.85 0.0759910162608
87.92 0.0419884174662
87.99 0.0396609144278
88.06 0.111101856802
88.13 0.0324572483157
88.2 0.0217347496377
88.27 0.824102988556
88.34 0.752928158858
88.41 0.553108489238
88.48 0.20380750061
88.55 0.0809394408141
88.62 0.0622218408246
88.69 0.0993861524263
88.76 0.0422011360127
88.83 0.0334476388999
88.9 0.726456274408
88.97 0.633896890179
89.04 0.464800965192
89.11 0.191472062304
89.18 0.0782640351888
89.25 0.0650960100258
89.32 0.10379932403
89.39 0.0583047299506
89.46 0.0773460060087
89.53 0.0722108180058
89.6 0.24208647669
89.67 0.117306987911
89.74 0.0494246560855
89.81 0.0313264822123
89.88 0.875625073285
89.95 0.93141371169
90.02 0.792371229877
90.09 0.230318434857
90.16 0.102049851956
90.23 0.0844697853695
90.3 0.0864236799611
90.37 0.0410570902903
90.44 0.0445272722681
90.51 0.669860533334
90.58 0.8411477574
90.65 0.795565506579
90.72 0.341759152804
90.79 0.078251260935
90.86 0.0524436055229
90.93 0.112088506536
91.0 0.0514331473463
91.07 0.0426076368422
91.14 0.0768949491976
91.21 0.0311496698627
91.28 0.0275265460008
91.35 0.11397425378
91.42 0.0355559696487
91.49 0.0463692594807
91.56 0.935293350884
91.63 0.838267824739
91.7 0.608789801859
91.77 0.270802839569
91.84 0.107177521503
91.91 0.0640996549837
91.98 0.0729843035524
92.05 0.0375032876016
92.12 0.490339599781
92.19 1.0
92.26 0.926802941147
92.33 0.398307016269
92.4 0.13109085684
92.47 0.0822259466871
92.54 0.0932230286511
92.61 0.0903408850169
92.68 0.0495965089648
92.75 0.0615210635466
92.82 0.0543513016961
92.89 0.0299185095182
92.96 0.0852820990426
93.03 0.0491929599275
93.1 0.0439028981672
93.17 0.559309642893
93.24 0.99360064786
93.31 0.855261965178
93.38 0.5029786569
93.45 0.252596963185
93.52 0.0921892570593
93.59 0.0708181923337
93.66 0.0345912045254
93.73 0.0443310826091
93.8 0.0904556098069
93.87 0.0470780996307
93.94 0.0485570933627
94.01 0.0443056007178
94.08 0.0298188629878
94.15 0.0728883220682
94.22 0.0626205222763
94.29 0.0358431158539
94.36 0.0427941717289
94.43 0.621452471018
94.5 0.849452336315
94.57 0.793025820222
94.64 0.429869616584
94.71 0.280432360826
94.78 0.257899964591
94.85 0.758001103097
94.92 0.984392049866
94.99 0.756806633414
95.06 0.333091644727
95.13 0.129854887486
95.2 0.106534991009
95.27 0.0776998018429
95.34 0.0366381552259
95.41 0.0432067920714
95.48 0.107513356199
95.55 0.0563582952383
95.62 0.0487217689077
95.69 0.0380254194327
95.76 0.0160153250157
95.83 0.0585369280281
95.9 0.0639034825531
95.97 0.0352362744795
96.04 0.0425389806837
96.11 0.0327466893383
96.18 0.0280557667274
96.25 0.0830416911008
96.32 0.0465350456806
96.39 0.0352567693352
96.46 0.687827452381
96.53 0.994513169708
96.6 0.798324548995
96.67 0.42040762274
96.74 0.18382180612
96.81 0.191658929124
96.88 0.0863983795419
96.95 0.0374941715026
97.02 0.185403253456
97.09 0.838144497255
97.16 0.787639755155
97.23 0.518863733226
97.3 0.252911422081
97.37 0.0842603838563
97.44 0.085617555863
97.51 0.0786260064534
97.58 0.0541078133008
97.65 0.059500329814
97.72 0.0335400782335
97.79 0.0248561343025
97.86 0.0814635366782
97.93 0.0487993711787
98.0 0.0355568632263
98.07 0.662177461721
98.14 0.804515330029
98.21 0.544617378882
98.28 0.239768078265
98.35 0.1827861061
98.42 0.139983304112
98.49 0.05633986434
98.56 0.0332867467025
98.63 0.0535358559073
98.7 0.705972915802
98.77 0.690856029026
98.84 0.398050853544
98.91 0.196125963469
98.98 0.153774189578
99.05 0.163208716824
99.12 0.102850460682
99.19 0.0689321361278
99.26 0.0902382579805
99.33 0.0411137118659
99.4 0.0219582037488
99.47 0.110581281266
99.54 0.0488604491564
99.61 0.0191587539399
99.68 0.484690505914
99.75 0.755574233776
99.82 0.616537113428
99.89 0.543072536065
99.96 0.503489895814
100.03 0.527496914372
100.1 0.481196665954
100.17 0.534405418498
100.24 0.427600322428
100.31 0.728729929637
100.38 0.388818026735
100.45 0.216973206835
100.52 0.866951276857
100.59 0.820078368129
100.66 0.745400418128
100.73 0.52767488217
100.8 0.610813472453
100.87 0.771618917064
100.94 0.759507353242
101.01 0.62234743602
101.08 0.489864756349
101.15 0.720091182582
101.22 0.337676238502
101.29 0.234970257134
101.36 0.976006123234
101.43 0.835219937401
101.5 0.721805124038
101.57 0.55846033419
101.64 0.570808971716
101.71 0.546013596092
101.78 0.537049621268
101.85 0.354860562795
101.92 0.273812788912
101.99 0.944803832221
102.06 0.653852192695
102.13 0.4648374204
102.2 0.359863505915
102.27 0.262220192645
102.34 0.22155393916
102.41 0.400913323541
102.48 0.377451699693
102.55 0.327953828825
102.62 0.283458651841
102.69 0.154984445032
102.76 0.400793269445
102.83 0.409785135834
102.9 0.121025177857
102.97 0.615927010151
103.04 0.611700628414
103.11 0.586792452982
103.18 0.751773418919
103.25 0.619007980532
103.32 0.693873955099
103.39 0.762793494999
103.46 0.54038320648
103.53 0.663196376725
103.6 0.598597848194
103.67 0.401363588996
103.74 0.449125394898
103.81 0.709370991356
103.88 0.528655508869
103.95 0.353987934934
104.02 0.68173428608
104.09 0.615994470662
104.16 0.582057912761
104.23 0.487034921458
104.3 0.410631148177
104.37 0.605860362934
104.44 0.652894362561
104.51 0.393718352007
104.58 0.510968981362
104.65 0.83135124281
104.72 0.60744186655
104.79 0.825070134639
104.86 0.651163463806
104.93 0.691512844126
105.0 0.671837168211
105.07 0.526252730537
105.14 0.609104801726
105.21 0.515066927982
105.28 0.412978019336
105.35 0.278929651684
105.42 0.735115179791
105.49 0.62524612577
105.56 0.407436722162
105.63 0.54326592669
105.7 0.460148356154
105.77 0.502345669769
105.84 0.549158754744
105.91 0.516152600579
105.98 0.671569965554
106.05 0.599264190577
106.12 0.256012295811
106.19 0.534084772323
106.26 0.696517112682
106.33 0.405776525146
106.4 0.498863883917
106.47 0.527042910363
106.54 0.503372235312
106.61 0.597206696121
106.68 0.54682647945
106.75 0.443122738354
106.82 0.47691109217
106.89 0.66156775929
106.96 0.548781468617
107.03 0.477485724553
107.1 0.421344471031
107.17 0.469864252363
107.24 0.736403963253
107.31 0.562811615787
107.38 0.635197444056
107.45 0.51706929973
107.52 0.36637433128
107.59 0.482238044441
107.66 0.518103240159
107.73 0.372044517252
107.8 0.572585529068
107.87 0.71450633786
107.94 0.548792739409
108.01 0.440539220755
108.08 0.368560927017
108.15 0.304964108103
108.22 0.684727514726
108.29 0.673317595342
108.36 0.650666147703
108.43 0.602984931469
108.5 0.35825734737
108.57 0.571372592881
108.64 0.621662766109
108.71 0.459940895703
108.78 0.398944860649
108.85 0.532225180025
108.92 0.51385640836
108.99 0.608717779279
109.06 0.555724299673
109.13 0.466803818186
109.2 0.530896361303
109.27 0.538201362324
109.34 0.277001597333
109.41 0.561525915052
109.48 0.771738837927
109.55 0.668979715112
109.62 0.649396674934
109.69 0.526223639879
109.76 0.554786627867
109.83 0.780501335135
109.9 0.771647100362
109.97 0.651251484639
110.04 0.732420345171
110.11 0.573903023015
110.18 0.48084239232
110.25 0.781802451804
110.32 0.610718690062
110.39 0.430266236376
110.46 0.73270522757
110.53 0.711284730089
110.6 0.696007693082
110.67 0.772944966615
110.74 0.587681164089
110.81 0.463704467443
110.88 0.641650835815
110.95 0.387032995328
111.02 0.290308654203
111.09 0.686555143825
111.16 0.679105055902
111.23 0.632983077353
111.3 0.715814946568
111.37 0.606053185023
111.44 0.618435752079
111.51 0.897183688222
111.58 0.658285203329
111.65 0.620596100986
111.72 0.762495304267
111.79 0.475960300394
111.86 0.4826657373
111.93 0.75685754666
112.0 0.549139127049
112.07 0.589438955164
112.14 0.785560500133
112.21 0.742670479004
112.28 0.702184392804
112.35 0.602646501033
112.42 0.451902856727
112.49 0.527314462607
112.56 0.635314479743
112.63 0.483054513594
112.7 0.529329726909
112.77 0.738740352679
112.84 0.632219728972
112.91 0.68029878936
112.98 0.568556150167
113.05 0.468600693515
113.12 0.812141479145
113.19 0.761941933976
113.26 0.662537060066
113.33 0.716032962261
113.4 0.534973529373
113.47 0.350965654681
113.54 0.547580618698
113.61 0.55456002556
113.68 0.481220358393
113.75 0.545667064883
113.82 0.637693175127
113.89 0.574930044536
113.96 0.662854312254
114.03 0.537367183567
114.1 0.482129025683
114.17 0.720025256544
114.24 0.424218381807
114.31 0.365179437779
114.38 0.66795373763
114.45 0.73655560497
114.52 0.650852278297
114.59 0.641344465058
114.66 0.529639002367
114.73 0.49757343275
114.8 0.703185019331
114.87 0.545613635148
114.94 0.528247107178
115.01 0.574771341489
115.08 0.300323757616
115.15 0.318854715903
115.22 0.618241502333
115.29 0.51249359464
115.36 0.518705587229
115.43 0.424929157276
115.5 0.337216005867
115.57 0.463608898291
115.64 0.809225314096
115.71 0.549322030198
115.78 0.418911151412
115.85 0.37236551144
115.92 0.277856956635
115.99 0.479836845374
116.06 0.692492362468
116.13 0.51757828862
116.2 0.500690161163
116.27 0.415305353537
116.34 0.346395359296
116.41 0.648151038173
116.48 0.660744057672
116.55 0.447746650689
116.62 0.729373856776
116.69 0.605611850749
116.76 0.387874522555
116.83 0.847436563202
116.9 0.676887292915
116.97 0.569869704564
117.04 0.714932377945
117.11 0.639815689409
117.18 0.672244327164
117.25 0.752024007695
117.32 0.596412670925
117.39 0.715582926517
117.46 0.739502650129
117.53 0.629026823647
117.6 0.710902261671
117.67 0.802426629272
117.74 0.647851822929
117.81 0.635840908327
117.88 0.545215347651
117.95 0.482655208476
118.02 0.830799787163
118.09 0.6968613284
118.16 0.62978210571
118.23 0.794003093134
118.3 0.715769580854
118.37 0.552858004981
118.44 0.849309864679
118.51 0.715414761655
118.58 0.680575918997
118.65 0.658695354273
118.72 0.770895458077
118.79 0.604101177511
118.86 0.767809389251
118.93 0.752636329985
119.0 0.715855853584
119.07 0.732883910919
119.14 0.490993917918
119.21 0.740811621782
119.28 0.759939064903
119.35 0.774722087908
119.42 0.753541827257
119.49 0.748327350901
119.56 0.698887410964
119.63 0.753829760223
119.7 0.688954615461
119.77 0.769610049077
119.84 0.675317104885
119.91 0.719145124011
119.98 0.744285719192
120.05 0.714404807695
120.12 0.763033360845
120.19 0.810987815404
120.26 0.707638384696
120.33 0.709676985385
120.4 0.719977893489
120.47 0.665519708203
120.54 0.701869581301
120.61 0.81108425746
120.68 0.66108020937
120.75 0.729874821846
120.82 0.842310157067
120.89 0.703392869143
120.96 0.721967980268
121.03 0.699553578766
121.1 0.609682910792
121.17 0.687033349083
121.24 0.655307356161
121.31 0.443585712596
121.38 0.562957415942
121.45 0.361430133417
121.52 0.319893341298
121.59 0.61277237016
121.66 0.423420325175
121.73 0.456507097722
121.8 0.828062783264
121.87 0.764745441638
121.94 0.695271403563
122.01 0.803079288893
122.08 0.557005362533
122.15 0.620854622847
122.22 0.854207568944
122.29 0.331571330499
122.36 0.703384364077
122.43 0.797532112254
122.5 0.639294011258
122.57 0.733071818332
122.64 0.668167951598
122.71 0.645885505542
122.78 0.621662203316
122.85 0.585292089194
122.92 0.474532408272
122.99 0.800932878877
123.06 0.606207617735
123.13 0.435140284955
123.2 0.644632668476
123.27 0.626584394821
123.34 0.663277724441
123.41 0.65515871907
123.48 0.605143704555
123.55 0.747277384652
123.62 0.66463546728
123.69 0.535053439096
123.76 0.570170451984
123.83 0.593736043235
123.9 0.345882971824
123.97 0.532851264328
124.04 0.843349218914
124.11 0.801998320786
124.18 0.766231530008
124.25 0.743591740224
124.32 0.623737301709
124.39 0.683135511
124.46 0.686252957262
124.53 0.481442113788
124.6 0.712688222261
124.67 0.511224999369
124.74 0.495462461468
124.81 0.784579743647
124.88 0.720890284401
124.95 0.637816594495
125.02 0.829004522111
125.09 0.608833308059
125.16 0.614998368302
125.23 0.780685999022
125.3 0.582797449252
125.37 0.680651751341
125.44 0.659152880907
125.51 0.29949811149
125.58 0.687138278977
125.65 0.874990962864
125.72 0.787456561421
125.79 0.724633093672
125.86 0.592135668823
125.93 0.534443724031
126.0 0.468252811602
126.07 0.554950775076
126.14 0.532252217063
126.21 0.494905180339
126.28 0.509654573588
126.35 0.459611987956
126.42 0.47561690934
126.49 0.859765522496
126.56 0.808850343461
126.63 0.783729239296
126.7 0.718022272616
126.77 0.652914809177
126.84 0.581537225815
126.91 0.678754490959
126.98 0.638209248319
127.05 0.554114271638
127.12 0.498141632064
127.19 0.464102478137
127.26 0.547960118095
127.33 0.603572124474
127.4 0.679794980463
127.47 0.639741168717
127.54 0.557696248436
127.61 0.511426890466
127.68 0.491392473029
127.75 0.522817298159
127.82 0.455305356523
127.89 0.464083487892
127.96 0.452869714522
128.03 0.462451880763
128.1 0.522648897843
128.17 0.825208147576
128.24 0.727653476509
128.31 0.621379410143
128.38 0.537376927927
128.45 0.457473158418
128.52 0.411403364568
128.59 0.469555063047
128.66 0.445214993896
128.73 0.359290821485
128.8 0.339338417927
128.87 0.245621599244
128.94 0.341589654467
129.01 0.779336947315
129.08 0.709477585509
129.15 0.703348104124
129.22 0.639874897536
129.29 0.543748666453
129.36 0.580010550877
129.43 0.865137470646
129.5 0.835887306594
129.57 0.752890711297
129.64 0.7174160216
129.71 0.611874900154
129.78 0.584577418967
129.85 0.608353325982
129.92 0.64144250246
129.99 0.611838078557
130.06 0.616443055777
130.13 0.501476420964
130.2 0.599743868286
130.27 0.820565157705
130.34 0.710904432444
130.41 0.609866159657
130.48 0.57864107897
130.55 0.367292355866
130.62 0.80148679703
130.69 0.698440027239
130.76 0.627021346201
130.83 0.451355440557
130.9 0.34257004686
130.97 0.21157330395
131.04 0.107794489707
131.11 0.0982006920264
131.18 0.0734747306091
131.25 0.0605170269536
131.32 0.0511677559641
131.39 0.0444813667317
131.46 0.81170731072
131.53 0.566883392529
131.6 0.596726974766
131.67 0.486928248055
131.74 0.408672453764
131.81 0.31611079654
131.88 0.184439198141
131.95 0.15017773177
132.02 0.0782597430303
132.09 0.0643405407483
132.16 0.0485489879941
132.23 0.045057885046
132.3 0.0420355737815
132.37 0.0341446087107
132.44 0.0344269849576
132.51 0.0264939746514
132.58 0.025801465837
132.65 0.0193419086226
132.72 0.0178289141502
132.79 0.0159640040318
132.86 0.0128590345474
132.93 0.0142107428672
133.0 0.00819527072132
133.07 0.0
133.14 0.0
133.21 0.0
133.28 0.0
133.35 0.0
133.42 0.0
133.49 0.0
133.56 0.0
133.63 0.0
133.7 0.0
133.77 0.0
133.84 0.0
133.91 0.0
133.98 0.0
134.05 0.0
134.12 0.0
134.19 0.0
134.26 0.0
134.33 0.0
134.4 0.0
134.47 0.0
134.54 0.0
134.61 0.0
134.68 0.0
134.75 0.0
134.82 0.0
134.89 0.0
134.96 0.0
135.03 0.0
135.1 0.0
135.17 0.0
135.24 0.0
135.31 0.0
135.38 0.0
135.45 0.0
135.52 0.0
135.59 0.0
135.66 0.0
135.73 0.0
135.8 0.0
135.87 0.0
135.94 0.0
136.01 0.0
136.08 0.0
136.15 0.0
136.22 0.0
136.29 0.0
136.36 0.0
136.43 0.0
136.5 0.0
136.57 0.0
136.64 0.0
136.71 0.0
136.78 0.0
136.85 0.0
136.92 0.0
136.99 0.0
137.06 0.0
137.13 0.0
137.2 0.0
137.27 0.0
137.34 0.0
137.41 0.0
137.48 0.0
137.55 0.0
137.62 0.0
137.69 0.0
137.76 0.0
137.83 0.0
137.9 0.0
137.97 0.0
138.04 0.0
138.11 0.0
138.18 0.0
138.25 0.0
138.32 0.0
138.39 0.0
138.46 0.0
138.53 0.0
138.6 0.0
138.67 0.0
138.74 0.0
138.81 0.0
138.88 0.0
138.95 0.0
139.02 0.0
139.09 0.0
139.16 0.0
139.23 0.0
139.3 0.0
139.37 0.0
139.44 0.0
139.51 0.0
139.58 0.0
139.65 0.0
139.72 0.0
139.79 0.0
139.86 0.0
139.93 0.0
140.0 0.0
140.07 0.0
140.14 0.0
140.21 0.0
140.28 0.0
140.35 0.0
140.42 0.0
140.49 0.0
140.56 0.0
140.63 0.0
140.7 0.0
140.77 0.0
140.84 0.0
140.91 0.0
140.98 0.0
141.05 0.0
141.12 0.0
141.19 0.0
141.26 0.0
141.33 0.0
141.4 0.0
141.47 0.0
141.54 0.0
141.61 0.0
141.68 0.0
141.75 0.0
141.82 0.0
141.89 0.0
141.96 0.0
