0.0 0
35.7220413689 0.0
40.3612675207 0.4649122807017544
48.2958170104 0.0
48.2958170104 0.46491228070175433
51.0782589547 0.0
51.0782589547 0.45907927518217034
53.9096074874 0.0
53.9096074874 0.4596948732165434
56.4373579441 0.0
56.4373579441 0.4602535467671794
76.4170290558 0.4647605197874672
76.4204769678 0.0
79.170186757 0.0
79.3046553234 0.46539947204284104
81.8466284169 0.46596451998452415
81.9500657758 0.0
84.7204630367 0.0
84.7204630367 0.46668879189935375
96.5761429638 0.46928614843150035
97.3778692968 0.0
119.647246364 0.0
121.710543281 0.46255653547334136
125.76219912 0.4627597931602573
125.878566148 0.0
128.492945393 0.0
128.624828026 0.4629034014411839
131.308057762 0.4630380098806568
131.478729404 0.0
133.922437007 0.0
134.077593045 0.46317694797358583
153.332389656 0.4641428951262529
153.461331991 0.0
155.88190027 0.0
155.908166301 0.46428936259913695
158.728182925 0.4644270211841609
158.949226928 0.0
161.509653296 0.0
161.693856631 0.4645717899924588
168.669007948 0.4649122807017544
181.293546154 0.2220884722048934
181.293546154 0.0
183.996746946 0.0
184.137375889 0.163909728497713
186.834717142 0.11230862368904082
186.912844332 0
192.705418648 0
200.130680618 0.70485347985348
203.993401361 0
