0.0 0.0
0.07 0.0
0.14 0.0
0.21 0.0
0.28 0.0
0.35 0.0
0.42 0.0
0.49 0.0
0.56 0.0
0.63 0.0
0.7 0.0
0.77 0.0
0.84 0.0
0.91 0.0
0.98 0.0
1.05 0.0
1.12 0.0
1.19 0.0
1.26 0.0
1.33 0.0
1.4 0.0
1.47 0.0
1.54 0.0
1.61 0.0
1.68 0.0
1.75 0.0
1.82 0.0
1.89 0.0
1.96 0.0
2.03 0.0
2.1 0.0
2.17 0.0
2.24 0.0
2.31 0.0
2.38 0.0
2.45 0.0
2.52 0.0
2.59 0.0
2.66 0.0
2.73 0.0
2.8 0.0
2.87 0.0
2.94 0.0
3.01 0.0
3.08 0.0
3.15 0.0
3.22 0.0
3.29 0.0
3.36 0.0
3.43 0.0
3.5 0.0
3.57 0.0
3.64 0.0
3.71 0.0
3.78 0.0
3.85 0.0
3.92 0.0
3.99 4.37211798197e-05
4.06 5.0749561473e-05
4.13 0.052295790848
4.2 0.0424580058068
4.27 0.0330177704062
4.34 0.0177485220491
4.41 0.00747316385903
4.48 0.0606923940553
4.55 0.0503920117742
4.62 0.0617319503932
4.69 0.0998072333631
4.76 0.0643534671731
4.83 0.0436844196891
4.9 0.0326511981641
4.97 0.176668685936
5.04 0.256989577984
5.11 0.138826998182
5.18 0.0743726771552
5.25 0.0428348978633
5.32 0.0294980538329
5.39 0.0139956108873
5.46 0.0118103116304
5.53 0.0134369280504
5.6 0.045222456954
5.67 0.0238804938288
5.74 0.021593597817
5.81 0.0187270595104
5.88 0.0154317719677
5.95 0.0119119038965
6.02 0.0102423653079
6.09 0.00931544936278
6.16 0.00795934090977
6.23 0.0079920779287
6.3 0.0102156747396
6.37 0.013117666928
6.44 0.0144448482544
6.51 0.00934700020905
6.58 0.0994645371944
6.65 0.130344986054
6.72 0.0905555657502
6.79 0.111519174583
6.86 0.0949305150601
6.93 0.0841825383228
7.0 0.0640617753069
7.07 0.0641975297946
7.14 0.0813504326898
7.21 0.132535549584
7.28 0.0929290422668
7.35 0.0626178867099
7.42 0.0465583454835
7.49 0.0365542056175
7.56 0.0275720292522
7.63 0.0908664776535
7.7 0.108295061889
7.77 0.083304819927
7.84 0.0338569544623
7.91 0.0269728807577
7.98 0.0271973198881
8.05 0.0254301223685
8.12 0.0501752956714
8.19 0.0543307278503
8.26 0.11554443862
8.33 0.152274373979
8.4 0.176560320029
8.47 0.111891962729
8.54 0.0213330292362
8.61 0.00843798683018
8.68 0.00878385996647
8.75 0.136839014316
8.82 0.120788739151
8.89 0.0819478417637
8.96 0.0201810715356
9.03 0.00961036645154
9.1 0.00686907765422
9.17 0.00561381519975
9.24 0.155878633129
9.31 0.244189117418
9.38 0.166593834692
9.45 0.107513107017
9.52 0.118518394569
9.59 0.0922824861429
9.66 0.0785976648383
9.73 0.0730873653673
9.8 0.101530628904
9.87 0.0936371985705
9.94 0.0930768941447
10.01 0.153215442075
10.08 0.119738764245
10.15 0.0706853690851
10.22 0.0420626231476
10.29 0.0496310893032
10.36 0.0773334774726
10.43 0.0627254423834
10.5 0.236878680289
10.57 0.262981481513
10.64 0.238904840511
10.71 0.244596320282
10.78 0.125434026975
10.85 0.189020034822
10.92 0.205434845423
10.99 0.146513586711
11.06 0.308367965834
11.13 0.342272541146
11.2 0.237822665
11.27 0.154721236092
11.34 0.167270275185
11.41 0.188450657354
11.48 0.415972580967
11.55 0.281022926489
11.62 0.205525992188
11.69 0.203298864914
11.76 0.0410373996359
11.83 0.0267402977719
11.9 0.018963444533
11.97 0.177130669329
12.04 0.220255812533
12.11 0.173268991632
12.18 0.139352483895
12.25 0.0926490561405
12.32 0.057697007322
12.39 0.0389917051585
12.46 0.0164710017434
12.53 0.00956204646795
12.6 0.0743699198929
12.67 0.112246255784
12.74 0.0717927583398
12.81 0.026949849706
12.88 0.0119665183384
12.95 0.0483935218068
13.02 0.118871542972
13.09 0.0255314699935
13.16 0.227847698024
13.23 0.363303235506
13.3 0.220907189658
13.37 0.153710577703
13.44 0.112358907399
13.51 0.0874127928549
13.58 0.122979481112
13.65 0.0871552766769
13.72 0.139118800025
13.79 0.143802201361
13.86 0.135072823416
13.93 0.085417316013
14.0 0.0424363943468
14.07 0.0719719254005
14.14 0.124587444209
14.21 0.163552914415
14.28 0.146790368937
14.35 0.0821321406764
14.42 0.0494100504596
14.49 0.0335913987942
14.56 0.02882924098
14.63 0.020819943909
14.7 0.0243316434364
14.77 0.177263129017
14.84 0.111322707581
14.91 0.0354481046563
14.98 0.0156583085028
15.05 0.0096819116286
15.12 0.0898720407652
15.19 0.0519037680762
15.26 0.038365558611
15.33 0.0934093591533
15.4 0.125463001234
15.47 0.162944276539
15.54 0.164901345851
15.61 0.141218718416
15.68 0.233746781578
15.75 0.354595187347
15.82 0.271541910091
15.89 0.207907988499
15.96 0.16450917607
16.03 0.152147252628
16.1 0.160614025187
16.17 0.197796821519
16.24 0.218049567285
16.31 0.243534806844
16.38 0.269848037568
16.45 0.257053934304
16.52 0.268560557676
16.59 0.21165538738
16.66 0.158952071595
16.73 0.131811913558
16.8 0.110530363318
16.87 0.0990711195195
16.94 0.137139035201
17.01 0.148681234776
17.08 0.0524018775527
17.15 0.0242189547887
17.22 0.0135804246434
17.29 0.0868256441185
17.36 0.217174559019
17.43 0.250125315719
17.5 0.262080095774
17.57 0.191587517341
17.64 0.0975169774638
17.71 0.0777133186887
17.78 0.0834716898448
17.85 0.196233707419
17.92 0.208553652468
17.99 0.164721380901
18.06 0.142207562225
18.13 0.145214435868
18.2 0.0456715360899
18.27 0.0145332691784
18.34 0.118349635977
18.41 0.299828880509
18.48 0.261332645397
18.55 0.259711638889
18.62 0.222162228793
18.69 0.226726936552
18.76 0.173625395558
18.83 0.125409437178
18.9 0.256549984863
18.97 0.185350742661
19.04 0.157568277176
19.11 0.171464898195
19.18 0.0489685955972
19.25 0.0285656738625
19.32 0.035050572971
19.39 0.0347359914512
19.46 0.170263453416
19.53 0.265536550179
19.6 0.336837438513
19.67 0.328535345324
19.74 0.280103622473
19.81 0.220705775968
19.88 0.26110226867
19.95 0.262255736861
20.02 0.193709316522
20.09 0.163026075321
20.16 0.171262874025
20.23 0.133436364119
20.3 0.0938142592489
20.37 0.0672714620314
20.44 0.0470976175081
20.51 0.0328968627154
20.58 0.0330861105604
20.65 0.116393652961
20.72 0.108188269317
20.79 0.105945048474
20.86 0.110573594093
20.93 0.097385692726
21.0 0.0795826123453
21.07 0.0680313318723
21.14 0.111343352821
21.21 0.182759653399
21.28 0.0663387644764
21.35 0.0222876188029
21.42 0.0115651879828
21.49 0.00854326217925
21.56 0.0104076080257
21.63 0.0244803661468
21.7 0.0860242268125
21.77 0.339598995488
21.84 0.454214166018
21.91 0.329123630856
21.98 0.101992326134
22.05 0.110062451306
22.12 0.285129811998
22.19 0.319361313105
22.26 0.29458392012
22.33 0.293813351159
22.4 0.309454352987
22.47 0.284895838598
22.54 0.176801800993
22.61 0.143850688553
22.68 0.122057618464
22.75 0.102683868165
22.82 0.147378885644
22.89 0.0922406154822
22.96 0.0611308806805
23.03 0.0197894123588
23.1 0.0520218118951
23.17 0.222402363109
23.24 0.250713839159
23.31 0.204623514541
23.38 0.163214553332
23.45 0.13635419738
23.52 0.136772599868
23.59 0.0524039121137
23.66 0.0504586405629
23.73 0.168645185092
23.8 0.204592190381
23.87 0.200361069837
23.94 0.193952159845
24.01 0.26027236302
24.08 0.284279580938
24.15 0.315342449014
24.22 0.326935074955
24.29 0.289818432718
24.36 0.214484514676
24.43 0.240949346571
24.5 0.22462458185
24.57 0.218763502954
24.64 0.156795274148
24.71 0.0998969807356
24.78 0.171966045485
24.85 0.104275478464
24.92 0.0786588924454
24.99 0.0998638296224
25.06 0.0843769157755
25.13 0.0771261149642
25.2 0.0775076316352
25.27 0.168673086522
25.34 0.326138093732
25.41 0.207621624871
25.48 0.138041824821
25.55 0.0779814049333
25.62 0.0522942365915
25.69 0.0609595051021
25.76 0.0241196854908
25.83 0.100979987802
25.9 0.0737474205177
25.97 0.0776688725633
26.04 0.117352605668
26.11 0.103508242457
26.18 0.105215210011
26.25 0.0994918539542
26.32 0.261224037093
26.39 0.31136682692
26.46 0.208391505919
26.53 0.20274468886
26.6 0.0996855221721
26.67 0.033316050749
26.74 0.0171573131681
26.81 0.0125224742126
26.88 0.0261466705352
26.95 0.0376310719674
27.02 0.0475631190194
27.09 0.0796630880447
27.16 0.031745796047
27.23 0.0114699676074
27.3 0.00789959461578
27.37 0.0120480253459
27.44 0.0920031654852
27.51 0.115810182819
27.58 0.174202496054
27.65 0.322166164822
27.72 0.27728262781
27.79 0.207068970529
27.86 0.110945124245
27.93 0.0843777641639
28.0 0.123463873853
28.07 0.0288399479558
28.14 0.332753618843
28.21 0.744606999202
28.28 0.641880229069
28.35 0.496997761072
28.42 0.341296216676
28.49 0.174147463029
28.56 0.232738660499
28.63 0.388838436837
28.7 0.381455764374
28.77 0.140885015613
28.84 0.218656048279
28.91 0.110947382126
28.98 0.0403182625379
29.05 0.0393683581849
29.12 0.174698957008
29.19 0.193490240418
29.26 0.199601646635
29.33 0.649308835704
29.4 0.714781700867
29.47 0.54331524056
29.54 0.341955957609
29.61 0.170137513749
29.68 0.136704916205
29.75 0.108495888665
29.82 0.112023882636
29.89 0.0593067839057
29.96 0.0262752170882
30.03 0.0283494425532
30.1 0.0771723319321
30.17 0.111685603474
30.24 0.0698970737441
30.31 0.188599253255
30.38 0.422587498964
30.45 0.297575050323
30.52 0.196375656489
30.59 0.118439697567
30.66 0.129463064994
30.73 0.108158547668
30.8 0.0809490013355
30.87 0.136759282639
30.94 0.16719564955
31.01 0.0704493656129
31.08 0.0496951055944
31.15 0.04218333333
31.22 0.132944398725
31.29 0.275000443945
31.36 0.157836493597
31.43 0.3193299564
31.5 0.200957035753
31.57 0.157878316002
31.64 0.0896761326223
31.71 0.0705792049482
31.78 0.0556410693403
31.85 0.0343426579418
31.92 0.145641719502
31.99 0.111278356844
32.06 0.0505252783293
32.13 0.0491568536558
32.2 0.0403698256994
32.27 0.115033521397
32.34 0.136053095809
32.41 0.0869059705643
32.48 0.649923334866
32.55 0.71040097107
32.62 0.533584999971
32.69 0.355415024556
32.76 0.242200596014
32.83 0.279712620909
32.9 0.309532993879
32.97 0.257098744024
33.04 0.144088327081
33.11 0.0910534429298
33.18 0.186102183606
33.25 0.206417307242
33.32 0.214195428574
33.39 0.140050008411
33.46 0.092404615917
33.53 0.530890769796
33.6 0.673880910841
33.67 0.555299863462
33.74 0.398481149779
33.81 0.242254665063
33.88 0.190874364972
33.95 0.166039997545
34.02 0.124688441706
34.09 0.334573217813
34.16 0.433677790319
34.23 0.379311586143
34.3 0.277328549638
34.37 0.122140717883
34.44 0.150980847636
34.51 0.2453172675
34.58 0.521551706957
34.65 0.537778615238
34.72 0.505955199509
34.79 0.445650056601
34.86 0.392589681521
34.93 0.368273867935
35.0 0.317988344616
35.07 0.281418392191
35.14 0.28798790682
35.21 0.213906242596
35.28 0.188984612362
35.35 0.173163230367
35.42 0.156537157589
35.49 0.219916319143
35.56 0.224802195776
35.63 0.313049523384
35.7 0.43269217061
35.77 0.277694253292
35.84 0.27651442895
35.91 0.237660552118
35.98 0.276260565555
36.05 0.333444175577
36.12 0.302499758681
36.19 0.263120353491
36.26 0.168127606449
36.33 0.134574628651
36.4 0.288173866599
36.47 0.35958240375
36.54 0.327553459197
36.61 0.261512145753
36.68 0.328952247422
36.75 0.473270933274
36.82 0.34801223429
36.89 0.351571538956
36.96 0.336432821213
37.03 0.275459037151
37.1 0.215200043879
37.17 0.206389975893
37.24 0.212928229205
37.31 0.122894985667
37.38 0.0956382213588
37.45 0.093241656558
37.52 0.0880692636766
37.59 0.232597648472
37.66 0.415677926474
37.73 0.276146989242
37.8 0.404321360116
37.87 0.259542832042
37.94 0.26367520848
38.01 0.21152177743
38.08 0.176079565482
38.15 0.307321224006
38.22 0.24581437709
38.29 0.242258966482
38.36 0.325590133582
38.43 0.157499855101
38.5 0.0901126205971
38.57 0.0619173457021
38.64 0.0775829103945
38.71 0.0773463099082
38.78 0.0789178652479
38.85 0.448336491927
38.92 0.461066550845
38.99 0.306120005912
39.06 0.225732777971
39.13 0.179011393784
39.2 0.397607736169
39.27 0.508246367762
39.34 0.202798231594
39.41 0.190628589323
39.48 0.223231858031
39.55 0.252999662341
39.62 0.250298971622
39.69 0.23958376557
39.76 0.333562616657
39.83 0.317398787623
39.9 0.320627434033
39.97 0.366355398051
40.04 0.17414315151
40.11 0.155025155524
40.18 0.121771628531
40.25 0.0954980801644
40.32 0.107414155304
40.39 0.11735403536
40.46 0.169737939647
40.53 0.137951190905
40.6 0.104294536903
40.67 0.100458833807
40.74 0.0794529043082
40.81 0.133265555255
40.88 0.191342655168
40.95 0.370098244139
41.02 0.658501461769
41.09 0.53956602707
41.16 0.395399943398
41.23 0.226783540667
41.3 0.18074574992
41.37 0.18605297259
41.44 0.196430165443
41.51 0.160388349385
41.58 0.0877556169551
41.65 0.0575012102777
41.72 0.0415209552114
41.79 0.0455045101853
41.86 0.0433758891088
41.93 0.0451497469262
42.0 0.310325022802
42.07 0.471492065926
42.14 0.306223455431
42.21 0.203158332069
42.28 0.135184720907
42.35 0.0993437843681
42.42 0.101439384507
42.49 0.0996990705757
42.56 0.178489311725
42.63 0.117602791591
42.7 0.0446403166268
42.77 0.0336194775324
42.84 0.0309060172212
42.91 0.0539375873604
42.98 0.160213356934
43.05 0.1149763775
43.12 0.431400789928
43.19 0.636868944695
43.26 0.524608406585
43.33 0.36428812578
43.4 0.230507315972
43.47 0.200155291885
43.54 0.212233695371
43.61 0.143445093811
43.68 0.0807399308282
43.75 0.0343826376839
43.82 0.0203090850403
43.89 0.0162252361936
43.96 0.0287265220182
44.03 0.046789842173
44.1 0.036206476351
44.17 0.380370066256
44.24 0.699021766432
44.31 0.581737793814
44.38 0.455801082125
44.45 0.249950875394
44.52 0.161415509825
44.59 0.10559992385
44.66 0.106134363652
44.73 0.435761823872
44.8 0.356125415174
44.87 0.290869373845
44.94 0.187134452333
45.01 0.0801956503944
45.08 0.111637341845
45.15 0.0501464830099
45.22 0.300453100228
45.29 0.481365267816
45.36 0.232665134627
45.43 0.181536318852
45.5 0.138339074978
45.57 0.206468905192
45.64 0.266644922487
45.71 0.306257571642
45.78 0.31741319676
45.85 0.274403875404
45.92 0.111540917341
45.99 0.0633090404573
46.06 0.120228283228
46.13 0.262486763345
46.2 0.264258124253
46.27 0.329124756429
46.34 0.685226176576
46.41 0.777199520536
46.48 0.670795831723
46.55 0.55953668145
46.62 0.342389360637
46.69 0.227026509678
46.76 0.238900491959
46.83 0.291956776595
46.9 0.18002596082
46.97 0.141248447921
47.04 0.116573152195
47.11 0.0415953945599
47.18 0.0476490722105
47.25 0.0889773512348
47.32 0.0918673156099
47.39 0.555577182103
47.46 0.769447869819
47.53 0.629673422672
47.6 0.394444892604
47.67 0.21469787538
47.74 0.299592726661
47.81 0.365656453944
47.88 0.299979058722
47.95 0.27287252537
48.02 0.209511509901
48.09 0.236391084768
48.16 0.0849225091914
48.23 0.0881926548113
48.3 0.319419670107
48.37 0.35467427151
48.44 0.369067774311
48.51 0.716948003406
48.58 0.636715403228
48.65 0.44380145644
48.72 0.254164469311
48.79 0.196152091558
48.86 0.405028427879
48.93 0.260077712871
49.0 0.219779554669
49.07 0.175594508394
49.14 0.149220952317
49.21 0.029956730082
49.28 0.0216259241082
49.35 0.0495519198527
49.42 0.124262800982
49.49 0.180773278777
49.56 0.671558200719
49.63 0.452061689068
49.7 0.377155061393
49.77 0.356856052648
49.84 0.343223040268
49.91 0.367736916634
49.98 0.305911933047
50.05 0.326597116744
50.12 0.277548061158
50.19 0.297607869263
50.26 0.238596468162
50.33 0.257055262997
50.4 0.103011030746
50.47 0.242588691062
50.54 0.265540606957
50.61 0.476362273184
50.68 0.491484281266
50.75 0.246701802575
50.82 0.28204432552
50.89 0.355713008636
50.96 0.394100828465
51.03 0.381719496456
51.1 0.200643119702
51.17 0.308530113506
51.24 0.329345378934
51.31 0.315812045458
51.38 0.313265813048
51.45 0.162228749581
51.52 0.0541692781917
51.59 0.061780830358
51.66 0.14494779727
51.73 0.672616623599
51.8 0.740460165373
51.87 0.598963316961
51.94 0.392467206108
52.01 0.215896625741
52.08 0.141030553501
52.15 0.135371580696
52.22 0.231837367903
52.29 0.293626981775
52.36 0.242273312775
52.43 0.10757152574
52.5 0.0488729846938
52.57 0.0768118891839
52.64 0.209101660873
52.71 0.162488737981
52.78 0.246581549131
52.85 0.754039897615
52.92 0.689115105944
52.99 0.499615667712
53.06 0.32048483745
53.13 0.205409268084
53.2 0.119303077526
53.27 0.114291113095
53.34 0.183771437361
53.41 0.0864977184367
53.48 0.079010235218
53.55 0.0642683085044
53.62 0.0494647905887
53.69 0.0627990400768
53.76 0.100036173665
53.83 0.439949875238
53.9 0.582219456227
53.97 0.452444875582
54.04 0.405234208076
54.11 0.317145643563
54.18 0.234944037159
54.25 0.479757927543
54.32 0.383077538471
54.39 0.394660686253
54.46 0.503506720295
54.53 0.456327954886
54.6 0.302199379811
54.67 0.250826331421
54.74 0.595118700175
54.81 0.577294064445
54.88 0.295304971703
54.95 0.590025256792
55.02 0.506332757034
55.09 0.421717862702
55.16 0.370476559154
55.23 0.37793980046
55.3 0.534654672974
55.37 0.392003326185
55.44 0.373693819653
55.51 0.343613438084
55.58 0.266112162629
55.65 0.106240574921
55.72 0.0576728338638
55.79 0.154905833511
55.86 0.465738406916
55.93 0.152123851248
56.0 0.568513348902
56.07 0.477885869891
56.14 0.351670214606
56.21 0.273339216421
56.28 0.248078022097
56.35 0.23371370453
56.42 0.204941837499
56.49 0.258833467121
56.56 0.52839551139
56.63 0.397676968478
56.7 0.167225776316
56.77 0.0964928761589
56.84 0.0630616622961
56.91 0.24432628252
56.98 0.252861768927
57.05 0.330908416724
57.12 0.629296597948
57.19 0.645189948192
57.26 0.518149530331
57.33 0.261664938707
57.4 0.231233586939
57.47 0.279133213156
57.54 0.235062871012
57.61 0.221973822603
57.68 0.164253918895
57.75 0.125686033117
57.82 0.134421925473
57.89 0.137759419216
57.96 0.107371298223
58.03 0.116930269844
58.1 0.343217277736
58.17 0.583480631589
58.24 0.573829448229
58.31 0.425954007366
58.38 0.282027746035
58.45 0.1367110154
58.52 0.107878472887
58.59 0.0891349921233
58.66 0.170566182186
58.73 0.247858761952
58.8 0.236642918091
58.87 0.2560394851
58.94 0.250037886826
59.01 0.207302194295
59.08 0.215415009339
59.15 0.252436524343
59.22 0.237221861251
59.29 0.229135425924
59.36 0.0578910425016
59.43 0.0325600053891
59.5 0.0305158954678
59.57 0.0837684899967
59.64 0.347939818281
59.71 0.319251204411
59.78 0.213973059916
59.85 0.0582513438517
59.92 0.12465203507
59.99 0.146242373998
60.06 0.168522480748
60.13 0.202050621863
60.2 0.350128990274
60.27 0.514586597571
60.34 0.414099395497
60.41 0.367345643497
60.48 0.34800644707
60.55 0.28628618895
60.62 0.427546526652
60.69 0.45798519521
60.76 0.345089289377
60.83 0.200296917759
60.9 0.203953193443
60.97 0.122343539943
61.04 0.103769055679
61.11 0.107330123331
61.18 0.147679545065
61.25 0.123741218305
61.32 0.133373551956
61.39 0.204575246179
61.46 0.117502285621
61.53 0.0668220574555
61.6 0.0409107316572
61.67 0.190007273876
61.74 0.187224457813
61.81 0.125421536813
61.88 0.204835005649
61.95 0.17336626228
62.02 0.116055859715
62.09 0.111144579684
62.16 0.113478411999
62.23 0.0988652921901
62.3 0.0760783721271
62.37 0.197606135004
62.44 0.222924083818
62.51 0.176456568637
62.58 0.103870410037
62.65 0.0859442998723
62.72 0.149029467914
62.79 0.14626527263
62.86 0.146554813225
62.93 0.184403027734
63.0 0.151756101811
63.07 0.158553592767
63.14 0.141103351061
63.21 0.126251028368
63.28 0.219710166374
63.35 0.252205173541
63.42 0.183139723545
63.49 0.149265364776
63.56 0.148352209332
63.63 0.200561656461
63.7 0.183478433635
63.77 0.213577060043
63.84 0.750004854667
63.91 0.698759926391
63.98 0.459060398449
64.05 0.601057815093
64.12 0.426946709322
64.19 0.364824676453
64.26 0.306944402648
64.33 0.370682523393
64.4 0.536144600108
64.47 0.444192666734
64.54 0.674480667572
64.61 0.72989729217
64.68 0.638205976754
64.75 0.565188301555
64.82 0.502335673856
64.89 0.428812141465
64.96 0.433792768269
65.03 0.379962386454
65.1 0.314814824374
65.17 0.351468120859
65.24 0.354495453455
65.31 0.325044320214
65.38 0.319117647204
65.45 0.341878344659
65.52 0.37881088998
65.59 0.47037885915
65.66 0.815426638096
65.73 0.699576930028
65.8 0.533144147733
65.87 0.286301197344
65.94 0.10455918695
66.01 0.0604155691858
66.08 0.0891499589964
66.15 0.244887851672
66.22 0.188317024959
66.29 0.15096336702
66.36 0.126426256483
66.43 0.128901252322
66.5 0.131622697135
66.57 0.118492205627
66.64 0.170171104767
66.71 0.686990410347
66.78 0.667892724061
66.85 0.361966813928
66.92 0.173047121233
66.99 0.164399277229
67.06 0.242980635279
67.13 0.267319136522
67.2 0.301423206549
67.27 0.349301791387
67.34 0.178816263331
67.41 0.122493754066
67.48 0.112085595037
67.55 0.109053572738
67.62 0.0948436427815
67.69 0.107774025726
67.76 0.664384602129
67.83 0.690903204567
67.9 0.357276324733
67.97 0.25633172797
68.04 0.140023944034
68.11 0.18288418694
68.18 0.136266247782
68.25 0.206309389096
68.32 0.251455835611
68.39 0.180454970408
68.46 0.168653529823
68.53 0.173024856649
68.6 0.212301458711
68.67 0.21930888764
68.74 0.157157335118
68.81 0.350712188842
68.88 0.692870492694
68.95 0.612027662229
69.02 0.475586662148
69.09 0.299566155047
69.16 0.192595158115
69.23 0.468312196238
69.3 0.20598935365
69.37 0.231872901462
69.44 0.275445234006
69.51 0.256977482838
69.58 0.206419249782
69.65 0.198375764678
69.72 0.28511150656
69.79 0.447482094112
69.86 0.4913168783
69.93 0.789730125137
70.0 0.576474193569
70.07 0.4249952993
70.14 0.220754958929
70.21 0.111695853711
70.28 0.304895624347
70.35 0.36336996866
70.42 0.247225532034
70.49 0.310453006007
70.56 0.566788788511
70.63 0.584813666347
70.7 0.507367110821
70.77 0.327141179469
70.84 0.368801943702
70.91 0.486549735643
70.98 0.787890681061
71.05 0.712652101226
71.12 0.599059335225
71.19 0.498615985629
71.26 0.416044238365
71.33 0.241776065153
71.4 0.282923793436
71.47 0.221357102594
71.54 0.290840055068
71.61 0.149529030648
71.68 0.0966042181584
71.75 0.0566091893553
71.82 0.0596048263406
71.89 0.0790513225783
71.96 0.058909450851
72.03 0.520750891153
72.1 0.487134948573
72.17 0.327461724396
72.24 0.341946736435
72.31 0.257886775647
72.38 0.518498410982
72.45 0.183455676402
72.52 0.145220674216
72.59 0.756605122253
72.66 0.596948104989
72.73 0.415011519633
72.8 0.370216805296
72.87 0.30164764119
72.94 0.312544110586
73.01 0.166647969952
73.08 0.168545383868
73.15 0.687577636516
73.22 0.517147509569
73.29 0.432228794559
73.36 0.384990562285
73.43 0.279991309765
73.5 0.317841122296
73.57 0.297781629531
73.64 0.286464577199
73.71 0.187275933442
73.78 0.112370184455
73.85 0.0883533144362
73.92 0.0839487433536
73.99 0.201256625711
74.06 0.320075964742
74.13 0.225957094781
74.2 0.475604257229
74.27 0.157354887294
74.34 0.0991644254101
74.41 0.0764329872549
74.48 0.194509202016
74.55 0.337215217113
74.62 0.157598642972
74.69 0.416298258868
74.76 0.351997565718
74.83 0.366441691271
74.9 0.297329962586
74.97 0.252297790396
75.04 0.240531089969
75.11 0.24359748322
75.18 0.163893316793
75.25 0.538872467312
75.32 0.289898852307
75.39 0.194181797038
75.46 0.179427487894
75.53 0.152712565463
75.6 0.436104396598
75.67 0.177133193172
75.74 0.1336798572
75.81 0.269925692039
75.88 0.268437681635
75.95 0.233200645014
76.02 0.253142771773
76.09 0.246373709684
76.16 0.300113559705
76.23 0.266108313459
76.3 0.586579929068
76.37 0.379238907537
76.44 0.261499738634
76.51 0.235896079316
76.58 0.193511689158
76.65 0.194598922455
76.72 0.203015906061
76.79 0.16462691016
76.86 0.275544380984
76.93 0.212575957246
77.0 0.186686795033
77.07 0.116860686285
77.14 0.19415200469
77.21 0.248906604665
77.28 0.265579428582
77.35 0.654358590451
77.42 0.753211482256
77.49 0.603500649605
77.56 0.434864884317
77.63 0.275061891505
77.7 0.179049545451
77.77 0.184394317164
77.84 0.186165826203
77.91 0.213538685057
77.98 0.15676908184
78.05 0.137640155559
78.12 0.127011206816
78.19 0.127753645417
78.26 0.244405003087
78.33 0.140364760506
78.4 0.530876522258
78.47 0.660444924322
78.54 0.437185745042
78.61 0.187419998994
78.68 0.125851280324
78.75 0.146422358026
78.82 0.113161808262
78.89 0.114469409323
78.96 0.186186654362
79.03 0.160527183208
79.1 0.157302002173
79.17 0.132454178363
79.24 0.1169359527
79.31 0.22103220687
79.38 0.290115728886
79.45 0.273680846493
79.52 0.441527727281
79.59 0.26942070119
79.66 0.188742380642
79.73 0.150681358677
79.8 0.153325119841
79.87 0.203541259354
79.94 0.122484371294
80.01 0.189483707136
80.08 0.149396862733
80.15 0.124145053426
80.22 0.131255785986
80.29 0.100820289908
80.36 0.250458448441
80.43 0.25512604686
80.5 0.26342503378
80.57 0.426844634507
80.64 0.230410658049
80.71 0.151539629228
80.78 0.165702652059
80.85 0.163898843662
80.92 0.330276036317
80.99 0.365401954258
81.06 0.454094362579
81.13 0.477847041533
81.2 0.374855891804
81.27 0.273801044949
81.34 0.210668496211
81.41 0.138111128951
81.48 0.160311333449
81.55 0.184021954335
81.62 0.641802632952
81.69 0.588797353741
81.76 0.273675320746
81.83 0.0885770959534
81.9 0.0400711480954
81.97 0.118695117463
82.04 0.171809015077
82.11 0.61389209673
82.18 0.998886903201
82.25 0.897517828321
82.32 0.667610290402
82.39 0.64152812544
82.46 0.610700570679
82.53 0.337364598559
82.6 0.075278077028
82.67 0.385367407209
82.74 0.834312746864
82.81 0.69675397487
82.88 0.292393485645
82.95 0.118251087136
83.02 0.19502060291
83.09 0.470884789287
83.16 0.383612879405
83.23 0.103869927488
83.3 0.277681083072
83.37 0.330455032802
83.44 0.100512787269
83.51 0.0340075310585
83.58 0.304409952289
83.65 0.386368599783
83.72 0.267803845726
83.79 0.480424250219
83.86 0.416011760575
83.93 0.28472207833
84.0 0.432670764514
84.07 0.437704782555
84.14 0.4487292273
84.21 0.450583506951
84.28 0.484815544472
84.35 0.6516626635
84.42 0.446800889851
84.49 0.365404847307
84.56 0.319682490957
84.63 0.269748745826
84.7 0.172723931264
84.77 0.119247830159
84.84 0.32763565524
84.91 0.495728514797
84.98 0.410319716334
85.05 0.220636205875
85.12 0.0893812604218
85.19 0.0525168757021
85.26 0.376027651967
85.33 0.304551522053
85.4 0.0648659139645
85.47 0.231225152432
85.54 0.25232132083
85.61 0.267445195142
85.68 0.135572971942
85.75 0.0185144888399
85.82 0.0130051892552
85.89 0.0210477361936
85.96 0.586026576714
86.03 0.766083775284
86.1 0.647665982073
86.17 0.444762325876
86.24 0.284716448218
86.31 0.204875419685
86.38 0.199217740785
86.45 0.253505076262
86.52 0.335818485893
86.59 0.288223130359
86.66 0.287773581018
86.73 0.302011342827
86.8 0.292060447188
86.87 0.303774290549
86.94 0.277892408093
87.01 0.37592647604
87.08 0.78273013644
87.15 0.817952769536
87.22 0.607000261842
87.29 0.379492686766
87.36 0.338902893931
87.43 0.598008288611
87.5 0.543645402801
87.57 0.307304856619
87.64 0.364409110903
87.71 0.645334281951
87.78 0.543997286477
87.85 0.248908018646
87.92 0.238126457623
87.99 0.493041718121
88.06 0.557170828085
88.13 0.567631397542
88.2 0.543845752638
88.27 0.568125399741
88.34 0.455499867212
88.41 0.26061843142
88.48 0.337354628873
88.55 0.480238296051
88.62 0.464940282165
88.69 0.257218242223
88.76 0.340625904555
88.83 0.342237962585
88.9 0.275302332183
88.97 0.133288919602
89.04 0.235945008658
89.11 0.595404663175
89.18 0.413014719709
89.25 0.462229411907
89.32 0.474055974216
89.39 0.466728037393
89.46 0.292512022112
89.53 0.307489849055
89.6 0.394854789887
89.67 0.382766550258
89.74 0.286173724743
89.81 0.234734827498
89.88 0.214701542753
89.95 0.154198765748
90.02 0.131470923144
90.09 0.22058125926
90.16 0.24015299154
90.23 0.685473530049
90.3 0.444573488759
90.37 0.437984962823
90.44 0.376057720378
90.51 0.26977546445
90.58 0.309698697823
90.65 0.261260003823
90.72 0.217944465878
90.79 0.264932935301
90.86 0.128126518851
90.93 0.0737318510196
91.0 0.0584165820807
91.07 0.052657805808
91.14 0.158949740771
91.21 0.135747660275
91.28 0.536499385812
91.35 0.411001439055
91.42 0.368958864133
91.49 0.344846060015
91.56 0.224626202317
91.63 0.181289985465
91.7 0.11909630642
91.77 0.0866451573425
91.84 0.15924872586
91.91 0.124561988068
91.98 0.0659803562894
92.05 0.0524029010053
92.12 0.0540500493223
92.19 0.0841576073749
92.26 0.0800653430988
92.33 0.278736798067
92.4 0.264363755341
92.47 0.220219803159
92.54 0.152512051784
92.61 0.0943176621752
92.68 0.210627056478
92.75 0.370267154229
92.82 0.28593986132
92.89 0.223795679453
92.96 0.152329458625
93.03 0.195343174543
93.1 0.302639759599
93.17 0.268695161902
93.24 0.271439792632
93.31 0.250625852529
93.38 0.543310757344
93.45 0.49583826663
93.52 0.329132299904
93.59 0.17918949026
93.66 0.096704033971
93.73 0.167468009159
93.8 0.267799841692
93.87 0.277588305741
93.94 0.682823556347
94.01 0.607949045111
94.08 0.470273187662
94.15 0.228183326534
94.22 0.161357210056
94.29 0.364657256654
94.36 0.33268554353
94.43 0.470165686977
94.5 0.729323288965
94.57 0.618553396201
94.64 0.473006272005
94.71 0.35280795619
94.78 0.283354623244
94.85 0.386722989347
94.92 0.515071955411
94.99 0.377771338131
95.06 0.302355158958
95.13 0.257934708469
95.2 0.240444946003
95.27 0.269161410803
95.34 0.210985542097
95.41 0.288680829166
95.48 0.309124537509
95.55 0.484712993841
95.62 0.29129146615
95.69 0.304571756565
95.76 0.220427755948
95.83 0.197729735992
95.9 0.203145671331
95.97 0.270192917551
96.04 0.291694521338
96.11 0.263411514554
96.18 0.245998218142
96.25 0.17326295977
96.32 0.0653455754821
96.39 0.0496535974065
96.46 0.24179589006
96.53 0.357310980726
96.6 0.377464101455
96.67 0.710569685896
96.74 0.608041908852
96.81 0.338863574046
96.88 0.336771411227
96.95 0.398862670939
97.02 0.359790309406
97.09 0.322057094169
97.16 0.469190632846
97.23 0.593312742752
97.3 0.437039362133
97.37 0.272621668368
97.44 0.234814940725
97.51 0.318646267573
97.58 0.632599440188
97.65 0.539501353166
97.72 0.323910948503
97.79 0.184372665305
97.86 0.0908617778511
97.93 0.0916803862442
98.0 0.12035827855
98.07 0.206316227824
98.14 0.0840488801174
98.21 0.204182230255
98.28 0.502238499718
98.35 0.440960136366
98.42 0.307172251043
98.49 0.187557476069
98.56 0.114340973868
98.63 0.424423625796
98.7 0.40574111341
98.77 0.288718873101
98.84 0.430987276894
98.91 0.332664747914
98.98 0.207753079062
99.05 0.125304473802
99.12 0.306203245607
99.19 0.599105205431
99.26 0.357305913962
99.33 0.343336832045
99.4 0.33374705809
99.47 0.177827751695
99.54 0.083508811326
99.61 0.0370773683624
99.68 0.023129515233
99.75 0.0218593745598
99.82 0.228693655721
99.89 0.442899097747
99.96 0.445175883798
100.03 0.367604415424
100.1 0.222173178166
100.17 0.150164957228
100.24 0.123863295335
100.31 0.0960346140042
100.38 0.155760597166
100.45 0.0959007111578
100.52 0.0516121502757
100.59 0.0231467781414
100.66 0.0272489705817
100.73 0.129046657789
100.8 0.351754368899
100.87 0.336453528174
100.94 0.40851036648
101.01 0.277117242572
101.08 0.14034826631
101.15 0.0845537262017
101.22 0.064772477898
101.29 0.290618773828
101.36 0.283251854905
101.43 0.202670551385
101.5 0.378806641305
101.57 0.26914954571
101.64 0.155062493591
101.71 0.0819833012565
101.78 0.0518904093256
101.85 0.041989062487
101.92 0.0306407488381
101.99 0.330201263673
102.06 0.378255849827
102.13 0.260687265345
102.2 0.184996417063
102.27 0.0971439682431
102.34 0.0689506527213
102.41 0.0772276735641
102.48 0.0780486374694
102.55 0.171870079965
102.62 0.102443253545
102.69 0.0692205344969
102.76 0.0493938749697
102.83 0.0553077738987
102.9 0.286074924528
102.97 0.309440353457
103.04 0.296151322172
103.11 0.432975420114
103.18 0.384738534821
103.25 0.2638167356
103.32 0.172147189875
103.39 0.116675876768
103.46 0.360148551507
103.53 0.377547589158
103.6 0.294790658682
103.67 0.158989003423
103.74 0.0930363229996
103.81 0.0628444109007
103.88 0.0554538089236
103.95 0.115597039823
104.02 0.226881188376
104.09 0.136578906962
104.16 0.232295713102
104.23 0.31543693771
104.3 0.204530825865
104.37 0.126103669139
104.44 0.112767079849
104.51 0.114037319277
104.58 0.0727574713347
104.65 0.142665282354
104.72 0.136162905996
104.79 0.0705733324396
104.86 0.150632928717
104.93 0.439433003585
105.0 0.380754348044
105.07 0.387546608394
105.14 0.336779237498
105.21 0.279694720588
105.28 0.501314133427
105.35 0.414403638125
105.42 0.236770427725
105.49 0.184134769792
105.56 0.162672672176
105.63 0.186527213849
105.7 0.24973086337
105.77 0.324976216845
105.84 0.224318056653
105.91 0.186729681291
105.98 0.354759104738
106.05 0.199104929817
106.12 0.349583217305
106.19 0.334772098682
106.26 0.251838471123
106.33 0.452702567947
106.4 0.273586097444
106.47 0.16977917065
106.54 0.142015042025
106.61 0.222910996642
106.68 0.456009197634
106.75 0.341902677471
106.82 0.248636717278
106.89 0.166142405655
106.96 0.135514497108
107.03 0.107575200968
107.1 0.0982979997821
107.17 0.199963510097
107.24 0.324548514628
107.31 0.38792644961
107.38 0.586904662071
107.45 0.447900222782
107.52 0.390226614596
107.59 0.18037313796
107.66 0.186359254268
107.73 0.258745631989
107.8 0.29065259041
107.87 0.392862033274
107.94 0.314294551312
108.01 0.174828051198
108.08 0.116777819163
108.15 0.347457880928
108.22 0.356283144717
108.29 0.217457777101
108.36 0.24149512964
108.43 0.61786256116
108.5 0.548421600545
108.57 0.572699406107
108.64 0.52662932049
108.71 0.431347058663
108.78 0.373054367099
108.85 0.384771449148
108.92 0.388849372743
108.99 0.410642966902
109.06 0.341443427774
109.13 0.262066798745
109.2 0.229606517147
109.27 0.224176041373
109.34 0.324979020118
109.41 0.323179139445
109.48 0.666842935441
109.55 0.597246917257
109.62 0.414604950816
109.69 0.290084661711
109.76 0.22330499562
109.83 0.704317670524
109.9 0.841083789648
109.97 0.475758656062
110.04 0.441238573847
110.11 0.374692187632
110.18 0.320096552749
110.25 0.316543254135
110.32 0.345006122626
110.39 0.409399230635
110.46 0.366909032079
110.53 0.486094717788
110.6 0.44114586497
110.67 0.272321828157
110.74 0.175918176422
110.81 0.131247638765
110.88 0.399451087769
110.95 0.434200056421
111.02 0.313773684603
111.09 0.50400835799
111.16 0.433055813893
111.23 0.350324283447
111.3 0.30668616938
111.37 0.231828320672
111.44 0.459246500748
111.51 0.394903830327
111.58 0.528952404307
111.65 0.683958173707
111.72 0.605083031997
111.79 0.48244492285
111.86 0.346104093198
111.93 0.245731888151
112.0 0.563114953656
112.07 0.412487514775
112.14 0.35150485069
112.21 0.284908121153
112.28 0.241086760803
112.35 0.300521119431
112.42 0.322287897335
112.49 0.28379698036
112.56 0.193335979617
112.63 0.242792023725
112.7 0.45679229828
112.77 0.351347980758
112.84 0.297892312795
112.91 0.277962989294
112.98 0.252752867728
113.05 0.289260348018
113.12 0.283744062695
113.19 0.287004585391
113.26 0.307072110913
113.33 0.286847657104
113.4 0.207440102298
113.47 0.129833810723
113.54 0.132789568965
113.61 0.232595436602
113.68 0.332525197001
113.75 0.600027298131
113.82 0.40627194195
113.89 0.35629827431
113.96 0.246051481447
114.03 0.201902152772
114.1 0.165670737617
114.17 0.138120212093
114.24 0.390325253213
114.31 0.498531740436
114.38 0.301953826358
114.45 0.201635037236
114.52 0.176958507083
114.59 0.144543849928
114.66 0.594709517738
114.73 0.734574194806
114.8 0.590227572736
114.87 0.387718932237
114.94 0.223002383558
115.01 0.114133206243
115.08 0.0669219248897
115.15 0.315479589427
115.22 0.415416225587
115.29 0.320501040995
115.36 0.776407200961
115.43 0.745524794972
115.5 0.548137251278
115.57 0.37892350344
115.64 0.244480807039
115.71 0.217941313599
115.78 0.138404697147
115.85 0.555731591036
115.92 0.539856243235
115.99 0.354447382601
116.06 0.26205072762
116.13 0.200927058241
116.2 0.234760298228
116.27 0.480077637548
116.34 0.493257454537
116.41 0.558873696218
116.48 0.505864294018
116.55 0.338004303609
116.62 0.442034878378
116.69 0.507903095901
116.76 0.587426541011
116.83 0.563528787641
116.9 0.583260414201
116.97 0.718364918639
117.04 0.586624330305
117.11 0.618010138098
117.18 0.638541404388
117.25 0.604785945682
117.32 0.561599241575
117.39 0.479682689183
117.46 0.507139835873
117.53 0.493233885949
117.6 0.40377191192
117.67 0.296762617434
117.74 0.42547518077
117.81 0.389124707322
117.88 0.343986920876
117.95 0.198116470925
118.02 0.53687998564
118.09 0.650509897811
118.16 0.581670585967
118.23 0.465790544648
118.3 0.304676133026
118.37 0.308425500259
118.44 0.351127345908
118.51 0.348000479173
118.58 0.283235964455
118.65 0.196017053038
118.72 0.135226845187
118.79 0.0835269518001
118.86 0.238105103149
118.93 0.217850524818
119.0 0.237250640246
119.07 0.739334954351
119.14 0.651303532612
119.21 0.519502584137
119.28 0.35207294772
119.35 0.208851149511
119.42 0.220224667926
119.49 0.219165272093
119.56 0.326631994933
119.63 0.294903709802
119.7 0.184112784637
119.77 0.0845280512307
119.84 0.0885707083519
119.91 0.169661379328
119.98 0.190152503156
120.05 0.180755296534
120.12 0.700191430313
120.19 0.752270712667
120.26 0.464499648758
120.33 0.169394185237
120.4 0.112760482395
120.47 0.166788579107
120.54 0.180046208798
120.61 0.483091448674
120.68 0.789868234015
120.75 0.637926041127
120.82 0.272813445667
120.89 0.113905547501
120.96 0.104951199622
121.03 0.186808001231
121.1 0.16099563949
121.17 0.335798465722
121.24 0.803267856542
121.31 0.588310148749
121.38 0.379813812997
121.45 0.377578943618
121.52 0.364279218824
121.59 0.342984151602
121.66 0.219217992249
121.73 0.450076766581
121.8 0.475747731378
121.87 0.252762102368
121.94 0.272485285444
122.01 0.275195143471
122.08 0.425901968389
122.15 0.596907725741
122.22 0.51587525578
122.29 0.695900808116
122.36 0.615539154148
122.43 0.505734846333
122.5 0.371629103769
122.57 0.223705919736
122.64 0.253434856412
122.71 0.296927746809
122.78 0.224783222625
122.85 0.173771670735
122.92 0.188464862248
122.99 0.192884851331
123.06 0.147387038476
123.13 0.043276539012
123.2 0.259836001854
123.27 0.198679834487
123.34 0.493205040743
123.41 0.613502040064
123.48 0.518137296032
123.55 0.395424279576
123.62 0.321102661711
123.69 0.250443300893
123.76 0.153793172129
123.83 0.148433393144
123.9 0.178502278825
123.97 0.16918499241
124.04 0.111434510808
124.11 0.0801526665045
124.18 0.0890804551136
124.25 0.162332942
124.32 0.137541621306
124.39 0.52710443707
124.46 0.539971424304
124.53 0.566968222656
124.6 0.467758107716
124.67 0.378550605317
124.74 0.394132190781
124.81 0.681264850276
124.88 0.50025142035
124.95 0.425155560541
125.02 0.478031377479
125.09 0.196374399617
125.16 0.176611544284
125.23 0.174930678139
125.3 0.521127628345
125.37 0.546765214221
125.44 0.489819705076
125.51 0.689141902
125.58 0.577239248006
125.65 0.498945325291
125.72 0.42036226822
125.79 0.398821804654
125.86 0.510269636057
125.93 0.372197949311
126.0 0.467252786938
126.07 0.397843128039
126.14 0.291792887259
126.21 0.276513424575
126.28 0.268372617202
126.35 0.594047361816
126.42 0.885566386832
126.49 0.585434850495
126.56 0.533357737368
126.63 0.339807912253
126.7 0.367621384315
126.77 0.30569328226
126.84 0.367085042372
126.91 0.665855741276
126.98 0.49842486482
127.05 0.454445072426
127.12 0.427076925719
127.19 0.4058522882
127.26 0.42678711916
127.33 0.437137021064
127.4 0.45397946655
127.47 0.522769528101
127.54 0.519637973908
127.61 0.628624722593
127.68 0.647508280585
127.75 0.493638437038
127.82 0.4101451391
127.89 0.376940735591
127.96 0.514144250554
128.03 0.48575768652
128.1 0.438653192128
128.17 0.461130392072
128.24 0.273956782574
128.31 0.154092351359
128.38 0.097853459973
128.45 0.0983224953137
128.52 0.256541296737
128.59 0.296127218291
128.66 0.685586546381
128.73 0.866981316791
128.8 0.587769647908
128.87 0.281004457208
128.94 0.218033116855
129.01 0.152141145579
129.08 0.111919041581
129.15 0.0992547047087
129.22 0.310564379428
129.29 0.515227772713
129.36 0.503130692338
129.43 0.179454034819
129.5 0.105263775758
129.57 0.0916647011587
129.64 0.109910487662
129.71 0.123387304556
129.78 0.422513828327
129.85 0.371358805655
129.92 0.422786807393
129.99 0.400747775369
130.06 0.0903863021651
130.13 0.345111316054
130.2 0.498763922794
130.27 0.350375717555
130.34 0.152768609597
130.41 0.195791408657
130.48 0.1994725805
130.55 0.20676661882
130.62 0.214389619741
130.69 0.301204955267
130.76 0.447089001877
130.83 0.567384363898
130.9 0.557906357259
130.97 0.458567660977
131.04 0.373811265336
131.11 0.337486187429
131.18 0.261534240884
131.25 0.441589591179
131.32 0.465059990217
131.39 0.651011252709
131.46 0.576062275192
131.53 0.367271594676
131.6 0.334004161296
131.67 0.34869132768
131.74 0.435216081203
131.81 0.837141315301
131.88 0.546093363554
131.95 0.584587196022
132.02 0.502575777872
132.09 0.392219073823
132.16 0.307853609047
132.23 0.37143441771
132.3 0.363403981628
132.37 0.278590430868
132.44 0.367329921379
132.51 0.635001839342
132.58 0.397556243707
132.65 0.307940739433
132.72 0.356018039054
132.79 0.385984606401
132.86 0.341755939944
132.93 0.731720593301
133.0 0.879503462197
133.07 0.715441554021
133.14 0.611126954303
133.21 0.422763456513
133.28 0.309596520888
133.35 0.517829769827
133.42 0.591008085572
133.49 0.303104903127
133.56 0.419422042901
133.63 0.484208038903
133.7 0.347373917409
133.77 0.202288627353
133.84 0.270453891249
133.91 0.587895345177
133.98 0.600800620988
134.05 0.748394960252
134.12 0.734674405636
134.19 0.39984487465
134.26 0.275583758101
134.33 0.217321923859
134.4 0.239742345746
134.47 0.311924937432
134.54 0.28044836218
134.61 0.227104463778
134.68 0.298988344194
134.75 0.269499962662
134.82 0.215999015896
134.89 0.219141413975
134.96 0.391135792939
135.03 0.437838080532
135.1 0.598251411364
135.17 0.613837834661
135.24 0.582048435266
135.31 0.552229453833
135.38 0.488437002565
135.45 0.31339317904
135.52 0.34535152668
135.59 0.294000968438
135.66 0.452662467006
135.73 0.335572113229
135.8 0.354133059189
135.87 0.301720005578
135.94 0.153859684208
136.01 0.416313313273
136.08 0.610070999156
136.15 0.699932503521
136.22 0.614768402267
136.29 0.455401382336
136.36 0.355988959307
136.43 0.326299591646
136.5 0.27525004632
136.57 0.271315593508
136.64 0.372236494873
136.71 0.487920502362
136.78 0.369094639943
136.85 0.249714539749
136.92 0.223734479901
136.99 0.147912134784
137.06 0.250491070995
137.13 0.343975980482
137.2 0.270975725301
137.27 0.467813194607
137.34 0.444524009535
137.41 0.573617554249
137.48 0.49548952401
137.55 0.366490259262
137.62 0.332623338481
137.69 0.82366481487
137.76 1.0
137.83 0.960884184372
137.9 0.711697411783
137.97 0.54293572254
138.04 0.412958949394
138.11 0.579474492202
138.18 0.656803433714
138.25 0.559957635838
138.32 0.715450205113
138.39 0.706916219096
138.46 0.458818702021
138.53 0.352610473591
138.6 0.322677736292
138.67 0.501941408915
138.74 0.500480574994
138.81 0.68586241513
138.88 0.922915491978
138.95 0.755700599946
139.02 0.556534222569
139.09 0.360007785243
139.16 0.550078381886
139.23 0.476007920653
139.3 0.475062500639
139.37 0.602258687547
139.44 0.552545839862
139.51 0.497326293867
139.58 0.471889397858
139.65 0.453441410998
139.72 0.461210790339
139.79 0.450840612401
139.86 0.495350812507
139.93 0.594908890134
140.0 0.432346587004
140.07 0.224978025394
140.14 0.176140897454
140.21 0.236827234959
140.28 0.394292542921
140.35 0.278340675873
140.42 0.309338895855
140.49 0.642335797927
140.56 0.541404582359
140.63 0.411351051385
140.7 0.318610471418
140.77 0.237432953975
140.84 0.24111629841
140.91 0.276727398004
140.98 0.3071876062
141.05 0.192027393258
141.12 0.152568100406
141.19 0.118172068061
141.26 0.111283651416
141.33 0.144051063079
141.4 0.365886938403
141.47 0.638395635326
141.54 0.413052809655
141.61 0.509927573935
141.68 0.553603801514
141.75 0.474559424274
141.82 0.384056157853
141.89 0.357474984527
141.96 0.511693800746
142.03 0.356171975537
142.1 0.333181150485
142.17 0.26728192863
142.24 0.208020863433
142.31 0.231523625794
142.38 0.161615884352
142.45 0.238641555067
142.52 0.21069474463
142.59 0.346774084369
142.66 0.309590372316
142.73 0.217538040703
142.8 0.172534611598
142.87 0.147445027395
142.94 0.208317738773
143.01 0.20274732829
143.08 0.346894105516
143.15 0.312481916758
143.22 0.345936489357
143.29 0.339472906568
143.36 0.251879840157
143.43 0.336956422741
143.5 0.201209247259
143.57 0.173193317856
143.64 0.514260624529
143.71 0.734321783547
143.78 0.560642656724
143.85 0.243270860421
143.92 0.284096109092
143.99 0.292801475176
144.06 0.625210125382
144.13 0.525925252386
144.2 0.283257533272
144.27 0.39000664746
144.34 0.430580691244
144.41 0.49572432111
144.48 0.761437771492
144.55 0.658240650791
144.62 0.884728378849
144.69 0.830444975584
144.76 0.642094021823
144.83 0.405599920708
144.9 0.303174313866
144.97 0.122546680709
145.04 0.100679408057
145.11 0.433297251091
145.18 0.622149550773
145.25 0.65935683927
145.32 0.89287299948
145.39 0.709997661141
145.46 0.512165336364
145.53 0.335416173606
145.6 0.283033583423
145.67 0.707359945305
145.74 0.750918625081
145.81 0.823660027535
145.88 0.74439739228
145.95 0.549154793284
146.02 0.54125095336
146.09 0.577358873014
146.16 0.587938156248
146.23 0.580521120687
146.3 0.463406850437
146.37 0.422169937008
146.44 0.409979784161
146.51 0.361080167254
146.58 0.237514472204
146.65 0.248686629674
146.72 0.23614717086
146.79 0.192849502937
146.86 0.561567103814
146.93 0.636345399278
147.0 0.487837882126
147.07 0.386503579948
147.14 0.257944429025
147.21 0.352929178099
147.28 0.615172706471
147.35 0.628525321997
147.42 0.524484944751
147.49 0.413826237999
147.56 0.349679422978
147.63 0.666982816284
147.7 0.637334777257
147.77 0.422825326022
147.84 0.227232164187
147.91 0.367809163191
147.98 0.631224136386
148.05 0.517449149799
148.12 0.379099503633
148.19 0.345490619733
148.26 0.346325785166
148.33 0.34568650431
148.4 0.323497358038
148.47 0.308845168597
148.54 0.252432262202
148.61 0.25860658158
148.68 0.24958306648
148.75 0.223797418874
148.82 0.265965027841
148.89 0.29712024681
148.96 0.276878642313
149.03 0.3269350469
149.1 0.334463555757
149.17 0.266229148207
149.24 0.246586159156
149.31 0.294811316266
149.38 0.408785160155
149.45 0.6587762128
149.52 0.578549157446
149.59 0.47458294012
149.66 0.415505736174
149.73 0.36269207042
149.8 0.305819637143
149.87 0.262649521497
149.94 0.241467927345
150.01 0.213132999416
150.08 0.307191361104
150.15 0.533536454423
150.22 0.513946218074
150.29 0.473698008178
150.36 0.452052040333
150.43 0.43010001974
150.5 0.408207676987
150.57 0.381882987408
150.64 0.401541723266
150.71 0.401984220658
150.78 0.387656308604
150.85 0.361211088397
150.92 0.341857469367
150.99 0.314967350244
151.06 0.297843676349
151.13 0.269460076063
151.2 0.242430477848
151.27 0.255580521566
151.34 0.275752256341
151.41 0.182434710543
151.48 0.101157993378
151.55 0.340614699319
151.62 0.372145849735
151.69 0.267356510499
151.76 0.253477281443
151.83 0.149823312568
151.9 0.0992287099086
151.97 0.27034829046
152.04 0.508753432449
152.11 0.384698296971
152.18 0.358009711614
152.25 0.21504890618
152.32 0.268576224807
152.39 0.260525912197
152.46 0.248923484901
152.53 0.21447399062
152.6 0.170579230086
152.67 0.125941650521
152.74 0.119063716411
152.81 0.149001474463
152.88 0.131717110644
152.95 0.102678169598
153.02 0.098305604978
153.09 0.0699282980282
153.16 0.0625542587024
153.23 0.0520676551681
153.3 0.0443078617181
153.37 0.0391529674085
153.44 0.0851287438819
153.51 0.107978154035
153.58 0.0924940019389
153.65 0.0706657080207
153.72 0.0565980368634
153.79 0.0421037206078
153.86 0.0785816296243
153.93 0.262954793189
154.0 0.347698005144
154.07 0.28148421748
154.14 0.0536710374171
154.21 0.242735428588
154.28 0.258457629939
154.35 0.272337210247
154.42 0.265620652851
154.49 0.293203881728
154.56 0.277029944977
154.63 0.25597848979
154.7 0.208052034973
154.77 0.138401726665
154.84 0.0196274464851
154.91 0.0219702586988
154.98 0.0243589512185
155.05 0.0449556904247
155.12 0.0444881880185
155.19 0.0586754796954
155.26 0.0636463578884
155.33 0.0615473552179
155.4 0.0545006097713
155.47 0.0518639746205
155.54 0.0514649156116
155.61 0.0435724032434
155.68 0.0425991827982
155.75 0.0351200757315
155.82 0.0353557313197
155.89 0.0325532182819
155.96 0.0432476982953
156.03 0.0442457217569
156.1 0.0276544553471
156.17 0.0334644872966
156.24 0.0295471694612
156.31 0.0362341993497
156.38 0.0602549151718
156.45 0.0621744691077
156.52 0.0528690129971
156.59 0.0589955431958
156.66 0.0454721446169
156.73 0.0458116290294
156.8 0.0642834257532
156.87 0.0839275414992
156.94 0.0555244989791
157.01 0.0450435839115
157.08 0.0416816496247
157.15 0.0667556183197
157.22 0.0582697211115
157.29 0.0350956654876
157.36 0.035653841087
157.43 0.0574922662889
157.5 0.0415166661367
157.57 0.0263493612964
157.64 0.0281797356964
157.71 0.023689581751
157.78 0.0323183807826
157.85 0.0289158652509
157.92 0.0294918738397
157.99 0.025961246049
158.06 0.0196723134381
158.13 0.0208392582116
158.2 0.018903757716
158.27 0.0180420195461
158.34 0.0191351096408
158.41 0.0184691898372
158.48 0.0193198518252
158.55 0.0220900026612
158.62 0.0197885561149
158.69 0.0200735753391
158.76 0.0180907794348
158.83 0.117372632572
158.9 0.0768667381671
158.97 0.0372233932875
159.04 0.103630247666
159.11 0.097109895798
159.18 0.0811701894327
159.25 0.0620767787549
159.32 0.057632915843
159.39 0.059544447122
159.46 0.0852749001052
159.53 0.0606578671164
159.6 0.0516566614891
159.67 0.0542590165866
159.74 0.0438755068313
159.81 0.025028640515
159.88 0.0155034652761
159.95 0.0662146551294
160.02 0.113019796349
160.09 0.0635988167163
160.16 0.0429642490386
160.23 0.0130142353648
160.3 0.0134625435445
160.37 0.0372128894311
160.44 0.0253969095338
160.51 0.0416557502123
160.58 0.0389092779414
160.65 0.0248233597003
160.72 0.0520605908759
160.79 0.0710708662239
160.86 0.0546627338762
160.93 0.0414596254835
161.0 0.0331899640734
161.07 0.0234123775755
161.14 0.0421812628584
161.21 0.0392372687111
161.28 0.0312087325255
161.35 0.0276844373482
161.42 0.0283292922065
161.49 0.026168546836
161.56 0.0236912751612
161.63 0.023582033933
161.7 0.0330434824101
161.77 0.0624966176685
161.84 0.0888741093246
161.91 0.120790070089
161.98 0.12215316428
162.05 0.0826675680202
162.12 0.150049907457
162.19 0.164106336346
162.26 0.137863249163
162.33 0.13252013495
162.4 0.104170690152
162.47 0.0967136366952
162.54 0.15790930799
162.61 0.135444710429
162.68 0.128519124048
162.75 0.152187021396
162.82 0.122349782779
162.89 0.136862304597
162.96 0.150135146925
163.03 0.0900849682975
163.1 0.0867211127925
163.17 0.146024513245
163.24 0.119704467358
163.31 0.119553649488
163.38 0.128008564809
163.45 0.106720380081
163.52 0.139024065565
163.59 0.120997527985
163.66 0.102805331348
163.73 0.0807363094667
163.8 0.0633130119474
163.87 0.0694406564975
163.94 0.0739312301483
164.01 0.0652654656222
164.08 0.0547480889311
164.15 0.0490943040891
164.22 0.0439860139088
164.29 0.0354816036537
164.36 0.0317286823921
164.43 0.0301172527977
164.5 0.0271646277574
164.57 0.0260340626864
164.64 0.0241678259213
164.71 0.0234523012073
164.78 0.0438610314848
164.85 0.0600003369314
164.92 0.0551923369664
164.99 0.0609377522441
165.06 0.0533508830179
165.13 0.0542166330774
165.2 0.0455267310037
165.27 0.0362694029793
165.34 0.0332389708476
165.41 0.045745305481
165.48 0.0554929975099
165.55 0.0449559732208
165.62 0.0410013150738
165.69 0.0324682604883
165.76 0.0304370323798
165.83 0.0257897863051
165.9 0.0256734459962
165.97 0.0224837603648
166.04 0.020891510408
166.11 0.0187322351285
166.18 0.0178617134454
166.25 0.0150999578391
166.32 0.0150494147637
166.39 0.0159348864868
166.46 0.014744771508
166.53 0.0118545265812
166.6 0.0140105642939
166.67 0.0139985387251
166.74 0.0186481717338
166.81 0.0147027549604
166.88 0.0141467384871
166.95 0.0143609935901
167.02 0.0139075344808
167.09 0.0121710136083
167.16 0.0118638274318
167.23 0.0112112271016
167.3 0.0121134118517
167.37 0.0116859307093
167.44 0.0100245696422
167.51 0.00888490571783
167.58 0.00909213692806
167.65 0.00842309738937
167.72 0.00710050252244
167.79 0.00698021877863
167.86 0.00688386609641
167.93 0.00594976690506
168.0 0.00504215740698
168.07 0.00471808313923
168.14 0.00301668958632
168.21 0.0
168.28 0.0
168.35 0.0
168.42 0.0
168.49 0.0
168.56 0.0
168.63 0.0
168.7 0.0
168.77 0.0
168.84 0.0
168.91 0.0
168.98 0.0
169.05 0.0
169.12 0.0
169.19 0.0
169.26 0.0
169.33 0.0
169.4 0.0
169.47 0.0
169.54 0.0
169.61 0.0
169.68 0.0
169.75 0.0
169.82 0.0
169.89 0.0
169.96 0.0
170.03 0.0
170.1 0.0
170.17 0.0
170.24 0.0
170.31 0.0
170.38 0.0
170.45 0.0
170.52 0.0
170.59 0.0
170.66 0.0
170.73 0.0
170.8 0.0
170.87 0.0
170.94 0.0
171.01 0.0
171.08 0.0
171.15 0.0
171.22 0.0
171.29 0.0
171.36 0.0
171.43 0.0
171.5 0.0
171.57 0.0
171.64 0.0
171.71 0.0
171.78 0.0
171.85 0.0
171.92 0.0
171.99 0.0
172.06 0.0
172.13 0.0
172.2 0.0
172.27 0.0
172.34 0.0
172.41 0.0
172.48 0.0
172.55 0.0
172.62 0.0
172.69 0.0
172.76 0.0
172.83 0.0
172.9 0.0
172.97 0.0
173.04 0.0
173.11 0.0
173.18 0.0
173.25 0.0
173.32 0.0
173.39 0.0
173.46 0.0
173.53 0.0
173.6 0.0
173.67 0.0
173.74 0.0
173.81 0.0
173.88 0.0
173.95 0.0
174.02 0.0
174.09 0.0
174.16 0.0
174.23 0.0
174.3 0.0
174.37 0.0
174.44 0.0
174.51 0.0
174.58 0.0
174.65 0.0
174.72 0.0
174.79 0.0
174.86 0.0
174.93 0.0
175.0 0.0
175.07 0.0
175.14 0.0
175.21 0.0
175.28 0.0
175.35 0.0
175.42 0.0
175.49 0.0
175.56 0.0
175.63 0.0
175.7 0.0
175.77 0.0
175.84 0.0
175.91 0.0
175.98 0.0
176.05 0.0
176.12 0.0
176.19 0.0
176.26 0.0
176.33 0.0
176.4 0.0
176.47 0.0
176.54 0.0
176.61 0.0
176.68 0.0
176.75 0.0
176.82 0.0
176.89 0.0
176.96 0.0
177.03 0.0
177.1 0.0
177.17 0.0
