0.0 0
3.47152581086 0
3.97152581086 1
14.4199827274 1
17.9085069986 0.42313243643693
114.595798138 0.5247474015319252
115.435860167 0
194.222577953 0
210.739341071 0.8405172413793104
214.427015881 0.843785120429491
228.472453603 0.07718525675149729
268.933631593 0
272.164988455 1
281.961717976 1
288.245713798 0.14477079187344002
308.894905253 0.11679732667316335
325.468033731 0.13273389939823754
327.614225572 1
329.886663992 0.96875
334.344474226 0.40294077510917126
357.600366246 0.42394476525658586
361.787868481 0
