0.0 0.0
0.07 0.0
0.14 0.0
0.21 0.0
0.28 0.0
0.35 0.0
0.42 0.0
0.49 0.0
0.56 0.0
0.63 0.0
0.7 0.0
0.77 0.0
0.84 0.0
0.91 0.0
0.98 0.0
1.05 0.0
1.12 0.0
1.19 0.0
1.26 0.0
1.33 0.0
1.4 0.0
1.47 0.0
1.54 0.0
1.61 0.0
1.68 0.0
1.75 0.0
1.82 0.0
1.89 0.0
1.96 0.0
2.03 0.0
2.1 0.0
2.17 0.0
2.24 0.0
2.31 0.0
2.38 0.0
2.45 0.0
2.52 0.0
2.59 0.0
2.66 0.0
2.73 0.0
2.8 0.0
2.87 0.0
2.94 0.0
3.01 0.0
3.08 0.0
3.15 0.0
3.22 0.0
3.29 0.0
3.36 0.0
3.43 0.0
3.5 0.0
3.57 0.0
3.64 0.0
3.71 0.0
3.78 0.0
3.85 0.0
3.92 0.0
3.99 5.42846088566e-05
4.06 5.97322732594e-05
4.13 5.88347755499e-05
4.2 5.88134383087e-05
4.27 5.87707638262e-05
4.34 0.00025754850317
4.41 0.000770827843272
4.48 0.00167708715739
4.55 0.00332528769089
4.62 0.00588068370997
4.69 0.00773735175748
4.76 0.00843193763709
4.83 0.00862862832753
4.9 0.00891647304609
4.97 0.00845791172756
5.04 0.0110724559129
5.11 0.0132371883822
5.18 0.017001292442
5.25 0.0175951172007
5.32 0.016425801708
5.39 0.0206212180957
5.46 0.0225880249817
5.53 0.0243232441193
5.6 0.0278778511432
5.67 0.0288079961653
5.74 0.0247979030527
5.81 0.0231876894765
5.88 0.0292627101125
5.95 0.0299295429092
6.02 0.0344954444843
6.09 0.0499141750812
6.16 0.050102328208
6.23 0.0415111614082
6.3 0.0520251377026
6.37 0.0638224076981
6.44 0.0649022481368
6.51 0.0422864193962
6.58 0.0506372581801
6.65 0.0524041551194
6.72 0.0425752776337
6.79 0.0540401414159
6.86 0.0414528533958
6.93 0.0598231125632
7.0 0.0685343066792
7.07 0.0419597435657
7.14 0.0409355053105
7.21 0.0390198877998
7.28 0.0527377295467
7.35 0.04118373344
7.42 0.0515966392234
7.49 0.0451259261166
7.56 0.04915526142
7.63 0.0364962976059
7.7 0.0444325257875
7.77 0.0373259162167
7.84 0.0555072541166
7.91 0.0584816602104
7.98 0.0539637447572
8.05 0.0488230979178
8.12 0.0576393699455
8.19 0.05367263144
8.26 0.0490172348072
8.33 0.0576273384086
8.4 0.0618604657031
8.47 0.0573868170239
8.54 0.061938139929
8.61 0.0663734562543
8.68 0.0683201834627
8.75 0.0630058168067
8.82 0.0712246207418
8.89 0.0737349951819
8.96 0.0797665891976
9.03 0.0720174392793
9.1 0.0713917633539
9.17 0.0888996765832
9.24 0.0840603395952
9.31 0.0837342358695
9.38 0.0873227357675
9.45 0.102010212436
9.52 0.116414299868
9.59 0.107779493076
9.66 0.106983587306
9.73 0.10757984451
9.8 0.124761472647
9.87 0.136271354008
9.94 0.131190262076
10.01 0.135218245131
10.08 0.152537779859
10.15 0.153372847468
10.22 0.156657111646
10.29 0.144088835107
10.36 0.157036961215
10.43 0.154141602932
10.5 0.161854507545
10.57 0.160599673723
10.64 0.166939100118
10.71 0.175432666376
10.78 0.207404616684
10.85 0.199178635434
10.92 0.178792014972
10.99 0.195893937844
11.06 0.218322012198
11.13 0.225680479896
11.2 0.218373112223
11.27 0.215573472804
11.34 0.203218340637
11.41 0.233911910144
11.48 0.226427346017
11.55 0.23042977906
11.62 0.234091188312
11.69 0.209973280466
11.76 0.180927294047
11.83 0.201534784295
11.9 0.223305926332
11.97 0.2818630697
12.04 0.262290176938
12.11 0.258438487503
12.18 0.236267646929
12.25 0.255704493441
12.32 0.252691569626
12.39 0.271558742469
12.46 0.213987587684
12.53 0.226670807941
12.6 0.262644811222
12.67 0.281921699105
12.74 0.264281613668
12.81 0.267181076703
12.88 0.31170998681
12.95 0.338324877309
13.02 0.321469424911
13.09 0.302757541842
13.16 0.273330975053
13.23 0.324208090496
13.3 0.321889149783
13.37 0.333325188286
13.44 0.292801582415
13.51 0.296157235667
13.58 0.338870447897
13.65 0.3574895193
13.72 0.40966481117
13.79 0.77801861359
13.86 0.530036818557
13.93 0.585961255747
14.0 0.492648522915
14.07 0.486573291574
14.14 0.353019121883
14.21 0.336293214545
14.28 0.357415799132
14.35 0.342791307333
14.42 0.341332553496
14.49 0.308581887234
14.56 0.211449714874
14.63 0.153401205995
14.7 0.180317833091
14.77 0.185639683784
14.84 0.174329509667
14.91 0.143054508338
14.98 0.10920709454
15.05 0.105765762929
15.12 0.140793627592
15.19 0.138532789521
15.26 0.117272815771
15.33 0.103656397934
15.4 0.0876695966282
15.47 0.0657652995374
15.54 0.0596217116767
15.61 0.0543788114431
15.68 0.0528101108033
15.75 0.0518605995676
15.82 0.0474464857922
15.89 0.0428616780878
15.96 0.0398763379914
16.03 0.0371237791954
16.1 0.0323679041601
16.17 0.0285603934837
16.24 0.0270798743276
16.31 0.0253735844884
16.38 0.0225043083157
16.45 0.021279717366
16.52 0.0198020574003
16.59 0.0204374791107
16.66 0.0174690007692
16.73 0.0182624394203
16.8 0.0156224079003
16.87 0.0160521146008
16.94 0.0142107893633
17.01 0.0150096503408
17.08 0.0129647598205
17.15 0.0135673701881
17.22 0.038105580345
17.29 0.11521987311
17.36 0.0874544798964
17.43 0.0266887386914
17.5 0.0135918626739
17.57 0.0122952318635
17.64 0.0574489190646
17.71 0.0525504325767
17.78 0.0307341489389
17.85 0.0605996627878
17.92 0.0300749962155
17.99 0.0751473991961
18.06 0.128040375843
18.13 0.0641858649317
18.2 0.0328374168177
18.27 0.0166563452652
18.34 0.0426399494783
18.41 0.0774010466168
18.48 0.0400933297333
18.55 0.0644133866021
18.62 0.0532610533931
18.69 0.0367275839659
18.76 0.124142555293
18.83 0.113161805509
18.9 0.0675896443316
18.97 0.0571319650146
19.04 0.0346457053378
19.11 0.0599417262872
19.18 0.0380114484381
19.25 0.0502735048922
19.32 0.0496879856548
19.39 0.0319631767012
19.46 0.0826691301294
19.53 0.120972269324
19.6 0.0618713423618
19.67 0.0206638085628
19.74 0.0141677441462
19.81 0.0915417924849
19.88 0.0849660254709
19.95 0.0416801203529
20.02 0.0161756558939
20.09 0.0152309095309
20.16 0.105396994056
20.23 0.163184728508
20.3 0.060983026334
20.37 0.0130501421248
20.44 0.0116656325528
20.51 0.0254181406488
20.58 0.0811078295116
20.65 0.0427446179816
20.72 0.0566571633884
20.79 0.0576261381888
20.86 0.0390968819012
20.93 0.119690682602
21.0 0.126958844428
21.07 0.0558290423852
21.14 0.0248814156814
21.21 0.017942067411
21.28 0.0866226982228
21.35 0.0592209729484
21.42 0.0515396754572
21.49 0.0636924865698
21.56 0.0263322400655
21.63 0.1426315162
21.7 0.130801461534
21.77 0.0444581558149
21.84 0.077202743631
21.91 0.0405208266957
21.98 0.0501155479625
22.05 0.0392587848869
22.12 0.0490751547485
22.19 0.0911893359327
22.26 0.0468307343511
22.33 0.133672037945
22.4 0.201573856784
22.47 0.0818668992013
22.54 0.0278634818448
22.61 0.0154692451819
22.68 0.0668701232185
22.75 0.0906295427403
22.82 0.0435698397871
22.89 0.0222207990579
22.96 0.0118875932048
23.03 0.21050341356
23.1 0.373254230597
23.17 0.29304743811
23.24 0.156989072444
23.31 0.0440983672532
23.38 0.0212838927974
23.45 0.271555348514
23.52 0.605905119119
23.59 0.625926934101
23.66 0.611230854524
23.73 0.490263258056
23.8 0.447409914828
23.87 0.38223851873
23.94 0.279440770057
24.01 0.210148709929
24.08 0.0957054830621
24.15 0.144197022922
24.22 0.166220332476
24.29 0.0979246014921
24.36 0.0625690101392
24.43 0.0384780165564
24.5 0.152506984886
24.57 0.309168074593
24.64 0.288217697546
24.71 0.223200761737
24.78 0.168381911035
24.85 0.0874240783283
24.92 0.0578976692529
24.99 0.203149894768
25.06 0.164693190115
25.13 0.118142715093
25.2 0.1115015441
25.27 0.176681031013
25.34 0.135228117606
25.41 0.0644651600844
25.48 0.0289679921351
25.55 0.0212991702622
25.62 0.0887852009504
25.69 0.0547641300139
25.76 0.0311977085062
25.83 0.0115779018183
25.9 0.0347739448248
25.97 0.0746995211675
26.04 0.307372172342
26.11 0.418391250745
26.18 0.399031710392
26.25 0.486005796971
26.32 0.299425919658
26.39 0.24421057367
26.46 0.0999952553977
26.53 0.074148476244
26.6 0.0483628002813
26.67 0.237199338901
26.74 0.489091743493
26.81 0.440029171049
26.88 0.445856414305
26.95 0.461524470566
27.02 0.492667694426
27.09 0.426440107555
27.16 0.414363119662
27.23 0.367416382732
27.3 0.352479303016
27.37 0.368262720405
27.44 0.378852755963
27.51 0.318693465829
27.58 0.362859341446
27.65 0.333611606077
27.72 0.267184282623
27.79 0.242582674188
27.86 0.111116794967
27.93 0.104099517757
28.0 0.109562008876
28.07 0.0657012798123
28.14 0.101714734319
28.21 0.171896019975
28.28 0.0923997936273
28.35 0.0433228852242
28.42 0.0377649766303
28.49 0.0936767941757
28.56 0.0859129922406
28.63 0.0524662718294
28.7 0.040107394976
28.77 0.085698875692
28.84 0.311494308642
28.91 0.549569605307
28.98 0.209275065922
29.05 0.107121536571
29.12 0.0870277537417
29.19 0.0615531654212
29.26 0.0959633996327
29.33 0.211490538351
29.4 0.281886823384
29.47 0.183509496309
29.54 0.0536344164409
29.61 0.0856580322115
29.68 0.138044840154
29.75 0.080972033974
29.82 0.0378052013308
29.89 0.0245562027855
29.96 0.0712745245483
30.03 0.0860558384028
30.1 0.0401876283373
30.17 0.0263243292834
30.24 0.37928331882
30.31 0.534136170684
30.38 0.405555953302
30.45 0.105971648637
30.52 0.0936196397079
30.59 0.162974912747
30.66 0.247458851257
30.73 0.45070614253
30.8 0.384101527939
30.87 0.166811134015
30.94 0.138579099336
31.01 0.108052371053
31.08 0.25035954385
31.15 0.375922028536
31.22 0.287315721683
31.29 0.20582040787
31.36 0.118411791041
31.43 0.102157823471
31.5 0.0665156729678
31.57 0.0422567873024
31.64 0.0337378310613
31.71 0.0421051155238
31.78 0.153226199276
31.85 0.158065860324
31.92 0.129486971452
31.99 0.31403120794
32.06 0.373272459269
32.13 0.38013475476
32.2 0.343867559114
32.27 0.316076101127
32.34 0.239419498855
32.41 0.203965520149
32.48 0.152848598119
32.55 0.209116146149
32.62 0.273890568208
32.69 0.209975651567
32.76 0.223358547969
32.83 0.294321530125
32.9 0.395616838294
32.97 0.412206231296
33.04 0.353721953273
33.11 0.344204575505
33.18 0.351446636551
33.25 0.391778231255
33.32 0.341461261069
33.39 0.366317856204
33.46 0.344459854259
33.53 0.300942566764
33.6 0.331271917564
33.67 0.288960780308
33.74 0.240557341917
33.81 0.248592168157
33.88 0.184747121645
33.95 0.126927657382
34.02 0.219565367917
34.09 0.169785410751
34.16 0.0825476025384
34.23 0.0689932534017
34.3 0.110140145428
34.37 0.123347018924
34.44 0.0632037103841
34.51 0.0486645768848
34.58 0.0633416743188
34.65 0.269893890886
34.72 0.46411092694
34.79 0.417638104807
34.86 0.0873799662492
34.93 0.0565173551159
35.0 0.167999162268
35.07 0.165931167516
35.14 0.180408463023
35.21 0.225185282534
35.28 0.157056884864
35.35 0.0727000563002
35.42 0.156594696214
35.49 0.129975931672
35.56 0.0666775212769
35.63 0.0507592738605
35.7 0.0508084268628
35.77 0.146646120806
35.84 0.212185134899
35.91 0.195139730378
35.98 0.128437621931
36.05 0.113296172785
36.12 0.148917724849
36.19 0.30608128525
36.26 0.350400472946
36.33 0.431791626349
36.4 0.406738524556
36.47 0.293435625206
36.54 0.32047380123
36.61 0.248065136964
36.68 0.140284493011
36.75 0.10170986276
36.82 0.113875120152
36.89 0.127066430799
36.96 0.0908738634875
37.03 0.0357171935802
37.1 0.0239270262189
37.17 0.149192495173
37.24 0.456390343587
37.31 0.237024598897
37.38 0.112747801685
37.45 0.108752360589
37.52 0.0761545836612
37.59 0.276002499007
37.66 0.262450084891
37.73 0.154611741037
37.8 0.066694868454
37.87 0.314626242253
37.94 0.314440461561
38.01 0.108353508873
38.08 0.109059914251
38.15 0.0723626278337
38.22 0.094794926961
38.29 0.217066434239
38.36 0.198446921421
38.43 0.137468483928
38.5 0.0437880210802
38.57 0.0240393547918
38.64 0.191272098024
38.71 0.210421243844
38.78 0.177597608217
38.85 0.176261278136
38.92 0.179797529798
38.99 0.176004699143
39.06 0.232547544261
39.13 0.151668756698
39.2 0.110831310681
39.27 0.0429329378056
39.34 0.0420984276323
39.41 0.0433770098038
39.48 0.0227809203104
39.55 0.0648061452023
39.62 0.0446557013286
39.69 0.10135459636
39.76 0.207028898538
39.83 0.0706787834387
39.9 0.0270841044357
39.97 0.0164394762124
40.04 0.0601110879724
40.11 0.0717106737621
40.18 0.0321883272707
40.25 0.016257834945
40.32 0.0121753205685
40.39 0.163557607467
40.46 0.349088236611
40.53 0.4412233711
40.6 0.178591388894
40.67 0.0577041604785
40.74 0.0504430946192
40.81 0.189139232724
40.88 0.321141174125
40.95 0.320515690235
41.02 0.287330952472
41.09 0.278226965083
41.16 0.303346508377
41.23 0.336861095885
41.3 0.303586579013
41.37 0.231663139616
41.44 0.0506232169418
41.51 0.134458456643
41.58 0.3293401731
41.65 0.286047101336
41.72 0.125236510317
41.79 0.100130270792
41.86 0.155730647298
41.93 0.204323201658
42.0 0.296307424507
42.07 0.328149124293
42.14 0.317714862599
42.21 0.3666858396
42.28 0.312448943482
42.35 0.340294139311
42.42 0.335755553406
42.49 0.298899336548
42.56 0.27499038964
42.63 0.353964340333
42.7 0.266414044221
42.77 0.17871070408
42.84 0.187045234543
42.91 0.214199490494
42.98 0.156962694279
43.05 0.0766008000521
43.12 0.0422902894383
43.19 0.222237945398
43.26 0.331562438773
43.33 0.516863447196
43.4 0.571612981203
43.47 0.450194678189
43.54 0.3460420267
43.61 0.276609636871
43.68 0.265630434037
43.75 0.275484634827
43.82 0.544918764175
43.89 0.668764981194
43.96 0.469171099041
44.03 0.36317320293
44.1 0.536317751572
44.17 0.4333065198
44.24 0.266571313025
44.31 0.16510850618
44.38 0.104668966051
44.45 0.119927662005
44.52 0.246423370943
44.59 0.115369924591
44.66 0.151594391078
44.73 0.116126885895
44.8 0.0344455380107
44.87 0.294363304443
44.94 0.345881258589
45.01 0.350069613683
45.08 0.337155971225
45.15 0.443410291633
45.22 0.415989324167
45.29 0.382673279689
45.36 0.261841550772
45.43 0.365237721045
45.5 0.302464888243
45.57 0.316852449982
45.64 0.267577660003
45.71 0.258546255241
45.78 0.314248985159
45.85 0.24205941302
45.92 0.369099860393
45.99 0.345400625228
46.06 0.201405577964
46.13 0.145953461946
46.2 0.22235456409
46.27 0.427408380893
46.34 0.495815956362
46.41 0.36144528913
46.48 0.203594006773
46.55 0.146788082806
46.62 0.149731643251
46.69 0.541309604493
46.76 0.543544283106
46.83 0.493648203339
46.9 0.465003010325
46.97 0.513509014167
47.04 0.462932044362
47.11 0.49120051638
47.18 0.390306288337
47.25 0.2086035416
47.32 0.18633109975
47.39 0.371348681597
47.46 0.290399253096
47.53 0.159717768203
47.6 0.109443449828
47.67 0.197950771885
47.74 0.278564469564
47.81 0.397682443274
47.88 0.416350528988
47.95 0.404410251468
48.02 0.367804185758
48.09 0.265288274037
48.16 0.184737386529
48.23 0.312559225014
48.3 0.33333791595
48.37 0.156561918211
48.44 0.179532225207
48.51 0.265491583273
48.58 0.207348622429
48.65 0.194191193988
48.72 0.159983744916
48.79 0.138591221557
48.86 0.17262566961
48.93 0.0865142636964
49.0 0.0601741995312
49.07 0.0541891353707
49.14 0.0573846139538
49.21 0.235981753234
49.28 0.456013539909
49.35 0.468101931223
49.42 0.367803038881
49.49 0.356812495304
49.56 0.246043242656
49.63 0.232576866965
49.7 0.0890514630494
49.77 0.0875591590683
49.84 0.201587986039
49.91 0.468156101144
49.98 0.512845907386
50.05 0.518310902963
50.12 0.490687179697
50.19 0.624258129794
50.26 0.614383531934
50.33 0.658651206196
50.4 0.604342583608
50.47 0.495573197234
50.54 0.571820408527
50.61 0.628934502268
50.68 0.427085032339
50.75 0.18356084438
50.82 0.104910671653
50.89 0.165374744274
50.96 0.203255203388
51.03 0.307271724612
51.1 0.211645558743
51.17 0.155870782297
51.24 0.115462052131
51.31 0.117530927044
51.38 0.372032478834
51.45 0.4330524466
51.52 0.154020430072
51.59 0.432030398079
51.66 0.502447961676
51.73 0.511232221174
51.8 0.453239399827
51.87 0.211919236867
51.94 0.300217487299
52.01 0.417175860147
52.08 0.381620926952
52.15 0.345088513398
52.22 0.335897584752
52.29 0.326476926031
52.36 0.353480130317
52.43 0.487369476061
52.5 0.528911212403
52.57 0.388661399076
52.64 0.17006958013
52.71 0.151399124649
52.78 0.145595142987
52.85 0.349894218893
52.92 0.373905875278
52.99 0.248078531418
53.06 0.310953197537
53.13 0.410541554412
53.2 0.467597396151
53.27 0.452645848452
53.34 0.418374689045
53.41 0.161368322501
53.48 0.339563649523
53.55 0.460887979326
53.62 0.468372098038
53.69 0.3484883014
53.76 0.366042873842
53.83 0.371090439633
53.9 0.25498167439
53.97 0.209232247413
54.04 0.212560191591
54.11 0.250970807803
54.18 0.127399927879
54.25 0.149402641661
54.32 0.347048557712
54.39 0.353558427324
54.46 0.298835226139
54.53 0.279663917593
54.6 0.114507423958
54.67 0.333189271393
54.74 0.303392614155
54.81 0.286093588517
54.88 0.306226454504
54.95 0.295345635023
55.02 0.373917484071
55.09 0.363396269118
55.16 0.31443736366
55.23 0.309739117846
55.3 0.335085334656
55.37 0.405365213035
55.44 0.4483903824
55.51 0.242906750876
55.58 0.36673847324
55.65 0.37383019075
55.72 0.370773304217
55.79 0.442420765068
55.86 0.416107645838
55.93 0.440850313441
56.0 0.410672543736
56.07 0.400005848805
56.14 0.508409772244
56.21 0.34529463915
56.28 0.35075128253
56.35 0.353327208976
56.42 0.309219166618
56.49 0.42955246158
56.56 0.407088357961
56.63 0.353581566228
56.7 0.350892549737
56.77 0.300336926508
56.84 0.379098923715
56.91 0.361679488024
56.98 0.296871609171
57.05 0.408110618521
57.12 0.371415815226
57.19 0.328655433023
57.26 0.364762365984
57.33 0.322485330973
57.4 0.293883707272
57.47 0.355319712568
57.54 0.346753791726
57.61 0.337498872694
57.68 0.355136667044
57.75 0.320241047934
57.82 0.304287096646
57.89 0.38316508443
57.96 0.340764170731
58.03 0.347047536192
58.1 0.374058777949
58.17 0.188842326346
58.24 0.13545036231
58.31 0.11985238155
58.38 0.0797704352354
58.45 0.0593964717575
58.52 0.0697428960316
58.59 0.0449346177453
58.66 0.114257234136
58.73 0.132376339305
58.8 0.0629326954145
58.87 0.0291655003086
58.94 0.0509241120505
59.01 0.117122705612
59.08 0.170987036162
59.15 0.48179909585
59.22 0.346527881017
59.29 0.231413703265
59.36 0.238388406011
59.43 0.149317015312
59.5 0.48017372083
59.57 0.627037430821
59.64 0.423648641633
59.71 0.284335006434
59.78 0.23241535205
59.85 0.214852047343
59.92 0.0967275382508
59.99 0.249277288303
60.06 0.517349408199
60.13 0.444351877417
60.2 0.388152505873
60.27 0.26185369833
60.34 0.130172164945
60.41 0.106851495113
60.48 0.110352057572
60.55 0.0748686308065
60.62 0.0530569960201
60.69 0.099208407287
60.76 0.531132960648
60.83 0.186486888283
60.9 0.761717292014
60.97 0.411659071084
61.04 0.187152218137
61.11 0.114723711571
61.18 0.10624615758
61.25 0.223650649467
61.32 0.100462148909
61.39 0.141178178023
61.46 0.454383626725
61.53 0.352059455455
61.6 0.202843202597
61.67 0.109941003622
61.74 0.0667567717916
61.81 0.0944029885111
61.88 0.390943789094
61.95 0.717914276188
62.02 0.472390658034
62.09 0.171446058898
62.16 0.109466256672
62.23 0.0662400904951
62.3 0.127911000148
62.37 0.0868899711736
62.44 0.0855469598687
62.51 0.119265304694
62.58 0.500228137783
62.65 0.532323377338
62.72 0.334051809366
62.79 0.153247696547
62.86 0.170098652121
62.93 0.328166127407
63.0 0.153187216137
63.07 0.113403163047
63.14 0.0651985570723
63.21 0.355345547967
63.28 0.443825733054
63.35 0.246286137809
63.42 0.0826000321408
63.49 0.0446150312132
63.56 0.0409340370416
63.63 0.0346889065834
63.7 0.11127289689
63.77 0.397472966242
63.84 0.569294207188
63.91 0.22299347844
63.98 0.134907593569
64.05 0.241223493255
64.12 0.113931702515
64.19 0.120153530039
64.26 0.0673445981182
64.33 0.0452646355212
64.4 0.0709223853876
64.47 0.13028395742
64.54 0.0564518071108
64.61 0.0501585611737
64.68 0.0382011951901
64.75 0.0753963447903
64.82 0.446206907831
64.89 0.266649792732
64.96 0.472340271472
65.03 0.199760868737
65.1 0.11114485744
65.17 0.173220075808
65.24 0.458422201054
65.31 0.391801274142
65.38 0.254230502147
65.45 0.469744549401
65.52 0.41699327204
65.59 0.385975220438
65.66 0.245209328592
65.73 0.112639363158
65.8 0.0860154990146
65.87 0.149320005193
65.94 0.161943089102
66.01 0.08262061191
66.08 0.0472624107457
66.15 0.0402510426183
66.22 0.0741215406441
66.29 0.113608459314
66.36 0.159057793996
66.43 0.346150166506
66.5 0.246747881043
66.57 0.281501583494
66.64 0.173550294954
66.71 0.0944893576629
66.78 0.362727457292
66.85 0.535218318212
66.92 0.448090668841
66.99 0.215844459769
67.06 0.100391313269
67.13 0.353712876944
67.2 0.646786411833
67.27 0.697575675187
67.34 0.218171635323
67.41 0.172693623389
67.48 0.0840382102088
67.55 0.0483195683634
67.62 0.0411737342753
67.69 0.139687643699
67.76 0.0813245158642
67.83 0.0450413452924
67.9 0.0394414290048
67.97 0.0310879097299
68.04 0.118001771946
68.11 0.431148420546
68.18 0.116587894328
68.25 0.234246887495
68.32 0.493151816426
68.39 0.44531610068
68.46 0.510914885721
68.53 0.513522920714
68.6 0.139630770616
68.67 0.464600373915
68.74 0.447194571388
68.81 0.231316214744
68.88 0.536977236356
68.95 0.634686190353
69.02 0.257980183565
69.09 0.170215953605
69.16 0.156729446227
69.23 0.149237754129
69.3 0.493671320907
69.37 0.529679267738
69.44 0.522598365542
69.51 0.386583254465
69.58 0.255971343648
69.65 0.147352943593
69.72 0.144796060635
69.79 0.179410340218
69.86 0.422468270782
69.93 0.41062391883
70.0 0.33650727375
70.07 0.181391533738
70.14 0.124515283558
70.21 0.187301188088
70.28 0.388784392269
70.35 0.385976020584
70.42 0.356982761155
70.49 0.264290607315
70.56 0.300301538693
70.63 0.371299576603
70.7 0.593879091226
70.77 0.670841974927
70.84 0.278532633066
70.91 0.234560370242
70.98 0.416972481565
71.05 0.458744822808
71.12 0.36226298289
71.19 0.156744043567
71.26 0.104115443341
71.33 0.118469008187
71.4 0.0683592346149
71.47 0.0602638746218
71.54 0.126705366003
71.61 0.0690689992745
71.68 0.0899722703613
71.75 0.102110329439
71.82 0.285240000183
71.89 0.280710193218
71.96 0.384485760977
72.03 0.263007313614
72.1 0.0698323670848
72.17 0.160712830448
72.24 0.169926004501
72.31 0.0526162913053
72.38 0.0528523332029
72.45 0.0518501909946
72.52 0.258676828489
72.59 0.322898513314
72.66 0.23328074788
72.73 0.117839954309
72.8 0.0288172525273
72.87 0.0663712771885
72.94 0.402626910184
73.01 0.409274738395
73.08 0.382251558451
73.15 0.385579363937
73.22 0.326467141573
73.29 0.346720859028
73.36 0.314678521161
73.43 0.156630510774
73.5 0.0827469550497
73.57 0.0970531818922
73.64 0.246161485645
73.71 0.190793571715
73.78 0.0949062446821
73.85 0.0488732684399
73.92 0.157236996518
73.99 0.315464842509
74.06 0.416465079302
74.13 0.384341318523
74.2 0.323059174739
74.27 0.21528379175
74.34 0.165236848352
74.41 0.219878379912
74.48 0.125955616687
74.55 0.230938053484
74.62 0.16057592404
74.69 0.131308527736
74.76 0.251388969722
74.83 0.19845079013
74.9 0.170309033319
74.97 0.141855588757
75.04 0.140996528754
75.11 0.28711308457
75.18 0.157269814528
75.25 0.0890233445662
75.32 0.043020924587
75.39 0.0495190240429
75.46 0.224665986092
75.53 0.311468118512
75.6 0.402777711136
75.67 0.339661387423
75.74 0.342136001981
75.81 0.385819655946
75.88 0.343302243577
75.95 0.250053633156
76.02 0.189639888419
76.09 0.184907559029
76.16 0.445136377097
76.23 0.571521561793
76.3 0.546517941063
76.37 0.548684233818
76.44 0.594961518806
76.51 0.583662161336
76.58 0.489081520288
76.65 0.561093379878
76.72 0.514745491294
76.79 0.545426127765
76.86 0.518920285238
76.93 0.369323482683
77.0 0.198591627924
77.07 0.103788978216
77.14 0.073533260901
77.21 0.110411528464
77.28 0.335960754988
77.35 0.212001914676
77.42 0.133354017033
77.49 0.0763588103986
77.56 0.0563713323719
77.63 0.342555901552
77.7 0.470901167902
77.77 0.133389050116
77.84 0.502361593858
77.91 0.549652436477
77.98 0.586974374632
78.05 0.560950997801
78.12 0.261952781811
78.19 0.315549136614
78.26 0.513883840149
78.33 0.429178579771
78.4 0.378856332618
78.47 0.374184424961
78.54 0.370664220238
78.61 0.345902679845
78.68 0.288471105291
78.75 0.41797911793
78.82 0.331823870654
78.89 0.154529776692
78.96 0.124851238421
79.03 0.115022571641
79.1 0.373284316107
79.17 0.42591841334
79.24 0.220907848459
79.31 0.414203146363
79.38 0.506717859705
79.45 0.502454845603
79.52 0.44008614015
79.59 0.122299779123
79.66 0.37222148545
79.73 0.487620854101
79.8 0.490028042976
79.87 0.363825599749
79.94 0.342225289
80.01 0.346461316826
80.08 0.163394501594
80.15 0.191438231118
80.22 0.196939355978
80.29 0.216177239384
80.36 0.177154799117
80.43 0.171508015579
80.5 0.225934991843
80.57 0.36620686521
80.64 0.427438102337
80.71 0.332987585121
80.78 0.0707094317186
80.85 0.340939878912
80.92 0.343503456429
80.99 0.337328442813
81.06 0.350986254899
81.13 0.340917742857
81.2 0.377874572809
81.27 0.434147389805
81.34 0.393039759637
81.41 0.372902638203
81.48 0.411831010575
81.55 0.389450679632
81.62 0.30818395702
81.69 0.32757087172
81.76 0.416311307138
81.83 0.464554741558
81.9 0.418715979553
81.97 0.445706570861
82.04 0.478746931515
82.11 0.393753064945
82.18 0.389643568293
82.25 0.343680291483
82.32 0.418035264213
82.39 0.381014430539
82.46 0.352004789443
82.53 0.396808839274
82.6 0.316850368267
82.67 0.33626235956
82.74 0.447834413908
82.81 0.441602065791
82.88 0.386203844977
82.95 0.352075782445
83.02 0.365804348823
83.09 0.314281428434
83.16 0.315162827195
83.23 0.389931411678
83.3 0.315540512368
83.37 0.352273054575
83.44 0.412473357554
83.51 0.382258799778
83.58 0.369605897074
83.65 0.345002178919
83.72 0.344671486353
83.79 0.390371217562
83.86 0.308789262548
83.93 0.28056556673
84.0 0.292792870152
84.07 0.332697397307
84.14 0.335540858084
84.21 0.376563828748
84.28 0.35194484113
84.35 0.284856043194
84.42 0.354495005524
84.49 0.207870966096
84.56 0.141894293179
84.63 0.100143621237
84.7 0.0971183138211
84.77 0.0501852180559
84.84 0.0816449878918
84.91 0.140650769428
84.98 0.094543508914
85.05 0.0414791448777
85.12 0.0312639286344
85.19 0.0882775693113
85.26 0.104085683223
85.33 0.0442084380793
85.4 0.0402851568663
85.47 0.029284498103
85.54 0.144083738174
85.61 0.314652980484
85.68 0.510097865417
85.75 0.454866516499
85.82 0.49024488269
85.89 0.227549670237
85.96 0.11370155103
86.03 0.0513380065217
86.1 0.0669342682999
86.17 0.251710724651
86.24 0.570737692895
86.31 0.301912473735
86.38 0.115832869379
86.45 0.0851909066578
86.52 0.349022023151
86.59 0.659403870713
86.66 0.371625242915
86.73 0.323583681469
86.8 0.497112849887
86.87 0.318203329394
86.94 0.0952109391534
87.01 0.107680130878
87.08 0.115110359719
87.15 0.0508280557912
87.22 0.0386822112879
87.29 0.0359738632557
87.36 0.0957316918622
87.43 0.483989406337
87.5 0.67332683136
87.57 0.210142664822
87.64 0.117987941413
87.71 0.275052829076
87.78 0.546454834839
87.85 0.3173022737
87.92 0.108149060762
87.99 0.0643498896394
88.06 0.0775377689907
88.13 0.119361841042
88.2 0.062830111293
88.27 0.136191314015
88.34 0.364125095935
88.41 0.723392830248
88.48 0.365289082452
88.55 0.121520120329
88.62 0.0917034127522
88.69 0.0966845717149
88.76 0.0572390512941
88.83 0.0744045124702
88.9 0.0597793018726
88.97 0.0438908892538
89.04 0.2429927853
89.11 0.519288542017
89.18 0.650001363316
89.25 0.614932091069
89.32 0.341962984959
89.39 0.209120124211
89.46 0.20739607912
89.53 0.267163165422
89.6 0.174519392444
89.67 0.262636659062
89.74 0.250534543901
89.81 0.529058735421
89.88 0.346277527165
89.95 0.191363414749
90.02 0.56360270746
90.09 0.545113946589
90.16 0.317889747962
90.23 0.150320165705
90.3 0.253630285551
90.37 0.317781190747
90.44 0.232142576758
90.51 0.115594895128
90.58 0.0865308373985
90.65 0.0686444228469
90.72 0.0628069097103
90.79 0.034704610793
90.86 0.026918283399
90.93 0.020103192553
91.0 0.190470649906
91.07 0.455526989464
91.14 0.412579686361
91.21 0.443661272266
91.28 0.281249202604
91.35 0.16070079491
91.42 0.0888176095526
91.49 0.0563982439675
91.56 0.0813475507497
91.63 0.0761831035513
91.7 0.0453630308755
91.77 0.094095985617
91.84 0.124404349907
91.91 0.396994045195
91.98 0.294830735386
92.05 0.245540357219
92.12 0.268283237229
92.19 0.409829648027
92.26 0.452932736995
92.33 0.547306508155
92.4 0.500955683033
92.47 0.474107877875
92.54 0.401856542425
92.61 0.133422154845
92.68 0.0631514421445
92.75 0.043474518329
92.82 0.0689573894999
92.89 0.0687563873532
92.96 0.0796768034201
93.03 0.425131935964
93.1 0.631223218778
93.17 0.720634909137
93.24 0.484944945343
93.31 0.332077602458
93.38 0.376174749488
93.45 0.270072047515
93.52 0.185784699677
93.59 0.277328117793
93.66 0.186438731463
93.73 0.0859054601944
93.8 0.0548894476324
93.87 0.247922777558
93.94 0.399337393044
94.01 0.284875582773
94.08 0.14487336146
94.15 0.0697294642382
94.22 0.0756142460321
94.29 0.0885611492488
94.36 0.0575533008487
94.43 0.0482316602631
94.5 0.100220260607
94.57 0.051976831522
94.64 0.0829337212558
94.71 0.0943755248145
94.78 0.0381440473902
94.85 0.124300546896
94.92 0.0606363908479
94.99 0.507532630263
95.06 0.27277134589
95.13 0.142514952185
95.2 0.464036417294
95.27 0.441516672818
95.34 0.494904245383
95.41 0.433699574455
95.48 0.467916813319
95.55 0.130472353258
95.62 0.073118965023
95.69 0.0698493755332
95.76 0.0772936922882
95.83 0.0631245838921
95.9 0.491248674534
95.97 0.559546423221
96.04 0.142022268617
96.11 0.149270742837
96.18 0.20655035756
96.25 0.393798138533
96.32 0.474559713962
96.39 0.263746583678
96.46 0.104531347513
96.53 0.152868977851
96.6 0.172696834643
96.67 0.0785799505322
96.74 0.0571358270553
96.81 0.0577814813064
96.88 0.131267769604
96.95 0.0508736761465
97.02 0.0297279953292
97.09 0.0218104292322
97.16 0.042916880198
97.23 0.0844110838337
97.3 0.0524524773029
97.37 0.0790241198815
97.44 0.123578853385
97.51 0.495243164789
97.58 0.243035911865
97.65 0.392444643975
97.72 0.230862019558
97.79 0.309542065756
97.86 0.223491811043
97.93 0.282690177184
98.0 1.0
98.07 0.897199961575
98.14 0.681243390606
98.21 0.414327266429
98.28 0.538045500008
98.35 0.237335770555
98.42 0.0992152992159
98.49 0.138229986063
98.56 0.262085440774
98.63 0.581210124247
98.7 0.414844118424
98.77 0.226298522424
98.84 0.078675481362
98.91 0.0595079948496
98.98 0.213372865765
99.05 0.118837637034
99.12 0.0686520855837
99.19 0.302154399377
99.26 0.449897102354
99.33 0.654589020876
99.4 0.29776823472
99.47 0.194201045125
99.54 0.17862533111
99.61 0.439593971343
99.68 0.126318199094
99.75 0.129058183587
99.82 0.0755466416504
99.89 0.0465216857491
99.96 0.027355158079
100.03 0.0263845816519
100.1 0.374231345555
100.17 0.308835128281
100.24 0.168648239813
100.31 0.0978149440751
100.38 0.236017918524
100.45 0.599461116237
100.52 0.28135970951
100.59 0.160790543347
100.66 0.140466286307
100.73 0.503097529977
100.8 0.307324663641
100.87 0.216882892624
100.94 0.162980085694
101.01 0.531642115232
101.08 0.321078551989
101.15 0.163167177293
101.22 0.218948596289
101.29 0.497330813807
101.36 0.334437395986
101.43 0.195116155394
101.5 0.458213905571
101.57 0.232293296362
101.64 0.108652831694
101.71 0.0757430069479
101.78 0.349350112574
101.85 0.429864210677
101.92 0.425707772095
101.99 0.188568536202
102.06 0.104240180853
102.13 0.0625392140154
102.2 0.50301333189
102.27 0.412732667713
102.34 0.263082167324
102.41 0.395700136216
102.48 0.549981818137
102.55 0.466452850529
102.62 0.24025727496
102.69 0.508213764345
102.76 0.432575935328
102.83 0.299072625619
102.9 0.167261543173
102.97 0.185063064844
103.04 0.149328536088
103.11 0.602012108783
103.18 0.322924260696
103.25 0.178153096621
103.32 0.10817259974
103.39 0.399966197542
103.46 0.383455369595
103.53 0.224260095754
103.6 0.102238159517
103.67 0.419264106608
103.74 0.501172484073
103.81 0.17472384989
103.88 0.0872431651942
103.95 0.0553227323215
104.02 0.0379934251372
104.09 0.355883838554
104.16 0.414539521304
104.23 0.406851362556
104.3 0.396653901564
104.37 0.40482180551
104.44 0.412430064291
104.51 0.398296559749
104.58 0.419942609542
104.65 0.394053087894
104.72 0.411821418152
104.79 0.437267990674
104.86 0.43154853516
104.93 0.446946025867
105.0 0.501136180091
105.07 0.523063344036
105.14 0.276574318402
105.21 0.120715830357
105.28 0.116434776952
105.35 0.380430136859
105.42 0.380751885121
105.49 0.331086800994
105.56 0.322012201653
105.63 0.373379633564
105.7 0.368290208106
105.77 0.307854137947
105.84 0.342122348813
105.91 0.350786614335
105.98 0.39975180761
106.05 0.396784966902
106.12 0.136675692062
106.19 0.0963584359833
106.26 0.159943645572
106.33 0.542707681883
106.4 0.480507229912
106.47 0.196652792828
106.54 0.0971056981772
106.61 0.255916296232
106.68 0.391206478539
106.75 0.303911379833
106.82 0.314754743121
106.89 0.392429995959
106.96 0.428703926172
107.03 0.367843594309
107.1 0.354740074408
107.17 0.348747579553
107.24 0.368413597371
107.31 0.375942904359
107.38 0.366169753079
107.45 0.345669075727
107.52 0.248998047826
107.59 0.414777424876
107.66 0.273614336283
107.73 0.208440443728
107.8 0.203395671782
107.87 0.276618377138
107.94 0.380291248755
108.01 0.331590287873
108.08 0.310820450558
108.15 0.280073191218
108.22 0.381327159815
108.29 0.282743476279
108.36 0.254170301788
108.43 0.213580821185
108.5 0.378305430387
108.57 0.272170549188
108.64 0.134206047748
108.71 0.122817412594
108.78 0.151811573522
108.85 0.533093258342
108.92 0.175580893524
108.99 0.108343456365
109.06 0.0849886616167
109.13 0.147513110261
109.2 0.182764534536
109.27 0.216166524088
109.34 0.146063287394
109.41 0.283434684207
109.48 0.590844816834
109.55 0.249264341931
109.62 0.265248244039
109.69 0.141340218367
109.76 0.529932184726
109.83 0.378907037905
109.9 0.394684415521
109.97 0.330911258176
110.04 0.560044599795
110.11 0.467540801786
110.18 0.385537156206
110.25 0.137618487401
110.32 0.136422657719
110.39 0.442728486761
110.46 0.379300009877
110.53 0.344097149163
110.6 0.317565019155
110.67 0.356825024265
110.74 0.349129921579
110.81 0.275758938399
110.88 0.257978675289
110.95 0.274517250985
111.02 0.323132230786
111.09 0.393219399204
111.16 0.23168095888
111.23 0.0915036214939
111.3 0.140709394832
111.37 0.488669456819
111.44 0.463540949216
111.51 0.297289000282
111.58 0.0919200270917
111.65 0.241741698831
111.72 0.327103496787
111.79 0.306705116838
111.86 0.240368666028
111.93 0.360949621016
112.0 0.427086500608
112.07 0.369843812648
112.14 0.350803868161
112.21 0.354976840438
112.28 0.350194999314
112.35 0.310496297857
112.42 0.337057958607
112.49 0.315281790316
112.56 0.257921195428
112.63 0.383401140997
112.7 0.238272640809
112.77 0.203996613844
112.84 0.182553450543
112.91 0.312486806417
112.98 0.356163335077
113.05 0.335822581682
113.12 0.309818164324
113.19 0.358517871643
113.26 0.469490390852
113.33 0.321990133612
113.4 0.299983084369
113.47 0.259601985931
113.54 0.320094893166
113.61 0.16948557317
113.68 0.177145556091
113.75 0.222205752835
113.82 0.483819180494
113.89 0.471948131652
113.96 0.234250417474
114.03 0.231741189911
114.1 0.269313966007
114.17 0.431877495409
114.24 0.420043323988
114.31 0.364553419716
114.38 0.20241222233
114.45 0.221515411733
114.52 0.262086674333
114.59 0.309422089116
114.66 0.300892761642
114.73 0.608093894658
114.8 0.412971152725
114.87 0.345996175636
114.94 0.53750502502
115.01 0.527535693811
115.08 0.568520985573
115.15 0.445160878918
115.22 0.180061675509
115.29 0.117150218651
115.36 0.304124752246
115.43 0.462280499699
115.5 0.429454483636
115.57 0.464231002265
115.64 0.498894558873
115.71 0.525434140913
115.78 0.47593542859
115.85 0.431357682872
115.92 0.446398394902
115.99 0.359302768729
116.06 0.430866347551
116.13 0.295443023526
116.2 0.112309904151
116.27 0.123725258865
116.34 0.432267441494
116.41 0.367843899698
116.48 0.308888740767
116.55 0.336589067397
116.62 0.327645045305
116.69 0.397065937028
116.76 0.342671285351
116.83 0.369861125152
116.9 0.39618897508
116.97 0.403401752095
117.04 0.309538535776
117.11 0.282029120112
117.18 0.285860324461
117.25 0.353504201392
117.32 0.470476134057
117.39 0.177812055493
117.46 0.124060418916
117.53 0.207105555244
117.6 0.520363108156
117.67 0.499773873252
117.74 0.426493724041
117.81 0.297647870009
117.88 0.246490720611
117.95 0.265361730157
118.02 0.278382178844
118.09 0.247235446341
118.16 0.326259168816
118.23 0.429524699162
118.3 0.211181030998
118.37 0.0936381857713
118.44 0.0889090823058
118.51 0.279643809911
118.58 0.369353456173
118.65 0.357514881279
118.72 0.345533818955
118.79 0.441436512803
118.86 0.408732140352
118.93 0.343448753077
119.0 0.381588681046
119.07 0.398641975012
119.14 0.434285825826
119.21 0.427523615332
119.28 0.398877686182
119.35 0.377395286362
119.42 0.447846032036
119.49 0.192311708428
119.56 0.126561534327
119.63 0.151701736072
119.7 0.200066791433
119.77 0.210377077088
119.84 0.222524467208
119.91 0.194882864667
119.98 0.486908459626
120.05 0.519840816499
120.12 0.228331850826
120.19 0.225359905183
120.26 0.165708850799
120.33 0.409193159454
120.4 0.373854071124
120.47 0.359937258269
120.54 0.347075713352
120.61 0.424846965105
120.68 0.390784415905
120.75 0.386335273048
120.82 0.406430194753
120.89 0.347833713513
120.96 0.475728818749
121.03 0.320833036357
121.1 0.0979666078523
121.17 0.0936042862293
121.24 0.388058560667
121.31 0.554564066706
121.38 0.560832852163
121.45 0.51326964766
121.52 0.529011929516
121.59 0.499203676821
121.66 0.514877558148
121.73 0.514513938218
121.8 0.567994838543
121.87 0.422832965576
121.94 0.456036232065
122.01 0.464437709457
122.08 0.455931603569
122.15 0.503108818711
122.22 0.497791918258
122.29 0.428001190799
122.36 0.137077294949
122.43 0.135967441013
122.5 0.511675738404
122.57 0.445172124978
122.64 0.221560830718
122.71 0.244226401903
122.78 0.32633139271
122.85 0.387786724213
122.92 0.206867279604
122.99 0.109576454188
123.06 0.100802073833
123.13 0.387133155179
123.2 0.497706485278
123.27 0.276418448521
123.34 0.0943807377692
123.41 0.110505716382
123.48 0.448996344048
123.55 0.401111173911
123.62 0.133294019377
123.69 0.128258723833
123.76 0.252202561398
123.83 0.441685393052
123.9 0.274559276015
123.97 0.100859967102
124.04 0.0800948453175
124.11 0.191096432518
124.18 0.385209373507
124.25 0.335644971819
124.32 0.303878120409
124.39 0.290938619881
124.46 0.356716357696
124.53 0.33592340148
124.6 0.371273633185
124.67 0.36755463872
124.74 0.412454727475
124.81 0.415877617042
124.88 0.420392191883
124.95 0.459932995088
125.02 0.473564178297
125.09 0.607784496659
125.16 0.327819974676
125.23 0.19937266297
125.3 0.173610045897
125.37 0.358501639336
125.44 0.512082391549
125.51 0.548756657749
125.58 0.454141702417
125.65 0.268006043795
125.72 0.296226675051
125.79 0.322919087749
125.86 0.278023633176
125.93 0.266120071714
126.0 0.280138056432
126.07 0.335160309721
126.14 0.161170474265
126.21 0.113173282278
126.28 0.114639681515
126.35 0.362201875699
126.42 0.321813801317
126.49 0.176610487426
126.56 0.115949960158
126.63 0.246668353144
126.7 0.372778776851
126.77 0.326677245386
126.84 0.245407039469
126.91 0.282464686552
126.98 0.420937617111
127.05 0.339748392692
127.12 0.253804157396
127.19 0.267813033779
127.26 0.297216511006
127.33 0.275208276212
127.4 0.108773635152
127.47 0.0825396210766
127.54 0.0911447811059
127.61 0.393571790411
127.68 0.240582710563
127.75 0.211954600677
127.82 0.172718118542
127.89 0.292570433413
127.96 0.321429093524
128.03 0.251808045142
128.1 0.194470313108
128.17 0.170606615821
128.24 0.390611945651
128.31 0.203049475043
128.38 0.158240781694
128.45 0.151210406085
128.52 0.247822016437
128.59 0.237446089426
128.66 0.157428279551
128.73 0.117081495398
128.8 0.211438811544
128.87 0.54410035295
128.94 0.193414923814
129.01 0.108670088188
129.08 0.0708657830209
129.15 0.314194435168
129.22 0.467440676782
129.29 0.432337075581
129.36 0.254392539824
129.43 0.137918172955
129.5 0.534205440704
129.57 0.468746455934
129.64 0.289596780791
129.71 0.292856747185
129.78 0.450425892535
129.85 0.324910955225
129.92 0.19855413039
129.99 0.319482168946
130.06 0.622511324534
130.13 0.45636409878
130.2 0.206611024671
130.27 0.0904126203445
130.34 0.0734787029088
130.41 0.218228719111
130.48 0.391345457326
130.55 0.298365094702
130.62 0.15701951802
130.69 0.0776061708518
130.76 0.292835465954
130.83 0.533046593795
130.9 0.377168246113
130.97 0.252116164241
131.04 0.365519525991
131.11 0.283251829384
131.18 0.148584397133
131.25 0.386538638294
131.32 0.567424415403
131.39 0.259893211268
131.46 0.121313554497
131.53 0.0796427825225
131.6 0.0733795487488
131.67 0.31310373274
131.74 0.298314322736
131.81 0.130695592811
131.88 0.100608602398
131.95 0.0761977395652
132.02 0.320650754972
132.09 0.309056123423
132.16 0.284323697696
132.23 0.286244989579
132.3 0.298360321827
132.37 0.188288128845
132.44 0.109494665875
132.51 0.416310106919
132.58 0.471615797452
132.65 0.53482955501
132.72 0.377291566032
132.79 0.348760272545
132.86 0.353966311361
132.93 0.346429683032
133.0 0.236987236054
133.07 0.240809849497
133.14 0.265692914814
133.21 0.419955213184
133.28 0.30593852577
133.35 0.27899165847
133.42 0.307382743611
133.49 0.2532754699
133.56 0.260672544669
133.63 0.300825482653
133.7 0.185754122077
133.77 0.150863799938
133.84 0.42233727479
133.91 0.26345370337
133.98 0.226128301914
134.05 0.366369129595
134.12 0.256200688319
134.19 0.294135505388
134.26 0.270401957272
134.33 0.204125197394
134.4 0.227230398429
134.47 0.520038523376
134.54 0.188720728076
134.61 0.0908330520129
134.68 0.0792255781118
134.75 0.064444628324
134.82 0.255894602926
134.89 0.330016733011
134.96 0.130427427696
135.03 0.0806398598032
135.1 0.0797132767668
135.17 0.199953214631
135.24 0.313004911974
135.31 0.238122250598
135.38 0.172938529576
135.45 0.123726612447
135.52 0.112364630174
135.59 0.196268769161
135.66 0.162615325555
135.73 0.132793889112
135.8 0.114945165464
135.87 0.101481792989
135.94 0.211912478296
136.01 0.186759224828
136.08 0.174984501628
136.15 0.127913307237
136.22 0.116886525022
136.29 0.146249521502
136.36 0.23629586543
136.43 0.176044687801
136.5 0.16938278101
136.57 0.164616868136
136.64 0.119695482148
136.71 0.323220429606
136.78 0.257235209791
136.85 0.186627400684
136.92 0.191973879888
136.99 0.160923759746
137.06 0.169242791371
137.13 0.228262199403
137.2 0.13567749991
137.27 0.134771144579
137.34 0.107931536922
137.41 0.188613304401
137.48 0.200789966549
137.55 0.19718821489
137.62 0.153127061119
137.69 0.129545336809
137.76 0.198898332097
137.83 0.206818658699
137.9 0.154433453717
137.97 0.154025755048
138.04 0.114618452293
138.11 0.124449191453
138.18 0.289233288884
138.25 0.24220046552
138.32 0.17027955192
138.39 0.0922318121949
138.46 0.0656370627176
138.53 0.082273366979
138.6 0.343890568662
138.67 0.188636116579
138.74 0.112232411291
138.81 0.393464608114
138.88 0.416726033762
138.95 0.425836072926
139.02 0.350354045777
139.09 0.29660291596
139.16 0.236485598846
139.23 0.47676433507
139.3 0.34597399424
139.37 0.467573841171
139.44 0.341873732613
139.51 0.104448297636
139.58 0.0814547997256
139.65 0.0806721417156
139.72 0.43867865437
139.79 0.390988994707
139.86 0.180042141265
139.93 0.256807536796
140.0 0.118178049564
140.07 0.241293272702
140.14 0.340802909826
140.21 0.113535543292
140.28 0.207307864297
140.35 0.422339053783
140.42 0.331271281448
140.49 0.250204930199
140.56 0.175838431358
140.63 0.150258821136
140.7 0.312543984889
140.77 0.317065517005
140.84 0.34067875642
140.91 0.366069684085
140.98 0.121833069645
141.05 0.129001999964
141.12 0.302229227748
141.19 0.635558264739
141.26 0.466672265381
141.33 0.31059796181
141.4 0.273563952389
141.47 0.263318822667
141.54 0.512953417743
141.61 0.609164658768
141.68 0.290529076873
141.75 0.225158417614
141.82 0.227077955843
141.89 0.212632728876
141.96 0.299492338489
142.03 0.243508953169
142.1 0.21769022582
142.17 0.210405054212
142.24 0.222708962331
142.31 0.275024095813
142.38 0.498754849285
142.45 0.44592374797
142.52 0.183125335283
142.59 0.179362258078
142.66 0.352550061309
142.73 0.361624508621
142.8 0.371014885796
142.87 0.341448362707
142.94 0.251881355902
143.01 0.380457332507
143.08 0.439768557985
143.15 0.133479957432
143.22 0.0839475669409
143.29 0.0657733050036
143.36 0.041872455579
143.43 0.178448932136
143.5 0.264316717431
143.57 0.306967443549
143.64 0.290377635804
143.71 0.283608147977
143.78 0.490398762873
143.85 0.518944629696
143.92 0.286716809326
143.99 0.280789250364
144.06 0.305387919594
144.13 0.386250845585
144.2 0.614738842342
144.27 0.527054249634
144.34 0.377567337873
144.41 0.286970854521
144.48 0.226359368234
144.55 0.42608066439
144.62 0.318491200784
144.69 0.245775859018
144.76 0.276341639787
144.83 0.373363358584
144.9 0.461126825737
144.97 0.399670682086
145.04 0.2720850722
145.11 0.191080581614
145.18 0.163611769386
145.25 0.35179235987
145.32 0.387595857256
145.39 0.309744696201
145.46 0.258025626555
145.53 0.164920610433
145.6 0.30246654988
145.67 0.269320868604
145.74 0.230389853081
145.81 0.220810989385
145.88 0.186022605916
145.95 0.197457506877
146.02 0.0965948739534
146.09 0.166889492366
146.16 0.199945011796
146.23 0.166592348611
146.3 0.122037908495
146.37 0.1918563717
146.44 0.176547333193
146.51 0.150104087464
146.58 0.260231806615
146.65 0.241974058721
146.72 0.312954033323
146.79 0.205848563694
146.86 0.164413542897
146.93 0.296387235125
147.0 0.389956468267
147.07 0.623024102449
147.14 0.569887495848
147.21 0.412152766838
147.28 0.175216722826
147.35 0.148999559837
147.42 0.409342234757
147.49 0.509858849642
147.56 0.445780185677
147.63 0.331291966569
147.7 0.169089728671
147.77 0.135827331352
147.84 0.334112516485
147.91 0.239119329212
147.98 0.153474044669
148.05 0.0777400140317
148.12 0.0797440450687
148.19 0.492972782303
148.26 0.524835135205
148.33 0.217921682878
148.4 0.252530232077
148.47 0.240586192534
148.54 0.492153617607
148.61 0.750699438102
148.68 0.775714935673
148.75 0.711513433211
148.82 0.663254398601
148.89 0.650078357418
148.96 0.616979584733
149.03 0.620904823638
149.1 0.569507999677
149.17 0.494675751534
149.24 0.572480792142
149.31 0.639513309103
149.38 0.571656535847
149.45 0.368022256364
149.52 0.22942429224
149.59 0.202188986778
149.66 0.262029966614
149.73 0.334893448845
149.8 0.211353249207
149.87 0.118032256196
149.94 0.0762279557659
150.01 0.557069240193
150.08 0.373656049523
150.15 0.170978171872
150.22 0.424422870099
150.29 0.187529624592
150.36 0.2477657568
150.43 0.319354170837
150.5 0.306972673841
150.57 0.406545161142
150.64 0.333974249828
150.71 0.36165003863
150.78 0.247779341955
150.85 0.26726547616
150.92 0.279623050109
150.99 0.261452335488
151.06 0.484540332572
151.13 0.341091546689
151.2 0.342455700533
151.27 0.368888524354
151.34 0.252823537796
151.41 0.336680880212
151.48 0.371734064179
151.55 0.412261249373
151.62 0.337762311609
151.69 0.308734952601
151.76 0.358865076566
151.83 0.195625591363
151.9 0.344389850772
151.97 0.445975464109
152.04 0.441733571209
152.11 0.498692885936
152.18 0.406554868253
152.25 0.351643748651
152.32 0.328228196109
152.39 0.40709422837
152.46 0.398606243134
152.53 0.326896281503
152.6 0.416473016755
152.67 0.367556069649
152.74 0.551751691621
152.81 0.446269842024
152.88 0.34309312261
152.95 0.178620727601
153.02 0.153395610304
153.09 0.347015467652
153.16 0.290911298877
153.23 0.187704124552
153.3 0.242131274181
153.37 0.200098330543
153.44 0.313072432341
153.51 0.290034043542
153.58 0.235270593652
153.65 0.361609347178
153.72 0.430266125621
153.79 0.433411733737
153.86 0.309235644302
153.93 0.26231230099
154.0 0.276855143168
154.07 0.212932002354
154.14 0.38252167859
154.21 0.36252105949
154.28 0.235699365515
154.35 0.137283576729
154.42 0.098446197022
154.49 0.401143375809
154.56 0.447171733872
154.63 0.432371653913
154.7 0.453428026374
154.77 0.343181592146
154.84 0.320043523758
154.91 0.386317177734
154.98 0.3021767328
155.05 0.368838313825
155.12 0.405834134918
155.19 0.407798670721
155.26 0.645104015704
155.33 0.318520398132
155.4 0.245207644283
155.47 0.221186143428
155.54 0.555114926262
155.61 0.42723691749
155.68 0.351278101683
155.75 0.345751486821
155.82 0.406035241084
155.89 0.345463495409
155.96 0.24473495371
156.03 0.23861060804
156.1 0.419803638757
156.17 0.349243044964
156.24 0.513321078413
156.31 0.343102889732
156.38 0.186322250129
156.45 0.135191932312
156.52 0.103125364675
156.59 0.0948569729914
156.66 0.0765310979529
156.73 0.0610379017177
156.8 0.0552694385608
156.87 0.0512359424954
156.94 0.412794140305
157.01 0.483365130668
157.08 0.321654508142
157.15 0.375050075505
157.22 0.399305312502
157.29 0.377824767688
157.36 0.428927483116
157.43 0.199984284322
157.5 0.181884917435
157.57 0.129391994057
157.64 0.455658969637
157.71 0.473310029083
157.78 0.364490622881
157.85 0.254203753248
157.92 0.453157362135
157.99 0.341443407132
158.06 0.202445011002
158.13 0.156217480461
158.2 0.390394041742
158.27 0.407591118042
158.34 0.502734163427
158.41 0.41977486282
158.48 0.261798892293
158.55 0.143579909898
158.62 0.128185897162
158.69 0.113121827521
158.76 0.0985696169596
158.83 0.0671233309266
158.9 0.0572365721734
158.97 0.122815166849
159.04 0.458773933473
159.11 0.418398589423
159.18 0.206117112878
159.25 0.139952649568
159.32 0.13575230161
159.39 0.371339102509
159.46 0.515630544057
159.53 0.44555883447
159.6 0.480373060006
159.67 0.561482040395
159.74 0.592792060137
159.81 0.519456694147
159.88 0.258708623645
159.95 0.435702355929
160.02 0.386313911802
160.09 0.412995265141
160.16 0.41902302112
160.23 0.326067631069
160.3 0.284242928236
160.37 0.125858069488
160.44 0.126290067275
160.51 0.1016034286
160.58 0.0812747334132
160.65 0.088631994224
160.72 0.216162205964
160.79 0.594860546979
160.86 0.475083751272
160.93 0.476705980383
161.0 0.515558438851
161.07 0.504021008445
161.14 0.5636671726
161.21 0.407964801148
161.28 0.282752804654
161.35 0.478379005463
161.42 0.368530460108
161.49 0.369668493872
161.56 0.362011464825
161.63 0.349352595695
161.7 0.34417813733
161.77 0.35346372998
161.84 0.577003933886
161.91 0.486614309753
161.98 0.347437107541
162.05 0.462818570246
162.12 0.414662301124
162.19 0.177631407741
162.26 0.161921195759
162.33 0.428845966853
162.4 0.503920656732
162.47 0.441996600716
162.54 0.453017420505
162.61 0.412983316286
162.68 0.242389566821
162.75 0.207805155376
162.82 0.345050661132
162.89 0.578630658486
162.96 0.464982389215
163.03 0.422126385499
163.1 0.392839006869
163.17 0.285521713111
163.24 0.16963812511
163.31 0.145716606566
163.38 0.123578095913
163.45 0.109525592873
163.52 0.124154160085
163.59 0.105652927597
163.66 0.0807299616387
163.73 0.0709474633139
163.8 0.0761275027014
163.87 0.523759623559
163.94 0.525270093534
164.01 0.328194380582
164.08 0.467753110004
164.15 0.395979888786
164.22 0.260664449854
164.29 0.233548954335
164.36 0.366892772167
164.43 0.443458271087
164.5 0.292731021491
164.57 0.500654122469
164.64 0.368557346366
164.71 0.14926342283
164.78 0.140383724519
164.85 0.141086051816
164.92 0.541760749787
164.99 0.474226808991
165.06 0.342403414957
165.13 0.155394493731
165.2 0.162248813095
165.27 0.522020691742
165.34 0.582919443974
165.41 0.37982992293
165.48 0.212271534723
165.55 0.176856821876
165.62 0.657493178104
165.69 0.780034986888
165.76 0.667411664001
165.83 0.688931733388
165.9 0.71196257147
165.97 0.515427305501
166.04 0.584915757598
166.11 0.406412143446
166.18 0.363419841435
166.25 0.373236786069
166.32 0.614127867776
166.39 0.528330728754
166.46 0.329306672297
166.53 0.340015677645
166.6 0.417250049735
166.67 0.720424621289
166.74 0.710961816183
166.81 0.673625578076
166.88 0.485056208388
166.95 0.351968406779
167.02 0.610661696949
167.09 0.542950004931
167.16 0.382588212109
167.23 0.528395500617
167.3 0.662757771644
167.37 0.571934770805
167.44 0.46462043759
167.51 0.358147783861
167.58 0.377635615711
167.65 0.394209133807
167.72 0.404015953919
167.79 0.324506503817
167.86 0.294852412689
167.93 0.263983920479
168.0 0.629459449078
168.07 0.720891429451
168.14 0.720822668858
168.21 0.628127427786
168.28 0.284040084419
168.35 0.434834793036
168.42 0.707699808081
168.49 0.676658573567
168.56 0.70763386267
168.63 0.737586387122
168.7 0.774464745368
168.77 0.679629460349
168.84 0.676171423012
168.91 0.712424198684
168.98 0.641467312311
169.05 0.56676744708
169.12 0.661602297353
169.19 0.586896765751
169.26 0.513979245623
169.33 0.423248723055
169.4 0.575832807395
169.47 0.455740071157
169.54 0.324556368949
169.61 0.258623202667
169.68 0.217770547197
169.75 0.322129996561
169.82 0.478992341795
169.89 0.313667337297
169.96 0.138104863147
170.03 0.0861664493278
170.1 0.177269578805
170.17 0.52997253345
170.24 0.592889073905
170.31 0.36347709192
170.38 0.501370567018
170.45 0.647913010169
170.52 0.638597622729
170.59 0.580096987043
170.66 0.419218095515
170.73 0.584313864695
170.8 0.582680264169
170.87 0.525565834366
170.94 0.263364876435
171.01 0.146360739205
171.08 0.30758938279
171.15 0.48413227517
171.22 0.548040670617
171.29 0.465380947544
171.36 0.225649972975
171.43 0.0988107744608
171.5 0.403727774473
171.57 0.49239991605
171.64 0.512405059978
171.71 0.407058397808
171.78 0.507950482792
171.85 0.56482316832
171.92 0.562961731399
171.99 0.547413526422
172.06 0.640766197235
172.13 0.573130847199
172.2 0.413621049086
172.27 0.163396672658
172.34 0.141751905767
172.41 0.280969852775
172.48 0.358043606114
172.55 0.430017389398
172.62 0.3001546998
172.69 0.25535533616
172.76 0.116878839615
172.83 0.44341801438
172.9 0.445957662182
172.97 0.434538946852
173.04 0.323429137164
173.11 0.48952161289
173.18 0.436658723087
173.25 0.377420262936
173.32 0.469324145738
173.39 0.52389370945
173.46 0.475682644959
173.53 0.494286057495
173.6 0.518791799039
173.67 0.503388289896
173.74 0.619733835839
173.81 0.524042850099
173.88 0.712610818196
173.95 0.555532973494
174.02 0.629524863726
174.09 0.737618292965
174.16 0.53928757416
174.23 0.391255647544
174.3 0.386728155671
174.37 0.331523865042
174.44 0.411328561218
174.51 0.351435266468
174.58 0.294625076386
174.65 0.245650145327
174.72 0.252281702559
174.79 0.483498139028
174.86 0.472176556155
174.93 0.38044663188
175.0 0.325192890861
175.07 0.292600620275
175.14 0.318440739542
175.21 0.264401817017
175.28 0.171926678923
175.35 0.154649561297
175.42 0.127954209395
175.49 0.43213827517
175.56 0.459106144984
175.63 0.372129596621
175.7 0.309560054384
175.77 0.251637836635
175.84 0.251256598812
175.91 0.231351623896
175.98 0.171327994608
176.05 0.164570422296
176.12 0.13482982866
176.19 0.263177848848
176.26 0.277259545234
176.33 0.10610925784
176.4 0.0469360336366
176.47 0.0443120850622
176.54 0.119354985119
176.61 0.377121118815
176.68 0.233707575387
176.75 0.0828265162879
176.82 0.0597105452799
176.89 0.042752256714
176.96 0.0301383051438
177.03 0.0306305633006
177.1 0.0241420229287
177.17 0.037070576118
177.24 0.226440675125
177.31 0.289820673797
177.38 0.128058933908
177.45 0.0574581300849
177.52 0.0587284680798
177.59 0.191029201538
177.66 0.42858714745
177.73 0.217138231389
177.8 0.123171313411
177.87 0.0754772182689
177.94 0.205548290032
178.01 0.390593750318
178.08 0.195680625443
178.15 0.150297718927
178.22 0.249004234293
178.29 0.252846554011
178.36 0.22484397069
178.43 0.0943964646496
178.5 0.0518332158856
178.57 0.0548019209353
178.64 0.0416867242291
178.71 0.0348771290563
178.78 0.0300081826453
178.85 0.0281140730737
178.92 0.0307491956947
178.99 0.256576865215
179.06 0.363710746714
179.13 0.192550509497
179.2 0.102860300129
179.27 0.0986091775385
179.34 0.30140326314
179.41 0.462276756346
179.48 0.203248575508
179.55 0.114352303548
179.62 0.0870899171269
179.69 0.0698245363173
179.76 0.0582049855376
179.83 0.0465181877751
179.9 0.0372568515675
179.97 0.0210864913102
180.04 0.035453447942
180.11 0.0367277453287
180.18 0.023279511627
180.25 0.0212607298885
180.32 0.0156883946524
180.39 0.0306716481586
180.46 0.0142374395776
180.53 0.0116731579311
180.6 0.0166690915997
180.67 0.0160478938277
180.74 0.00825846986658
180.81 0.0136943241063
180.88 0.0155797974295
180.95 0.0056785706931
181.02 0.0264232220622
181.09 0.00565859103384
181.16 0.00344931040557
181.23 0.00864422585087
181.3 0.0114463350553
181.37 0.0162468275956
181.44 0.00442026823585
181.51 0.00514702000662
181.58 0.027130043516
181.65 0.0527528123091
181.72 0.293443406631
181.79 0.314243585503
181.86 0.132417600195
181.93 0.0615134274766
182.0 0.0542286332714
182.07 0.289947587707
182.14 0.235819020763
182.21 0.0848616836941
182.28 0.0502847469512
182.35 0.0417095097356
182.42 0.0289480391474
182.49 0.0288271530072
182.56 0.0238652335683
182.63 0.0235609765105
182.7 0.0205372627193
182.77 0.0182063118072
182.84 0.0183231252015
182.91 0.0141840858059
182.98 0.0544860310803
183.05 0.157814708992
183.12 0.324502677782
183.19 0.302164197171
183.26 0.121329414735
183.33 0.0596767644263
183.4 0.120999199589
183.47 0.344920569306
183.54 0.309951491409
183.61 0.098984426265
183.68 0.114405151894
183.75 0.218707305431
183.82 0.313878765353
183.89 0.176982980982
183.96 0.0603001572669
184.03 0.048170847792
184.1 0.0443269744558
184.17 0.0342084519218
184.24 0.0272991211492
184.31 0.040081368876
184.38 0.0449277924952
184.45 0.219549861077
184.52 0.280693592844
184.59 0.147782052851
184.66 0.104928041501
184.73 0.118415127652
184.8 0.310873981696
184.87 0.360871958792
184.94 0.113198202842
185.01 0.0675621406277
185.08 0.0478102870889
185.15 0.0487537878904
185.22 0.0667686793058
185.29 0.127831888325
185.36 0.104926585234
185.43 0.0822227830479
185.5 0.0744208727999
185.57 0.0779836759916
185.64 0.0977311127215
185.71 0.0908722885324
185.78 0.0850439650788
185.85 0.0802815008367
185.92 0.0681130748643
185.99 0.0575332238383
186.06 0.0494670438561
186.13 0.0244625576345
186.2 0.0196095874829
186.27 0.0136674165116
186.34 0.0418445718054
186.41 0.0641191967215
186.48 0.0751248750708
186.55 0.0670718294942
186.62 0.0577221464393
186.69 0.0599846074742
186.76 0.0272094260549
186.83 0.0621779931913
186.9 0.0572434040913
186.97 0.0489334794675
187.04 0.037593033139
187.11 0.0458423946707
187.18 0.320536379358
187.25 0.259770708832
187.32 0.103285221953
187.39 0.0518764331341
187.46 0.0485203958115
187.53 0.298468045557
187.6 0.172404837164
187.67 0.157037812037
187.74 0.108426942322
187.81 0.0529618305906
187.88 0.0562978962555
187.95 0.0897884153551
188.02 0.0485713278063
188.09 0.0306812232456
188.16 0.0486129020873
188.23 0.251174337079
188.3 0.361150431127
188.37 0.305493844327
188.44 0.111367331519
188.51 0.0970348465341
188.58 0.403652217968
188.65 0.414032881846
188.72 0.34277556845
188.79 0.41652381806
188.86 0.379585663528
188.93 0.662994404316
189.0 0.493932344713
189.07 0.176087226258
189.14 0.118351833393
189.21 0.0779549507306
189.28 0.0717261645992
189.35 0.10287612436
189.42 0.0609885900196
189.49 0.0528704645237
189.56 0.0860433254444
189.63 0.396446239531
189.7 0.345494495753
189.77 0.116961789474
189.84 0.0978402753812
189.91 0.0931989919999
189.98 0.479462929316
190.05 0.404882035208
190.12 0.461241184015
190.19 0.161677193737
190.26 0.145632063082
190.33 0.580026322101
190.4 0.383134130761
190.47 0.224885631654
190.54 0.165956221438
190.61 0.240369634205
190.68 0.568382696245
190.75 0.501322944963
190.82 0.209600734902
190.89 0.110158948871
190.96 0.173693098442
191.03 0.598050333853
191.1 0.549241029128
191.17 0.394330313334
191.24 0.19238077041
191.31 0.16469098171
191.38 0.225694849195
191.45 0.128272763738
191.52 0.0991759226708
191.59 0.406106372778
191.66 0.338687707761
191.73 0.240456767497
191.8 0.137496810449
191.87 0.153979243863
191.94 0.356858873131
192.01 0.308116024578
192.08 0.335894266811
192.15 0.276855324535
192.22 0.202435890665
192.29 0.384543046136
192.36 0.331462159073
192.43 0.320124767971
192.5 0.340717391496
192.57 0.363521429374
192.64 0.405952879333
192.71 0.508375164572
192.78 0.575188380035
192.85 0.28684436202
192.92 0.125135147752
192.99 0.105986872758
193.06 0.387150917099
193.13 0.42476846006
193.2 0.410470869466
193.27 0.36626783771
193.34 0.263227376585
193.41 0.249394351076
193.48 0.278683620719
193.55 0.170446703867
193.62 0.158798795894
193.69 0.176892796464
193.76 0.426619792464
193.83 0.423839393902
193.9 0.220888910323
193.97 0.127199380482
194.04 0.0949491165341
194.11 0.48542553603
194.18 0.462617304051
194.25 0.449838595639
194.32 0.421315059572
194.39 0.465894574947
194.46 0.509610866891
194.53 0.451767776967
194.6 0.415574556203
194.67 0.470546224227
194.74 0.425054964533
194.81 0.532907394967
194.88 0.562088495467
194.95 0.433384770132
195.02 0.364474431916
195.09 0.315241891009
195.16 0.332165965308
195.23 0.290440991407
195.3 0.123328530205
195.37 0.125488968554
195.44 0.166502418807
195.51 0.466547823923
195.58 0.615692474333
195.65 0.545128862654
195.72 0.569091747441
195.79 0.501739077177
195.86 0.346068880952
195.93 0.529934541158
196.0 0.587015572844
196.07 0.523296848136
196.14 0.530616714097
196.21 0.522289726349
196.28 0.451256855392
196.35 0.544601808792
196.42 0.560539218384
196.49 0.473168633853
196.56 0.466564541651
196.63 0.433047760409
196.7 0.396408647313
196.77 0.391586969559
196.84 0.653193322588
196.91 0.549065903721
196.98 0.507588913905
197.05 0.439827226063
197.12 0.389625597002
197.19 0.334686184218
197.26 0.325206213301
197.33 0.407827419987
197.4 0.526544686975
197.47 0.523633533799
197.54 0.504261192435
197.61 0.540881307384
197.68 0.414360303147
197.75 0.353985402857
197.82 0.323376883594
197.89 0.284687601678
197.96 0.26867487029
198.03 0.242495126154
198.1 0.261954112721
198.17 0.226182607861
198.24 0.169351541955
198.31 0.11281378977
198.38 0.142543866814
198.45 0.255935322384
198.52 0.334757976033
198.59 0.409567241301
198.66 0.475645287451
198.73 0.463641759679
198.8 0.450341090337
198.87 0.416717468193
198.94 0.419887678148
199.01 0.376051987004
199.08 0.359905661815
199.15 0.32435770323
199.22 0.236430684789
199.29 0.203381829246
199.36 0.156121454874
199.43 0.13207326113
199.5 0.145133049021
199.57 0.582862481542
199.64 0.61919038964
199.71 0.566499471334
199.78 0.546405807193
199.85 0.590411140073
199.92 0.612195283158
199.99 0.519015638702
200.06 0.539060573918
200.13 0.535812855101
200.2 0.583836069187
200.27 0.548310990792
200.34 0.526864122813
200.41 0.479851627172
200.48 0.492562363135
200.55 0.347382898946
200.62 0.265331504622
200.69 0.227732302353
200.76 0.594388915267
200.83 0.601566381815
200.9 0.502877366988
200.97 0.501313473895
201.04 0.518181689964
201.11 0.47594748013
201.18 0.53265005717
201.25 0.465937409459
201.32 0.45840840386
201.39 0.369901713919
201.46 0.347221142654
201.53 0.408818737546
201.6 0.357083068859
201.67 0.329513154115
201.74 0.34570394478
201.81 0.293221161927
201.88 0.246369603762
201.95 0.217147405069
202.02 0.564241937868
202.09 0.572455676876
202.16 0.524101379485
202.23 0.480707026505
202.3 0.430791111105
202.37 0.308048210824
202.44 0.239721747545
202.51 0.244851979143
202.58 0.610775156396
202.65 0.646851798476
202.72 0.547703880934
202.79 0.56190270944
202.86 0.523965894671
202.93 0.62102064085
203.0 0.578586646425
203.07 0.57792327693
203.14 0.588639555609
203.21 0.537460000774
203.28 0.546043030084
203.35 0.434969552384
203.42 0.422502698421
203.49 0.387268551977
203.56 0.29043409281
203.63 0.437083687586
203.7 0.54984697344
203.77 0.420168012158
203.84 0.376028562714
203.91 0.254820200817
203.98 0.222366804999
204.05 0.185649570928
204.12 0.334757397261
204.19 0.530651315101
204.26 0.499500909925
204.33 0.491214052193
204.4 0.51947749529
204.47 0.537148601075
204.54 0.372339847128
204.61 0.304584905856
204.68 0.487407070947
204.75 0.598325613604
204.82 0.503617965295
204.89 0.395566044991
204.96 0.310921291694
205.03 0.36204250251
205.1 0.391284291457
205.17 0.408862166833
205.24 0.418141863737
205.31 0.382413338748
205.38 0.299106714529
205.45 0.248661534194
205.52 0.263195677446
205.59 0.368901717437
205.66 0.264277520918
205.73 0.540561566157
205.8 0.52582597401
205.87 0.515242002229
205.94 0.397964122864
206.01 0.217808363457
206.08 0.258605656787
206.15 0.216509252192
206.22 0.586644928961
206.29 0.523854071524
206.36 0.454412121277
206.43 0.421135633377
206.5 0.339007549007
206.57 0.278035079273
206.64 0.251138289144
206.71 0.484215023659
206.78 0.512805333288
206.85 0.529770891186
206.92 0.481360567534
206.99 0.541186367256
207.06 0.557801791693
207.13 0.566458863897
207.2 0.652961985552
207.27 0.569894799853
207.34 0.551490767833
207.41 0.625404282377
207.48 0.466284442351
207.55 0.547106074113
207.62 0.463727339353
207.69 0.537897554245
207.76 0.532482990571
207.83 0.507838694318
207.9 0.467007252067
207.97 0.437260079892
208.04 0.498698556308
208.11 0.51863207912
208.18 0.594840140575
208.25 0.48798829073
208.32 0.431984372316
208.39 0.355000748817
208.46 0.290389772693
208.53 0.242241902443
208.6 0.18519788687
208.67 0.332614396772
208.74 0.616778154508
208.81 0.528738690139
208.88 0.515281270755
208.95 0.27803735969
209.02 0.270853443961
209.09 0.220937041805
209.16 0.408211533003
209.23 0.557391987304
209.3 0.498563284867
209.37 0.468232051055
209.44 0.292020446017
209.51 0.508598758857
209.58 0.602649546863
209.65 0.586551399831
209.72 0.554195343174
209.79 0.521701186558
209.86 0.477062645706
209.93 0.356716439045
210.0 0.372390579086
210.07 0.329785614682
210.14 0.567884079591
210.21 0.541283098305
210.28 0.477375871073
210.35 0.489918966999
210.42 0.56814757985
210.49 0.515111702365
210.56 0.494151703555
210.63 0.588232184999
210.7 0.549909131491
210.77 0.523466756587
210.84 0.570769005296
210.91 0.52471300217
210.98 0.54832693638
211.05 0.490672593025
211.12 0.589566974798
211.19 0.582751011793
211.26 0.468634154033
211.33 0.437176268542
211.4 0.566519816393
211.47 0.606725242657
211.54 0.554201341606
211.61 0.573376320157
211.68 0.498873600367
211.75 0.494127859188
211.82 0.484287244886
211.89 0.532612947706
211.96 0.565138952822
212.03 0.541331949919
212.1 0.474320299447
212.17 0.520503145804
212.24 0.467698485332
212.31 0.459036329531
212.38 0.486201095406
212.45 0.447040019081
212.52 0.419213569352
212.59 0.401874070968
212.66 0.653601157283
212.73 0.504179610826
212.8 0.450030716159
212.87 0.328768905806
212.94 0.214847951926
213.01 0.271205943188
213.08 0.325822164779
213.15 0.572323472662
213.22 0.506982744218
213.29 0.441287106773
213.36 0.280328419296
213.43 0.447564697843
213.5 0.546818938857
213.57 0.505512999035
213.64 0.518940849004
213.71 0.50052785801
213.78 0.504883146345
213.85 0.518712212463
213.92 0.492118697878
213.99 0.479042085572
214.06 0.53779551689
214.13 0.555482868317
214.2 0.514918398961
214.27 0.510972038855
214.34 0.505157180534
214.41 0.463841817653
214.48 0.449462945505
214.55 0.431472445224
214.62 0.556239722934
214.69 0.515241744849
214.76 0.241462933109
214.83 0.209856439067
214.9 0.140642287875
214.97 0.142167605902
215.04 0.142288059963
215.11 0.606798876143
215.18 0.609991647564
215.25 0.53341834188
215.32 0.587183562278
215.39 0.56784655005
215.46 0.308176466314
215.53 0.229311139516
215.6 0.498253389443
215.67 0.519772486651
215.74 0.513466698417
215.81 0.339047165596
215.88 0.172339645224
215.95 0.14659115874
216.02 0.266189707134
216.09 0.655828969305
216.16 0.598712532468
216.23 0.507001734363
216.3 0.541797973938
216.37 0.541138982577
216.44 0.55235287106
216.51 0.553671189843
216.58 0.624974599681
216.65 0.576411114645
216.72 0.416749972813
216.79 0.293330045869
216.86 0.186857069414
216.93 0.151467123769
217.0 0.141029962877
217.07 0.573494459128
217.14 0.634971145209
217.21 0.571130659533
217.28 0.657813887508
217.35 0.639513102398
217.42 0.516505484302
217.49 0.583565315599
217.56 0.572891201975
217.63 0.592949523643
217.7 0.532721958338
217.77 0.478276985444
217.84 0.503872562591
217.91 0.532753396096
217.98 0.417533772365
218.05 0.524860729226
218.12 0.584975653901
218.19 0.512368845346
218.26 0.472374912484
218.33 0.489783680888
218.4 0.557530379317
218.47 0.547415834845
218.54 0.492320210785
218.61 0.543477553552
218.68 0.507547661016
218.75 0.566769375433
218.82 0.544203395822
218.89 0.545509129633
218.96 0.525471482418
219.03 0.485299946362
219.1 0.584840345119
219.17 0.521616952464
219.24 0.519506100529
219.31 0.568642635853
219.38 0.557836960801
219.45 0.590215381554
219.52 0.582762949979
219.59 0.559374846464
219.66 0.461232414409
219.73 0.495691668265
219.8 0.532699810282
219.87 0.501060387543
219.94 0.618414272828
220.01 0.47400143438
220.08 0.542342772384
220.15 0.569563856574
220.22 0.501514003955
220.29 0.558918322852
220.36 0.601313956917
220.43 0.600264542051
220.5 0.543232640696
220.57 0.539596677438
220.64 0.546219294366
220.71 0.541411537829
220.78 0.512083830479
220.85 0.541535171139
220.92 0.621146013145
220.99 0.566556753825
221.06 0.560062360381
221.13 0.688686219089
221.2 0.519342055818
221.27 0.552679693584
221.34 0.551536197487
221.41 0.567186847893
221.48 0.558803528494
221.55 0.600452197753
221.62 0.611480889651
221.69 0.538926938776
221.76 0.573341428434
221.83 0.594630531519
221.9 0.554275155125
221.97 0.600549376885
222.04 0.529723823899
222.11 0.525737513808
222.18 0.585071214069
222.25 0.519640075733
222.32 0.561200108759
222.39 0.612451138018
222.46 0.497497286963
222.53 0.638679908466
222.6 0.60179101629
222.67 0.462619277746
222.74 0.498439712901
222.81 0.644713274806
222.88 0.565676337911
222.95 0.453595106308
223.02 0.528072504127
223.09 0.550433520866
223.16 0.508248137308
223.23 0.554257446548
223.3 0.633179987826
223.37 0.508133153582
223.44 0.451248481859
223.51 0.55731890992
223.58 0.541555068116
223.65 0.462138037607
223.72 0.538429791724
223.79 0.615168799756
223.86 0.504773395578
223.93 0.428835330238
224.0 0.592270360588
224.07 0.576850343089
224.14 0.544155304348
224.21 0.556412415896
224.28 0.505670651909
224.35 0.518027415042
224.42 0.58420270967
224.49 0.552106728646
224.56 0.495954587085
224.63 0.564249088511
224.7 0.544002888433
224.77 0.557762865897
224.84 0.575471375866
224.91 0.639018663842
224.98 0.615389341481
225.05 0.457813950987
225.12 0.400653320722
225.19 0.286814063138
225.26 0.287090016345
225.33 0.233109060436
225.4 0.223868442689
225.47 0.224855615489
225.54 0.292762966009
225.61 0.249574173343
225.68 0.257557467478
225.75 0.308790612128
225.82 0.281503745223
225.89 0.266675216055
225.96 0.332267161176
226.03 0.296230105013
226.1 0.344684876805
226.17 0.451016522042
226.24 0.378554608024
226.31 0.377696825588
226.38 0.493716579862
226.45 0.326757452076
226.52 0.384628097713
226.59 0.438928829523
226.66 0.442299608212
226.73 0.391760824067
226.8 0.390090068736
226.87 0.326019588937
226.94 0.336331309522
227.01 0.348536546236
227.08 0.283760811937
227.15 0.316555503596
227.22 0.308290595217
227.29 0.206271643847
227.36 0.198655082213
227.43 0.29749488599
227.5 0.191199899467
227.57 0.181516701996
227.64 0.219182029709
227.71 0.179629401672
227.78 0.123325348289
227.85 0.140003278841
227.92 0.113265941915
227.99 0.0779312943979
228.06 0.0873623603581
228.13 0.0565706702139
228.2 0.0471140155672
228.27 0.0476673075689
228.34 0.03340216025
228.41 0.0233304276189
228.48 0.0205751043166
228.55 0.0176174786295
228.62 0.0120825062363
228.69 0.0102534339096
228.76 0.00824179081183
228.83 0.00605354470268
228.9 0.00432005521523
228.97 0.00242552156599
229.04 0.0
229.11 0.0
229.18 0.0
229.25 0.0
229.32 0.0
229.39 0.0
229.46 0.0
229.53 0.0
229.6 0.0
229.67 0.0
229.74 0.0
229.81 0.0
229.88 0.0
229.95 0.0
230.02 0.0
230.09 0.0
230.16 0.0
230.23 0.0
230.3 0.0
230.37 0.0
230.44 0.0
230.51 0.0
230.58 0.0
230.65 0.0
230.72 0.0
230.79 0.0
230.86 0.0
230.93 0.0
231.0 0.0
231.07 0.0
231.14 0.0
231.21 0.0
231.28 0.0
231.35 0.0
231.42 0.0
231.49 0.0
231.56 0.0
231.63 0.0
231.7 0.0
231.77 0.0
231.84 0.0
231.91 0.0
231.98 0.0
232.05 0.0
232.12 0.0
232.19 0.0
232.26 0.0
232.33 0.0
232.4 0.0
232.47 0.0
232.54 0.0
232.61 0.0
232.68 0.0
232.75 0.0
232.82 0.0
232.89 0.0
232.96 0.0
233.03 0.0
233.1 0.0
233.17 0.0
233.24 0.0
233.31 0.0
233.38 0.0
233.45 0.0
233.52 0.0
233.59 0.0
233.66 0.0
233.73 0.0
233.8 0.0
233.87 0.0
233.94 0.0
234.01 0.0
234.08 0.0
234.15 0.0
234.22 0.0
234.29 0.0
234.36 0.0
234.43 0.0
234.5 0.0
234.57 0.0
234.64 0.0
234.71 0.0
234.78 0.0
234.85 0.0
234.92 0.0
234.99 0.0
235.06 0.0
235.13 0.0
235.2 0.0
235.27 0.0
235.34 0.0
235.41 0.0
235.48 0.0
235.55 0.0
235.62 0.0
235.69 0.0
235.76 0.0
235.83 0.0
235.9 0.0
235.97 0.0
236.04 0.0
236.11 0.0
236.18 0.0
236.25 0.0
236.32 0.0
236.39 0.0
236.46 0.0
236.53 0.0
236.6 0.0
236.67 0.0
236.74 0.0
236.81 0.0
236.88 0.0
236.95 0.0
237.02 0.0
237.09 0.0
237.16 0.0
237.23 0.0
237.3 0.0
237.37 0.0
237.44 0.0
237.51 0.0
237.58 0.0
237.65 0.0
237.72 0.0
237.79 0.0
237.86 0.0
237.93 0.0
238.0 0.0
