0.0 0.0
0.07 0.0
0.14 0.0
0.21 0.0
0.28 0.0
0.35 0.0
0.42 0.0
0.49 0.0
0.56 0.0
0.63 0.0
0.7 0.0
0.77 0.0
0.84 0.0
0.91 0.0
0.98 0.0
1.05 0.0
1.12 0.0
1.19 0.0
1.26 0.0
1.33 0.0
1.4 0.0
1.47 0.0
1.54 0.0
1.61 0.0
1.68 0.0
1.75 0.0
1.82 0.0
1.89 0.0
1.96 0.0
2.03 0.0
2.1 0.0
2.17 0.0
2.24 0.0
2.31 0.0
2.38 0.0
2.45 0.0
2.52 0.0
2.59 0.0
2.66 0.0
2.73 0.0
2.8 0.0
2.87 0.0
2.94 0.0
3.01 0.0
3.08 0.0
3.15 0.0
3.22 0.0
3.29 0.0
3.36 0.0
3.43 0.0
3.5 0.0
3.57 0.0
3.64 0.0
3.71 0.0
3.78 0.0
3.85 0.0
3.92 0.0
3.99 6.36503579473e-05
4.06 0.0011556491011
4.13 0.454414326576
4.2 0.408752545693
4.27 0.127913677215
4.34 0.120757122261
4.41 0.404153795898
4.48 0.607033126276
4.55 0.611367393482
4.62 0.276564889577
4.69 0.158248480921
4.76 0.132431881229
4.83 0.577998658241
4.9 0.761786736873
4.97 0.611988998055
5.04 0.459867242949
5.11 0.365458517755
5.18 0.584502903864
5.25 0.642011223831
5.32 0.302863989669
5.39 0.186349619581
5.46 0.144236930807
5.53 0.243184331955
5.6 0.576067778278
5.67 0.197445892469
5.74 0.134206894061
5.81 0.320943993455
5.88 0.459828344369
5.95 0.739911118251
6.02 0.390576310223
6.09 0.200337971211
6.16 0.177003919982
6.23 0.198798720012
6.3 0.686543666993
6.37 0.788114368688
6.44 0.770469118466
6.51 0.682036238265
6.58 0.601540436118
6.65 0.543280821785
6.72 0.590548211846
6.79 0.265265559384
6.86 0.185793851016
6.93 0.135804408763
7.0 0.273604153666
7.07 0.638660133331
7.14 0.159659933088
7.21 0.156643190287
7.28 0.243446158964
7.35 0.494696913413
7.42 0.687587698127
7.49 0.408003607288
7.56 0.186611583784
7.63 0.408806866826
7.7 0.352876485327
7.77 0.407845906166
7.84 0.443904998519
7.91 0.304014478995
7.98 0.298151053059
8.05 0.454014977074
8.12 0.55678401428
8.19 0.632108897807
8.26 0.316974887516
8.33 0.269773901165
8.4 0.479496352283
8.47 0.44444733464
8.54 0.771162545143
8.61 0.495042324981
8.68 0.228651415977
8.75 0.171531484146
8.82 0.135399667675
8.89 0.108394504821
8.96 0.0839211669052
9.03 0.0668198675994
9.1 0.0514899115665
9.17 0.0413000290485
9.24 0.0422262448102
9.31 0.0306868132242
9.38 0.0203937021037
9.45 0.0169696099432
9.52 0.0198917689711
9.59 0.0396412483342
9.66 0.0282967165002
9.73 0.0221385668403
9.8 0.0229078888772
9.87 0.0143570231824
9.94 0.0184836362796
10.01 0.0304589410635
10.08 0.0240490631713
10.15 0.0165197728694
10.22 0.0132516739963
10.29 0.0107861770737
10.36 0.0144791814704
10.43 0.0153922864853
10.5 0.0214869781749
10.57 0.0287684526528
10.64 0.0288805847045
10.71 0.0275090987109
10.78 0.0235516353795
10.85 0.034395719566
10.92 0.037891991797
10.99 0.0246774643912
11.06 0.0240999859808
11.13 0.0238007947633
11.2 0.0143134820672
11.27 0.0145075144977
11.34 0.0124754748885
11.41 0.0121163896035
11.48 0.0122659284422
11.55 0.0129669497011
11.62 0.0121373472444
11.69 0.0103508999622
11.76 0.0108599009764
11.83 0.0105633984555
11.9 0.0113487848631
11.97 0.0118134215952
12.04 0.011393675846
12.11 0.0108540978072
12.18 0.00930723941049
12.25 0.00919334275382
12.32 0.00864949907036
12.39 0.00767131025173
12.46 0.00671117748934
12.53 0.00639005565399
12.6 0.00750427201954
12.67 0.00824788191697
12.74 0.0106608822358
12.81 0.0165439474845
12.88 0.0281971653408
12.95 0.0222974774817
13.02 0.0249136533765
13.09 0.0201046617014
13.16 0.0141405949344
13.23 0.0143787377584
13.3 0.0124821548409
13.37 0.175082884907
13.44 0.461913348936
13.51 0.540674967016
13.58 0.590834978289
13.65 0.46099306723
13.72 0.264174439001
13.79 0.416528795536
13.86 0.252801462177
13.93 0.508794714706
14.0 0.504350464829
14.07 0.156876263223
14.14 0.349154914515
14.21 0.0883895298963
14.28 0.349760503603
14.35 0.385275927314
14.42 0.182882312734
14.49 0.173492953749
14.56 0.321853701724
14.63 0.301799456631
14.7 0.27194825719
14.77 0.283385992967
14.84 0.262577408422
14.91 0.19541781573
14.98 0.156742167438
15.05 0.202113144891
15.12 0.140504256703
15.19 0.25664724131
15.26 0.227751514749
15.33 0.124323163409
15.4 0.0666132858156
15.47 0.068021207196
15.54 0.0477424914202
15.61 0.0313210507292
15.68 0.255099031468
15.75 0.215311899661
15.82 0.158918045218
15.89 0.471656986668
15.96 0.21370572436
16.03 0.0896312409424
16.1 0.415356621595
16.17 0.434289322244
16.24 0.361969573602
16.31 0.355478762001
16.38 0.622340333255
16.45 0.221514837802
16.52 0.328320310325
16.59 0.369318781157
16.66 0.239694537827
16.73 0.158843720498
16.8 0.214846986963
16.87 0.352801298016
16.94 0.370290900302
17.01 0.430189621344
17.08 0.314868922154
17.15 0.283438658304
17.22 0.20979689884
17.29 0.229329300253
17.36 0.198167160165
17.43 0.22435949456
17.5 0.216893835693
17.57 0.245303472718
17.64 0.254606391291
17.71 0.432830675173
17.78 0.318083630294
17.85 0.324065606461
17.92 0.168885202734
17.99 0.105382535442
18.06 0.141402111052
18.13 0.156884140079
18.2 0.0967318788919
18.27 0.407815940997
18.34 0.587744530509
18.41 0.378056964637
18.48 0.347371332547
18.55 0.570229138813
18.62 0.312408416273
18.69 0.180510812959
18.76 0.497332033186
18.83 0.525317568932
18.9 0.566902243428
18.97 0.416873350821
19.04 0.19708179722
19.11 0.495346631818
19.18 0.452717158213
19.25 0.477026999722
19.32 0.115760656683
19.39 0.248095967185
19.46 0.490938705364
19.53 0.606931151348
19.6 0.295858717658
19.67 0.135411769175
19.74 0.132045539973
19.81 0.342356542831
19.88 0.43992687559
19.95 0.242596887233
20.02 0.0840529351152
20.09 0.274049665171
20.16 0.337588558116
20.23 0.245743140054
20.3 0.107957858918
20.37 0.150594845104
20.44 0.0515963051039
20.51 0.0262069968587
20.58 0.363009209782
20.65 0.598976810443
20.72 0.54293581234
20.79 0.611277814943
20.86 0.554552416614
20.93 0.133660273371
21.0 0.295574302445
21.07 0.496261343743
21.14 0.485685468474
21.21 0.492893154394
21.28 0.327672541028
21.35 0.312111502168
21.42 0.194875965309
21.49 0.334325330436
21.56 0.359641313746
21.63 0.420770981586
21.7 0.282949476374
21.77 0.184419045546
21.84 0.490361676384
21.91 0.639336793895
21.98 0.511718147908
22.05 0.523409488485
22.12 0.373299116544
22.19 0.342223968801
22.26 0.321214061594
22.33 0.31394894953
22.4 0.306989614019
22.47 0.292430115426
22.54 0.297641033336
22.61 0.242158700652
22.68 0.244255194863
22.75 0.321836932457
22.82 0.306174588871
22.89 0.321337648597
22.96 0.332297780398
23.03 0.265459803126
23.1 0.288357670498
23.17 0.255020289717
23.24 0.230700685322
23.31 0.243780393123
23.38 0.229202931513
23.45 0.236591064456
23.52 0.224033187719
23.59 0.176453711736
23.66 0.145010695107
23.73 0.140749052671
23.8 0.133600999045
23.87 0.116619467373
23.94 0.11472253122
24.01 0.110382164378
24.08 0.127791908433
24.15 0.149857787426
24.22 0.173727926907
24.29 0.149898584651
24.36 0.111292304731
24.43 0.0576468091296
24.5 0.0463680928033
24.57 0.0422283043045
24.64 0.0355312168468
24.71 0.0412246209652
24.78 0.0248797521453
24.85 0.213595547724
24.92 0.414258231481
24.99 0.416185869239
25.06 0.0675735021562
25.13 0.617627379299
25.2 0.473769160474
25.27 0.143249702921
25.34 0.439209665381
25.41 0.634740633449
25.48 0.672791846546
25.55 0.726776479038
25.62 0.726752037919
25.69 0.483509057685
25.76 0.402751942614
25.83 0.148718004
25.9 0.178839730472
25.97 0.56958402352
26.04 0.639852936907
26.11 0.431338245141
26.18 0.149815671872
26.25 0.217373570126
26.32 0.379582094265
26.39 0.484874707394
26.46 0.428271017922
26.53 0.284925288321
26.6 0.33142998268
26.67 0.260241189709
26.74 0.322463671574
26.81 0.199390561266
26.88 0.126637073038
26.95 0.15350997252
27.02 0.160463271473
27.09 0.0603006740849
27.16 0.0360279602431
27.23 0.151811189362
27.3 0.358066251632
27.37 0.481691751105
27.44 0.513856368166
27.51 0.475388260442
27.58 0.303522919028
27.65 0.517419982391
27.72 0.406390649533
27.79 0.384413812917
27.86 0.576340202378
27.93 0.595494560435
28.0 0.306606574892
28.07 0.393745871914
28.14 0.354247424119
28.21 0.29356583821
28.28 0.204761183023
28.35 0.378509771104
28.42 0.379293807644
28.49 0.44788275875
28.56 0.530622171754
28.63 0.576434535416
28.7 0.532911816882
28.77 0.482545015668
28.84 0.511938600527
28.91 0.525711829622
28.98 0.47996878387
29.05 0.381184172655
29.12 0.273660113248
29.19 0.292708188154
29.26 0.241568665003
29.33 0.248985955717
29.4 0.206546319861
29.47 0.2330313106
29.54 0.0515574601403
29.61 0.0614987793609
29.68 0.0571224171015
29.75 0.0466077274203
29.82 0.0452843635762
29.89 0.0293408044048
29.96 0.391823397085
30.03 0.699917445661
30.1 0.677112257108
30.17 0.425751203021
30.24 0.555033049908
30.31 0.531353842577
30.38 0.468950134678
30.45 0.220226368667
30.52 0.525619983431
30.59 0.570175989353
30.66 0.563482142523
30.73 0.534389128711
30.8 0.588046643811
30.87 0.287037727054
30.94 0.559709618939
31.01 0.559083841761
31.08 0.226879407232
31.15 0.290641397338
31.22 0.585693195362
31.29 0.569475210944
31.36 0.456460672259
31.43 0.537203421332
31.5 0.491906984641
31.57 0.344537772774
31.64 0.265575691468
31.71 0.306198793448
31.78 0.366887445662
31.85 0.519251735393
31.92 0.500630674391
31.99 0.431981204746
32.06 0.555025376478
32.13 0.40383506787
32.2 0.568134533786
32.27 0.401656525048
32.34 0.44781917147
32.41 0.27019347345
32.48 0.287058714657
32.55 0.464520255529
32.62 0.574884922091
32.69 0.573527918789
32.76 0.20482117013
32.83 0.405545411635
32.9 0.560410206538
32.97 0.556152741437
33.04 0.398513293659
33.11 0.273412904549
33.18 0.452333855736
33.25 0.53105395908
33.32 0.63804713574
33.39 0.605242023843
33.46 0.619275309033
33.53 0.62859759726
33.6 0.642149938497
33.67 0.360558476248
33.74 0.406478163847
33.81 0.607059636352
33.88 0.549687481126
33.95 0.189486256172
34.02 0.193922542461
34.09 0.472823499365
34.16 0.502176091457
34.23 0.470836891631
34.3 0.532678531058
34.37 0.580604609204
34.44 0.570347461963
34.51 0.482266417816
34.58 0.495848277946
34.65 0.370043062401
34.72 0.461153461779
34.79 0.399993497612
34.86 0.489817222422
34.93 0.418568762463
35.0 0.354249086223
35.07 0.390532494719
35.14 0.215495901125
35.21 0.286935332657
35.28 0.250412385738
35.35 0.294426703664
35.42 0.0808599573208
35.49 0.0737400269877
35.56 0.064953418584
35.63 0.0627707630805
35.7 0.0517600743226
35.77 0.0554630434546
35.84 0.0685907645959
35.91 0.377640606172
35.98 0.64614539524
36.05 0.418504615367
36.12 0.220181209603
36.19 0.358436676751
36.26 0.355744848346
36.33 0.569020783374
36.4 0.550408699937
36.47 0.597061971197
36.54 0.60175307969
36.61 0.295916646848
36.68 0.173137008167
36.75 0.499720663348
36.82 0.663456985312
36.89 0.678290302027
36.96 0.322509349454
37.03 0.229117372615
37.1 0.44492419272
37.17 0.560518050867
37.24 0.6268352899
37.31 0.710529593891
37.38 0.619757082461
37.45 0.265499001326
37.52 0.241316820077
37.59 0.594406185519
37.66 0.592653738815
37.73 0.301935025286
37.8 0.544282988101
37.87 0.550554477754
37.94 0.336612610141
38.01 0.162445859566
38.08 0.208705452029
38.15 0.1443710329
38.22 0.340906605245
38.29 0.429329842407
38.36 0.542160680826
38.43 0.657140314517
38.5 0.512151567374
38.57 0.472613727415
38.64 0.49288728657
38.71 0.527728382024
38.78 0.380037184153
38.85 0.121133918251
38.92 0.441259773662
38.99 0.55994742272
39.06 0.500838495656
39.13 0.473474297979
39.2 0.384848377248
39.27 0.465952998073
39.34 0.452977857704
39.41 0.571074717331
39.48 0.507260957594
39.55 0.611736883471
39.62 0.491997935125
39.69 0.508342690405
39.76 0.398524527838
39.83 0.562774493351
39.9 0.545034459084
39.97 0.444538004427
40.04 0.653692233821
40.11 0.548066290125
40.18 0.448714102157
40.25 0.588829387254
40.32 0.447815041443
40.39 0.701131627923
40.46 0.525619139764
40.53 0.484326118673
40.6 0.455414130623
40.67 0.40835589908
40.74 0.309022349063
40.81 0.25347972492
40.88 0.20975545822
40.95 0.261768340984
41.02 0.248571869635
41.09 0.210618845214
41.16 0.156171558213
41.23 0.121024222584
41.3 0.130476921269
41.37 0.0940018851879
41.44 0.0474308265428
41.51 0.0990861110843
41.58 0.041024282319
41.65 0.0559026555966
41.72 0.0551513927698
41.79 0.0644709686456
41.86 0.0660817675588
41.93 0.0501407504278
42.0 0.0196766338205
42.07 0.404560416708
42.14 0.679532662776
42.21 0.707731207946
42.28 0.62539590525
42.35 0.565349441514
42.42 0.616384700007
42.49 0.329009903441
42.56 0.250402719046
42.63 0.343737641901
42.7 0.663297224695
42.77 0.633095870227
42.84 0.55427205258
42.91 0.270772707003
42.98 0.217243839333
43.05 0.269362891708
43.12 0.382189333595
43.19 0.339876328252
43.26 0.483978418954
43.33 0.547378086301
43.4 0.541748073921
43.47 0.559854365433
43.54 0.510613057341
43.61 0.480680364374
43.68 0.324833064545
43.75 0.228861831322
43.82 0.255777396713
43.89 0.489716562668
43.96 0.445958460969
44.03 0.369425313466
44.1 0.461882044938
44.17 0.129058008559
44.24 0.120086916146
44.31 0.0891945114616
44.38 0.264622694396
44.45 0.464137173824
44.52 0.602653237961
44.59 0.610768813928
44.66 0.517074542438
44.73 0.410392678996
44.8 0.355590884591
44.87 0.402532783092
44.94 0.308578685741
45.01 0.489277262762
45.08 0.548355667994
45.15 0.39839318225
45.22 0.525451395059
45.29 0.308925753104
45.36 0.490673584112
45.43 0.349493784901
45.5 0.119044985507
45.57 0.183170145194
45.64 0.106609420022
45.71 0.183598232999
45.78 0.444786299644
45.85 0.613997590023
45.92 0.62612120678
45.99 0.312011110495
46.06 0.564705089463
46.13 0.539989403003
46.2 0.477891689275
46.27 0.561449606175
46.34 0.385485721341
46.41 0.346768391155
46.48 0.496437738008
46.55 0.571133576921
46.62 0.51870886311
46.69 0.324773186247
46.76 0.457304598136
46.83 0.351015889943
46.9 0.580824096731
46.97 0.731775524504
47.04 0.753605652902
47.11 0.757367976786
47.18 0.697900942145
47.25 0.638979733411
47.32 0.659145016153
47.39 0.600836759278
47.46 0.687784794568
47.53 0.672401947694
47.6 0.685516791477
47.67 0.648161326324
47.74 0.636106808281
47.81 0.486590441167
47.88 0.442016262495
47.95 0.473480129533
48.02 0.495716296848
48.09 0.462864491517
48.16 0.358380253546
48.23 0.322505214695
48.3 0.313730925411
48.37 0.302847950529
48.44 0.280226022274
48.51 0.283993187388
48.58 0.271709847862
48.65 0.244037908755
48.72 0.242674190808
48.79 0.246550449194
48.86 0.245905135206
48.93 0.274754370181
49.0 0.275081541189
49.07 0.280354704397
49.14 0.223934983273
49.21 0.257532759194
49.28 0.209061492227
49.35 0.203816803972
49.42 0.203425846988
49.49 0.132335059767
49.56 0.0961210606438
49.63 0.0896847326004
49.7 0.0603031483166
49.77 0.0768698795479
49.84 0.02492026552
49.91 0.0294558932343
49.98 0.0267510108525
50.05 0.0245024263011
50.12 0.0216733245601
50.19 0.0170803069721
50.26 0.0137028420143
50.33 0.0440345123238
50.4 0.16980113364
50.47 0.204840522438
50.54 0.258907138887
50.61 0.294690695822
50.68 0.320631205791
50.75 0.291306932533
50.82 0.307646200033
50.89 0.276283513142
50.96 0.254176538881
51.03 0.311395908331
51.1 0.244714421086
51.17 0.420354653083
51.24 0.365961233054
51.31 0.366684706901
51.38 0.472669428377
51.45 0.330083026115
51.52 0.253434446008
51.59 0.293694625988
51.66 0.294015342548
51.73 0.25769743358
51.8 0.262663681678
51.87 0.251283698473
51.94 0.269166370854
52.01 0.273030865207
52.08 0.328096235456
52.15 0.306906184001
52.22 0.347325698822
52.29 0.402461087145
52.36 0.315729986303
52.43 0.375257362865
52.5 0.349755372213
52.57 0.336052662663
52.64 0.348803240886
52.71 0.345033243573
52.78 0.385885474542
52.85 0.409069892315
52.92 0.605300208499
52.99 0.578507433752
53.06 0.684017924343
53.13 0.595661734285
53.2 0.604072661601
53.27 0.591387048911
53.34 0.600619277629
53.41 0.680417950425
53.48 0.632402640668
53.55 0.642331530384
53.62 0.797035933891
53.69 0.56438624001
53.76 0.671384045014
53.83 0.334152580497
53.9 0.302513531867
53.97 0.231903001049
54.04 0.217487977714
54.11 0.155667122464
54.18 0.142149299045
54.25 0.246777782039
54.32 0.164750099348
54.39 0.162612874144
54.46 0.18687033732
54.53 0.121630221679
54.6 0.506131019056
54.67 0.665224319983
54.74 0.281164804736
54.81 0.102750115405
54.88 0.101844723243
54.95 0.0836475522096
55.02 0.0804725342776
55.09 0.454200296866
55.16 0.363522012819
55.23 0.152133825068
55.3 0.134049664446
55.37 0.0858418503212
55.44 0.100118602112
55.51 0.169105507121
55.58 0.329617317058
55.65 0.294557580898
55.72 0.202746887234
55.79 0.21367367762
55.86 0.117578605082
55.93 0.399368452138
56.0 0.484236328823
56.07 0.392279701223
56.14 0.174003836062
56.21 0.123805621644
56.28 0.086721654922
56.35 0.173069371285
56.42 0.269091200889
56.49 0.261845400132
56.56 0.251286984833
56.63 0.19689471913
56.7 0.117485241867
56.77 0.375063026084
56.84 0.383689126397
56.91 0.160722282052
56.98 0.121806358902
57.05 0.0904993209338
57.12 0.395149669576
57.19 0.212206600184
57.26 0.146186847688
57.33 0.110362753724
57.4 0.0769353386653
57.47 0.0701109930694
57.54 0.312268402201
57.61 0.38446948234
57.68 0.309144691854
57.75 0.179149503012
57.82 0.147178967266
57.89 0.114171062992
57.96 0.0965441179841
58.03 0.172645178542
58.1 0.204219608568
58.17 0.136621125976
58.24 0.117975306888
58.31 0.100110468214
58.38 0.0860204948917
58.45 0.394225555886
58.52 0.393071333923
58.59 0.21771580572
58.66 0.229736742653
58.73 0.320869331268
58.8 0.538125992767
58.87 0.421568428493
58.94 0.771171101663
59.01 0.624777211723
59.08 0.382449944776
59.15 0.119067586327
59.22 0.204043285265
59.29 0.680449285962
59.36 0.559524046836
59.43 0.652594826146
59.5 0.267005549774
59.57 0.293497133734
59.64 0.373153780272
59.71 0.576243470802
59.78 0.577756093654
59.85 0.857916811352
59.92 0.299231254653
59.99 0.196505936758
60.06 0.224222613884
60.13 0.525967068141
60.2 0.76920914163
60.27 0.718470746779
60.34 0.80369510363
60.41 0.627718366668
60.48 0.523982799022
60.55 0.544999036098
60.62 0.389202774197
60.69 0.384362899569
60.76 0.251006688608
60.83 0.218679494501
60.9 0.289422911585
60.97 0.338106278076
61.04 0.712710808064
61.11 0.36639867847
61.18 0.204026006644
61.25 0.165524680507
61.32 0.0993748597512
61.39 0.0938830495296
61.46 0.388596100168
61.53 0.162113224432
61.6 0.116963156914
61.67 0.130930565095
61.74 0.156818084875
61.81 0.143761163975
61.88 0.371105756717
61.95 0.262950437083
62.02 0.160540970862
62.09 0.119692453607
62.16 0.167485754296
62.23 0.307319126796
62.3 0.714407052335
62.37 0.728244144676
62.44 0.534769550105
62.51 0.219616405125
62.58 0.347212237403
62.65 0.474688387201
62.72 0.798798550332
62.79 0.701258072356
62.86 0.614118045207
62.93 0.4175306575
63.0 0.592595150461
63.07 0.698346893618
63.14 0.434555752364
63.21 0.223436960972
63.28 0.255004200115
63.35 0.640031983599
63.42 0.649729782603
63.49 0.647279356573
63.56 0.575234610342
63.63 0.558058904315
63.7 0.298108831849
63.77 0.58839200807
63.84 0.720287421003
63.91 0.74962943335
63.98 0.775534920877
64.05 0.791834471361
64.12 0.698431074264
64.19 0.685607043373
64.26 0.735873776188
64.33 0.804750485637
64.4 0.806790122983
64.47 0.791116045326
64.54 0.659788802079
64.61 0.695711245568
64.68 0.602077836391
64.75 0.537754463784
64.82 0.426943453089
64.89 0.305750836097
64.96 0.216496567762
65.03 0.172937601498
65.1 0.143907017486
65.17 0.122379839749
65.24 0.194400551714
65.31 0.550739431694
65.38 0.330386232242
65.45 0.155792041988
65.52 0.264530146463
65.59 0.312079229924
65.66 0.338108395918
65.73 0.446270417581
65.8 0.615016560297
65.87 0.640528383221
65.94 0.273930435276
66.01 0.523853956051
66.08 0.596395303753
66.15 0.802957538175
66.22 0.711786848915
66.29 0.646971470064
66.36 0.625577680063
66.43 0.521761314324
66.5 0.429417738343
66.57 0.608946770196
66.64 0.685174434458
66.71 0.549757808283
66.78 0.717248187768
66.85 0.74864477589
66.92 0.775144142088
66.99 0.958319306708
67.06 0.733449033914
67.13 0.649354110977
67.2 0.557720524359
67.27 0.552513086773
67.34 0.500686427392
67.41 0.499739211412
67.48 0.376462269518
67.55 0.347193187869
67.62 0.247443039691
67.69 0.267830165921
67.76 0.234771524917
67.83 0.382484653405
67.9 0.689799705366
67.97 0.309944663455
68.04 0.19674419943
68.11 0.109107294844
68.18 0.105185178805
68.25 0.19736767111
68.32 0.38807331032
68.39 0.409398365882
68.46 0.386524089655
68.53 0.45617151674
68.6 0.497868490444
68.67 0.339808839602
68.74 0.716757176578
68.81 0.696703172759
68.88 0.679483140296
68.95 0.624919461907
69.02 0.694044608498
69.09 0.64704566232
69.16 0.648803924808
69.23 0.646482299173
69.3 0.585776330491
69.37 0.602099316002
69.44 0.455012951861
69.51 0.562899794497
69.58 0.649059434562
69.65 0.521867799325
69.72 0.174323991228
69.79 0.163254389264
69.86 0.474026874801
69.93 0.487549268216
70.0 0.469354694416
70.07 0.524756252663
70.14 0.474008460778
70.21 0.341176681269
70.28 0.490458376421
70.35 0.557784993153
70.42 0.683075325667
70.49 0.421439364749
70.56 0.365081370106
70.63 0.285685907181
70.7 0.231742060875
70.77 0.200000289843
70.84 0.266395376498
70.91 0.218457116427
70.98 0.207183285486
71.05 0.173227100792
71.12 0.606567163331
71.19 0.769975563659
71.26 0.860938109956
71.33 0.613000685983
71.4 0.485256999047
71.47 0.192997586681
71.54 0.560751171111
71.61 0.748156308317
71.68 0.742702322774
71.75 0.689575710921
71.82 0.708397061685
71.89 0.719241478607
71.96 0.743940307492
72.03 0.728606030621
72.1 0.870332141439
72.17 0.751297473904
72.24 0.712572112321
72.31 0.74140196345
72.38 0.688330500627
72.45 0.675442412526
72.52 0.709692411045
72.59 0.721843313735
72.66 0.746036446889
72.73 0.769758263358
72.8 0.755776446602
72.87 0.679517103028
72.94 0.764500902748
73.01 0.687525877029
73.08 0.674480284924
73.15 0.72336295243
73.22 0.724322757187
73.29 0.436955976249
73.36 0.388569356705
73.43 0.366192413652
73.5 0.307160690816
73.57 0.418898062352
73.64 0.481992740043
73.71 0.414302868575
73.78 0.501901595247
73.85 0.330662103551
73.92 0.326037271034
73.99 0.256881810769
74.06 0.222940130844
74.13 0.282881577718
74.2 0.237575400218
74.27 0.214987415772
74.34 0.191726523899
74.41 0.21685387898
74.48 0.316702893923
74.55 0.549025274869
74.62 0.871744574468
74.69 0.716391250492
74.76 0.32207914223
74.83 0.214776782809
74.9 0.143726939469
74.97 0.165784889567
75.04 0.29070070005
75.11 0.497021461134
75.18 0.505772611858
75.25 0.482873779394
75.32 0.521986691753
75.39 0.527624754453
75.46 0.419745307704
75.53 0.670536407001
75.6 0.478362152831
75.67 0.449235568947
75.74 0.19353227145
75.81 0.182142187892
75.88 0.186616022893
75.95 0.574530493534
76.02 0.678693939251
76.09 0.637831746701
76.16 0.331836149329
76.23 0.187438647354
76.3 0.299398720238
76.37 0.750235399328
76.44 0.664887428666
76.51 0.67810754793
76.58 0.402219418265
76.65 0.16133998841
76.72 0.210862934709
76.79 0.448445651967
76.86 0.618091139248
76.93 0.438402551782
77.0 0.690212219232
77.07 0.364092833354
77.14 0.413957818129
77.21 0.724720357854
77.28 0.618494874243
77.35 0.49916327368
77.42 0.650249677175
77.49 0.322314509626
77.56 0.373987911724
77.63 0.671733093024
77.7 0.619353818974
77.77 0.618733849695
77.84 0.57531168999
77.91 0.468033115678
77.98 0.457676855669
78.05 0.563328979858
78.12 0.588779845851
78.19 0.564298853429
78.26 0.289788907056
78.33 0.201500867966
78.4 0.356355952021
78.47 0.657893777186
78.54 0.579301230024
78.61 0.686296150789
78.68 0.731379995947
78.75 0.767069416962
78.82 0.709622787207
78.89 0.840781233925
78.96 0.723402940681
79.03 0.646845282673
79.1 0.633627530409
79.17 0.674027724461
79.24 0.60860213291
79.31 0.637314059856
79.38 0.655154755454
79.45 0.629573274
79.52 0.686749490265
79.59 0.633776102578
79.66 0.665895786079
79.73 0.795824285784
79.8 0.866105802141
79.87 0.746410773378
79.94 0.435086649303
80.01 0.374624167723
80.08 0.257298519316
80.15 0.429187421913
80.22 0.567548431046
80.29 0.600438089441
80.36 0.366384329818
80.43 0.560975462023
80.5 0.420144225123
80.57 0.591339995932
80.64 0.535057480335
80.71 0.404428851925
80.78 0.303204161038
80.85 0.242128243475
80.92 0.315803989326
80.99 0.387851955686
81.06 0.317303029924
81.13 0.170329220458
81.2 0.131141448793
81.27 0.0940810243305
81.34 0.194907450656
81.41 0.239557909463
81.48 0.539151982038
81.55 0.323693129733
81.62 0.150739132705
81.69 0.241876986751
81.76 0.220632251465
81.83 0.295648089425
81.9 0.593721561366
81.97 0.633103390692
82.04 0.348205181725
82.11 0.192706332244
82.18 0.15087395231
82.25 0.306294930515
82.32 0.550909708978
82.39 0.521139552056
82.46 0.362651248861
82.53 0.500682787796
82.6 0.412712618874
82.67 0.389106533052
82.74 0.510266529294
82.81 0.563313593575
82.88 0.336763803198
82.95 0.238188342616
83.02 0.173446533126
83.09 0.320606048737
83.16 0.569347143831
83.23 0.655570970416
83.3 0.538803925928
83.37 0.339488064695
83.44 0.420211824159
83.51 0.432598720293
83.58 0.348465349784
83.65 0.314269327046
83.72 0.286689883832
83.79 0.279285880484
83.86 0.295776388349
83.93 0.263773072583
84.0 0.505195768958
84.07 0.571149051513
84.14 0.53482142066
84.21 0.448400888717
84.28 0.693627004244
84.35 0.647611215849
84.42 0.675622911587
84.49 0.593243238301
84.56 0.599248569071
84.63 0.666322938754
84.7 0.590711648328
84.77 0.576906161182
84.84 0.622656400972
84.91 0.491200034057
84.98 0.393914974372
85.05 0.53408115547
85.12 0.55450457043
85.19 0.589687701205
85.26 0.56493493754
85.33 0.312108491774
85.4 0.273126243762
85.47 0.166939713924
85.54 0.23623653182
85.61 0.123004375869
85.68 0.30905733208
85.75 0.203267616012
85.82 0.133753958284
85.89 0.111306170836
85.96 0.401975609466
86.03 0.397264268728
86.1 0.386321289392
86.17 0.569782122899
86.24 0.568068738779
86.31 0.352687125394
86.38 0.540979054658
86.45 0.60529676129
86.52 0.572679924386
86.59 0.572815698044
86.66 0.566740803362
86.73 0.629222634849
86.8 0.511969032473
86.87 0.251309692886
86.94 0.403258072006
87.01 0.545605255966
87.08 0.490173656857
87.15 0.670265995087
87.22 0.545197692141
87.29 0.498557284047
87.36 0.740955316542
87.43 0.442205292846
87.5 0.312900793099
87.57 0.195539231276
87.64 0.282030068298
87.71 0.175007744905
87.78 0.341247314353
87.85 0.229462109248
87.92 0.205116500979
87.99 0.111341295779
88.06 0.385731132319
88.13 0.360879095037
88.2 0.569431816485
88.27 0.288560327257
88.34 0.121018793152
88.41 0.173913538434
88.48 0.567890434829
88.55 0.641958824998
88.62 0.769182789249
88.69 0.657433246827
88.76 0.591963760924
88.83 0.567908099802
88.9 0.49066350899
88.97 0.326526985972
89.04 0.617269498803
89.11 0.601293388268
89.18 0.524411903958
89.25 0.320355782336
89.32 0.259261799255
89.39 0.236908546695
89.46 0.506951260748
89.53 0.623738234707
89.6 0.496285319663
89.67 0.350003191191
89.74 0.188209204141
89.81 0.399159802975
89.88 0.606488115651
89.95 0.291983872217
90.02 0.209693750662
90.09 0.177039205774
90.16 0.502620510137
90.23 0.288130269844
90.3 0.351720418335
90.37 0.600553108885
90.44 0.636797995691
90.51 0.702369257827
90.58 0.668998944061
90.65 0.534237736959
90.72 0.730903142598
90.79 0.497894696168
90.86 0.230535965203
90.93 0.150340155363
91.0 0.528537111995
91.07 0.700606466344
91.14 0.711613414581
91.21 0.621384232749
91.28 0.589333622731
91.35 0.560815043819
91.42 0.459072058962
91.49 0.599482004704
91.56 0.820974339457
91.63 0.500710269271
91.7 0.206302132595
91.77 0.257070921544
91.84 0.569468291295
91.91 0.744140002743
91.98 0.799169737117
92.05 0.722199850672
92.12 0.775321058324
92.19 0.754640958783
92.26 0.761575693903
92.33 0.792994176373
92.4 0.959109419229
92.47 0.828823024836
92.54 0.70931089998
92.61 0.585188805344
92.68 0.723275122726
92.75 0.742171856342
92.82 0.592463193017
92.89 0.679521709294
92.96 0.52150145377
93.03 0.568836376635
93.1 0.593183254348
93.17 0.603295241935
93.24 0.937111472009
93.31 0.80355162658
93.38 0.552740489004
93.45 0.392537251548
93.52 0.38037267514
93.59 0.384395078773
93.66 0.563745382477
93.73 0.479182982725
93.8 0.195833325797
93.87 0.180896241163
93.94 0.311318704104
94.01 0.557348284173
94.08 0.666085789407
94.15 0.651448921007
94.22 0.310873009673
94.29 0.19797894825
94.36 0.303093391469
94.43 0.599472330127
94.5 0.604342449043
94.57 0.687541279082
94.64 0.692653784389
94.71 0.656516994224
94.78 0.621005137569
94.85 0.623343254929
94.92 0.595983032738
94.99 0.850310474518
95.06 0.446743088864
95.13 0.26504037592
95.2 0.203774106524
95.27 0.161710322066
95.34 0.239756079806
95.41 0.903475544982
95.48 0.93707698573
95.55 0.779811733554
95.62 0.706433422201
95.69 0.651777880275
95.76 0.44706783295
95.83 0.252775352646
95.9 0.548164658573
95.97 0.506795612812
96.04 0.629536736112
96.11 0.704297800753
96.18 0.376498165589
96.25 0.32987277635
96.32 0.592646007039
96.39 0.484310208843
96.46 0.465476797581
96.53 0.235617748407
96.6 0.270422443166
96.67 0.215011218228
96.74 0.516261781788
96.81 0.302899822661
96.88 0.109165987277
96.95 0.146324614608
97.02 0.264892139641
97.09 0.562427329794
97.16 0.652148871518
97.23 0.652394034915
97.3 0.569228281365
97.37 0.31344411639
97.44 0.273442494404
97.51 0.338610161894
97.58 0.556568254658
97.65 0.558775256664
97.72 0.590663286483
97.79 0.506745158356
97.86 0.354605424464
97.93 0.857494550371
98.0 0.787078279064
98.07 0.736306049214
98.14 0.657795135926
98.21 0.385173548686
98.28 0.374635682598
98.35 0.469706740205
98.42 0.612907267575
98.49 0.578982669152
98.56 0.562803201692
98.63 0.585566692582
98.7 0.566240436139
98.77 0.46616385181
98.84 0.639590496466
98.91 0.688448628236
98.98 0.705850538012
99.05 0.718919615606
99.12 0.625694415226
99.19 0.457781757413
99.26 0.478229570916
99.33 0.565132483411
99.4 0.533209628269
99.47 0.42966615183
99.54 0.533506564451
99.61 0.404669997258
99.68 0.402451488261
99.75 0.562740401309
99.82 0.522232416544
99.89 0.253291839433
99.96 0.175567995157
100.03 0.151842505975
100.1 0.454236181898
100.17 0.494175736782
100.24 0.560404658834
100.31 0.579029589667
100.38 0.487397597344
100.45 0.586000744405
100.52 0.51626950568
100.59 0.400814822668
100.66 0.356597799097
100.73 0.329770334644
100.8 0.32038183825
100.87 0.296948666369
100.94 0.212035644812
101.01 0.387041494225
101.08 0.333895883301
101.15 0.209464709983
101.22 0.128348728823
101.29 0.0672613515788
101.36 0.0629954119593
101.43 0.266960860641
101.5 0.203659388278
101.57 0.107294674953
101.64 0.0769618708179
101.71 0.0587417141881
101.78 0.0469300713904
101.85 0.300968420729
101.92 0.182157187822
101.99 0.113959382935
102.06 0.19732985747
102.13 0.862123361528
102.2 0.730900452324
102.27 0.66072248469
102.34 0.764211518571
102.41 0.714267307922
102.48 0.680516995384
102.55 0.340626417829
102.62 0.26643903273
102.69 0.233700316658
102.76 0.585927392662
102.83 0.555213150002
102.9 0.708011583018
102.97 0.767729849153
103.04 0.777381419922
103.11 0.69187079652
103.18 0.616064464416
103.25 0.546793405968
103.32 0.502645684537
103.39 0.531907706189
103.46 0.448024182613
103.53 0.242692537022
103.6 0.414741122965
103.67 0.37389514775
103.74 0.131098841232
103.81 0.483491567753
103.88 0.32686558197
103.95 0.152072488093
104.02 0.57688625852
104.09 0.567681832974
104.16 0.567608183188
104.23 0.510921120469
104.3 0.574790693131
104.37 0.582689213226
104.44 0.551745707537
104.51 0.527582072775
104.58 0.558266747657
104.65 0.557381911015
104.72 0.562783595496
104.79 0.499058851328
104.86 0.695648503532
104.93 0.663954873573
105.0 0.623752715822
105.07 0.579261615509
105.14 0.324353175571
105.21 0.268419014127
105.28 0.341023646336
105.35 0.609290768818
105.42 0.510904748593
105.49 0.62900700296
105.56 0.603352775311
105.63 0.659174367889
105.7 0.696672546849
105.77 0.785709735656
105.84 0.590565763278
105.91 0.567681383544
105.98 0.587918447389
106.05 0.608768728019
106.12 0.454542690155
106.19 0.33581956765
106.26 0.362228394947
106.33 0.528485449596
106.4 0.545568771693
106.47 0.530967239547
106.54 0.42190153198
106.61 0.205719945417
106.68 0.399161608581
106.75 0.649774375542
106.82 0.60436056187
106.89 0.36174602701
106.96 0.247291476051
107.03 0.206769060633
107.1 0.311926753231
107.17 0.605794674782
107.24 0.646044360173
107.31 0.55651343994
107.38 0.55337957247
107.45 0.566694037388
107.52 0.609342011748
107.59 0.625511195929
107.66 0.581230829505
107.73 0.546500566698
107.8 0.54566149309
107.87 0.633727425343
107.94 0.579262099633
108.01 0.453776077315
108.08 0.334040287597
108.15 0.219369328889
108.22 0.219289153692
108.29 0.135024983219
108.36 0.263193053709
108.43 0.141818737598
108.5 0.0958590822486
108.57 0.0700787854805
108.64 0.457062692714
108.71 0.349951935646
108.78 0.550470798578
108.85 0.213229716255
108.92 0.18328558726
108.99 0.119903226919
109.06 0.424933359867
109.13 0.581031665685
109.2 0.671054978514
109.27 0.621521277428
109.34 0.49837755769
109.41 0.204179418467
109.48 0.20997934701
109.55 0.227243226515
109.62 0.750806442214
109.69 0.558929616233
109.76 0.539311332647
109.83 0.487173096698
109.9 0.698871843886
109.97 0.69741940999
110.04 0.58044230497
110.11 0.520911646779
110.18 0.45312480404
110.25 0.419089030772
110.32 0.559020210327
110.39 0.486923588809
110.46 0.787265489617
110.53 0.621326311444
110.6 0.628148337349
110.67 0.673102267211
110.74 0.578789207577
110.81 0.560178743666
110.88 0.566650001111
110.95 0.523935198842
111.02 0.457805332788
111.09 0.455318718953
111.16 0.348075351584
111.23 0.307019248029
111.3 0.804561363823
111.37 0.577136655808
111.44 0.594300261912
111.51 0.547849484986
111.58 0.578052540982
111.65 0.441955895343
111.72 0.610143393141
111.79 0.601680183685
111.86 0.557682179288
111.93 0.614066638274
112.0 0.659179822552
112.07 0.435665378233
112.14 0.75259388455
112.21 0.613600397786
112.28 0.574379286284
112.35 0.417880355213
112.42 0.391392035536
112.49 0.387122163008
112.56 0.319579873386
112.63 0.299819106228
112.7 0.184904625727
112.77 0.166738075872
112.84 0.148831485919
112.91 0.164964565873
112.98 0.773644737215
113.05 0.308474870514
113.12 0.319786852561
113.19 0.347074650254
113.26 0.281439017095
113.33 0.55611803754
113.4 0.571590164909
113.47 0.513241995477
113.54 0.197070559887
113.61 0.493718246779
113.68 0.590998026842
113.75 0.52290294751
113.82 0.749959505943
113.89 0.598363522694
113.96 0.589974694729
114.03 0.575318191747
114.1 0.618638379678
114.17 0.535420427566
114.24 0.512741804872
114.31 0.55698422677
114.38 0.567075737686
114.45 0.548613358667
114.52 0.547844866105
114.59 0.646523960566
114.66 0.802206614392
114.73 0.61015377419
114.8 0.50669283364
114.87 0.50414456744
114.94 0.49990308944
115.01 0.365525053928
115.08 0.344419022271
115.15 0.318484373818
115.22 0.353279375077
115.29 0.362792568646
115.36 0.449573575166
115.43 0.511296161315
115.5 0.711976259311
115.57 0.573837533634
115.64 0.567537848147
115.71 0.583138339096
115.78 0.398025630331
115.85 0.417868379869
115.92 0.34063152241
115.99 0.580791777179
116.06 0.497165263035
116.13 0.569659195061
116.2 0.586817141498
116.27 0.590389581901
116.34 0.793750657321
116.41 0.631232597185
116.48 0.547750162484
116.55 0.498679412373
116.62 0.328726762402
116.69 0.14774376386
116.76 0.26049679881
116.83 0.378465387899
116.9 0.477694058249
116.97 0.48955078284
117.04 0.54378495003
117.11 0.426432044075
117.18 0.712707744054
117.25 0.680109311711
117.32 0.531611716177
117.39 0.318886915063
117.46 0.502379949851
117.53 0.623596424491
117.6 0.419501192978
117.67 0.605960391532
117.74 0.604312348257
117.81 0.572605702168
117.88 0.550587264083
117.95 0.51907522601
118.02 0.758886284536
118.09 0.78174629096
118.16 0.560313039724
118.23 0.495170839947
118.3 0.506112442606
118.37 0.535825457236
118.44 0.290968997277
118.51 0.426566914142
118.58 0.536243706461
118.65 0.469925729417
118.72 0.45141852407
118.79 0.507386805941
118.86 0.592084212954
118.93 0.628113040519
119.0 0.54103789217
119.07 0.60388639564
119.14 0.534098331589
119.21 0.610540653186
119.28 0.685814520864
119.35 0.65966781231
119.42 0.639805210571
119.49 0.672141213511
119.56 0.621519698903
119.63 0.618749726409
119.7 0.784130392127
119.77 0.767121976644
119.84 0.844099323631
119.91 0.874299555313
119.98 0.792555619209
120.05 0.809090451934
120.12 0.933997680666
120.19 0.750874369255
120.26 0.602084708731
120.33 0.560502666161
120.4 0.648077293911
120.47 0.835741541044
120.54 0.791510034781
120.61 1.0
120.68 0.718456740325
120.75 0.513048369899
120.82 0.627079325779
120.89 0.575564898977
120.96 0.570927364143
121.03 0.703541811813
121.1 0.644978496191
121.17 0.666512030606
121.24 0.499190135415
121.31 0.601902333101
121.38 0.524075063104
121.45 0.796449935229
121.52 0.634794377419
121.59 0.329394443823
121.66 0.400350780445
121.73 0.584319692452
121.8 0.58064188195
121.87 0.547350820867
121.94 0.524400387506
122.01 0.430243228119
122.08 0.388933246951
122.15 0.435005772363
122.22 0.632903219203
122.29 0.90077755071
122.36 0.683720647541
122.43 0.337286659278
122.5 0.2622696938
122.57 0.246666328075
122.64 0.21044302338
122.71 0.46206049239
122.78 0.492431815061
122.85 0.543849021433
122.92 0.545466687955
122.99 0.530812920979
123.06 0.548389991848
123.13 0.821846010159
123.2 0.597851791983
123.27 0.564579206424
123.34 0.516152962904
123.41 0.176977819914
123.48 0.193908867167
123.55 0.533033849014
123.62 0.495023426834
123.69 0.506285608859
123.76 0.524290256601
123.83 0.5046133752
123.9 0.485633541148
123.97 0.815243536436
124.04 0.654405339234
124.11 0.548556862923
124.18 0.486389350317
124.25 0.344484197537
124.32 0.272751407919
124.39 0.535328429989
124.46 0.673258164305
124.53 0.683897382427
124.6 0.623122423841
124.67 0.610596505536
124.74 0.644283694416
124.81 0.908288422258
124.88 0.73755031807
124.95 0.653545038327
125.02 0.666892478807
125.09 0.605109651662
125.16 0.452791147043
125.23 0.400168996171
125.3 0.569593418977
125.37 0.602057074292
125.44 0.62372594555
125.51 0.760238785651
125.58 0.788936687221
125.65 0.751571210024
125.72 0.625110204824
125.79 0.591385590234
125.86 0.551190396286
125.93 0.309174079859
126.0 0.54725245715
126.07 0.677407283606
126.14 0.696304455613
126.21 0.727805532319
126.28 0.600521093683
126.35 0.635072697727
126.42 0.632820484618
126.49 0.757399105742
126.56 0.75856312213
126.63 0.578613822558
126.7 0.565983330513
126.77 0.661800472249
126.84 0.732976023587
126.91 0.620111980949
126.98 0.659042514524
127.05 0.609566879822
127.12 0.77813525002
127.19 0.660182927152
127.26 0.742858924763
127.33 0.635440721154
127.4 0.636975877019
127.47 0.667473469081
127.54 0.629952306102
127.61 0.642182401552
127.68 0.670123897867
127.75 0.659997074351
127.82 0.558557303507
127.89 0.687051048481
127.96 0.812232032257
128.03 0.807174620787
128.1 0.664250239114
128.17 0.666149900234
128.24 0.644573673102
128.31 0.722235973823
128.38 0.707180654348
128.45 0.455018206253
128.52 0.762037938405
128.59 0.466217882784
128.66 0.28909783634
128.73 0.187543312556
128.8 0.120934754431
128.87 0.117646175733
128.94 0.311566952012
129.01 0.587980082407
129.08 0.563399012125
129.15 0.406467196173
129.22 0.389174139972
129.29 0.23804201602
129.36 0.139259346029
129.43 0.130774257995
129.5 0.0998532206629
129.57 0.0751559482261
129.64 0.055113587015
129.71 0.192411990142
129.78 0.516592103538
129.85 0.446713590472
129.92 0.289452209704
129.99 0.190019810269
130.06 0.176301600895
130.13 0.140279748172
130.2 0.120010142426
130.27 0.695047394554
130.34 0.717291590111
130.41 0.338118534117
130.48 0.206840904813
130.55 0.133495067553
130.62 0.122357220004
130.69 0.0770654589645
130.76 0.762763151625
130.83 0.330497511165
130.9 0.150029447693
130.97 0.100331997889
131.04 0.0784653647176
131.11 0.0638134049237
131.18 0.0462104941827
131.25 0.0394671359126
131.32 0.0292014006119
131.39 0.0261446679833
131.46 0.0219798533174
131.53 0.0164365857009
131.6 0.0123497826597
131.67 0.00971140806597
131.74 0.00843720873423
131.81 0.00748428893266
131.88 0.00569683240366
131.95 0.00507760271416
132.02 0.00370803271255
132.09 0.00344440956042
132.16 0.00262987484326
132.23 0.00229247101831
132.3 0.00222823403565
132.37 0.00167789805668
132.44 0.00123695497047
132.51 0.0
132.58 0.0
132.65 0.0
132.72 0.0
132.79 0.0
132.86 0.0
132.93 0.0
133.0 0.0
133.07 0.0
133.14 0.0
133.21 0.0
133.28 0.0
133.35 0.0
133.42 0.0
133.49 0.0
133.56 0.0
133.63 0.0
133.7 0.0
133.77 0.0
133.84 0.0
133.91 0.0
133.98 0.0
134.05 0.0
134.12 0.0
134.19 0.0
134.26 0.0
134.33 0.0
134.4 0.0
134.47 0.0
134.54 0.0
134.61 0.0
134.68 0.0
134.75 0.0
134.82 0.0
134.89 0.0
134.96 0.0
135.03 0.0
135.1 0.0
135.17 0.0
135.24 0.0
135.31 0.0
135.38 0.0
135.45 0.0
135.52 0.0
135.59 0.0
135.66 0.0
135.73 0.0
135.8 0.0
135.87 0.0
135.94 0.0
136.01 0.0
136.08 0.0
136.15 0.0
136.22 0.0
136.29 0.0
136.36 0.0
136.43 0.0
136.5 0.0
136.57 0.0
136.64 0.0
136.71 0.0
136.78 0.0
136.85 0.0
136.92 0.0
136.99 0.0
137.06 0.0
137.13 0.0
137.2 0.0
137.27 0.0
137.34 0.0
137.41 0.0
137.48 0.0
137.55 0.0
137.62 0.0
137.69 0.0
137.76 0.0
137.83 0.0
137.9 0.0
137.97 0.0
138.04 0.0
138.11 0.0
138.18 0.0
138.25 0.0
138.32 0.0
138.39 0.0
138.46 0.0
138.53 0.0
138.6 0.0
138.67 0.0
138.74 0.0
138.81 0.0
138.88 0.0
138.95 0.0
139.02 0.0
139.09 0.0
139.16 0.0
139.23 0.0
139.3 0.0
139.37 0.0
139.44 0.0
139.51 0.0
139.58 0.0
139.65 0.0
139.72 0.0
139.79 0.0
139.86 0.0
139.93 0.0
140.0 0.0
140.07 0.0
140.14 0.0
140.21 0.0
140.28 0.0
140.35 0.0
140.42 0.0
140.49 0.0
140.56 0.0
140.63 0.0
140.7 0.0
140.77 0.0
140.84 0.0
140.91 0.0
140.98 0.0
141.05 0.0
141.12 0.0
141.19 0.0
141.26 0.0
141.33 0.0
141.4 0.0
141.47 0.0
